FROM,TO,Work trips SOV,Work trips HOV,Work trips Transit,Non-work SOV,Non-work HOV,Non-work Transit,All SOV,All HOV,All Transit,Work trips All,Non-work All,All Trips
NFulton,NFulton,74524,13850,673,111476,199513,1050,186000,213363,1723,89047,312039,401086
NFulton,Roswell,16734,3159,129,19603,44480,235,36337,47639,364,20022,64318,84340
NFulton,SandySprings,6921,1199,284,2500,5892,184,9421,7091,468,8404,8576,16980
NFulton,Buckhead,2531,409,314,338,1074,63,2869,1483,377,3254,1475,4729
NFulton,NWAtlanta,394,92,42,58,79,12,452,171,54,528,149,677
NFulton,NEAtlanta,1371,246,296,229,635,108,1600,881,404,1913,972,2885
NFulton,SWAtlanta,311,56,49,57,96,18,368,152,67,416,171,587
NFulton,CBDAtlanta,789,179,520,105,363,89,894,542,609,1488,557,2045
NFulton,SEAtlanta,243,71,41,50,89,10,293,160,51,355,149,504
NFulton,SFulton,103,12,4,21,24,0,124,36,4,119,45,164
NFulton,Tri-Cities,244,55,24,46,102,5,290,157,29,323,153,476
NFulton,Shannon,97,19,9,20,32,0,117,51,9,125,52,177
NFulton,WCherokee,339,55,0,102,211,0,441,266,0,394,313,707
NFulton,NCherokee,274,46,0,81,204,0,355,250,0,320,285,605
NFulton,ECentCherokee,4797,858,5,2647,8056,8,7444,8914,13,5660,10711,16371
NFulton,Woodstock,3029,500,3,1714,4544,6,4743,5044,9,3532,6264,9796
NFulton,Airport,66,21,27,5,11,2,71,32,29,114,18,132
NFulton,NEClayton,136,31,2,35,73,3,171,104,5,169,111,280
NFulton,Riverdale,84,28,6,15,50,1,99,78,7,118,66,184
NFulton,SClayton,81,20,3,17,37,0,98,57,3,104,54,158
NFulton,NWCobb,1685,293,1,429,924,3,2114,1217,4,1979,1356,3335
NFulton,NECobb,5195,964,14,3080,8777,23,8275,9741,37,6173,11880,18053
NFulton,SWCobb,269,45,2,51,119,1,320,164,3,316,171,487
NFulton,Marietta,834,173,2,272,676,10,1106,849,12,1009,958,1967
NFulton,Cumberland,1751,353,18,322,835,4,2073,1188,22,2122,1161,3283
NFulton,SCobb,438,63,5,84,169,5,522,232,10,506,258,764
NFulton,Chamblee,4360,772,184,1398,3867,56,5758,4639,240,5316,5321,10637
NFulton,NWDeKalb,1057,181,33,215,716,28,1272,897,61,1271,959,2230
NFulton,NEDeKalb,1433,257,24,385,1003,12,1818,1260,36,1714,1400,3114
NFulton,Atlanta-DeKalb,147,19,18,34,101,4,181,120,22,184,139,323
NFulton,Decatur,132,23,16,28,34,7,160,57,23,171,69,240
NFulton,SWDeKalb,296,47,40,45,143,8,341,190,48,383,196,579
NFulton,SEDeKalb,341,61,16,77,131,1,418,192,17,418,209,627
NFulton,SDeKalb,247,50,9,48,103,1,295,153,10,306,152,458
NFulton,WDouglas,63,4,2,12,28,0,75,32,2,69,40,109
NFulton,EDouglas,123,13,3,28,45,1,151,58,4,139,74,213
NFulton,WFayette,14,2,0,6,15,0,20,17,0,16,21,37
NFulton,EFayette,38,11,0,8,59,0,46,70,0,49,67,116
NFulton,NGwinnett,4599,887,2,2114,6155,20,6713,7042,22,5488,8289,13777
NFulton,CentGwinnett,8686,1709,14,7524,18421,50,16210,20130,64,10409,25995,36404
NFulton,EGwinnett,785,146,1,160,396,3,945,542,4,932,559,1491
NFulton,Norcross,6672,1388,34,4006,10276,33,10678,11664,67,8094,14315,22409
NFulton,Lilburn,802,133,5,335,1018,5,1137,1151,10,940,1358,2298
NFulton,Snellville,794,151,1,205,575,4,999,726,5,946,784,1730
NFulton,NHenry,57,19,0,9,18,1,66,37,1,76,28,104
NFulton,EHenry,42,11,0,4,5,0,46,16,0,53,9,62
NFulton,SHenry,30,9,0,9,25,0,39,34,0,39,34,73
NFulton,SRockdale,50,8,0,9,52,0,59,60,0,58,61,119
NFulton,NRockdale,84,17,1,25,36,0,109,53,1,102,61,163
NFulton,NBarrow,212,35,0,47,128,0,259,163,0,247,175,422
NFulton,SBarrow,165,29,0,39,60,0,204,89,0,194,99,293
NFulton,NWBartow,40,12,0,11,65,0,51,77,0,52,76,128
NFulton,NEBartow,102,8,0,23,49,0,125,57,0,110,72,182
NFulton,SWBartow,51,11,0,23,67,0,74,78,0,62,90,152
NFulton,Cartersville,240,45,0,62,103,0,302,148,0,285,165,450
NFulton,NECarroll,9,4,0,4,17,0,13,21,0,13,21,34
NFulton,WCarroll,0,1,0,0,0,0,0,1,0,1,0,1
NFulton,CentralCarroll,5,1,0,2,10,0,7,11,0,6,12,18
NFulton,SECarroll,0,0,0,0,0,0,0,0,0,0,0,0
NFulton,WCoweta,1,0,0,0,2,0,1,2,0,1,2,3
NFulton,NCoweta,13,7,0,3,21,0,16,28,0,20,24,44
NFulton,SCoweta,1,0,0,1,1,0,2,1,0,1,2,3
NFulton,SECoweta,3,0,0,0,2,0,3,2,0,3,2,5
NFulton,NForsyth,1782,336,1,422,1225,0,2204,1561,1,2119,1647,3766
NFulton,Cumming,7738,1435,16,3625,10931,22,11363,12366,38,9189,14578,23767
NFulton,SForsyth,12013,2286,36,13080,30209,60,25093,32495,96,14335,43349,57684
NFulton,NHall,233,40,0,46,90,0,279,130,0,273,136,409
NFulton,Gainesville,634,109,0,80,153,0,714,262,0,743,233,976
NFulton,SHall,769,130,0,153,353,0,922,483,0,899,506,1405
NFulton,WNewton,74,8,0,16,36,0,90,44,0,82,52,134
NFulton,ENewton,9,2,0,3,4,0,12,6,0,11,7,18
NFulton,NPaulding,91,22,0,24,63,0,115,85,0,113,87,200
NFulton,WPaulding,20,1,0,11,22,0,31,23,0,21,33,54
NFulton,EPaulding,213,30,0,41,74,0,254,104,0,243,115,358
NFulton,NSpalding,6,1,0,3,3,0,9,4,0,7,6,13
NFulton,SSpalding,5,1,0,0,2,0,5,3,0,6,2,8
NFulton,WWalton,198,36,0,33,67,0,231,103,0,234,100,334
NFulton,EWalton,95,20,0,18,48,0,113,68,0,115,66,181
Roswell,NFulton,16945,3183,131,19606,44637,234,36551,47820,365,20259,64477,84736
Roswell,Roswell,25817,4746,180,50660,104935,277,76477,109681,457,30743,155872,186615
Roswell,SandySprings,7151,1216,189,5845,12540,197,12996,13756,386,8556,18582,27138
Roswell,Buckhead,2138,323,237,445,1216,100,2583,1539,337,2698,1761,4459
Roswell,NWAtlanta,384,68,28,46,134,10,430,202,38,480,190,670
Roswell,NEAtlanta,1118,238,236,229,703,106,1347,941,342,1592,1038,2630
Roswell,SWAtlanta,208,45,28,49,92,16,257,137,44,281,157,438
Roswell,CBDAtlanta,727,146,609,106,386,101,833,532,710,1482,593,2075
Roswell,SEAtlanta,183,42,18,42,63,12,225,105,30,243,117,360
Roswell,SFulton,66,14,0,9,31,0,75,45,0,80,40,120
Roswell,Tri-Cities,175,54,13,17,35,1,192,89,14,242,53,295
Roswell,Shannon,73,10,3,3,22,1,76,32,4,86,26,112
Roswell,WCherokee,153,21,0,51,161,0,204,182,0,174,212,386
Roswell,NCherokee,92,8,0,29,59,0,121,67,0,100,88,188
Roswell,ECentCherokee,1746,325,2,830,2630,2,2576,2955,4,2073,3462,5535
Roswell,Woodstock,2119,413,4,1272,3488,4,3391,3901,8,2536,4764,7300
Roswell,Airport,71,14,20,5,7,3,76,21,23,105,15,120
Roswell,NEClayton,106,30,1,25,41,0,131,71,1,137,66,203
Roswell,Riverdale,44,17,2,13,21,0,57,38,2,63,34,97
Roswell,SClayton,62,14,0,8,14,0,70,28,0,76,22,98
Roswell,NWCobb,1308,239,0,417,1041,7,1725,1280,7,1547,1465,3012
Roswell,NECobb,5740,1069,11,5949,16999,8,11689,18068,19,6820,22956,29776
Roswell,SWCobb,222,38,1,43,177,0,265,215,1,261,220,481
Roswell,Marietta,826,155,2,350,887,16,1176,1042,18,983,1253,2236
Roswell,Cumberland,1548,340,12,500,1128,6,2048,1468,18,1900,1634,3534
Roswell,SCobb,325,62,2,92,248,1,417,310,3,389,341,730
Roswell,Chamblee,3820,688,80,2183,5875,82,6003,6563,162,4588,8140,12728
Roswell,NWDeKalb,897,125,25,217,609,21,1114,734,46,1047,847,1894
Roswell,NEDeKalb,1044,168,10,431,1000,18,1475,1168,28,1222,1449,2671
Roswell,Atlanta-DeKalb,71,12,10,16,15,2,87,27,12,93,33,126
Roswell,Decatur,123,22,18,18,57,9,141,79,27,163,84,247
Roswell,SWDeKalb,174,37,6,37,60,2,211,97,8,217,99,316
Roswell,SEDeKalb,196,38,4,41,150,0,237,188,4,238,191,429
Roswell,SDeKalb,141,34,2,32,99,3,173,133,5,177,134,311
Roswell,WDouglas,42,10,1,16,18,1,58,28,2,53,35,88
Roswell,EDouglas,96,18,0,23,108,1,119,126,1,114,132,246
Roswell,WFayette,15,4,0,6,19,0,21,23,0,19,25,44
Roswell,EFayette,19,1,0,6,6,0,25,7,0,20,12,32
Roswell,NGwinnett,913,190,1,258,718,1,1171,908,2,1104,977,2081
Roswell,CentGwinnett,2285,436,0,1123,3029,3,3408,3465,3,2721,4155,6876
Roswell,EGwinnett,233,27,0,43,80,0,276,107,0,260,123,383
Roswell,Norcross,4701,905,11,3725,9286,6,8426,10191,17,5617,13017,18634
Roswell,Lilburn,441,80,1,150,605,0,591,685,1,522,755,1277
Roswell,Snellville,278,61,0,57,161,1,335,222,1,339,219,558
Roswell,NHenry,55,8,0,11,6,0,66,14,0,63,17,80
Roswell,EHenry,16,3,0,6,33,0,22,36,0,19,39,58
Roswell,SHenry,22,3,0,14,11,0,36,14,0,25,25,50
Roswell,SRockdale,31,6,0,7,7,0,38,13,0,37,14,51
Roswell,NRockdale,41,8,0,16,29,0,57,37,0,49,45,94
Roswell,NBarrow,68,20,0,11,36,0,79,56,0,88,47,135
Roswell,SBarrow,48,7,0,16,29,0,64,36,0,55,45,100
Roswell,NWBartow,24,7,0,9,5,0,33,12,0,31,14,45
Roswell,NEBartow,37,2,0,13,47,0,50,49,0,39,60,99
Roswell,SWBartow,34,14,0,15,20,0,49,34,0,48,35,83
Roswell,Cartersville,145,20,0,48,59,0,193,79,0,165,107,272
Roswell,NECarroll,11,2,0,4,1,0,15,3,0,13,5,18
Roswell,WCarroll,1,0,0,0,0,0,1,0,0,1,0,1
Roswell,CentralCarroll,8,0,0,3,3,0,11,3,0,8,6,14
Roswell,SECarroll,0,0,0,0,0,0,0,0,0,0,0,0
Roswell,WCoweta,1,0,0,1,0,0,2,0,0,1,1,2
Roswell,NCoweta,10,1,0,5,8,0,15,9,0,11,13,24
Roswell,SCoweta,0,0,0,0,0,0,0,0,0,0,0,0
Roswell,SECoweta,2,0,0,0,0,0,2,0,0,2,0,2
Roswell,NForsyth,437,63,0,85,252,0,522,315,0,500,337,837
Roswell,Cumming,1518,346,0,480,1761,0,1998,2107,0,1864,2241,4105
Roswell,SForsyth,1777,315,1,982,3075,7,2759,3390,8,2093,4064,6157
Roswell,NHall,54,6,0,19,67,0,73,73,0,60,86,146
Roswell,Gainesville,165,26,0,31,48,0,196,74,0,191,79,270
Roswell,SHall,158,26,0,26,40,0,184,66,0,184,66,250
Roswell,WNewton,44,9,0,5,22,0,49,31,0,53,27,80
Roswell,ENewton,1,0,0,1,0,0,2,0,0,1,1,2
Roswell,NPaulding,81,14,0,25,46,0,106,60,0,95,71,166
Roswell,WPaulding,22,4,0,6,10,0,28,14,0,26,16,42
Roswell,EPaulding,168,31,1,38,147,0,206,178,1,200,185,385
Roswell,NSpalding,3,1,0,1,1,0,4,2,0,4,2,6
Roswell,SSpalding,0,1,0,0,3,0,0,4,0,1,3,4
Roswell,WWalton,56,9,0,12,51,0,68,60,0,65,63,128
Roswell,EWalton,34,7,0,12,9,0,46,16,0,41,21,62
SandySprings,NFulton,7148,1177,290,2569,5905,198,9717,7082,488,8615,8672,17287
SandySprings,Roswell,7431,1272,197,5760,12916,216,13191,14188,413,8900,18892,27792
SandySprings,SandySprings,42301,6842,1247,71052,82622,1714,113353,89464,2961,50390,155388,205778
SandySprings,Buckhead,10224,1531,974,7135,10899,565,17359,12430,1539,12729,18599,31328
SandySprings,NWAtlanta,1569,282,271,475,596,45,2044,878,316,2122,1116,3238
SandySprings,NEAtlanta,4523,750,1240,1299,2082,427,5822,2832,1667,6513,3808,10321
SandySprings,SWAtlanta,1244,270,443,220,289,126,1464,559,569,1957,635,2592
SandySprings,CBDAtlanta,2413,493,1878,475,801,380,2888,1294,2258,4784,1656,6440
SandySprings,SEAtlanta,1000,256,342,161,270,56,1161,526,398,1598,487,2085
SandySprings,SFulton,412,67,26,72,96,12,484,163,38,505,180,685
SandySprings,Tri-Cities,765,205,260,77,170,33,842,375,293,1230,280,1510
SandySprings,Shannon,459,111,93,67,79,26,526,190,119,663,172,835
SandySprings,WCherokee,125,17,0,37,93,0,162,110,0,142,130,272
SandySprings,NCherokee,47,9,0,21,25,0,68,34,0,56,46,102
SandySprings,ECentCherokee,1005,179,5,231,694,3,1236,873,8,1189,928,2117
SandySprings,Woodstock,1447,244,14,338,756,12,1785,1000,26,1705,1106,2811
SandySprings,Airport,259,63,131,17,21,3,276,84,134,453,41,494
SandySprings,NEClayton,515,152,82,49,106,16,564,258,98,749,171,920
SandySprings,Riverdale,363,105,88,47,75,4,410,180,92,556,126,682
SandySprings,SClayton,305,87,27,40,66,3,345,153,30,419,109,528
SandySprings,NWCobb,2158,348,13,422,772,10,2580,1120,23,2519,1204,3723
SandySprings,NECobb,7481,1308,76,5352,12039,101,12833,13347,177,8865,17492,26357
SandySprings,SWCobb,761,138,9,157,418,8,918,556,17,908,583,1491
SandySprings,Marietta,1629,276,15,705,1283,25,2334,1559,40,1920,2013,3933
SandySprings,Cumberland,7537,1250,83,5462,7942,86,12999,9192,169,8870,13490,22360
SandySprings,SCobb,1782,339,66,572,1045,16,2354,1384,82,2187,1633,3820
SandySprings,Chamblee,17892,3084,631,24049,33038,665,41941,36122,1296,21607,57752,79359
SandySprings,NWDeKalb,2957,501,221,1018,1781,93,3975,2282,314,3679,2892,6571
SandySprings,NEDeKalb,3779,670,167,1396,2591,100,5175,3261,267,4616,4087,8703
SandySprings,Atlanta-DeKalb,489,84,136,97,189,29,586,273,165,709,315,1024
SandySprings,Decatur,493,81,120,86,109,24,579,190,144,694,219,913
SandySprings,SWDeKalb,1049,230,202,166,242,76,1215,472,278,1481,484,1965
SandySprings,SEDeKalb,1206,237,154,161,274,40,1367,511,194,1597,475,2072
SandySprings,SDeKalb,841,172,90,121,220,13,962,392,103,1103,354,1457
SandySprings,WDouglas,284,47,11,53,72,1,337,119,12,342,126,468
SandySprings,EDouglas,539,103,33,81,163,4,620,266,37,675,248,923
SandySprings,WFayette,89,21,8,18,22,1,107,43,9,118,41,159
SandySprings,EFayette,171,22,14,25,28,3,196,50,17,207,56,263
SandySprings,NGwinnett,1355,245,13,248,481,12,1603,726,25,1613,741,2354
SandySprings,CentGwinnett,2806,497,69,626,1327,54,3432,1824,123,3372,2007,5379
SandySprings,EGwinnett,580,89,3,105,142,5,685,231,8,672,252,924
SandySprings,Norcross,5179,931,101,3397,6743,92,8576,7674,193,6211,10232,16443
SandySprings,Lilburn,969,184,18,285,494,22,1254,678,40,1171,801,1972
SandySprings,Snellville,703,121,10,141,294,13,844,415,23,834,448,1282
SandySprings,NHenry,243,45,17,41,84,3,284,129,20,305,128,433
SandySprings,EHenry,135,36,1,23,52,0,158,88,1,172,75,247
SandySprings,SHenry,194,42,4,31,72,1,225,114,5,240,104,344
SandySprings,SRockdale,168,33,9,21,52,0,189,85,9,210,73,283
SandySprings,NRockdale,209,31,12,40,59,2,249,90,14,252,101,353
SandySprings,NBarrow,104,11,0,22,73,0,126,84,0,115,95,210
SandySprings,SBarrow,94,10,0,26,59,1,120,69,1,104,86,190
SandySprings,NWBartow,47,7,0,3,24,0,50,31,0,54,27,81
SandySprings,NEBartow,34,11,0,14,75,0,48,86,0,45,89,134
SandySprings,SWBartow,57,13,0,29,105,0,86,118,0,70,134,204
SandySprings,Cartersville,227,38,2,40,160,0,267,198,2,267,200,467
SandySprings,NECarroll,51,12,1,18,41,0,69,53,1,64,59,123
SandySprings,WCarroll,3,0,0,1,4,0,4,4,0,3,5,8
SandySprings,CentralCarroll,33,5,0,8,28,0,41,33,0,38,36,74
SandySprings,SECarroll,3,2,0,4,1,0,7,3,0,5,5,10
SandySprings,WCoweta,18,4,0,2,4,0,20,8,0,22,6,28
SandySprings,NCoweta,130,23,6,28,42,12,158,65,18,159,82,241
SandySprings,SCoweta,5,1,0,0,7,0,5,8,0,6,7,13
SandySprings,SECoweta,17,1,0,5,8,0,22,9,0,18,13,31
SandySprings,NForsyth,344,57,2,93,181,0,437,238,2,403,274,677
SandySprings,Cumming,1276,239,10,290,601,16,1566,840,26,1525,907,2432
SandySprings,SForsyth,1009,184,20,272,732,27,1281,916,47,1213,1031,2244
SandySprings,NHall,29,1,0,14,22,0,43,23,0,30,36,66
SandySprings,Gainesville,107,20,0,21,44,0,128,64,0,127,65,192
SandySprings,SHall,229,42,0,31,92,0,260,134,0,271,123,394
SandySprings,WNewton,195,38,8,41,102,1,236,140,9,241,144,385
SandySprings,ENewton,17,1,0,5,14,0,22,15,0,18,19,37
SandySprings,NPaulding,175,34,3,25,59,0,200,93,3,212,84,296
SandySprings,WPaulding,71,6,0,14,15,0,85,21,0,77,29,106
SandySprings,EPaulding,580,107,9,93,180,1,673,287,10,696,274,970
SandySprings,NSpalding,28,10,0,8,27,0,36,37,0,38,35,73
SandySprings,SSpalding,10,6,0,3,18,0,13,24,0,16,21,37
SandySprings,WWalton,129,28,2,23,39,0,152,67,2,159,62,221
SandySprings,EWalton,50,8,0,13,13,0,63,21,0,58,26,84
Buckhead,NFulton,2420,387,289,348,974,64,2768,1361,353,3096,1386,4482
Buckhead,Roswell,2018,310,248,417,1211,84,2435,1521,332,2576,1712,4288
Buckhead,SandySprings,10144,1571,949,7146,11356,547,17290,12927,1496,12664,19049,31713
Buckhead,Buckhead,36460,4965,1870,63546,56762,2064,100006,61727,3934,43295,122372,165667
Buckhead,NWAtlanta,4261,777,430,5329,6742,312,9590,7519,742,5468,12383,17851
Buckhead,NEAtlanta,12214,1679,1277,14555,13675,1101,26769,15354,2378,15170,29331,44501
Buckhead,SWAtlanta,2396,478,788,964,1816,334,3360,2294,1122,3662,3114,6776
Buckhead,CBDAtlanta,5478,930,2198,2950,3292,941,8428,4222,3139,8606,7183,15789
Buckhead,SEAtlanta,1919,470,553,801,1450,233,2720,1920,786,2942,2484,5426
Buckhead,SFulton,642,105,52,167,344,13,809,449,65,799,524,1323
Buckhead,Tri-Cities,1602,337,495,256,549,115,1858,886,610,2434,920,3354
Buckhead,Shannon,862,214,179,107,277,28,969,491,207,1255,412,1667
Buckhead,WCherokee,74,20,0,12,83,0,86,103,0,94,95,189
Buckhead,NCherokee,22,3,0,9,35,0,31,38,0,25,44,69
Buckhead,ECentCherokee,432,73,5,85,222,0,517,295,5,510,307,817
Buckhead,Woodstock,787,156,17,135,387,3,922,543,20,960,525,1485
Buckhead,Airport,619,116,363,46,91,13,665,207,376,1098,150,1248
Buckhead,NEClayton,1044,283,104,181,640,27,1225,923,131,1431,848,2279
Buckhead,Riverdale,748,217,144,86,249,20,834,466,164,1109,355,1464
Buckhead,SClayton,528,167,38,88,210,7,616,377,45,733,305,1038
Buckhead,NWCobb,1834,329,30,353,739,20,2187,1068,50,2193,1112,3305
Buckhead,NECobb,2822,411,90,1027,2344,29,3849,2755,119,3323,3400,6723
Buckhead,SWCobb,826,143,24,183,578,10,1009,721,34,993,771,1764
Buckhead,Marietta,1382,283,33,574,1256,41,1956,1539,74,1698,1871,3569
Buckhead,Cumberland,7930,1295,151,7053,9487,132,14983,10782,283,9376,16672,26048
Buckhead,SCobb,2485,438,114,1124,2674,61,3609,3112,175,3037,3859,6896
Buckhead,Chamblee,11345,1825,1081,10774,18276,947,22119,20101,2028,14251,29997,44248
Buckhead,NWDeKalb,6101,885,290,6102,8205,292,12203,9090,582,7276,14599,21875
Buckhead,NEDeKalb,4027,713,385,1609,3099,207,5636,3812,592,5125,4915,10040
Buckhead,Atlanta-DeKalb,985,150,156,616,1064,81,1601,1214,237,1291,1761,3052
Buckhead,Decatur,886,134,172,408,641,71,1294,775,243,1192,1120,2312
Buckhead,SWDeKalb,1778,344,408,511,1368,160,2289,1712,568,2530,2039,4569
Buckhead,SEDeKalb,1678,316,270,270,863,72,1948,1179,342,2264,1205,3469
Buckhead,SDeKalb,1304,320,134,301,789,28,1605,1109,162,1758,1118,2876
Buckhead,WDouglas,481,68,30,96,255,3,577,323,33,579,354,933
Buckhead,EDouglas,807,103,67,195,447,10,1002,550,77,977,652,1629
Buckhead,WFayette,184,37,12,40,76,0,224,113,12,233,116,349
Buckhead,EFayette,288,63,19,50,131,2,338,194,21,370,183,553
Buckhead,NGwinnett,902,177,26,157,347,12,1059,524,38,1105,516,1621
Buckhead,CentGwinnett,1950,401,122,336,893,24,2286,1294,146,2473,1253,3726
Buckhead,EGwinnett,446,60,6,50,177,2,496,237,8,512,229,741
Buckhead,Norcross,3112,575,232,809,2024,117,3921,2599,349,3919,2950,6869
Buckhead,Lilburn,817,155,43,204,547,16,1021,702,59,1015,767,1782
Buckhead,Snellville,727,122,24,147,430,11,874,552,35,873,588,1461
Buckhead,NHenry,427,110,28,67,197,1,494,307,29,565,265,830
Buckhead,EHenry,156,46,9,33,95,0,189,141,9,211,128,339
Buckhead,SHenry,327,92,18,48,134,2,375,226,20,437,184,621
Buckhead,SRockdale,192,53,6,40,98,0,232,151,6,251,138,389
Buckhead,NRockdale,224,56,10,28,58,3,252,114,13,290,89,379
Buckhead,NBarrow,99,12,1,16,43,0,115,55,1,112,59,171
Buckhead,SBarrow,60,11,1,30,106,0,90,117,1,72,136,208
Buckhead,NWBartow,27,2,0,10,15,0,37,17,0,29,25,54
Buckhead,NEBartow,16,4,0,17,51,0,33,55,0,20,68,88
Buckhead,SWBartow,35,8,0,24,72,0,59,80,0,43,96,139
Buckhead,Cartersville,184,29,1,50,118,0,234,147,1,214,168,382
Buckhead,NECarroll,80,11,5,25,68,0,105,79,5,96,93,189
Buckhead,WCarroll,11,3,0,6,7,0,17,10,0,14,13,27
Buckhead,CentralCarroll,53,7,0,25,88,0,78,95,0,60,113,173
Buckhead,SECarroll,6,0,0,4,44,0,10,44,0,6,48,54
Buckhead,WCoweta,32,7,4,14,27,0,46,34,4,43,41,84
Buckhead,NCoweta,242,59,21,51,157,2,293,216,23,322,210,532
Buckhead,SCoweta,7,4,0,4,16,0,11,20,0,11,20,31
Buckhead,SECoweta,22,6,0,9,25,0,31,31,0,28,34,62
Buckhead,NForsyth,112,25,1,38,173,0,150,198,1,138,211,349
Buckhead,Cumming,414,71,15,106,288,10,520,359,25,500,404,904
Buckhead,SForsyth,364,70,28,64,153,17,428,223,45,462,234,696
Buckhead,NHall,13,3,0,9,34,0,22,37,0,16,43,59
Buckhead,Gainesville,42,12,1,22,49,0,64,61,1,55,71,126
Buckhead,SHall,139,35,0,42,82,0,181,117,0,174,124,298
Buckhead,WNewton,246,60,6,47,99,1,293,159,7,312,147,459
Buckhead,ENewton,20,5,0,8,32,0,28,37,0,25,40,65
Buckhead,NPaulding,152,21,2,38,162,0,190,183,2,175,200,375
Buckhead,WPaulding,51,8,0,17,50,1,68,58,1,59,68,127
Buckhead,EPaulding,535,101,9,108,191,3,643,292,12,645,302,947
Buckhead,NSpalding,58,10,3,15,15,0,73,25,3,71,30,101
Buckhead,SSpalding,26,5,0,14,44,0,40,49,0,31,58,89
Buckhead,WWalton,130,18,1,23,87,0,153,105,1,149,110,259
Buckhead,EWalton,37,5,0,17,50,0,54,55,0,42,67,109
NWAtlanta,NFulton,414,90,35,51,114,12,465,204,47,539,177,716
NWAtlanta,Roswell,359,65,26,47,158,10,406,223,36,450,215,665
NWAtlanta,SandySprings,1582,272,303,512,601,70,2094,873,373,2157,1183,3340
NWAtlanta,Buckhead,4153,786,449,5328,6770,322,9481,7556,771,5388,12420,17808
NWAtlanta,NWAtlanta,7360,1684,287,14493,21536,671,21853,23220,958,9331,36700,46031
NWAtlanta,NEAtlanta,5570,1128,636,8381,10196,882,13951,11324,1518,7334,19459,26793
NWAtlanta,SWAtlanta,3285,833,223,4879,10346,556,8164,11179,779,4341,15781,20122
NWAtlanta,CBDAtlanta,4502,762,1364,5199,6764,1569,9701,7526,2933,6628,13532,20160
NWAtlanta,SEAtlanta,1345,363,130,1267,2140,146,2612,2503,276,1838,3553,5391
NWAtlanta,SFulton,728,138,13,409,840,15,1137,978,28,879,1264,2143
NWAtlanta,Tri-Cities,1299,261,135,596,1095,98,1895,1356,233,1695,1789,3484
NWAtlanta,Shannon,744,143,53,140,468,19,884,611,72,940,627,1567
NWAtlanta,WCherokee,28,5,0,9,58,0,37,63,0,33,67,100
NWAtlanta,NCherokee,5,1,0,1,28,0,6,29,0,6,29,35
NWAtlanta,ECentCherokee,158,26,1,31,138,0,189,164,1,185,169,354
NWAtlanta,Woodstock,250,56,2,45,72,0,295,128,2,308,117,425
NWAtlanta,Airport,545,104,272,99,106,22,644,210,294,921,227,1148
NWAtlanta,NEClayton,633,156,31,150,374,21,783,530,52,820,545,1365
NWAtlanta,Riverdale,494,109,32,76,190,18,570,299,50,635,284,919
NWAtlanta,SClayton,332,91,3,58,129,2,390,220,5,426,189,615
NWAtlanta,NWCobb,720,135,4,113,219,6,833,354,10,859,338,1197
NWAtlanta,NECobb,786,157,4,221,438,3,1007,595,7,947,662,1609
NWAtlanta,SWCobb,654,123,4,211,520,7,865,643,11,781,738,1519
NWAtlanta,Marietta,673,134,15,281,460,12,954,594,27,822,753,1575
NWAtlanta,Cumberland,4097,796,105,3692,4924,68,7789,5720,173,4998,8684,13682
NWAtlanta,SCobb,2842,581,43,2158,5356,46,5000,5937,89,3466,7560,11026
NWAtlanta,Chamblee,1634,365,303,535,799,91,2169,1164,394,2302,1425,3727
NWAtlanta,NWDeKalb,1377,291,137,820,1269,85,2197,1560,222,1805,2174,3979
NWAtlanta,NEDeKalb,1073,204,130,263,411,55,1336,615,185,1407,729,2136
NWAtlanta,Atlanta-DeKalb,417,79,54,301,364,64,718,443,118,550,729,1279
NWAtlanta,Decatur,295,51,78,120,174,46,415,225,124,424,340,764
NWAtlanta,SWDeKalb,770,148,112,268,518,57,1038,666,169,1030,843,1873
NWAtlanta,SEDeKalb,615,113,63,97,147,36,712,260,99,791,280,1071
NWAtlanta,SDeKalb,781,164,36,213,533,37,994,697,73,981,783,1764
NWAtlanta,WDouglas,550,100,3,105,259,5,655,359,8,653,369,1022
NWAtlanta,EDouglas,998,199,8,420,1097,10,1418,1296,18,1205,1527,2732
NWAtlanta,WFayette,191,43,1,31,51,0,222,94,1,235,82,317
NWAtlanta,EFayette,178,53,3,36,70,0,214,123,3,234,106,340
NWAtlanta,NGwinnett,232,51,5,31,78,1,263,129,6,288,110,398
NWAtlanta,CentGwinnett,501,98,13,76,161,3,577,259,16,612,240,852
NWAtlanta,EGwinnett,121,25,0,15,31,0,136,56,0,146,46,192
NWAtlanta,Norcross,650,159,33,83,276,11,733,435,44,842,370,1212
NWAtlanta,Lilburn,201,40,4,45,91,1,246,131,5,245,137,382
NWAtlanta,Snellville,213,35,1,29,72,4,242,107,5,249,105,354
NWAtlanta,NHenry,255,49,2,53,128,0,308,177,2,306,181,487
NWAtlanta,EHenry,116,23,1,13,31,0,129,54,1,140,44,184
NWAtlanta,SHenry,272,43,4,42,95,1,314,138,5,319,138,457
NWAtlanta,SRockdale,119,22,1,22,25,0,141,47,1,142,47,189
NWAtlanta,NRockdale,132,38,2,23,13,3,155,51,5,172,39,211
NWAtlanta,NBarrow,37,8,0,6,23,0,43,31,0,45,29,74
NWAtlanta,SBarrow,29,2,0,3,9,0,32,11,0,31,12,43
NWAtlanta,NWBartow,11,6,0,1,7,0,12,13,0,17,8,25
NWAtlanta,NEBartow,9,1,0,1,13,0,10,14,0,10,14,24
NWAtlanta,SWBartow,26,4,0,5,10,0,31,14,0,30,15,45
NWAtlanta,Cartersville,84,17,0,18,48,0,102,65,0,101,66,167
NWAtlanta,NECarroll,125,15,0,15,40,0,140,55,0,140,55,195
NWAtlanta,WCarroll,17,0,0,2,4,0,19,4,0,17,6,23
NWAtlanta,CentralCarroll,99,20,0,9,18,0,108,38,0,119,27,146
NWAtlanta,SECarroll,14,3,0,5,2,0,19,5,0,17,7,24
NWAtlanta,WCoweta,43,7,2,5,7,0,48,14,2,52,12,64
NWAtlanta,NCoweta,262,49,4,49,54,2,311,103,6,315,105,420
NWAtlanta,SCoweta,15,4,0,5,6,0,20,10,0,19,11,30
NWAtlanta,SECoweta,32,3,0,8,19,0,40,22,0,35,27,62
NWAtlanta,NForsyth,18,3,1,8,29,0,26,32,1,22,37,59
NWAtlanta,Cumming,70,6,1,15,114,1,85,120,2,77,130,207
NWAtlanta,SForsyth,55,14,1,22,25,1,77,39,2,70,48,118
NWAtlanta,NHall,1,0,0,3,3,0,4,3,0,1,6,7
NWAtlanta,Gainesville,16,8,0,3,8,0,19,16,0,24,11,35
NWAtlanta,SHall,37,7,0,7,25,0,44,32,0,44,32,76
NWAtlanta,WNewton,185,37,1,22,47,2,207,84,3,223,71,294
NWAtlanta,ENewton,15,6,0,3,11,0,18,17,0,21,14,35
NWAtlanta,NPaulding,100,16,0,22,29,0,122,45,0,116,51,167
NWAtlanta,WPaulding,63,10,0,16,31,0,79,41,0,73,47,120
NWAtlanta,EPaulding,520,95,0,94,209,1,614,304,1,615,304,919
NWAtlanta,NSpalding,47,17,0,8,5,1,55,22,1,64,14,78
NWAtlanta,SSpalding,31,5,0,3,7,0,34,12,0,36,10,46
NWAtlanta,WWalton,50,9,0,4,32,0,54,41,0,59,36,95
NWAtlanta,EWalton,15,0,0,3,19,0,18,19,0,15,22,37
NEAtlanta,NFulton,1304,250,277,217,572,104,1521,822,381,1831,893,2724
NEAtlanta,Roswell,1064,173,239,212,668,115,1276,841,354,1476,995,2471
NEAtlanta,SandySprings,4514,673,1211,1264,2069,420,5778,2742,1631,6398,3753,10151
NEAtlanta,Buckhead,12232,1710,1289,14587,14230,1147,26819,15940,2436,15231,29964,45195
NEAtlanta,NWAtlanta,5796,1143,691,8490,10562,866,14286,11705,1557,7630,19918,27548
NEAtlanta,NEAtlanta,31902,4521,3003,54623,43016,4672,86525,47537,7675,39426,102311,141737
NEAtlanta,SWAtlanta,4272,853,993,3243,5200,1004,7515,6053,1997,6118,9447,15565
NEAtlanta,CBDAtlanta,15468,2376,2884,20551,15694,2724,36019,18070,5608,20728,38969,59697
NEAtlanta,SEAtlanta,4362,971,657,4588,8190,760,8950,9161,1417,5990,13538,19528
NEAtlanta,SFulton,905,155,114,383,759,77,1288,914,191,1174,1219,2393
NEAtlanta,Tri-Cities,2843,576,772,1015,2011,411,3858,2587,1183,4191,3437,7628
NEAtlanta,Shannon,1743,345,372,424,756,200,2167,1101,572,2460,1380,3840
NEAtlanta,WCherokee,42,4,1,7,29,0,49,33,1,47,36,83
NEAtlanta,NCherokee,11,5,0,7,27,1,18,32,1,16,35,51
NEAtlanta,ECentCherokee,261,54,1,92,208,15,353,262,16,316,315,631
NEAtlanta,Woodstock,524,94,20,121,242,10,645,336,30,638,373,1011
NEAtlanta,Airport,1114,161,562,285,276,71,1399,437,633,1837,632,2469
NEAtlanta,NEClayton,1904,429,172,774,2042,111,2678,2471,283,2505,2927,5432
NEAtlanta,Riverdale,1468,341,271,361,889,156,1829,1230,427,2080,1406,3486
NEAtlanta,SClayton,941,250,64,282,560,49,1223,810,113,1255,891,2146
NEAtlanta,NWCobb,1250,269,66,233,390,25,1483,659,91,1585,648,2233
NEAtlanta,NECobb,1582,320,117,525,1050,71,2107,1370,188,2019,1646,3665
NEAtlanta,SWCobb,664,127,27,243,493,38,907,620,65,818,774,1592
NEAtlanta,Marietta,965,193,46,243,581,39,1208,774,85,1204,863,2067
NEAtlanta,Cumberland,4664,825,301,1923,2924,177,6587,3749,478,5790,5024,10814
NEAtlanta,SCobb,2346,416,177,968,2466,148,3314,2882,325,2939,3582,6521
NEAtlanta,Chamblee,6072,1044,1544,3059,6172,944,9131,7216,2488,8660,10175,18835
NEAtlanta,NWDeKalb,7665,1147,474,9048,10094,481,16713,11241,955,9286,19623,28909
NEAtlanta,NEDeKalb,4228,737,657,1702,3289,462,5930,4026,1119,5622,5453,11075
NEAtlanta,Atlanta-DeKalb,2593,435,254,4156,5842,331,6749,6277,585,3282,10329,13611
NEAtlanta,Decatur,1542,242,257,1218,1989,203,2760,2231,460,2041,3410,5451
NEAtlanta,SWDeKalb,3215,622,605,1903,4209,339,5118,4831,944,4442,6451,10893
NEAtlanta,SEDeKalb,2455,467,529,653,1462,272,3108,1929,801,3451,2387,5838
NEAtlanta,SDeKalb,2788,630,235,1167,2674,176,3955,3304,411,3653,4017,7670
NEAtlanta,WDouglas,563,94,35,133,308,19,696,402,54,692,460,1152
NEAtlanta,EDouglas,977,172,58,315,697,55,1292,869,113,1207,1067,2274
NEAtlanta,WFayette,288,67,23,73,169,6,361,236,29,378,248,626
NEAtlanta,EFayette,421,96,38,163,289,32,584,385,70,555,484,1039
NEAtlanta,NGwinnett,706,120,38,162,428,31,868,548,69,864,621,1485
NEAtlanta,CentGwinnett,1546,349,150,355,912,97,1901,1261,247,2045,1364,3409
NEAtlanta,EGwinnett,327,61,14,79,199,21,406,260,35,402,299,701
NEAtlanta,Norcross,2184,439,316,630,1598,289,2814,2037,605,2939,2517,5456
NEAtlanta,Lilburn,855,145,68,320,709,47,1175,854,115,1068,1076,2144
NEAtlanta,Snellville,713,124,42,297,579,52,1010,703,94,879,928,1807
NEAtlanta,NHenry,787,137,47,255,525,34,1042,662,81,971,814,1785
NEAtlanta,EHenry,288,63,10,102,228,11,390,291,21,361,341,702
NEAtlanta,SHenry,614,129,25,182,385,14,796,514,39,768,581,1349
NEAtlanta,SRockdale,331,61,14,88,253,8,419,314,22,406,349,755
NEAtlanta,NRockdale,382,76,14,99,238,11,481,314,25,472,348,820
NEAtlanta,NBarrow,50,8,0,10,87,4,60,95,4,58,101,159
NEAtlanta,SBarrow,40,8,0,26,123,2,66,131,2,48,151,199
NEAtlanta,NWBartow,19,0,0,12,18,0,31,18,0,19,30,49
NEAtlanta,NEBartow,13,1,0,14,57,0,27,58,0,14,71,85
NEAtlanta,SWBartow,26,3,1,19,120,0,45,123,1,30,139,169
NEAtlanta,Cartersville,119,25,0,45,147,1,164,172,1,144,193,337
NEAtlanta,NECarroll,108,16,1,32,145,1,140,161,2,125,178,303
NEAtlanta,WCarroll,7,1,0,6,8,0,13,9,0,8,14,22
NEAtlanta,CentralCarroll,74,9,0,18,82,0,92,91,0,83,100,183
NEAtlanta,SECarroll,3,2,0,8,12,0,11,14,0,5,20,25
NEAtlanta,WCoweta,60,18,3,17,36,2,77,54,5,81,55,136
NEAtlanta,NCoweta,448,79,46,101,299,25,549,378,71,573,425,998
NEAtlanta,SCoweta,22,5,0,11,62,0,33,67,0,27,73,100
NEAtlanta,SECoweta,47,8,1,15,45,0,62,53,1,56,60,116
NEAtlanta,NForsyth,40,7,1,27,82,1,67,89,2,48,110,158
NEAtlanta,Cumming,186,33,15,83,369,26,269,402,41,234,478,712
NEAtlanta,SForsyth,182,31,16,59,138,19,241,169,35,229,216,445
NEAtlanta,NHall,9,1,0,8,20,0,17,21,0,10,28,38
NEAtlanta,Gainesville,26,6,0,15,96,0,41,102,0,32,111,143
NEAtlanta,SHall,102,21,1,46,144,3,148,165,4,124,193,317
NEAtlanta,WNewton,402,82,26,103,232,5,505,314,31,510,340,850
NEAtlanta,ENewton,35,9,0,15,105,1,50,114,1,44,121,165
NEAtlanta,NPaulding,85,21,0,45,107,1,130,128,1,106,153,259
NEAtlanta,WPaulding,44,9,2,21,71,0,65,80,2,55,92,147
NEAtlanta,EPaulding,531,92,10,112,316,13,643,408,23,633,441,1074
NEAtlanta,NSpalding,103,20,2,22,60,0,125,80,2,125,82,207
NEAtlanta,SSpalding,50,12,0,15,38,0,65,50,0,62,53,115
NEAtlanta,WWalton,112,18,0,61,130,2,173,148,2,130,193,323
NEAtlanta,EWalton,42,8,0,26,54,0,68,62,0,50,80,130
SWAtlanta,NFulton,308,62,55,62,154,24,370,216,79,425,240,665
SWAtlanta,Roswell,218,52,31,44,73,14,262,125,45,301,131,432
SWAtlanta,SandySprings,1307,278,494,206,313,120,1513,591,614,2079,639,2718
SWAtlanta,Buckhead,2417,512,750,1040,1713,332,3457,2225,1082,3679,3085,6764
SWAtlanta,NWAtlanta,3138,809,213,4809,10128,613,7947,10937,826,4160,15550,19710
SWAtlanta,NEAtlanta,4073,838,924,3102,5213,967,7175,6051,1891,5835,9282,15117
SWAtlanta,SWAtlanta,9877,2372,623,24853,53336,2340,34730,55708,2963,12872,80529,93401
SWAtlanta,CBDAtlanta,5650,978,2237,4831,8025,2274,10481,9003,4511,8865,15130,23995
SWAtlanta,SEAtlanta,2599,580,219,3928,9070,511,6527,9650,730,3398,13509,16907
SWAtlanta,SFulton,2503,459,35,3426,7509,51,5929,7968,86,2997,10986,13983
SWAtlanta,Tri-Cities,3694,865,225,6359,15016,472,10053,15881,697,4784,21847,26631
SWAtlanta,Shannon,1741,355,61,1183,3152,108,2924,3507,169,2157,4443,6600
SWAtlanta,WCherokee,14,5,0,3,20,0,17,25,0,19,23,42
SWAtlanta,NCherokee,3,0,0,1,6,0,4,6,0,3,7,10
SWAtlanta,ECentCherokee,58,13,0,33,33,1,91,46,1,71,67,138
SWAtlanta,Woodstock,140,34,2,38,59,2,178,93,4,176,99,275
SWAtlanta,Airport,1467,269,466,592,833,97,2059,1102,563,2202,1522,3724
SWAtlanta,NEClayton,961,213,41,508,1113,37,1469,1326,78,1215,1658,2873
SWAtlanta,Riverdale,781,153,36,363,883,62,1144,1036,98,970,1308,2278
SWAtlanta,SClayton,417,99,10,171,399,25,588,498,35,526,595,1121
SWAtlanta,NWCobb,431,86,1,113,320,9,544,406,10,518,442,960
SWAtlanta,NECobb,426,86,8,152,309,14,578,395,22,520,475,995
SWAtlanta,SWCobb,654,128,6,271,695,10,925,823,16,788,976,1764
SWAtlanta,Marietta,459,76,17,200,408,29,659,484,46,552,637,1189
SWAtlanta,Cumberland,2430,499,139,1280,2219,52,3710,2718,191,3068,3551,6619
SWAtlanta,SCobb,3201,649,71,3087,6736,103,6288,7385,174,3921,9926,13847
SWAtlanta,Chamblee,1251,305,386,213,628,142,1464,933,528,1942,983,2925
SWAtlanta,NWDeKalb,1453,273,192,519,967,113,1972,1240,305,1918,1599,3517
SWAtlanta,NEDeKalb,882,172,145,227,417,106,1109,589,251,1199,750,1949
SWAtlanta,Atlanta-DeKalb,563,101,68,411,753,84,974,854,152,732,1248,1980
SWAtlanta,Decatur,367,74,138,119,332,105,486,406,243,579,556,1135
SWAtlanta,SWDeKalb,1050,199,166,518,1175,129,1568,1374,295,1415,1822,3237
SWAtlanta,SEDeKalb,635,116,59,152,256,54,787,372,113,810,462,1272
SWAtlanta,SDeKalb,873,193,49,442,741,59,1315,934,108,1115,1242,2357
SWAtlanta,WDouglas,806,136,8,280,734,3,1086,870,11,950,1017,1967
SWAtlanta,EDouglas,1794,365,17,1147,2737,43,2941,3102,60,2176,3927,6103
SWAtlanta,WFayette,308,57,0,100,209,3,408,266,3,365,312,677
SWAtlanta,EFayette,325,47,7,153,311,7,478,358,14,379,471,850
SWAtlanta,NGwinnett,107,22,1,49,58,6,156,80,7,130,113,243
SWAtlanta,CentGwinnett,254,80,20,100,184,14,354,264,34,354,298,652
SWAtlanta,EGwinnett,48,12,1,26,30,3,74,42,4,61,59,120
SWAtlanta,Norcross,410,129,56,111,233,20,521,362,76,595,364,959
SWAtlanta,Lilburn,111,23,8,54,105,7,165,128,15,142,166,308
SWAtlanta,Snellville,136,28,8,83,68,14,219,96,22,172,165,337
SWAtlanta,NHenry,271,58,4,144,268,13,415,326,17,333,425,758
SWAtlanta,EHenry,116,22,0,37,74,1,153,96,1,138,112,250
SWAtlanta,SHenry,290,37,5,92,168,7,382,205,12,332,267,599
SWAtlanta,SRockdale,128,25,3,38,45,3,166,70,6,156,86,242
SWAtlanta,NRockdale,130,25,4,43,92,7,173,117,11,159,142,301
SWAtlanta,NBarrow,6,2,0,2,20,0,8,22,0,8,22,30
SWAtlanta,SBarrow,4,0,0,3,12,0,7,12,0,4,15,19
SWAtlanta,NWBartow,8,4,0,0,0,0,8,4,0,12,0,12
SWAtlanta,NEBartow,5,3,0,6,34,0,11,37,0,8,40,48
SWAtlanta,SWBartow,12,4,0,3,27,0,15,31,0,16,30,46
SWAtlanta,Cartersville,26,7,1,10,30,0,36,37,1,34,40,74
SWAtlanta,NECarroll,151,21,0,40,114,1,191,135,1,172,155,327
SWAtlanta,WCarroll,17,3,0,6,9,0,23,12,0,20,15,35
SWAtlanta,CentralCarroll,101,24,0,48,54,0,149,78,0,125,102,227
SWAtlanta,SECarroll,20,3,0,8,4,0,28,7,0,23,12,35
SWAtlanta,WCoweta,87,14,0,15,50,0,102,64,0,101,65,166
SWAtlanta,NCoweta,497,75,4,122,361,6,619,436,10,576,489,1065
SWAtlanta,SCoweta,19,2,0,10,52,0,29,54,0,21,62,83
SWAtlanta,SECoweta,56,9,0,21,75,0,77,84,0,65,96,161
SWAtlanta,NForsyth,17,1,0,4,13,0,21,14,0,18,17,35
SWAtlanta,Cumming,32,4,0,23,84,7,55,88,7,36,114,150
SWAtlanta,SForsyth,39,11,3,15,42,2,54,53,5,53,59,112
SWAtlanta,NHall,0,0,0,0,4,0,0,4,0,0,4,4
SWAtlanta,Gainesville,3,1,0,5,4,0,8,5,0,4,9,13
SWAtlanta,SHall,19,4,0,3,13,1,22,17,1,23,17,40
SWAtlanta,WNewton,142,21,0,44,59,4,186,80,4,163,107,270
SWAtlanta,ENewton,14,1,0,2,15,0,16,16,0,15,17,32
SWAtlanta,NPaulding,78,17,0,16,48,1,94,65,1,95,65,160
SWAtlanta,WPaulding,46,11,0,17,58,0,63,69,0,57,75,132
SWAtlanta,EPaulding,543,115,3,137,372,1,680,487,4,661,510,1171
SWAtlanta,NSpalding,46,8,0,15,63,1,61,71,1,54,79,133
SWAtlanta,SSpalding,20,1,0,8,7,0,28,8,0,21,15,36
SWAtlanta,WWalton,25,4,0,16,28,3,41,32,3,29,47,76
SWAtlanta,EWalton,10,0,0,13,11,0,23,11,0,10,24,34
CBDAtlanta,NFulton,675,156,501,101,382,80,776,538,581,1332,563,1895
CBDAtlanta,Roswell,626,130,598,99,275,89,725,405,687,1354,463,1817
CBDAtlanta,SandySprings,2173,426,1741,466,725,362,2639,1151,2103,4340,1553,5893
CBDAtlanta,Buckhead,5136,790,2223,2853,3003,972,7989,3793,3195,8149,6828,14977
CBDAtlanta,NWAtlanta,4583,822,1462,5188,6937,1583,9771,7759,3045,6867,13708,20575
CBDAtlanta,NEAtlanta,14767,2246,2875,20110,14762,2766,34877,17008,5641,19888,37638,57526
CBDAtlanta,SWAtlanta,5891,1133,2385,4863,8249,2258,10754,9382,4643,9409,15370,24779
CBDAtlanta,CBDAtlanta,19436,3236,3657,31566,21040,4805,51002,24276,8462,26329,57411,83740
CBDAtlanta,SEAtlanta,5935,1260,1737,7018,12342,2584,12953,13602,4321,8932,21944,30876
CBDAtlanta,SFulton,1061,190,368,457,930,144,1518,1120,512,1619,1531,3150
CBDAtlanta,Tri-Cities,2960,590,1696,1233,2612,1125,4193,3202,2821,5246,4970,10216
CBDAtlanta,Shannon,2091,437,1321,437,1006,438,2528,1443,1759,3849,1881,5730
CBDAtlanta,WCherokee,25,4,1,16,37,0,41,41,1,30,53,83
CBDAtlanta,NCherokee,4,2,1,3,23,0,7,25,1,7,26,33
CBDAtlanta,ECentCherokee,177,35,16,37,152,5,214,187,21,228,194,422
CBDAtlanta,Woodstock,409,85,68,62,151,6,471,236,74,562,219,781
CBDAtlanta,Airport,874,149,456,276,403,203,1150,552,659,1479,882,2361
CBDAtlanta,NEClayton,2328,496,567,842,2221,270,3170,2717,837,3391,3333,6724
CBDAtlanta,Riverdale,1836,437,941,425,1017,322,2261,1454,1263,3214,1764,4978
CBDAtlanta,SClayton,1236,287,298,264,776,86,1500,1063,384,1821,1126,2947
CBDAtlanta,NWCobb,1007,251,156,124,335,16,1131,586,172,1414,475,1889
CBDAtlanta,NECobb,1166,253,315,236,602,64,1402,855,379,1734,902,2636
CBDAtlanta,SWCobb,647,116,124,180,365,52,827,481,176,887,597,1484
CBDAtlanta,Marietta,614,137,100,133,307,38,747,444,138,851,478,1329
CBDAtlanta,Cumberland,2956,552,576,975,1467,216,3931,2019,792,4084,2658,6742
CBDAtlanta,SCobb,2589,412,725,776,2133,258,3365,2545,983,3726,3167,6893
CBDAtlanta,Chamblee,2965,664,2854,758,2024,1025,3723,2688,3879,6483,3807,10290
CBDAtlanta,NWDeKalb,3489,576,996,1960,2552,449,5449,3128,1445,5061,4961,10022
CBDAtlanta,NEDeKalb,3063,567,2150,640,1552,732,3703,2119,2882,5780,2924,8704
CBDAtlanta,Atlanta-DeKalb,2163,363,611,1917,3537,476,4080,3900,1087,3137,5930,9067
CBDAtlanta,Decatur,1132,160,600,430,849,288,1562,1009,888,1892,1567,3459
CBDAtlanta,SWDeKalb,3669,724,1574,1482,3605,853,5151,4329,2427,5967,5940,11907
CBDAtlanta,SEDeKalb,2668,515,1955,470,1271,574,3138,1786,2529,5138,2315,7453
CBDAtlanta,SDeKalb,3667,801,1018,1055,2686,515,4722,3487,1533,5486,4256,9742
CBDAtlanta,WDouglas,710,122,145,168,362,29,878,484,174,977,559,1536
CBDAtlanta,EDouglas,1320,218,319,329,840,123,1649,1058,442,1857,1292,3149
CBDAtlanta,WFayette,299,53,58,60,193,23,359,246,81,410,276,686
CBDAtlanta,EFayette,518,104,139,147,384,38,665,488,177,761,569,1330
CBDAtlanta,NGwinnett,439,104,134,86,322,24,525,426,158,677,432,1109
CBDAtlanta,CentGwinnett,1026,280,454,173,444,109,1199,724,563,1760,726,2486
CBDAtlanta,EGwinnett,249,43,45,34,133,22,283,176,67,337,189,526
CBDAtlanta,Norcross,1158,343,711,247,847,235,1405,1190,946,2212,1329,3541
CBDAtlanta,Lilburn,555,114,229,129,411,90,684,525,319,898,630,1528
CBDAtlanta,Snellville,667,96,194,180,327,76,847,423,270,957,583,1540
CBDAtlanta,NHenry,959,196,203,262,560,65,1221,756,268,1358,887,2245
CBDAtlanta,EHenry,322,70,49,68,126,9,390,196,58,441,203,644
CBDAtlanta,SHenry,706,146,118,132,370,33,838,516,151,970,535,1505
CBDAtlanta,SRockdale,374,75,73,84,220,46,458,295,119,522,350,872
CBDAtlanta,NRockdale,431,67,91,74,220,32,505,287,123,589,326,915
CBDAtlanta,NBarrow,30,9,0,16,32,3,46,41,3,39,51,90
CBDAtlanta,SBarrow,37,7,1,12,52,2,49,59,3,45,66,111
CBDAtlanta,NWBartow,11,3,0,3,13,0,14,16,0,14,16,30
CBDAtlanta,NEBartow,6,1,0,10,43,1,16,44,1,7,54,61
CBDAtlanta,SWBartow,16,3,0,20,57,0,36,60,0,19,77,96
CBDAtlanta,Cartersville,75,10,5,28,104,1,103,114,6,90,133,223
CBDAtlanta,NECarroll,103,19,11,23,81,3,126,100,14,133,107,240
CBDAtlanta,WCarroll,3,1,0,5,9,0,8,10,0,4,14,18
CBDAtlanta,CentralCarroll,68,5,3,31,109,0,99,114,3,76,140,216
CBDAtlanta,SECarroll,12,1,0,7,9,0,19,10,0,13,16,29
CBDAtlanta,WCoweta,67,16,5,14,83,0,81,99,5,88,97,185
CBDAtlanta,NCoweta,491,109,152,100,237,34,591,346,186,752,371,1123
CBDAtlanta,SCoweta,21,6,3,9,33,0,30,39,3,30,42,72
CBDAtlanta,SECoweta,54,12,10,17,47,2,71,59,12,76,66,142
CBDAtlanta,NForsyth,21,6,2,19,104,3,40,110,5,29,126,155
CBDAtlanta,Cumming,134,26,61,44,209,37,178,235,98,221,290,511
CBDAtlanta,SForsyth,127,27,49,25,228,24,152,255,73,203,277,480
CBDAtlanta,NHall,2,0,0,3,10,0,5,10,0,2,13,15
CBDAtlanta,Gainesville,13,0,0,6,40,0,19,40,0,13,46,59
CBDAtlanta,SHall,43,5,14,21,96,2,64,101,16,62,119,181
CBDAtlanta,WNewton,456,80,67,91,254,19,547,334,86,603,364,967
CBDAtlanta,ENewton,36,9,3,16,28,1,52,37,4,48,45,93
CBDAtlanta,NPaulding,84,22,9,23,76,2,107,98,11,115,101,216
CBDAtlanta,WPaulding,32,9,2,18,44,0,50,53,2,43,62,105
CBDAtlanta,EPaulding,607,87,82,106,198,19,713,285,101,776,323,1099
CBDAtlanta,NSpalding,112,26,8,18,14,0,130,40,8,146,32,178
CBDAtlanta,SSpalding,51,12,6,18,58,0,69,70,6,69,76,145
CBDAtlanta,WWalton,95,20,7,26,116,3,121,136,10,122,145,267
CBDAtlanta,EWalton,20,4,2,22,42,0,42,46,2,26,64,90
SEAtlanta,NFulton,256,63,45,54,74,11,310,137,56,364,139,503
SEAtlanta,Roswell,176,57,20,45,46,16,221,103,36,253,107,360
SEAtlanta,SandySprings,990,268,385,147,291,67,1137,559,452,1643,505,2148
SEAtlanta,Buckhead,1901,485,549,770,1588,236,2671,2073,785,2935,2594,5529
SEAtlanta,NWAtlanta,1322,326,126,1246,1988,141,2568,2314,267,1774,3375,5149
SEAtlanta,NEAtlanta,3883,894,671,4566,7628,757,8449,8522,1428,5448,12951,18399
SEAtlanta,SWAtlanta,2665,634,207,3917,9256,500,6582,9890,707,3506,13673,17179
SEAtlanta,CBDAtlanta,5425,1089,1661,6986,12329,2618,12411,13418,4279,8175,21933,30108
SEAtlanta,SEAtlanta,6556,1652,380,15008,36270,1149,21564,37922,1529,8588,52427,61015
SEAtlanta,SFulton,663,132,11,381,864,16,1044,996,27,806,1261,2067
SEAtlanta,Tri-Cities,3756,892,213,5628,12140,497,9384,13032,710,4861,18265,23126
SEAtlanta,Shannon,1312,280,55,630,1660,99,1942,1940,154,1647,2389,4036
SEAtlanta,WCherokee,6,2,0,7,25,0,13,27,0,8,32,40
SEAtlanta,NCherokee,3,0,0,2,14,0,5,14,0,3,16,19
SEAtlanta,ECentCherokee,41,6,1,23,54,2,64,60,3,48,79,127
SEAtlanta,Woodstock,85,24,4,26,53,3,111,77,7,113,82,195
SEAtlanta,Airport,1462,323,337,1078,1417,109,2540,1740,446,2122,2604,4726
SEAtlanta,NEClayton,2937,685,55,3176,7981,110,6113,8666,165,3677,11267,14944
SEAtlanta,Riverdale,1138,262,31,721,1968,70,1859,2230,101,1431,2759,4190
SEAtlanta,SClayton,922,180,10,381,905,18,1303,1085,28,1112,1304,2416
SEAtlanta,NWCobb,233,67,4,45,121,5,278,188,9,304,171,475
SEAtlanta,NECobb,271,78,3,87,158,6,358,236,9,352,251,603
SEAtlanta,SWCobb,205,41,2,90,173,10,295,214,12,248,273,521
SEAtlanta,Marietta,195,53,10,63,117,9,258,170,19,258,189,447
SEAtlanta,Cumberland,995,261,99,299,614,35,1294,875,134,1355,948,2303
SEAtlanta,SCobb,751,131,24,305,946,20,1056,1077,44,906,1271,2177
SEAtlanta,Chamblee,1122,296,363,256,736,106,1378,1032,469,1781,1098,2879
SEAtlanta,NWDeKalb,1399,318,158,1025,1807,111,2424,2125,269,1875,2943,4818
SEAtlanta,NEDeKalb,998,207,113,291,662,82,1289,869,195,1318,1035,2353
SEAtlanta,Atlanta-DeKalb,850,183,53,1686,3363,124,2536,3546,177,1086,5173,6259
SEAtlanta,Decatur,427,83,67,260,484,69,687,567,136,577,813,1390
SEAtlanta,SWDeKalb,1717,389,140,1752,4558,101,3469,4947,241,2246,6411,8657
SEAtlanta,SEDeKalb,825,186,63,257,748,53,1082,934,116,1074,1058,2132
SEAtlanta,SDeKalb,1816,413,40,1388,3810,69,3204,4223,109,2269,5267,7536
SEAtlanta,WDouglas,256,59,7,69,235,9,325,294,16,322,313,635
SEAtlanta,EDouglas,451,87,14,182,469,8,633,556,22,552,659,1211
SEAtlanta,WFayette,281,54,4,92,167,3,373,221,7,339,262,601
SEAtlanta,EFayette,400,77,3,158,339,3,558,416,6,480,500,980
SEAtlanta,NGwinnett,112,27,2,43,103,1,155,130,3,141,147,288
SEAtlanta,CentGwinnett,270,71,9,88,165,18,358,236,27,350,271,621
SEAtlanta,EGwinnett,47,16,0,19,47,2,66,63,2,63,68,131
SEAtlanta,Norcross,385,140,44,93,223,26,478,363,70,569,342,911
SEAtlanta,Lilburn,179,30,4,56,182,5,235,212,9,213,243,456
SEAtlanta,Snellville,207,41,3,59,103,11,266,144,14,251,173,424
SEAtlanta,NHenry,786,167,4,336,841,14,1122,1008,18,957,1191,2148
SEAtlanta,EHenry,271,48,0,83,206,3,354,254,3,319,292,611
SEAtlanta,SHenry,602,127,5,160,315,5,762,442,10,734,480,1214
SEAtlanta,SRockdale,188,36,2,56,94,0,244,130,2,226,150,376
SEAtlanta,NRockdale,147,35,2,51,78,5,198,113,7,184,134,318
SEAtlanta,NBarrow,6,4,0,8,14,1,14,18,1,10,23,33
SEAtlanta,SBarrow,9,2,0,5,13,0,14,15,0,11,18,29
SEAtlanta,NWBartow,1,0,0,2,5,0,3,5,0,1,7,8
SEAtlanta,NEBartow,1,0,0,5,11,0,6,11,0,1,16,17
SEAtlanta,SWBartow,3,0,0,5,8,0,8,8,0,3,13,16
SEAtlanta,Cartersville,19,3,0,10,42,0,29,45,0,22,52,74
SEAtlanta,NECarroll,46,7,0,17,11,0,63,18,0,53,28,81
SEAtlanta,WCarroll,6,1,0,4,2,0,10,3,0,7,6,13
SEAtlanta,CentralCarroll,39,7,0,11,28,0,50,35,0,46,39,85
SEAtlanta,SECarroll,7,1,0,2,31,0,9,32,0,8,33,41
SEAtlanta,WCoweta,66,8,0,15,63,1,81,71,1,74,79,153
SEAtlanta,NCoweta,401,58,4,118,259,8,519,317,12,463,385,848
SEAtlanta,SCoweta,16,4,0,9,19,0,25,23,0,20,28,48
SEAtlanta,SECoweta,47,10,0,19,28,1,66,38,1,57,48,105
SEAtlanta,NForsyth,6,2,0,4,15,0,10,17,0,8,19,27
SEAtlanta,Cumming,35,5,0,21,47,0,56,52,0,40,68,108
SEAtlanta,SForsyth,28,14,1,8,52,4,36,66,5,43,64,107
SEAtlanta,NHall,1,0,0,2,4,0,3,4,0,1,6,7
SEAtlanta,Gainesville,3,2,0,0,5,0,3,7,0,5,5,10
SEAtlanta,SHall,10,3,0,11,21,2,21,24,2,13,34,47
SEAtlanta,WNewton,231,53,3,40,114,2,271,167,5,287,156,443
SEAtlanta,ENewton,24,7,1,5,23,0,29,30,1,32,28,60
SEAtlanta,NPaulding,20,12,0,10,16,0,30,28,0,32,26,58
SEAtlanta,WPaulding,13,4,0,9,23,0,22,27,0,17,32,49
SEAtlanta,EPaulding,204,34,1,62,133,2,266,167,3,239,197,436
SEAtlanta,NSpalding,87,10,0,12,55,1,99,65,1,97,68,165
SEAtlanta,SSpalding,59,13,0,11,19,0,70,32,0,72,30,102
SEAtlanta,WWalton,45,8,0,12,60,1,57,68,1,53,73,126
SEAtlanta,EWalton,23,3,0,12,11,0,35,14,0,26,23,49
SFulton,NFulton,92,12,5,24,17,0,116,29,5,109,41,150
SFulton,Roswell,76,10,0,10,18,0,86,28,0,86,28,114
SFulton,SandySprings,429,65,24,82,137,11,511,202,35,518,230,748
SFulton,Buckhead,726,125,56,167,404,17,893,529,73,907,588,1495
SFulton,NWAtlanta,698,138,11,413,832,12,1111,970,23,847,1257,2104
SFulton,NEAtlanta,958,157,114,373,736,78,1331,893,192,1229,1187,2416
SFulton,SWAtlanta,2373,476,34,3285,7554,48,5658,8030,82,2883,10887,13770
SFulton,CBDAtlanta,1099,215,369,439,937,156,1538,1152,525,1683,1532,3215
SFulton,SEAtlanta,597,106,14,362,842,17,959,948,31,717,1221,1938
SFulton,SFulton,5894,1181,12,11780,26251,16,17674,27432,28,7087,38047,45134
SFulton,Tri-Cities,1670,321,21,1540,3902,31,3210,4223,52,2012,5473,7485
SFulton,Shannon,2438,487,11,2853,8475,22,5291,8962,33,2936,11350,14286
SFulton,WCherokee,3,0,0,0,1,0,3,1,0,3,1,4
SFulton,NCherokee,0,0,0,0,0,0,0,0,0,0,0,0
SFulton,ECentCherokee,25,3,0,7,4,0,32,7,0,28,11,39
SFulton,Woodstock,41,9,0,18,15,0,59,24,0,50,33,83
SFulton,Airport,770,131,35,274,623,4,1044,754,39,936,901,1837
SFulton,NEClayton,553,94,1,189,361,1,742,455,2,648,551,1199
SFulton,Riverdale,379,80,4,175,613,3,554,693,7,463,791,1254
SFulton,SClayton,253,64,0,63,214,0,316,278,0,317,277,594
SFulton,NWCobb,241,45,1,69,66,1,310,111,2,287,136,423
SFulton,NECobb,199,33,0,37,65,0,236,98,0,232,102,334
SFulton,SWCobb,516,90,2,201,419,0,717,509,2,608,620,1228
SFulton,Marietta,280,44,0,77,213,3,357,257,3,324,293,617
SFulton,Cumberland,1042,183,6,296,555,2,1338,738,8,1231,853,2084
SFulton,SCobb,1485,249,8,1110,2510,6,2595,2759,14,1742,3626,5368
SFulton,Chamblee,359,68,20,58,138,7,417,206,27,447,203,650
SFulton,NWDeKalb,381,67,8,102,196,3,483,263,11,456,301,757
SFulton,NEDeKalb,204,46,7,63,99,8,267,145,15,257,170,427
SFulton,Atlanta-DeKalb,98,21,5,42,84,2,140,105,7,124,128,252
SFulton,Decatur,72,7,9,28,78,6,100,85,15,88,112,200
SFulton,SWDeKalb,193,35,12,56,148,0,249,183,12,240,204,444
SFulton,SEDeKalb,84,25,2,30,34,1,114,59,3,111,65,176
SFulton,SDeKalb,232,46,1,62,102,3,294,148,4,279,167,446
SFulton,WDouglas,1172,224,0,577,1893,0,1749,2117,0,1396,2470,3866
SFulton,EDouglas,2186,402,5,1889,4632,4,4075,5034,9,2593,6525,9118
SFulton,WFayette,745,146,0,489,1299,0,1234,1445,0,891,1788,2679
SFulton,EFayette,424,89,0,190,563,0,614,652,0,513,753,1266
SFulton,NGwinnett,14,5,0,4,10,0,18,15,0,19,14,33
SFulton,CentGwinnett,80,16,0,13,52,0,93,68,0,96,65,161
SFulton,EGwinnett,9,2,0,2,5,0,11,7,0,11,7,18
SFulton,Norcross,144,40,3,31,33,0,175,73,3,187,64,251
SFulton,Lilburn,26,9,0,9,28,0,35,37,0,35,37,72
SFulton,Snellville,33,10,0,9,21,0,42,31,0,43,30,73
SFulton,NHenry,134,23,0,34,130,0,168,153,0,157,164,321
SFulton,EHenry,42,8,0,5,19,0,47,27,0,50,24,74
SFulton,SHenry,135,24,0,28,25,1,163,49,1,159,54,213
SFulton,SRockdale,27,5,0,3,5,0,30,10,0,32,8,40
SFulton,NRockdale,45,4,0,12,11,0,57,15,0,49,23,72
SFulton,NBarrow,1,0,0,0,0,0,1,0,0,1,0,1
SFulton,SBarrow,0,1,0,0,0,0,0,1,0,1,0,1
SFulton,NWBartow,3,0,0,1,1,0,4,1,0,3,2,5
SFulton,NEBartow,2,0,0,0,0,0,2,0,0,2,0,2
SFulton,SWBartow,4,1,0,1,4,0,5,5,0,5,5,10
SFulton,Cartersville,21,4,0,8,5,0,29,9,0,25,13,38
SFulton,NECarroll,223,32,0,30,80,0,253,112,0,255,110,365
SFulton,WCarroll,28,8,0,1,6,0,29,14,0,36,7,43
SFulton,CentralCarroll,290,40,0,105,200,0,395,240,0,330,305,635
SFulton,SECarroll,51,9,0,11,41,0,62,50,0,60,52,112
SFulton,WCoweta,180,38,0,72,130,0,252,168,0,218,202,420
SFulton,NCoweta,1174,211,0,1118,2922,2,2292,3133,2,1385,4042,5427
SFulton,SCoweta,52,13,0,12,13,0,64,26,0,65,25,90
SFulton,SECoweta,77,10,0,26,50,0,103,60,0,87,76,163
SFulton,NForsyth,3,0,0,2,0,0,5,0,0,3,2,5
SFulton,Cumming,17,2,0,5,4,0,22,6,0,19,9,28
SFulton,SForsyth,12,5,0,5,4,0,17,9,0,17,9,26
SFulton,NHall,0,0,0,0,0,0,0,0,0,0,0,0
SFulton,Gainesville,3,0,0,0,0,0,3,0,0,3,0,3
SFulton,SHall,2,0,0,1,0,0,3,0,0,2,1,3
SFulton,WNewton,32,4,0,9,0,0,41,4,0,36,9,45
SFulton,ENewton,3,1,0,1,0,0,4,1,0,4,1,5
SFulton,NPaulding,60,10,0,10,45,0,70,55,0,70,55,125
SFulton,WPaulding,37,8,0,7,25,0,44,33,0,45,32,77
SFulton,EPaulding,537,90,1,98,314,0,635,404,1,628,412,1040
SFulton,NSpalding,36,8,0,10,10,0,46,18,0,44,20,64
SFulton,SSpalding,26,1,0,8,8,0,34,9,0,27,16,43
SFulton,WWalton,6,4,0,1,11,0,7,15,0,10,12,22
SFulton,EWalton,1,1,0,1,1,0,2,2,0,2,2,4
Tri-Cities,NFulton,240,53,27,40,71,2,280,124,29,320,113,433
Tri-Cities,Roswell,162,49,14,28,68,1,190,117,15,225,97,322
Tri-Cities,SandySprings,752,217,284,81,110,35,833,327,319,1253,226,1479
Tri-Cities,Buckhead,1658,360,497,264,583,82,1922,943,579,2515,929,3444
Tri-Cities,NWAtlanta,1251,263,140,627,1343,97,1878,1606,237,1654,2067,3721
Tri-Cities,NEAtlanta,2768,568,760,1023,1840,456,3791,2408,1216,4096,3319,7415
Tri-Cities,SWAtlanta,3782,828,222,6329,14678,453,10111,15506,675,4832,21460,26292
Tri-Cities,CBDAtlanta,2778,588,1681,1224,2619,1090,4002,3207,2771,5047,4933,9980
Tri-Cities,SEAtlanta,3674,880,225,5555,11958,475,9229,12838,700,4779,17988,22767
Tri-Cities,SFulton,1800,349,18,1526,3920,42,3326,4269,60,2167,5488,7655
Tri-Cities,Tri-Cities,13353,2990,368,31272,57601,1170,44625,60591,1538,16711,90043,106754
Tri-Cities,Shannon,4140,858,95,3573,10139,169,7713,10997,264,5093,13881,18974
Tri-Cities,WCherokee,9,3,0,1,10,0,10,13,0,12,11,23
Tri-Cities,NCherokee,1,0,0,0,0,0,1,0,0,1,0,1
Tri-Cities,ECentCherokee,52,12,2,19,55,0,71,67,2,66,74,140
Tri-Cities,Woodstock,132,34,2,21,36,1,153,70,3,168,58,226
Tri-Cities,Airport,3348,617,328,4550,5238,206,7898,5855,534,4293,9994,14287
Tri-Cities,NEClayton,3770,822,53,2508,5483,85,6278,6305,138,4645,8076,12721
Tri-Cities,Riverdale,2499,475,45,1376,3868,51,3875,4343,96,3019,5295,8314
Tri-Cities,SClayton,1583,329,20,418,1172,14,2001,1501,34,1932,1604,3536
Tri-Cities,NWCobb,290,73,5,42,79,2,332,152,7,368,123,491
Tri-Cities,NECobb,350,93,7,50,97,1,400,190,8,450,148,598
Tri-Cities,SWCobb,315,57,2,62,187,1,377,244,3,374,250,624
Tri-Cities,Marietta,229,53,8,54,116,10,283,169,18,290,180,470
Tri-Cities,Cumberland,1164,249,84,221,481,15,1385,730,99,1497,717,2214
Tri-Cities,SCobb,927,166,15,325,859,35,1252,1025,50,1108,1219,2327
Tri-Cities,Chamblee,960,293,251,87,308,37,1047,601,288,1504,432,1936
Tri-Cities,NWDeKalb,1072,250,134,218,462,79,1290,712,213,1456,759,2215
Tri-Cities,NEDeKalb,736,157,93,118,229,39,854,386,132,986,386,1372
Tri-Cities,Atlanta-DeKalb,486,85,59,186,345,29,672,430,88,630,560,1190
Tri-Cities,Decatur,292,40,86,64,135,27,356,175,113,418,226,644
Tri-Cities,SWDeKalb,908,194,96,310,789,31,1218,983,127,1198,1130,2328
Tri-Cities,SEDeKalb,694,148,40,102,311,15,796,459,55,882,428,1310
Tri-Cities,SDeKalb,1385,269,29,503,1435,12,1888,1704,41,1683,1950,3633
Tri-Cities,WDouglas,531,76,8,94,351,0,625,427,8,615,445,1060
Tri-Cities,EDouglas,717,134,13,263,746,5,980,880,18,864,1014,1878
Tri-Cities,WFayette,864,143,2,184,425,0,1048,568,2,1009,609,1618
Tri-Cities,EFayette,1064,176,5,382,794,2,1446,970,7,1245,1178,2423
Tri-Cities,NGwinnett,137,43,1,27,101,2,164,144,3,181,130,311
Tri-Cities,CentGwinnett,242,98,11,45,75,1,287,173,12,351,121,472
Tri-Cities,EGwinnett,79,18,0,12,49,0,91,67,0,97,61,158
Tri-Cities,Norcross,338,109,34,54,101,1,392,210,35,481,156,637
Tri-Cities,Lilburn,157,27,5,24,55,1,181,82,6,189,80,269
Tri-Cities,Snellville,201,34,2,31,72,0,232,106,2,237,103,340
Tri-Cities,NHenry,1080,201,15,211,522,2,1291,723,17,1296,735,2031
Tri-Cities,EHenry,447,85,0,47,161,0,494,246,0,532,208,740
Tri-Cities,SHenry,959,175,7,124,278,2,1083,453,9,1141,404,1545
Tri-Cities,SRockdale,225,37,1,29,67,1,254,104,2,263,97,360
Tri-Cities,NRockdale,172,38,3,20,32,0,192,70,3,213,52,265
Tri-Cities,NBarrow,10,2,0,1,1,0,11,3,0,12,2,14
Tri-Cities,SBarrow,8,3,0,4,5,0,12,8,0,11,9,20
Tri-Cities,NWBartow,3,3,0,0,0,0,3,3,0,6,0,6
Tri-Cities,NEBartow,3,1,0,0,4,0,3,5,0,4,4,8
Tri-Cities,SWBartow,8,3,0,1,12,0,9,15,0,11,13,24
Tri-Cities,Cartersville,27,4,0,5,13,0,32,17,0,31,18,49
Tri-Cities,NECarroll,59,21,0,15,43,0,74,64,0,80,58,138
Tri-Cities,WCarroll,5,2,0,3,6,0,8,8,0,7,9,16
Tri-Cities,CentralCarroll,94,19,0,22,70,0,116,89,0,113,92,205
Tri-Cities,SECarroll,25,3,0,4,15,0,29,18,0,28,19,47
Tri-Cities,WCoweta,192,42,0,25,78,0,217,120,0,234,103,337
Tri-Cities,NCoweta,1137,181,12,186,389,1,1323,570,13,1330,576,1906
Tri-Cities,SCoweta,85,11,1,14,42,0,99,53,1,97,56,153
Tri-Cities,SECoweta,144,26,1,28,25,0,172,51,1,171,53,224
Tri-Cities,NForsyth,5,1,0,5,12,0,10,13,0,6,17,23
Tri-Cities,Cumming,31,8,0,9,25,1,40,33,1,39,35,74
Tri-Cities,SForsyth,29,7,1,5,9,0,34,16,1,37,14,51
Tri-Cities,NHall,0,0,0,0,1,0,0,1,0,0,1,1
Tri-Cities,Gainesville,3,0,0,1,5,0,4,5,0,3,6,9
Tri-Cities,SHall,17,3,0,6,34,1,23,37,1,20,41,61
Tri-Cities,WNewton,271,31,2,26,66,0,297,97,2,304,92,396
Tri-Cities,ENewton,25,11,0,2,3,0,27,14,0,36,5,41
Tri-Cities,NPaulding,36,9,0,13,24,0,49,33,0,45,37,82
Tri-Cities,WPaulding,27,7,0,5,17,0,32,24,0,34,22,56
Tri-Cities,EPaulding,289,56,2,48,92,0,337,148,2,347,140,487
Tri-Cities,NSpalding,197,29,0,23,56,0,220,85,0,226,79,305
Tri-Cities,SSpalding,131,14,0,11,32,0,142,46,0,145,43,188
Tri-Cities,WWalton,47,13,0,13,24,0,60,37,0,60,37,97
Tri-Cities,EWalton,13,1,0,8,7,0,21,8,0,14,15,29
Shannon,NFulton,108,27,8,23,34,1,131,61,9,143,58,201
Shannon,Roswell,76,19,3,8,44,0,84,63,3,98,52,150
Shannon,SandySprings,507,127,99,58,90,25,565,217,124,733,173,906
Shannon,Buckhead,938,234,187,113,292,17,1051,526,204,1359,422,1781
Shannon,NWAtlanta,725,145,54,132,402,19,857,547,73,924,553,1477
Shannon,NEAtlanta,1828,364,376,435,760,227,2263,1124,603,2568,1422,3990
Shannon,SWAtlanta,1597,330,57,1151,3320,97,2748,3650,154,1984,4568,6552
Shannon,CBDAtlanta,2120,479,1332,464,1063,450,2584,1542,1782,3931,1977,5908
Shannon,SEAtlanta,1214,216,48,660,1665,104,1874,1881,152,1478,2429,3907
Shannon,SFulton,2404,506,14,2767,8590,23,5171,9096,37,2924,11380,14304
Shannon,Tri-Cities,3747,793,83,3541,9955,163,7288,10748,246,4623,13659,18282
Shannon,Shannon,16124,3339,80,39119,89513,327,55243,92852,407,19543,128959,148502
Shannon,WCherokee,1,0,0,2,0,0,3,0,0,1,2,3
Shannon,NCherokee,0,0,0,0,0,0,0,0,0,0,0,0
Shannon,ECentCherokee,13,1,0,9,8,0,22,9,0,14,17,31
Shannon,Woodstock,36,7,0,13,14,0,49,21,0,43,27,70
Shannon,Airport,2819,470,150,1935,4497,46,4754,4967,196,3439,6478,9917
Shannon,NEClayton,1513,316,13,829,1920,12,2342,2236,25,1842,2761,4603
Shannon,Riverdale,2053,418,12,2709,8368,44,4762,8786,56,2483,11121,13604
Shannon,SClayton,968,221,3,571,1504,2,1539,1725,5,1192,2077,3269
Shannon,NWCobb,136,27,1,35,104,2,171,131,3,164,141,305
Shannon,NECobb,141,29,0,47,64,0,188,93,0,170,111,281
Shannon,SWCobb,192,26,0,41,174,0,233,200,0,218,215,433
Shannon,Marietta,217,34,2,54,73,10,271,107,12,253,137,390
Shannon,Cumberland,1004,150,20,143,330,7,1147,480,27,1174,480,1654
Shannon,SCobb,607,114,2,189,529,2,796,643,4,723,720,1443
Shannon,Chamblee,507,159,80,53,194,13,560,353,93,746,260,1006
Shannon,NWDeKalb,662,124,29,128,305,21,790,429,50,815,454,1269
Shannon,NEDeKalb,366,90,16,85,104,17,451,194,33,472,206,678
Shannon,Atlanta-DeKalb,176,31,13,34,84,7,210,115,20,220,125,345
Shannon,Decatur,139,30,25,28,110,19,167,140,44,194,157,351
Shannon,SWDeKalb,375,63,22,85,220,1,460,283,23,460,306,766
Shannon,SEDeKalb,200,41,7,45,113,3,245,154,10,248,161,409
Shannon,SDeKalb,535,114,4,185,375,4,720,489,8,653,564,1217
Shannon,WDouglas,655,134,1,212,634,1,867,768,2,790,847,1637
Shannon,EDouglas,734,153,0,326,1013,3,1060,1166,3,887,1342,2229
Shannon,WFayette,2322,422,1,1760,4474,7,4082,4896,8,2745,6241,8986
Shannon,EFayette,2042,353,4,2052,4873,5,4094,5226,9,2399,6930,9329
Shannon,NGwinnett,21,4,0,10,17,0,31,21,0,25,27,52
Shannon,CentGwinnett,80,32,2,27,50,0,107,82,2,114,77,191
Shannon,EGwinnett,14,1,0,3,12,0,17,13,0,15,15,30
Shannon,Norcross,154,57,6,25,111,1,179,168,7,217,137,354
Shannon,Lilburn,67,9,0,15,31,0,82,40,0,76,46,122
Shannon,Snellville,46,8,0,12,27,0,58,35,0,54,39,93
Shannon,NHenry,370,71,2,141,389,0,511,460,2,443,530,973
Shannon,EHenry,144,21,1,34,66,0,178,87,1,166,100,266
Shannon,SHenry,404,79,0,83,191,0,487,270,0,483,274,757
Shannon,SRockdale,63,15,0,10,20,0,73,35,0,78,30,108
Shannon,NRockdale,55,9,1,31,52,1,86,61,2,65,84,149
Shannon,NBarrow,0,0,1,1,0,0,1,0,1,1,1,2
Shannon,SBarrow,0,0,0,1,0,0,1,0,0,0,1,1
Shannon,NWBartow,0,0,0,0,0,0,0,0,0,0,0,0
Shannon,NEBartow,1,0,0,1,4,0,2,4,0,1,5,6
Shannon,SWBartow,6,1,0,0,0,0,6,1,0,7,0,7
Shannon,Cartersville,9,1,0,3,3,0,12,4,0,10,6,16
Shannon,NECarroll,86,10,0,19,53,0,105,63,0,96,72,168
Shannon,WCarroll,18,4,0,3,26,0,21,30,0,22,29,51
Shannon,CentralCarroll,196,33,0,61,74,0,257,107,0,229,135,364
Shannon,SECarroll,47,11,0,11,69,0,58,80,0,58,80,138
Shannon,WCoweta,329,65,0,65,165,0,394,230,0,394,230,624
Shannon,NCoweta,2307,393,6,969,2617,14,3276,3010,20,2706,3600,6306
Shannon,SCoweta,120,23,0,32,75,0,152,98,0,143,107,250
Shannon,SECoweta,242,30,0,65,129,0,307,159,0,272,194,466
Shannon,NForsyth,0,0,0,1,2,0,1,2,0,0,3,3
Shannon,Cumming,5,1,0,2,4,0,7,5,0,6,6,12
Shannon,SForsyth,12,1,0,3,6,1,15,7,1,13,10,23
Shannon,NHall,0,0,0,0,0,0,0,0,0,0,0,0
Shannon,Gainesville,0,1,0,1,2,0,1,3,0,1,3,4
Shannon,SHall,1,0,0,1,0,0,2,0,0,1,1,2
Shannon,WNewton,57,16,0,10,25,0,67,41,0,73,35,108
Shannon,ENewton,4,1,0,2,2,0,6,3,0,5,4,9
Shannon,NPaulding,25,3,0,5,37,0,30,40,0,28,42,70
Shannon,WPaulding,19,4,0,3,24,0,22,28,0,23,27,50
Shannon,EPaulding,199,33,0,50,184,0,249,217,0,232,234,466
Shannon,NSpalding,136,18,0,33,106,0,169,124,0,154,139,293
Shannon,SSpalding,82,16,0,20,55,0,102,71,0,98,75,173
Shannon,WWalton,9,3,0,7,9,0,16,12,0,12,16,28
Shannon,EWalton,1,2,0,3,3,0,4,5,0,3,6,9
WCherokee,NFulton,365,63,0,95,215,0,460,278,0,428,310,738
WCherokee,Roswell,173,28,0,42,217,0,215,245,0,201,259,460
WCherokee,SandySprings,107,23,0,28,91,0,135,114,0,130,119,249
WCherokee,Buckhead,71,12,0,22,90,0,93,102,0,83,112,195
WCherokee,NWAtlanta,35,5,0,7,43,0,42,48,0,40,50,90
WCherokee,NEAtlanta,46,9,1,19,27,0,65,36,1,56,46,102
WCherokee,SWAtlanta,11,2,0,5,18,0,16,20,0,13,23,36
WCherokee,CBDAtlanta,27,8,1,19,38,0,46,46,1,36,57,93
WCherokee,SEAtlanta,8,2,0,3,30,0,11,32,0,10,33,43
WCherokee,SFulton,1,0,0,0,0,0,1,0,0,1,0,1
WCherokee,Tri-Cities,7,1,0,1,16,0,8,17,0,8,17,25
WCherokee,Shannon,6,1,0,3,0,0,9,1,0,7,3,10
WCherokee,WCherokee,1521,304,0,3345,8264,0,4866,8568,0,1825,11609,13434
WCherokee,NCherokee,182,34,0,279,734,0,461,768,0,216,1013,1229
WCherokee,ECentCherokee,2551,476,6,3468,9711,10,6019,10187,16,3033,13189,16222
WCherokee,Woodstock,533,99,0,357,1170,1,890,1269,1,632,1528,2160
WCherokee,Airport,2,0,0,0,0,0,2,0,0,2,0,2
WCherokee,NEClayton,4,3,0,0,2,0,4,5,0,7,2,9
WCherokee,Riverdale,0,1,0,0,13,0,0,14,0,1,13,14
WCherokee,SClayton,0,0,0,0,0,0,0,0,0,0,0,0
WCherokee,NWCobb,490,70,0,249,450,0,739,520,0,560,699,1259
WCherokee,NECobb,324,67,0,141,434,0,465,501,0,391,575,966
WCherokee,SWCobb,31,4,0,9,10,0,40,14,0,35,19,54
WCherokee,Marietta,201,48,0,60,190,0,261,238,0,249,250,499
WCherokee,Cumberland,220,28,0,57,138,0,277,166,0,248,195,443
WCherokee,SCobb,57,3,0,25,97,0,82,100,0,60,122,182
WCherokee,Chamblee,59,10,0,14,25,0,73,35,0,69,39,108
WCherokee,NWDeKalb,23,1,0,12,14,0,35,15,0,24,26,50
WCherokee,NEDeKalb,16,1,0,7,16,0,23,17,0,17,23,40
WCherokee,Atlanta-DeKalb,2,0,0,0,1,0,2,1,0,2,1,3
WCherokee,Decatur,0,1,0,0,2,0,0,3,0,1,2,3
WCherokee,SWDeKalb,7,0,0,1,4,0,8,4,0,7,5,12
WCherokee,SEDeKalb,1,0,0,0,1,0,1,1,0,1,1,2
WCherokee,SDeKalb,2,0,0,1,5,0,3,5,0,2,6,8
WCherokee,WDouglas,4,0,0,1,4,0,5,4,0,4,5,9
WCherokee,EDouglas,14,1,0,3,11,0,17,12,0,15,14,29
WCherokee,WFayette,0,0,0,0,0,0,0,0,0,0,0,0
WCherokee,EFayette,0,0,0,1,0,0,1,0,0,0,1,1
WCherokee,NGwinnett,30,4,0,9,38,0,39,42,0,34,47,81
WCherokee,CentGwinnett,39,7,0,18,57,0,57,64,0,46,75,121
WCherokee,EGwinnett,0,1,0,3,0,0,3,1,0,1,3,4
WCherokee,Norcross,62,12,0,15,39,0,77,51,0,74,54,128
WCherokee,Lilburn,2,0,0,1,13,0,3,13,0,2,14,16
WCherokee,Snellville,5,0,0,1,1,0,6,1,0,5,2,7
WCherokee,NHenry,0,0,0,3,1,0,3,1,0,0,4,4
WCherokee,EHenry,0,0,0,0,0,0,0,0,0,0,0,0
WCherokee,SHenry,0,0,0,0,4,0,0,4,0,0,4,4
WCherokee,SRockdale,0,0,0,0,0,0,0,0,0,0,0,0
WCherokee,NRockdale,1,0,0,0,0,0,1,0,0,1,0,1
WCherokee,NBarrow,0,0,0,1,0,0,1,0,0,0,1,1
WCherokee,SBarrow,0,0,0,0,0,0,0,0,0,0,0,0
WCherokee,NWBartow,55,6,0,35,37,0,90,43,0,61,72,133
WCherokee,NEBartow,239,47,0,140,453,0,379,500,0,286,593,879
WCherokee,SWBartow,45,0,0,13,22,0,58,22,0,45,35,80
WCherokee,Cartersville,540,89,0,244,728,0,784,817,0,629,972,1601
WCherokee,NECarroll,0,1,0,0,0,0,0,1,0,1,0,1
WCherokee,WCarroll,1,0,0,0,0,0,1,0,0,1,0,1
WCherokee,CentralCarroll,0,0,0,0,1,0,0,1,0,0,1,1
WCherokee,SECarroll,0,0,0,0,0,0,0,0,0,0,0,0
WCherokee,WCoweta,0,0,0,0,0,0,0,0,0,0,0,0
WCherokee,NCoweta,0,1,0,0,0,0,0,1,0,1,0,1
WCherokee,SCoweta,0,0,0,0,0,0,0,0,0,0,0,0
WCherokee,SECoweta,0,0,0,0,0,0,0,0,0,0,0,0
WCherokee,NForsyth,39,7,0,21,32,0,60,39,0,46,53,99
WCherokee,Cumming,152,42,0,65,146,0,217,188,0,194,211,405
WCherokee,SForsyth,120,22,0,21,27,0,141,49,0,142,48,190
WCherokee,NHall,2,0,0,1,4,0,3,4,0,2,5,7
WCherokee,Gainesville,16,3,0,7,15,0,23,18,0,19,22,41
WCherokee,SHall,8,1,0,4,13,0,12,14,0,9,17,26
WCherokee,WNewton,0,0,0,0,0,0,0,0,0,0,0,0
WCherokee,ENewton,0,0,0,0,0,0,0,0,0,0,0,0
WCherokee,NPaulding,23,1,0,7,8,0,30,9,0,24,15,39
WCherokee,WPaulding,4,0,0,0,1,0,4,1,0,4,1,5
WCherokee,EPaulding,19,8,0,8,48,0,27,56,0,27,56,83
WCherokee,NSpalding,0,0,0,0,0,0,0,0,0,0,0,0
WCherokee,SSpalding,0,0,0,0,0,0,0,0,0,0,0,0
WCherokee,WWalton,0,0,0,1,0,0,1,0,0,0,1,1
WCherokee,EWalton,0,0,0,0,0,0,0,0,0,0,0,0
NCherokee,NFulton,279,49,0,80,212,0,359,261,0,328,292,620
NCherokee,Roswell,94,17,0,30,74,0,124,91,0,111,104,215
NCherokee,SandySprings,58,6,0,16,36,0,74,42,0,64,52,116
NCherokee,Buckhead,21,2,0,8,44,0,29,46,0,23,52,75
NCherokee,NWAtlanta,9,0,0,2,13,0,11,13,0,9,15,24
NCherokee,NEAtlanta,12,3,0,6,38,1,18,41,1,15,45,60
NCherokee,SWAtlanta,5,1,0,0,2,0,5,3,0,6,2,8
NCherokee,CBDAtlanta,11,0,1,4,33,0,15,33,1,12,37,49
NCherokee,SEAtlanta,2,1,0,0,8,0,2,9,0,3,8,11
NCherokee,SFulton,0,0,0,0,0,0,0,0,0,0,0,0
NCherokee,Tri-Cities,1,0,0,0,6,0,1,6,0,1,6,7
NCherokee,Shannon,0,0,0,1,2,0,1,2,0,0,3,3
NCherokee,WCherokee,182,35,0,269,716,0,451,751,0,217,985,1202
NCherokee,NCherokee,1031,175,0,1678,4201,0,2709,4376,0,1206,5879,7085
NCherokee,ECentCherokee,1194,218,3,1443,3934,3,2637,4152,6,1415,5380,6795
NCherokee,Woodstock,178,27,0,76,260,0,254,287,0,205,336,541
NCherokee,Airport,1,0,0,0,0,0,1,0,0,1,0,1
NCherokee,NEClayton,1,0,0,1,0,0,2,0,0,1,1,2
NCherokee,Riverdale,0,0,0,0,4,0,0,4,0,0,4,4
NCherokee,SClayton,0,0,0,1,0,0,1,0,0,0,1,1
NCherokee,NWCobb,171,32,0,89,188,0,260,220,0,203,277,480
NCherokee,NECobb,133,24,0,41,141,0,174,165,0,157,182,339
NCherokee,SWCobb,6,2,0,10,26,0,16,28,0,8,36,44
NCherokee,Marietta,69,13,0,22,71,0,91,84,0,82,93,175
NCherokee,Cumberland,78,16,0,17,65,0,95,81,0,94,82,176
NCherokee,SCobb,18,7,0,5,53,0,23,60,0,25,58,83
NCherokee,Chamblee,32,5,0,12,25,1,44,30,1,37,38,75
NCherokee,NWDeKalb,9,3,0,3,11,0,12,14,0,12,14,26
NCherokee,NEDeKalb,11,0,0,4,2,0,15,2,0,11,6,17
NCherokee,Atlanta-DeKalb,3,0,0,0,1,0,3,1,0,3,1,4
NCherokee,Decatur,0,1,0,2,0,0,2,1,0,1,2,3
NCherokee,SWDeKalb,4,0,0,2,4,0,6,4,0,4,6,10
NCherokee,SEDeKalb,0,0,0,1,1,0,1,1,0,0,2,2
NCherokee,SDeKalb,0,0,0,2,1,0,2,1,0,0,3,3
NCherokee,WDouglas,0,0,0,0,0,0,0,0,0,0,0,0
NCherokee,EDouglas,9,1,0,0,3,0,9,4,0,10,3,13
NCherokee,WFayette,0,0,0,0,0,0,0,0,0,0,0,0
NCherokee,EFayette,0,0,0,0,1,0,0,1,0,0,1,1
NCherokee,NGwinnett,29,3,0,11,32,0,40,35,0,32,43,75
NCherokee,CentGwinnett,56,3,0,18,57,0,74,60,0,59,75,134
NCherokee,EGwinnett,5,0,0,2,1,0,7,1,0,5,3,8
NCherokee,Norcross,35,6,0,7,47,0,42,53,0,41,54,95
NCherokee,Lilburn,2,0,0,1,4,0,3,4,0,2,5,7
NCherokee,Snellville,2,0,0,0,26,0,2,26,0,2,26,28
NCherokee,NHenry,0,0,0,0,0,0,0,0,0,0,0,0
NCherokee,EHenry,0,0,0,0,0,0,0,0,0,0,0,0
NCherokee,SHenry,0,0,0,0,0,0,0,0,0,0,0,0
NCherokee,SRockdale,0,0,0,0,0,0,0,0,0,0,0,0
NCherokee,NRockdale,0,0,0,0,0,0,0,0,0,0,0,0
NCherokee,NBarrow,1,0,0,0,1,0,1,1,0,1,1,2
NCherokee,SBarrow,3,0,0,0,0,0,3,0,0,3,0,3
NCherokee,NWBartow,11,4,0,0,3,0,11,7,0,15,3,18
NCherokee,NEBartow,23,2,0,7,14,0,30,16,0,25,21,46
NCherokee,SWBartow,3,1,0,0,0,0,3,1,0,4,0,4
NCherokee,Cartersville,69,10,0,21,26,0,90,36,0,79,47,126
NCherokee,NECarroll,0,0,0,0,0,0,0,0,0,0,0,0
NCherokee,WCarroll,0,0,0,0,0,0,0,0,0,0,0,0
NCherokee,CentralCarroll,0,0,0,0,0,0,0,0,0,0,0,0
NCherokee,SECarroll,0,0,0,0,0,0,0,0,0,0,0,0
NCherokee,WCoweta,0,0,0,0,0,0,0,0,0,0,0,0
NCherokee,NCoweta,0,0,0,0,0,0,0,0,0,0,0,0
NCherokee,SCoweta,0,0,0,0,0,0,0,0,0,0,0,0
NCherokee,SECoweta,0,0,0,0,0,0,0,0,0,0,0,0
NCherokee,NForsyth,94,13,0,46,126,0,140,139,0,107,172,279
NCherokee,Cumming,272,52,0,151,480,0,423,532,0,324,631,955
NCherokee,SForsyth,136,26,0,39,59,0,175,85,0,162,98,260
NCherokee,NHall,2,0,0,0,1,0,2,1,0,2,1,3
NCherokee,Gainesville,28,4,0,7,16,0,35,20,0,32,23,55
NCherokee,SHall,14,2,0,7,3,0,21,5,0,16,10,26
NCherokee,WNewton,0,0,0,0,0,0,0,0,0,0,0,0
NCherokee,ENewton,0,0,0,0,0,0,0,0,0,0,0,0
NCherokee,NPaulding,3,0,0,1,0,0,4,0,0,3,1,4
NCherokee,WPaulding,0,0,0,2,0,0,2,0,0,0,2,2
NCherokee,EPaulding,3,0,0,2,21,0,5,21,0,3,23,26
NCherokee,NSpalding,0,0,0,0,0,0,0,0,0,0,0,0
NCherokee,SSpalding,0,0,0,0,0,0,0,0,0,0,0,0
NCherokee,WWalton,2,0,0,0,0,0,2,0,0,2,0,2
NCherokee,EWalton,0,0,0,0,0,0,0,0,0,0,0,0
ECentCherokee,NFulton,4640,835,5,2622,7867,8,7262,8702,13,5480,10497,15977
ECentCherokee,Roswell,1674,300,2,852,2595,2,2526,2895,4,1976,3449,5425
ECentCherokee,SandySprings,1091,180,5,259,670,3,1350,850,8,1276,932,2208
ECentCherokee,Buckhead,455,65,5,90,261,0,545,326,5,525,351,876
ECentCherokee,NWAtlanta,159,24,1,29,157,0,188,181,1,184,186,370
ECentCherokee,NEAtlanta,258,58,1,92,241,15,350,299,16,317,348,665
ECentCherokee,SWAtlanta,76,13,0,34,37,1,110,50,1,89,72,161
ECentCherokee,CBDAtlanta,214,40,16,50,151,5,264,191,21,270,206,476
ECentCherokee,SEAtlanta,44,16,1,24,49,2,68,65,3,61,75,136
ECentCherokee,SFulton,25,4,0,6,1,0,31,5,0,29,7,36
ECentCherokee,Tri-Cities,68,16,2,20,57,0,88,73,2,86,77,163
ECentCherokee,Shannon,20,1,0,10,7,0,30,8,0,21,17,38
ECentCherokee,WCherokee,2675,516,6,3527,9884,10,6202,10400,16,3197,13421,16618
ECentCherokee,NCherokee,1236,211,3,1434,3942,3,2670,4153,6,1450,5379,6829
ECentCherokee,ECentCherokee,31966,5715,96,55205,129895,249,87171,135610,345,37777,185349,223126
ECentCherokee,Woodstock,5393,983,1,5341,15547,5,10734,16530,6,6377,20893,27270
ECentCherokee,Airport,27,6,2,5,4,0,32,10,2,35,9,44
ECentCherokee,NEClayton,31,8,0,14,17,0,45,25,0,39,31,70
ECentCherokee,Riverdale,4,2,0,3,14,0,7,16,0,6,17,23
ECentCherokee,SClayton,11,1,0,1,7,0,12,8,0,12,8,20
ECentCherokee,NWCobb,3059,598,0,1494,3358,7,4553,3956,7,3657,4859,8516
ECentCherokee,NECobb,2474,470,0,1136,3544,0,3610,4014,0,2944,4680,7624
ECentCherokee,SWCobb,187,32,0,42,124,0,229,156,0,219,166,385
ECentCherokee,Marietta,1150,209,0,354,896,6,1504,1105,6,1359,1256,2615
ECentCherokee,Cumberland,1111,186,0,199,479,1,1310,665,1,1297,679,1976
ECentCherokee,SCobb,239,39,0,72,163,0,311,202,0,278,235,513
ECentCherokee,Chamblee,560,99,3,131,320,1,691,419,4,662,452,1114
ECentCherokee,NWDeKalb,178,32,0,48,144,2,226,176,2,210,194,404
ECentCherokee,NEDeKalb,149,18,0,56,86,1,205,104,1,167,143,310
ECentCherokee,Atlanta-DeKalb,14,5,0,10,24,0,24,29,0,19,34,53
ECentCherokee,Decatur,16,3,0,7,18,0,23,21,0,19,25,44
ECentCherokee,SWDeKalb,31,4,0,14,44,0,45,48,0,35,58,93
ECentCherokee,SEDeKalb,15,1,0,8,13,0,23,14,0,16,21,37
ECentCherokee,SDeKalb,18,8,0,11,53,0,29,61,0,26,64,90
ECentCherokee,WDouglas,12,3,0,6,4,0,18,7,0,15,10,25
ECentCherokee,EDouglas,62,11,0,17,75,0,79,86,0,73,92,165
ECentCherokee,WFayette,0,0,0,6,1,0,6,1,0,0,7,7
ECentCherokee,EFayette,6,1,0,3,8,0,9,9,0,7,11,18
ECentCherokee,NGwinnett,357,68,0,83,212,0,440,280,0,425,295,720
ECentCherokee,CentGwinnett,527,85,0,149,291,0,676,376,0,612,440,1052
ECentCherokee,EGwinnett,23,5,0,8,11,0,31,16,0,28,19,47
ECentCherokee,Norcross,680,101,0,128,304,0,808,405,0,781,432,1213
ECentCherokee,Lilburn,60,7,0,21,27,0,81,34,0,67,48,115
ECentCherokee,Snellville,40,6,0,22,27,0,62,33,0,46,49,95
ECentCherokee,NHenry,5,0,0,1,3,0,6,3,0,5,4,9
ECentCherokee,EHenry,0,0,0,0,0,0,0,0,0,0,0,0
ECentCherokee,SHenry,2,0,0,0,1,0,2,1,0,2,1,3
ECentCherokee,SRockdale,0,0,0,2,1,0,2,1,0,0,3,3
ECentCherokee,NRockdale,5,1,0,2,1,0,7,2,0,6,3,9
ECentCherokee,NBarrow,18,5,0,4,5,0,22,10,0,23,9,32
ECentCherokee,SBarrow,7,2,0,2,4,0,9,6,0,9,6,15
ECentCherokee,NWBartow,153,26,0,34,71,0,187,97,0,179,105,284
ECentCherokee,NEBartow,340,69,0,183,521,0,523,590,0,409,704,1113
ECentCherokee,SWBartow,113,19,0,41,77,0,154,96,0,132,118,250
ECentCherokee,Cartersville,768,141,0,215,538,0,983,679,0,909,753,1662
ECentCherokee,NECarroll,5,1,0,4,10,0,9,11,0,6,14,20
ECentCherokee,WCarroll,0,0,0,0,0,0,0,0,0,0,0,0
ECentCherokee,CentralCarroll,6,0,0,2,1,0,8,1,0,6,3,9
ECentCherokee,SECarroll,0,0,0,0,1,0,0,1,0,0,1,1
ECentCherokee,WCoweta,0,0,0,0,0,0,0,0,0,0,0,0
ECentCherokee,NCoweta,1,0,0,2,3,0,3,3,0,1,5,6
ECentCherokee,SCoweta,0,0,0,0,0,0,0,0,0,0,0,0
ECentCherokee,SECoweta,0,0,0,0,0,0,0,0,0,0,0,0
ECentCherokee,NForsyth,689,132,0,378,1056,0,1067,1188,0,821,1434,2255
ECentCherokee,Cumming,2391,440,0,2003,5534,0,4394,5974,0,2831,7537,10368
ECentCherokee,SForsyth,1481,266,0,489,1015,0,1970,1281,0,1747,1504,3251
ECentCherokee,NHall,39,5,0,12,10,0,51,15,0,44,22,66
ECentCherokee,Gainesville,179,27,0,56,106,0,235,133,0,206,162,368
ECentCherokee,SHall,98,12,0,51,30,0,149,42,0,110,81,191
ECentCherokee,WNewton,3,0,0,1,0,0,4,0,0,3,1,4
ECentCherokee,ENewton,0,0,0,0,1,0,0,1,0,0,1,1
ECentCherokee,NPaulding,122,14,0,36,83,0,158,97,0,136,119,255
ECentCherokee,WPaulding,14,3,0,2,11,0,16,14,0,17,13,30
ECentCherokee,EPaulding,196,33,0,42,92,0,238,125,0,229,134,363
ECentCherokee,NSpalding,0,0,0,0,0,0,0,0,0,0,0,0
ECentCherokee,SSpalding,0,0,0,0,0,0,0,0,0,0,0,0
ECentCherokee,WWalton,9,0,0,2,30,0,11,30,0,9,32,41
ECentCherokee,EWalton,5,0,0,2,0,0,7,0,0,5,2,7
Woodstock,NFulton,2975,518,3,1670,4391,6,4645,4909,9,3496,6067,9563
Woodstock,Roswell,1978,393,4,1316,3205,4,3294,3598,8,2375,4525,6900
Woodstock,SandySprings,1451,278,14,342,719,12,1793,997,26,1743,1073,2816
Woodstock,Buckhead,837,161,17,152,413,3,989,574,20,1015,568,1583
Woodstock,NWAtlanta,239,55,1,35,102,0,274,157,1,295,137,432
Woodstock,NEAtlanta,538,112,20,122,249,10,660,361,30,670,381,1051
Woodstock,SWAtlanta,147,31,2,33,72,2,180,103,4,180,107,287
Woodstock,CBDAtlanta,460,106,69,61,162,6,521,268,75,635,229,864
Woodstock,SEAtlanta,105,19,4,22,48,3,127,67,7,128,73,201
Woodstock,SFulton,48,8,0,12,23,0,60,31,0,56,35,91
Woodstock,Tri-Cities,136,37,2,21,27,1,157,64,3,175,49,224
Woodstock,Shannon,40,4,0,14,15,0,54,19,0,44,29,73
Woodstock,WCherokee,525,93,0,381,1162,1,906,1255,1,618,1544,2162
Woodstock,NCherokee,214,32,0,80,247,0,294,279,0,246,327,573
Woodstock,ECentCherokee,5589,1044,1,5432,15667,5,11021,16711,6,6634,21104,27738
Woodstock,Woodstock,23768,4186,0,49458,118626,0,73226,122812,0,27954,168084,196038
Woodstock,Airport,37,11,3,9,3,0,46,14,3,51,12,63
Woodstock,NEClayton,76,19,0,14,24,0,90,43,0,95,38,133
Woodstock,Riverdale,17,3,0,4,19,0,21,22,0,20,23,43
Woodstock,SClayton,16,5,0,8,8,0,24,13,0,21,16,37
Woodstock,NWCobb,9908,1880,41,11251,30311,32,21159,32191,73,11829,41594,53423
Woodstock,NECobb,6168,1108,1,6733,18670,3,12901,19778,4,7277,25406,32683
Woodstock,SWCobb,420,83,0,142,434,0,562,517,0,503,576,1079
Woodstock,Marietta,2534,466,11,1118,3275,10,3652,3741,21,3011,4403,7414
Woodstock,Cumberland,2303,375,4,461,1202,3,2764,1577,7,2682,1666,4348
Woodstock,SCobb,434,82,0,157,504,0,591,586,0,516,661,1177
Woodstock,Chamblee,741,151,5,162,346,3,903,497,8,897,511,1408
Woodstock,NWDeKalb,254,54,2,56,76,2,310,130,4,310,134,444
Woodstock,NEDeKalb,215,36,1,49,83,0,264,119,1,252,132,384
Woodstock,Atlanta-DeKalb,30,7,1,5,17,0,35,24,1,38,22,60
Woodstock,Decatur,28,7,0,6,32,1,34,39,1,35,39,74
Woodstock,SWDeKalb,48,12,2,11,85,1,59,97,3,62,97,159
Woodstock,SEDeKalb,25,6,0,11,26,0,36,32,0,31,37,68
Woodstock,SDeKalb,48,11,0,9,43,0,57,54,0,59,52,111
Woodstock,WDouglas,67,16,0,7,32,0,74,48,0,83,39,122
Woodstock,EDouglas,137,31,0,35,60,0,172,91,0,168,95,263
Woodstock,WFayette,13,1,0,9,1,0,22,2,0,14,10,24
Woodstock,EFayette,9,1,0,3,3,0,12,4,0,10,6,16
Woodstock,NGwinnett,127,30,0,31,66,0,158,96,0,157,97,254
Woodstock,CentGwinnett,332,51,0,84,198,0,416,249,0,383,282,665
Woodstock,EGwinnett,15,0,0,7,5,0,22,5,0,15,12,27
Woodstock,Norcross,695,116,0,122,324,0,817,440,0,811,446,1257
Woodstock,Lilburn,45,8,0,19,34,0,64,42,0,53,53,106
Woodstock,Snellville,38,2,0,6,40,0,44,42,0,40,46,86
Woodstock,NHenry,9,1,0,8,26,0,17,27,0,10,34,44
Woodstock,EHenry,3,1,0,3,0,0,6,1,0,4,3,7
Woodstock,SHenry,9,2,0,3,1,0,12,3,0,11,4,15
Woodstock,SRockdale,4,0,0,0,1,0,4,1,0,4,1,5
Woodstock,NRockdale,6,2,0,1,4,0,7,6,0,8,5,13
Woodstock,NBarrow,6,0,0,2,8,0,8,8,0,6,10,16
Woodstock,SBarrow,3,0,0,4,1,0,7,1,0,3,5,8
Woodstock,NWBartow,124,32,0,38,102,0,162,134,0,156,140,296
Woodstock,NEBartow,151,43,0,55,161,0,206,204,0,194,216,410
Woodstock,SWBartow,247,37,0,100,290,0,347,327,0,284,390,674
Woodstock,Cartersville,1235,218,0,661,1739,0,1896,1957,0,1453,2400,3853
Woodstock,NECarroll,32,6,0,6,10,0,38,16,0,38,16,54
Woodstock,WCarroll,3,0,0,0,0,0,3,0,0,3,0,3
Woodstock,CentralCarroll,15,2,0,7,4,0,22,6,0,17,11,28
Woodstock,SECarroll,2,0,0,0,0,0,2,0,0,2,0,2
Woodstock,WCoweta,1,0,0,0,0,0,1,0,0,1,0,1
Woodstock,NCoweta,6,2,0,2,6,0,8,8,0,8,8,16
Woodstock,SCoweta,0,0,0,0,0,0,0,0,0,0,0,0
Woodstock,SECoweta,0,0,0,0,0,0,0,0,0,0,0,0
Woodstock,NForsyth,133,16,0,32,79,0,165,95,0,149,111,260
Woodstock,Cumming,511,100,0,119,321,0,630,421,0,611,440,1051
Woodstock,SForsyth,471,75,0,85,175,0,556,250,0,546,260,806
Woodstock,NHall,7,3,0,4,2,0,11,5,0,10,6,16
Woodstock,Gainesville,21,4,0,15,22,0,36,26,0,25,37,62
Woodstock,SHall,22,8,0,5,7,0,27,15,0,30,12,42
Woodstock,WNewton,7,0,0,1,1,0,8,1,0,7,2,9
Woodstock,ENewton,1,0,0,0,0,0,1,0,0,1,0,1
Woodstock,NPaulding,421,79,0,182,424,0,603,503,0,500,606,1106
Woodstock,WPaulding,47,7,0,17,22,0,64,29,0,54,39,93
Woodstock,EPaulding,463,81,0,103,342,0,566,423,0,544,445,989
Woodstock,NSpalding,0,2,0,0,0,0,0,2,0,2,0,2
Woodstock,SSpalding,0,0,0,0,0,0,0,0,0,0,0,0
Woodstock,WWalton,5,1,0,1,13,0,6,14,0,6,14,20
Woodstock,EWalton,3,0,0,0,0,0,3,0,0,3,0,3
Airport,NFulton,68,18,26,8,16,2,76,34,28,112,26,138
Airport,Roswell,53,10,19,5,5,2,58,15,21,82,12,94
Airport,SandySprings,248,52,128,14,23,5,262,75,133,428,42,470
Airport,Buckhead,613,114,350,43,145,6,656,259,356,1077,194,1271
Airport,NWAtlanta,528,98,253,102,104,16,630,202,269,879,222,1101
Airport,NEAtlanta,1191,205,574,254,224,60,1445,429,634,1970,538,2508
Airport,SWAtlanta,1471,277,463,595,785,99,2066,1062,562,2211,1479,3690
Airport,CBDAtlanta,938,178,503,275,403,180,1213,581,683,1619,858,2477
Airport,SEAtlanta,1481,314,352,1046,1301,107,2527,1615,459,2147,2454,4601
Airport,SFulton,786,118,35,245,696,4,1031,814,39,939,945,1884
Airport,Tri-Cities,3487,610,335,4494,5172,214,7981,5782,549,4432,9880,14312
Airport,Shannon,2932,538,146,1974,4688,56,4906,5226,202,3616,6718,10334
Airport,WCherokee,2,0,0,0,0,0,2,0,0,2,0,2
Airport,NCherokee,0,0,0,0,0,0,0,0,0,0,0,0
Airport,ECentCherokee,15,6,2,7,2,0,22,8,2,23,9,32
Airport,Woodstock,34,8,3,10,1,0,44,9,3,45,11,56
Airport,Airport,4570,812,78,7393,7437,57,11963,8249,135,5460,14887,20347
Airport,NEClayton,3286,593,80,2396,3785,43,5682,4378,123,3959,6224,10183
Airport,Riverdale,3512,590,151,2934,5955,70,6446,6545,221,4253,8959,13212
Airport,SClayton,1394,271,44,396,852,4,1790,1123,48,1709,1252,2961
Airport,NWCobb,124,26,16,11,14,0,135,40,16,166,25,191
Airport,NECobb,119,35,15,17,25,0,136,60,15,169,42,211
Airport,SWCobb,172,29,15,15,13,0,187,42,15,216,28,244
Airport,Marietta,108,17,14,13,12,2,121,29,16,139,27,166
Airport,Cumberland,423,66,77,26,46,1,449,112,78,566,73,639
Airport,SCobb,551,99,101,44,86,4,595,185,105,751,134,885
Airport,Chamblee,326,91,274,26,35,6,352,126,280,691,67,758
Airport,NWDeKalb,435,76,161,59,79,10,494,155,171,672,148,820
Airport,NEDeKalb,500,85,188,30,57,3,530,142,191,773,90,863
Airport,Atlanta-DeKalb,300,43,136,45,76,17,345,119,153,479,138,617
Airport,Decatur,130,27,112,13,11,6,143,38,118,269,30,299
Airport,SWDeKalb,726,133,267,109,202,14,835,335,281,1126,325,1451
Airport,SEDeKalb,655,111,170,50,36,4,705,147,174,936,90,1026
Airport,SDeKalb,1219,192,99,229,463,4,1448,655,103,1510,696,2206
Airport,WDouglas,317,43,30,25,50,0,342,93,30,390,75,465
Airport,EDouglas,433,65,68,41,199,1,474,264,69,566,241,807
Airport,WFayette,466,77,11,107,142,0,573,219,11,554,249,803
Airport,EFayette,842,163,28,364,831,2,1206,994,30,1033,1197,2230
Airport,NGwinnett,43,18,7,4,10,0,47,28,7,68,14,82
Airport,CentGwinnett,141,48,38,16,10,1,157,58,39,227,27,254
Airport,EGwinnett,45,10,4,3,4,0,48,14,4,59,7,66
Airport,Norcross,151,36,72,10,17,1,161,53,73,259,28,287
Airport,Lilburn,104,12,19,10,20,0,114,32,19,135,30,165
Airport,Snellville,130,25,15,12,23,0,142,48,15,170,35,205
Airport,NHenry,846,119,34,162,361,0,1008,480,34,999,523,1522
Airport,EHenry,317,49,7,19,57,0,336,106,7,373,76,449
Airport,SHenry,726,117,16,69,143,1,795,260,17,859,213,1072
Airport,SRockdale,163,29,9,14,30,0,177,59,9,201,44,245
Airport,NRockdale,158,31,16,10,5,2,168,36,18,205,17,222
Airport,NBarrow,4,2,0,0,11,0,4,13,0,6,11,17
Airport,SBarrow,2,0,0,2,2,0,4,2,0,2,4,6
Airport,NWBartow,1,0,0,1,0,0,2,0,0,1,1,2
Airport,NEBartow,0,0,0,1,0,0,1,0,0,0,1,1
Airport,SWBartow,1,0,0,0,0,0,1,0,0,1,0,1
Airport,Cartersville,9,3,0,1,6,0,10,9,0,12,7,19
Airport,NECarroll,27,4,0,2,0,0,29,4,0,31,2,33
Airport,WCarroll,9,0,0,1,4,0,10,4,0,9,5,14
Airport,CentralCarroll,61,10,0,7,1,0,68,11,0,71,8,79
Airport,SECarroll,13,4,0,2,4,0,15,8,0,17,6,23
Airport,WCoweta,120,13,4,7,5,0,127,18,4,137,12,149
Airport,NCoweta,676,104,49,58,120,0,734,224,49,829,178,1007
Airport,SCoweta,58,5,0,5,7,0,63,12,0,63,12,75
Airport,SECoweta,81,15,3,9,11,0,90,26,3,99,20,119
Airport,NForsyth,0,0,0,1,2,0,1,2,0,0,3,3
Airport,Cumming,12,3,8,5,4,0,17,7,8,23,9,32
Airport,SForsyth,8,4,5,2,2,0,10,6,5,17,4,21
Airport,NHall,1,0,0,0,0,0,1,0,0,1,0,1
Airport,Gainesville,4,0,0,0,0,0,4,0,0,4,0,4
Airport,SHall,8,2,0,1,0,0,9,2,0,10,1,11
Airport,WNewton,218,42,3,15,5,0,233,47,3,263,20,283
Airport,ENewton,14,3,0,3,2,0,17,5,0,17,5,22
Airport,NPaulding,26,2,1,4,6,0,30,8,1,29,10,39
Airport,WPaulding,9,2,0,3,2,0,12,4,0,11,5,16
Airport,EPaulding,161,24,9,8,67,0,169,91,9,194,75,269
Airport,NSpalding,149,23,4,7,6,0,156,29,4,176,13,189
Airport,SSpalding,75,13,0,14,18,0,89,31,0,88,32,120
Airport,WWalton,41,6,1,8,6,0,49,12,1,48,14,62
Airport,EWalton,16,2,0,3,1,0,19,3,0,18,4,22
NEClayton,NFulton,135,38,4,35,76,2,170,114,6,177,113,290
NEClayton,Roswell,100,22,1,26,43,0,126,65,1,123,69,192
NEClayton,SandySprings,541,185,84,55,159,14,596,344,98,810,228,1038
NEClayton,Buckhead,1076,292,109,187,566,23,1263,858,132,1477,776,2253
NEClayton,NWAtlanta,626,146,25,148,370,16,774,516,41,797,534,1331
NEClayton,NEAtlanta,1899,459,177,743,1999,106,2642,2458,283,2535,2848,5383
NEClayton,SWAtlanta,929,200,41,515,1141,39,1444,1341,80,1170,1695,2865
NEClayton,CBDAtlanta,2285,470,569,860,2319,272,3145,2789,841,3324,3451,6775
NEClayton,SEAtlanta,2671,615,49,3160,8089,132,5831,8704,181,3335,11381,14716
NEClayton,SFulton,526,99,2,195,401,1,721,500,3,627,597,1224
NEClayton,Tri-Cities,3617,771,56,2514,5421,82,6131,6192,138,4444,8017,12461
NEClayton,Shannon,1497,321,15,743,1944,18,2240,2265,33,1833,2705,4538
NEClayton,WCherokee,3,1,0,2,1,0,5,2,0,4,3,7
NEClayton,NCherokee,0,0,0,1,0,0,1,0,0,0,1,1
NEClayton,ECentCherokee,29,3,0,11,35,0,40,38,0,32,46,78
NEClayton,Woodstock,67,25,0,17,25,0,84,50,0,92,42,134
NEClayton,Airport,3078,564,71,2415,3580,46,5493,4144,117,3713,6041,9754
NEClayton,NEClayton,23784,5081,202,41049,91591,471,64833,96672,673,29067,133111,162178
NEClayton,Riverdale,4610,1038,54,5550,14475,117,10160,15513,171,5702,20142,25844
NEClayton,SClayton,6985,1478,37,8804,21066,104,15789,22544,141,8500,29974,38474
NEClayton,NWCobb,182,40,2,24,82,0,206,122,2,224,106,330
NEClayton,NECobb,198,63,0,43,125,0,241,188,0,261,168,429
NEClayton,SWCobb,132,29,0,22,50,0,154,79,0,161,72,233
NEClayton,Marietta,158,43,3,41,39,4,199,82,7,204,84,288
NEClayton,Cumberland,673,197,15,76,236,3,749,433,18,885,315,1200
NEClayton,SCobb,340,65,2,66,204,1,406,269,3,407,271,678
NEClayton,Chamblee,681,177,59,74,229,12,755,406,71,917,315,1232
NEClayton,NWDeKalb,1053,200,13,323,1065,13,1376,1265,26,1266,1401,2667
NEClayton,NEDeKalb,769,148,8,178,544,9,947,692,17,925,731,1656
NEClayton,Atlanta-DeKalb,350,71,8,247,605,7,597,676,15,429,859,1288
NEClayton,Decatur,276,66,16,123,271,10,399,337,26,358,404,762
NEClayton,SWDeKalb,1100,222,18,688,1952,20,1788,2174,38,1340,2660,4000
NEClayton,SEDeKalb,752,155,3,243,615,3,995,770,6,910,861,1771
NEClayton,SDeKalb,2980,612,14,2674,8262,31,5654,8874,45,3606,10967,14573
NEClayton,WDouglas,183,34,1,35,60,0,218,94,1,218,95,313
NEClayton,EDouglas,234,52,1,54,123,1,288,175,2,287,178,465
NEClayton,WFayette,684,115,0,153,379,3,837,494,3,799,535,1334
NEClayton,EFayette,1414,248,6,649,1819,2,2063,2067,8,1668,2470,4138
NEClayton,NGwinnett,57,10,2,21,42,0,78,52,2,69,63,132
NEClayton,CentGwinnett,228,55,3,46,85,1,274,140,4,286,132,418
NEClayton,EGwinnett,77,17,0,8,37,0,85,54,0,94,45,139
NEClayton,Norcross,350,77,3,48,118,0,398,195,3,430,166,596
NEClayton,Lilburn,198,36,0,23,110,0,221,146,0,234,133,367
NEClayton,Snellville,223,47,0,35,59,1,258,106,1,270,95,365
NEClayton,NHenry,4402,884,12,4748,14236,26,9150,15120,38,5298,19010,24308
NEClayton,EHenry,1188,231,1,461,1246,6,1649,1477,7,1420,1713,3133
NEClayton,SHenry,2612,479,2,917,2211,6,3529,2690,8,3093,3134,6227
NEClayton,SRockdale,527,121,0,145,440,1,672,561,1,648,586,1234
NEClayton,NRockdale,324,59,0,76,229,0,400,288,0,383,305,688
NEClayton,NBarrow,7,0,0,1,0,0,8,0,0,7,1,8
NEClayton,SBarrow,10,2,0,3,2,0,13,4,0,12,5,17
NEClayton,NWBartow,0,0,0,1,1,0,1,1,0,0,2,2
NEClayton,NEBartow,2,0,0,0,0,0,2,0,0,2,0,2
NEClayton,SWBartow,2,0,0,0,1,1,2,1,1,2,2,4
NEClayton,Cartersville,8,3,0,4,11,0,12,14,0,11,15,26
NEClayton,NECarroll,23,2,0,9,7,0,32,9,0,25,16,41
NEClayton,WCarroll,2,1,0,1,4,0,3,5,0,3,5,8
NEClayton,CentralCarroll,36,5,0,11,9,0,47,14,0,41,20,61
NEClayton,SECarroll,7,1,0,3,1,0,10,2,0,8,4,12
NEClayton,WCoweta,99,12,0,22,24,0,121,36,0,111,46,157
NEClayton,NCoweta,505,83,0,108,245,2,613,328,2,588,355,943
NEClayton,SCoweta,41,4,0,17,18,0,58,22,0,45,35,80
NEClayton,SECoweta,115,25,0,23,48,0,138,73,0,140,71,211
NEClayton,NForsyth,3,0,0,0,5,0,3,5,0,3,5,8
NEClayton,Cumming,20,1,0,9,13,0,29,14,0,21,22,43
NEClayton,SForsyth,26,10,1,9,10,0,35,20,1,37,19,56
NEClayton,NHall,0,1,0,1,0,0,1,1,0,1,1,2
NEClayton,Gainesville,2,0,0,1,0,0,3,0,0,2,1,3
NEClayton,SHall,7,1,0,3,8,0,10,9,0,8,11,19
NEClayton,WNewton,537,111,0,125,195,6,662,306,6,648,326,974
NEClayton,ENewton,35,10,0,7,41,0,42,51,0,45,48,93
NEClayton,NPaulding,8,0,0,4,3,0,12,3,0,8,7,15
NEClayton,WPaulding,10,2,0,5,12,0,15,14,0,12,17,29
NEClayton,EPaulding,100,16,0,24,20,0,124,36,0,116,44,160
NEClayton,NSpalding,435,71,0,88,169,3,523,240,3,506,260,766
NEClayton,SSpalding,248,46,0,40,73,0,288,119,0,294,113,407
NEClayton,WWalton,85,13,0,17,36,0,102,49,0,98,53,151
NEClayton,EWalton,34,4,0,10,37,0,44,41,0,38,47,85
Riverdale,NFulton,98,36,7,21,32,2,119,68,9,141,55,196
Riverdale,Roswell,54,22,2,11,29,0,65,51,2,78,40,118
Riverdale,SandySprings,404,119,88,42,82,3,446,201,91,611,127,738
Riverdale,Buckhead,767,221,147,98,253,16,865,474,163,1135,367,1502
Riverdale,NWAtlanta,508,113,36,63,163,11,571,276,47,657,237,894
Riverdale,NEAtlanta,1468,334,269,351,922,154,1819,1256,423,2071,1427,3498
Riverdale,SWAtlanta,714,146,30,352,952,63,1066,1098,93,890,1367,2257
Riverdale,CBDAtlanta,1773,408,947,403,983,347,2176,1391,1294,3128,1733,4861
Riverdale,SEAtlanta,1041,198,30,669,1800,80,1710,1998,110,1269,2549,3818
Riverdale,SFulton,389,68,4,182,545,2,571,613,6,461,729,1190
Riverdale,Tri-Cities,2282,470,43,1339,3721,59,3621,4191,102,2795,5119,7914
Riverdale,Shannon,2103,422,12,2756,8258,30,4859,8680,42,2537,11044,13581
Riverdale,WCherokee,0,0,0,0,4,0,0,4,0,0,4,4
Riverdale,NCherokee,0,0,0,1,4,0,1,4,0,0,5,5
Riverdale,ECentCherokee,5,2,0,5,8,0,10,10,0,7,13,20
Riverdale,Woodstock,15,5,0,5,6,0,20,11,0,20,11,31
Riverdale,Airport,3347,598,134,2885,5934,57,6232,6532,191,4079,8876,12955
Riverdale,NEClayton,4499,1003,52,5536,14705,127,10035,15708,179,5554,20368,25922
Riverdale,Riverdale,9774,2127,93,25722,63535,316,35496,65662,409,11994,89573,101567
Riverdale,SClayton,3734,826,30,5328,14930,79,9062,15756,109,4590,20337,24927
Riverdale,NWCobb,76,17,1,22,61,1,98,78,2,94,84,178
Riverdale,NECobb,96,22,1,21,32,0,117,54,1,119,53,172
Riverdale,SWCobb,49,15,0,17,74,0,66,89,0,64,91,155
Riverdale,Marietta,115,28,0,28,33,9,143,61,9,143,70,213
Riverdale,Cumberland,538,114,11,48,122,3,586,236,14,663,173,836
Riverdale,SCobb,263,49,1,60,142,1,323,191,2,313,203,516
Riverdale,Chamblee,476,139,69,43,98,6,519,237,75,684,147,831
Riverdale,NWDeKalb,492,115,21,111,197,12,603,312,33,628,320,948
Riverdale,NEDeKalb,329,63,15,51,129,8,380,192,23,407,188,595
Riverdale,Atlanta-DeKalb,124,30,7,53,68,2,177,98,9,161,123,284
Riverdale,Decatur,111,16,10,19,52,12,130,68,22,137,83,220
Riverdale,SWDeKalb,294,73,12,142,246,2,436,319,14,379,390,769
Riverdale,SEDeKalb,171,31,1,56,161,2,227,192,3,203,219,422
Riverdale,SDeKalb,518,117,5,265,833,4,783,950,9,640,1102,1742
Riverdale,WDouglas,102,23,0,41,77,0,143,100,0,125,118,243
Riverdale,EDouglas,152,38,1,31,137,0,183,175,1,191,168,359
Riverdale,WFayette,778,160,0,388,1234,0,1166,1394,0,938,1622,2560
Riverdale,EFayette,2328,487,3,3050,8830,13,5378,9317,16,2818,11893,14711
Riverdale,NGwinnett,17,1,1,8,15,0,25,16,1,19,23,42
Riverdale,CentGwinnett,65,29,0,21,69,0,86,98,0,94,90,184
Riverdale,EGwinnett,11,3,0,2,12,0,13,15,0,14,14,28
Riverdale,Norcross,147,63,6,21,63,1,168,126,7,216,85,301
Riverdale,Lilburn,41,14,0,14,49,1,55,63,1,55,64,119
Riverdale,Snellville,47,5,0,11,58,0,58,63,0,52,69,121
Riverdale,NHenry,784,171,2,628,1922,1,1412,2093,3,957,2551,3508
Riverdale,EHenry,242,39,0,80,239,0,322,278,0,281,319,600
Riverdale,SHenry,879,172,0,332,1014,0,1211,1186,0,1051,1346,2397
Riverdale,SRockdale,69,19,0,18,67,0,87,86,0,88,85,173
Riverdale,NRockdale,59,18,0,21,51,0,80,69,0,77,72,149
Riverdale,NBarrow,2,0,0,1,1,0,3,1,0,2,2,4
Riverdale,SBarrow,2,0,0,1,1,0,3,1,0,2,2,4
Riverdale,NWBartow,0,0,0,0,0,0,0,0,0,0,0,0
Riverdale,NEBartow,0,0,0,0,0,0,0,0,0,0,0,0
Riverdale,SWBartow,1,1,0,1,11,0,2,12,0,2,12,14
Riverdale,Cartersville,1,1,0,1,2,0,2,3,0,2,3,5
Riverdale,NECarroll,9,3,0,3,16,0,12,19,0,12,19,31
Riverdale,WCarroll,1,0,0,3,2,0,4,2,0,1,5,6
Riverdale,CentralCarroll,31,5,0,8,35,0,39,40,0,36,43,79
Riverdale,SECarroll,11,2,0,2,3,0,13,5,0,13,5,18
Riverdale,WCoweta,54,7,0,15,71,0,69,78,0,61,86,147
Riverdale,NCoweta,385,73,0,97,313,2,482,386,2,458,412,870
Riverdale,SCoweta,20,4,0,9,13,0,29,17,0,24,22,46
Riverdale,SECoweta,101,16,0,31,111,0,132,127,0,117,142,259
Riverdale,NForsyth,0,0,0,1,1,0,1,1,0,0,2,2
Riverdale,Cumming,9,2,0,2,29,0,11,31,0,11,31,42
Riverdale,SForsyth,14,2,0,2,14,0,16,16,0,16,16,32
Riverdale,NHall,0,0,0,0,0,0,0,0,0,0,0,0
Riverdale,Gainesville,0,0,0,0,5,0,0,5,0,0,5,5
Riverdale,SHall,1,0,0,1,0,0,2,0,0,1,1,2
Riverdale,WNewton,89,20,0,19,87,0,108,107,0,109,106,215
Riverdale,ENewton,4,2,0,4,1,0,8,3,0,6,5,11
Riverdale,NPaulding,5,2,0,1,0,0,6,2,0,7,1,8
Riverdale,WPaulding,1,0,0,3,1,0,4,1,0,1,4,5
Riverdale,EPaulding,45,10,0,18,27,0,63,37,0,55,45,100
Riverdale,NSpalding,219,44,0,66,162,0,285,206,0,263,228,491
Riverdale,SSpalding,135,28,0,28,99,0,163,127,0,163,127,290
Riverdale,WWalton,16,4,0,4,5,0,20,9,0,20,9,29
Riverdale,EWalton,6,0,0,2,2,0,8,2,0,6,4,10
SClayton,NFulton,70,29,3,20,34,0,90,63,3,102,54,156
SClayton,Roswell,60,12,0,5,12,0,65,24,0,72,17,89
SClayton,SandySprings,366,110,27,49,69,3,415,179,30,503,121,624
SClayton,Buckhead,570,189,37,102,205,7,672,394,44,796,314,1110
SClayton,NWAtlanta,344,84,3,51,123,1,395,207,4,431,175,606
SClayton,NEAtlanta,953,227,63,258,556,50,1211,783,113,1243,864,2107
SClayton,SWAtlanta,392,85,10,169,412,25,561,497,35,487,606,1093
SClayton,CBDAtlanta,1243,325,294,280,814,88,1523,1139,382,1862,1182,3044
SClayton,SEAtlanta,857,172,7,366,903,24,1223,1075,31,1036,1293,2329
SClayton,SFulton,250,55,0,66,174,0,316,229,0,305,240,545
SClayton,Tri-Cities,1559,330,21,441,1195,13,2000,1525,34,1910,1649,3559
SClayton,Shannon,941,225,2,557,1554,2,1498,1779,4,1168,2113,3281
SClayton,WCherokee,0,0,0,0,0,0,0,0,0,0,0,0
SClayton,NCherokee,0,0,0,0,0,0,0,0,0,0,0,0
SClayton,ECentCherokee,11,3,0,3,5,0,14,8,0,14,8,22
SClayton,Woodstock,17,4,0,8,5,0,25,9,0,21,13,34
SClayton,Airport,1380,275,44,393,933,5,1773,1208,49,1699,1331,3030
SClayton,NEClayton,6718,1407,42,8840,20868,106,15558,22275,148,8167,29814,37981
SClayton,Riverdale,3602,797,26,5316,15021,81,8918,15818,107,4425,20418,24843
SClayton,SClayton,16680,3593,63,29913,67551,203,46593,71144,266,20336,97667,118003
SClayton,NWCobb,63,17,0,19,31,1,82,48,1,80,51,131
SClayton,NECobb,100,20,0,18,34,0,118,54,0,120,52,172
SClayton,SWCobb,52,8,0,13,39,0,65,47,0,60,52,112
SClayton,Marietta,97,41,0,16,32,4,113,73,4,138,52,190
SClayton,Cumberland,401,120,1,43,153,0,444,273,1,522,196,718
SClayton,SCobb,175,34,0,50,97,0,225,131,0,209,147,356
SClayton,Chamblee,339,101,22,49,116,2,388,217,24,462,167,629
SClayton,NWDeKalb,418,108,5,111,378,4,529,486,9,531,493,1024
SClayton,NEDeKalb,330,70,2,56,183,5,386,253,7,402,244,646
SClayton,Atlanta-DeKalb,91,23,6,28,59,0,119,82,6,120,87,207
SClayton,Decatur,83,18,6,32,71,6,115,89,12,107,109,216
SClayton,SWDeKalb,339,69,2,100,282,1,439,351,3,410,383,793
SClayton,SEDeKalb,188,30,1,64,128,0,252,158,1,219,192,411
SClayton,SDeKalb,718,144,2,307,921,1,1025,1065,3,864,1229,2093
SClayton,WDouglas,82,11,0,15,62,0,97,73,0,93,77,170
SClayton,EDouglas,122,28,0,35,56,0,157,84,0,150,91,241
SClayton,WFayette,1093,274,1,499,1269,1,1592,1543,2,1368,1769,3137
SClayton,EFayette,3196,625,6,3367,9194,6,6563,9819,12,3827,12567,16394
SClayton,NGwinnett,18,2,0,6,5,0,24,7,0,20,11,31
SClayton,CentGwinnett,105,16,0,21,55,0,126,71,0,121,76,197
SClayton,EGwinnett,8,2,0,10,15,0,18,17,0,10,25,35
SClayton,Norcross,166,45,2,33,47,0,199,92,2,213,80,293
SClayton,Lilburn,57,11,0,26,18,0,83,29,0,68,44,112
SClayton,Snellville,52,14,0,15,20,1,67,34,1,66,36,102
SClayton,NHenry,3331,711,7,4755,12279,4,8086,12990,11,4049,17038,21087
SClayton,EHenry,766,162,0,396,1197,0,1162,1359,0,928,1593,2521
SClayton,SHenry,3668,741,3,2595,7369,12,6263,8110,15,4412,9976,14388
SClayton,SRockdale,241,40,0,74,166,0,315,206,0,281,240,521
SClayton,NRockdale,187,35,0,41,121,0,228,156,0,222,162,384
SClayton,NBarrow,1,0,0,2,1,0,3,1,0,1,3,4
SClayton,SBarrow,3,0,0,1,0,0,4,0,0,3,1,4
SClayton,NWBartow,1,0,0,0,0,0,1,0,0,1,0,1
SClayton,NEBartow,0,0,0,0,1,0,0,1,0,0,1,1
SClayton,SWBartow,2,0,0,0,0,0,2,0,0,2,0,2
SClayton,Cartersville,1,0,0,3,1,0,4,1,0,1,4,5
SClayton,NECarroll,10,2,0,5,11,0,15,13,0,12,16,28
SClayton,WCarroll,3,0,0,0,0,0,3,0,0,3,0,3
SClayton,CentralCarroll,19,4,0,9,53,0,28,57,0,23,62,85
SClayton,SECarroll,1,1,0,0,18,0,1,19,0,2,18,20
SClayton,WCoweta,46,14,0,20,18,0,66,32,0,60,38,98
SClayton,NCoweta,363,86,0,88,263,0,451,349,0,449,351,800
SClayton,SCoweta,28,5,0,9,17,0,37,22,0,33,26,59
SClayton,SECoweta,141,28,0,66,158,0,207,186,0,169,224,393
SClayton,NForsyth,1,0,1,0,0,0,1,0,1,2,0,2
SClayton,Cumming,4,0,0,6,1,1,10,1,1,4,8,12
SClayton,SForsyth,10,4,0,5,20,0,15,24,0,14,25,39
SClayton,NHall,0,0,0,0,0,0,0,0,0,0,0,0
SClayton,Gainesville,0,0,0,1,0,0,1,0,0,0,1,1
SClayton,SHall,2,0,0,1,0,0,3,0,0,2,1,3
SClayton,WNewton,277,51,0,57,169,0,334,220,0,328,226,554
SClayton,ENewton,13,3,0,8,10,0,21,13,0,16,18,34
SClayton,NPaulding,1,0,0,0,0,0,1,0,0,1,0,1
SClayton,WPaulding,4,2,0,2,10,0,6,12,0,6,12,18
SClayton,EPaulding,31,10,0,10,32,0,41,42,0,41,42,83
SClayton,NSpalding,835,149,4,423,839,5,1258,988,9,988,1267,2255
SClayton,SSpalding,409,90,1,106,232,0,515,322,1,500,338,838
SClayton,WWalton,31,5,0,4,18,0,35,23,0,36,22,58
SClayton,EWalton,13,2,0,5,11,0,18,13,0,15,16,31
NWCobb,NFulton,1629,314,1,455,901,3,2084,1215,4,1944,1359,3303
NWCobb,Roswell,1241,259,0,458,1107,6,1699,1366,6,1500,1571,3071
NWCobb,SandySprings,2120,377,15,419,855,7,2539,1232,22,2512,1281,3793
NWCobb,Buckhead,1853,362,30,339,691,23,2192,1053,53,2245,1053,3298
NWCobb,NWAtlanta,743,137,4,124,163,5,867,300,9,884,292,1176
NWCobb,NEAtlanta,1312,274,66,235,474,23,1547,748,89,1652,732,2384
NWCobb,SWAtlanta,454,90,0,119,233,5,573,323,5,544,357,901
NWCobb,CBDAtlanta,1111,293,160,131,266,19,1242,559,179,1564,416,1980
NWCobb,SEAtlanta,248,65,4,64,136,4,312,201,8,317,204,521
NWCobb,SFulton,238,47,1,68,99,0,306,146,1,286,167,453
NWCobb,Tri-Cities,333,78,5,41,83,2,374,161,7,416,126,542
NWCobb,Shannon,139,29,1,35,57,2,174,86,3,169,94,263
NWCobb,WCherokee,470,94,0,244,424,0,714,518,0,564,668,1232
NWCobb,NCherokee,176,27,0,79,138,0,255,165,0,203,217,420
NWCobb,ECentCherokee,3160,572,0,1599,3632,7,4759,4204,7,3732,5238,8970
NWCobb,Woodstock,10300,1890,41,11254,30406,33,21554,32296,74,12231,41693,53924
NWCobb,Airport,146,31,16,10,16,0,156,47,16,193,26,219
NWCobb,NEClayton,172,43,2,32,36,0,204,79,2,217,68,285
NWCobb,Riverdale,73,15,0,27,46,1,100,61,1,88,74,162
NWCobb,SClayton,63,19,0,16,34,1,79,53,1,82,51,133
NWCobb,NWCobb,65378,11908,278,112689,240287,626,178067,252195,904,77564,353602,431166
NWCobb,NECobb,11433,2102,38,11660,25340,71,23093,27442,109,13573,37071,50644
NWCobb,SWCobb,4037,745,1,5041,13846,15,9078,14591,16,4783,18902,23685
NWCobb,Marietta,11237,2071,81,10792,22906,169,22029,24977,250,13389,33867,47256
NWCobb,Cumberland,6614,1191,35,2135,4390,139,8749,5581,174,7840,6664,14504
NWCobb,SCobb,2279,428,8,1323,3184,14,3602,3612,22,2715,4521,7236
NWCobb,Chamblee,1301,232,11,193,427,6,1494,659,17,1544,626,2170
NWCobb,NWDeKalb,536,115,3,91,187,3,627,302,6,654,281,935
NWCobb,NEDeKalb,382,65,3,99,180,5,481,245,8,450,284,734
NWCobb,Atlanta-DeKalb,74,20,3,16,37,4,90,57,7,97,57,154
NWCobb,Decatur,79,16,5,13,50,2,92,66,7,100,65,165
NWCobb,SWDeKalb,116,25,3,39,41,3,155,66,6,144,83,227
NWCobb,SEDeKalb,63,14,2,20,97,1,83,111,3,79,118,197
NWCobb,SDeKalb,124,24,0,39,87,1,163,111,1,148,127,275
NWCobb,WDouglas,455,83,0,113,224,0,568,307,0,538,337,875
NWCobb,EDouglas,1026,178,1,259,607,2,1285,785,3,1205,868,2073
NWCobb,WFayette,40,9,0,22,51,0,62,60,0,49,73,122
NWCobb,EFayette,38,5,0,18,48,1,56,53,1,43,67,110
NWCobb,NGwinnett,106,19,0,55,45,1,161,64,1,125,101,226
NWCobb,CentGwinnett,319,43,0,85,90,2,404,133,2,362,177,539
NWCobb,EGwinnett,35,2,0,13,51,1,48,53,1,37,65,102
NWCobb,Norcross,612,115,3,98,141,2,710,256,5,730,241,971
NWCobb,Lilburn,91,15,0,40,38,0,131,53,0,106,78,184
NWCobb,Snellville,56,7,0,32,26,2,88,33,2,63,60,123
NWCobb,NHenry,39,13,0,19,44,0,58,57,0,52,63,115
NWCobb,EHenry,11,3,0,7,6,1,18,9,1,14,14,28
NWCobb,SHenry,40,7,0,19,24,0,59,31,0,47,43,90
NWCobb,SRockdale,12,3,0,4,14,0,16,17,0,15,18,33
NWCobb,NRockdale,25,3,0,5,21,1,30,24,1,28,27,55
NWCobb,NBarrow,7,1,0,5,3,0,12,4,0,8,8,16
NWCobb,SBarrow,5,1,0,7,0,0,12,1,0,6,7,13
NWCobb,NWBartow,478,75,0,143,302,0,621,377,0,553,445,998
NWCobb,NEBartow,435,79,0,166,452,0,601,531,0,514,618,1132
NWCobb,SWBartow,845,142,0,373,955,0,1218,1097,0,987,1328,2315
NWCobb,Cartersville,4595,847,2,3017,8185,3,7612,9032,5,5444,11205,16649
NWCobb,NECarroll,225,30,0,51,81,0,276,111,0,255,132,387
NWCobb,WCarroll,27,7,0,10,2,0,37,9,0,34,12,46
NWCobb,CentralCarroll,154,18,0,34,51,0,188,69,0,172,85,257
NWCobb,SECarroll,16,1,0,2,34,0,18,35,0,17,36,53
NWCobb,WCoweta,8,3,0,3,13,0,11,16,0,11,16,27
NWCobb,NCoweta,46,4,0,17,55,0,63,59,0,50,72,122
NWCobb,SCoweta,2,1,0,0,0,0,2,1,0,3,0,3
NWCobb,SECoweta,3,2,0,2,2,0,5,4,0,5,4,9
NWCobb,NForsyth,82,16,0,51,129,0,133,145,0,98,180,278
NWCobb,Cumming,281,48,0,104,260,3,385,308,3,329,367,696
NWCobb,SForsyth,246,56,0,45,77,1,291,133,1,302,123,425
NWCobb,NHall,4,1,0,2,1,0,6,2,0,5,3,8
NWCobb,Gainesville,19,2,0,9,9,0,28,11,0,21,18,39
NWCobb,SHall,10,0,0,5,5,0,15,5,0,10,10,20
NWCobb,WNewton,16,4,0,7,10,0,23,14,0,20,17,37
NWCobb,ENewton,1,0,0,2,0,0,3,0,0,1,2,3
NWCobb,NPaulding,3072,557,0,3622,10580,0,6694,11137,0,3629,14202,17831
NWCobb,WPaulding,387,59,0,114,345,0,501,404,0,446,459,905
NWCobb,EPaulding,4365,851,0,3281,9176,1,7646,10027,1,5216,12458,17674
NWCobb,NSpalding,4,0,0,2,1,0,6,1,0,4,3,7
NWCobb,SSpalding,4,0,0,1,1,0,5,1,0,4,2,6
NWCobb,WWalton,7,1,0,5,3,0,12,4,0,8,8,16
NWCobb,EWalton,4,0,0,2,1,0,6,1,0,4,3,7
NECobb,NFulton,5235,978,14,2991,9206,23,8226,10184,37,6227,12220,18447
NECobb,Roswell,5750,1029,12,6074,17012,8,11824,18041,20,6791,23094,29885
NECobb,SandySprings,7072,1285,75,5347,11949,101,12419,13234,176,8432,17397,25829
NECobb,Buckhead,2732,444,91,1047,2422,30,3779,2866,121,3267,3499,6766
NECobb,NWAtlanta,803,144,5,198,475,3,1001,619,8,952,676,1628
NECobb,NEAtlanta,1552,300,116,505,935,72,2057,1235,188,1968,1512,3480
NECobb,SWAtlanta,406,97,7,162,291,16,568,388,23,510,469,979
NECobb,CBDAtlanta,1273,260,315,250,557,63,1523,817,378,1848,870,2718
NECobb,SEAtlanta,284,75,3,83,240,6,367,315,9,362,329,691
NECobb,SFulton,187,34,0,39,51,0,226,85,0,221,90,311
NECobb,Tri-Cities,350,90,7,50,88,1,400,178,8,447,139,586
NECobb,Shannon,154,30,0,42,70,0,196,100,0,184,112,296
NECobb,WCherokee,385,50,0,125,345,0,510,395,0,435,470,905
NECobb,NCherokee,117,24,0,46,142,0,163,166,0,141,188,329
NECobb,ECentCherokee,2588,484,0,1153,3464,0,3741,3948,0,3072,4617,7689
NECobb,Woodstock,6417,1204,1,6737,18647,3,13154,19851,4,7622,25387,33009
NECobb,Airport,160,37,15,16,32,0,176,69,15,212,48,260
NECobb,NEClayton,213,57,0,36,129,0,249,186,0,270,165,435
NECobb,Riverdale,87,20,1,18,36,0,105,56,1,108,54,162
NECobb,SClayton,98,24,0,18,28,0,116,52,0,122,46,168
NECobb,NWCobb,11972,2174,36,11791,25743,75,23763,27917,111,14182,37609,51791
NECobb,NECobb,39388,7043,17,80984,172596,24,120372,179639,41,46448,253604,300052
NECobb,SWCobb,1537,266,0,774,2094,0,2311,2360,0,1803,2868,4671
NECobb,Marietta,10686,1898,73,12599,22808,133,23285,24706,206,12657,35540,48197
NECobb,Cumberland,10965,1786,76,9002,19056,50,19967,20842,126,12827,28108,40935
NECobb,SCobb,1937,347,6,1086,2857,9,3023,3204,15,2290,3952,6242
NECobb,Chamblee,3126,524,25,1543,3305,19,4669,3829,44,3675,4867,8542
NECobb,NWDeKalb,787,139,13,203,473,2,990,612,15,939,678,1617
NECobb,NEDeKalb,705,141,2,213,553,3,918,694,5,848,769,1617
NECobb,Atlanta-DeKalb,78,18,0,26,45,0,104,63,0,96,71,167
NECobb,Decatur,88,13,5,36,60,4,124,73,9,106,100,206
NECobb,SWDeKalb,140,36,2,41,111,0,181,147,2,178,152,330
NECobb,SEDeKalb,117,22,0,33,130,0,150,152,0,139,163,302
NECobb,SDeKalb,165,38,1,44,116,0,209,154,1,204,160,364
NECobb,WDouglas,236,43,0,45,122,0,281,165,0,279,167,446
NECobb,EDouglas,499,82,0,120,245,0,619,327,0,581,365,946
NECobb,WFayette,53,9,0,26,37,0,79,46,0,62,63,125
NECobb,EFayette,65,5,0,16,26,0,81,31,0,70,42,112
NECobb,NGwinnett,327,51,0,92,230,0,419,281,0,378,322,700
NECobb,CentGwinnett,755,137,0,179,444,2,934,581,2,892,625,1517
NECobb,EGwinnett,88,9,0,26,36,0,114,45,0,97,62,159
NECobb,Norcross,1517,267,1,384,1016,0,1901,1283,1,1785,1400,3185
NECobb,Lilburn,204,37,0,48,88,0,252,125,0,241,136,377
NECobb,Snellville,133,29,0,28,30,0,161,59,0,162,58,220
NECobb,NHenry,73,20,0,15,58,0,88,78,0,93,73,166
NECobb,EHenry,24,1,0,6,9,0,30,10,0,25,15,40
NECobb,SHenry,43,14,0,14,18,0,57,32,0,57,32,89
NECobb,SRockdale,22,5,0,6,41,0,28,46,0,27,47,74
NECobb,NRockdale,48,11,0,16,43,0,64,54,0,59,59,118
NECobb,NBarrow,25,4,0,7,12,0,32,16,0,29,19,48
NECobb,SBarrow,27,2,0,4,37,0,31,39,0,29,41,70
NECobb,NWBartow,128,34,0,29,52,0,157,86,0,162,81,243
NECobb,NEBartow,126,27,0,53,155,0,179,182,0,153,208,361
NECobb,SWBartow,214,39,0,74,218,0,288,257,0,253,292,545
NECobb,Cartersville,930,159,0,237,602,0,1167,761,0,1089,839,1928
NECobb,NECarroll,77,12,0,12,32,0,89,44,0,89,44,133
NECobb,WCarroll,1,1,0,1,1,0,2,2,0,2,2,4
NECobb,CentralCarroll,28,6,0,10,21,0,38,27,0,34,31,65
NECobb,SECarroll,1,1,0,2,5,0,3,6,0,2,7,9
NECobb,WCoweta,6,1,0,9,3,0,15,4,0,7,12,19
NECobb,NCoweta,64,7,0,17,48,0,81,55,0,71,65,136
NECobb,SCoweta,1,0,0,0,4,0,1,4,0,1,4,5
NECobb,SECoweta,14,1,0,3,24,0,17,25,0,15,27,42
NECobb,NForsyth,212,41,0,58,148,0,270,189,0,253,206,459
NECobb,Cumming,674,123,0,185,470,0,859,593,0,797,655,1452
NECobb,SForsyth,701,133,0,164,360,0,865,493,0,834,524,1358
NECobb,NHall,23,1,0,4,7,0,27,8,0,24,11,35
NECobb,Gainesville,53,7,0,15,26,0,68,33,0,60,41,101
NECobb,SHall,42,4,0,15,52,0,57,56,0,46,67,113
NECobb,WNewton,36,12,0,6,52,0,42,64,0,48,58,106
NECobb,ENewton,2,1,0,0,0,0,2,1,0,3,0,3
NECobb,NPaulding,562,109,0,161,365,0,723,474,0,671,526,1197
NECobb,WPaulding,117,20,0,31,67,0,148,87,0,137,98,235
NECobb,EPaulding,1118,210,0,254,662,0,1372,872,0,1328,916,2244
NECobb,NSpalding,15,1,0,2,5,0,17,6,0,16,7,23
NECobb,SSpalding,3,2,0,2,2,0,5,4,0,5,4,9
NECobb,WWalton,23,4,0,5,15,0,28,19,0,27,20,47
NECobb,EWalton,7,2,0,2,5,0,9,7,0,9,7,16
SWCobb,NFulton,317,46,2,57,140,0,374,186,2,365,197,562
SWCobb,Roswell,231,42,1,45,145,0,276,187,1,274,190,464
SWCobb,SandySprings,758,170,9,170,428,7,928,598,16,937,605,1542
SWCobb,Buckhead,805,182,23,197,565,9,1002,747,32,1010,771,1781
SWCobb,NWAtlanta,632,119,5,195,540,8,827,659,13,756,743,1499
SWCobb,NEAtlanta,654,124,29,259,478,40,913,602,69,807,777,1584
SWCobb,SWAtlanta,666,148,6,297,751,11,963,899,17,820,1059,1879
SWCobb,CBDAtlanta,691,123,125,195,480,53,886,603,178,939,728,1667
SWCobb,SEAtlanta,205,38,2,79,197,10,284,235,12,245,286,531
SWCobb,SFulton,527,91,2,205,420,0,732,511,2,620,625,1245
SWCobb,Tri-Cities,326,68,2,58,184,1,384,252,3,396,243,639
SWCobb,Shannon,186,29,0,53,169,0,239,198,0,215,222,437
SWCobb,WCherokee,25,8,0,12,14,0,37,22,0,33,26,59
SWCobb,NCherokee,8,1,0,10,30,0,18,31,0,9,40,49
SWCobb,ECentCherokee,197,47,0,57,141,0,254,188,0,244,198,442
SWCobb,Woodstock,422,76,0,141,475,0,563,551,0,498,616,1114
SWCobb,Airport,214,32,15,11,11,0,225,43,15,261,22,283
SWCobb,NEClayton,129,30,0,31,40,0,160,70,0,159,71,230
SWCobb,Riverdale,65,13,0,14,61,0,79,74,0,78,75,153
SWCobb,SClayton,51,13,0,19,40,0,70,53,0,64,59,123
SWCobb,NWCobb,4133,736,1,4974,13957,15,9107,14693,16,4870,18946,23816
SWCobb,NECobb,1460,262,0,787,2153,0,2247,2415,0,1722,2940,4662
SWCobb,SWCobb,9764,1896,2,22577,58023,2,32341,59919,4,11662,80602,92264
SWCobb,Marietta,3815,728,22,3619,9940,30,7434,10668,52,4565,13589,18154
SWCobb,Cumberland,3627,645,26,1422,3655,13,5049,4300,39,4298,5090,9388
SWCobb,SCobb,4431,850,21,6517,19181,9,10948,20031,30,5302,25707,31009
SWCobb,Chamblee,478,87,8,93,223,1,571,310,9,573,317,890
SWCobb,NWDeKalb,292,58,6,73,127,3,365,185,9,356,203,559
SWCobb,NEDeKalb,173,40,0,50,55,5,223,95,5,213,110,323
SWCobb,Atlanta-DeKalb,48,9,1,11,23,0,59,32,1,58,34,92
SWCobb,Decatur,35,7,8,13,18,3,48,25,11,50,34,84
SWCobb,SWDeKalb,84,15,0,20,21,1,104,36,1,99,42,141
SWCobb,SEDeKalb,38,4,0,9,24,0,47,28,0,42,33,75
SWCobb,SDeKalb,94,13,0,29,65,0,123,78,0,107,94,201
SWCobb,WDouglas,686,114,0,310,1030,0,996,1144,0,800,1340,2140
SWCobb,EDouglas,2860,593,3,3126,8100,4,5986,8693,7,3456,11230,14686
SWCobb,WFayette,68,13,0,14,27,0,82,40,0,81,41,122
SWCobb,EFayette,59,11,0,15,36,0,74,47,0,70,51,121
SWCobb,NGwinnett,34,2,0,10,5,0,44,7,0,36,15,51
SWCobb,CentGwinnett,107,14,0,23,112,0,130,126,0,121,135,256
SWCobb,EGwinnett,12,2,0,4,1,0,16,3,0,14,5,19
SWCobb,Norcross,251,43,0,39,87,0,290,130,0,294,126,420
SWCobb,Lilburn,28,7,0,5,36,0,33,43,0,35,41,76
SWCobb,Snellville,22,4,0,8,27,0,30,31,0,26,35,61
SWCobb,NHenry,26,5,0,13,34,0,39,39,0,31,47,78
SWCobb,EHenry,10,0,0,3,18,0,13,18,0,10,21,31
SWCobb,SHenry,20,2,0,8,23,0,28,25,0,22,31,53
SWCobb,SRockdale,16,0,0,0,12,0,16,12,0,16,12,28
SWCobb,NRockdale,15,2,0,8,6,0,23,8,0,17,14,31
SWCobb,NBarrow,1,0,0,1,9,0,2,9,0,1,10,11
SWCobb,SBarrow,2,0,0,1,0,0,3,0,0,2,1,3
SWCobb,NWBartow,42,5,0,9,9,0,51,14,0,47,18,65
SWCobb,NEBartow,29,3,0,10,74,0,39,77,0,32,84,116
SWCobb,SWBartow,73,12,0,24,46,0,97,58,0,85,70,155
SWCobb,Cartersville,325,71,0,110,282,0,435,353,0,396,392,788
SWCobb,NECarroll,211,38,0,40,95,0,251,133,0,249,135,384
SWCobb,WCarroll,26,3,0,11,13,0,37,16,0,29,24,53
SWCobb,CentralCarroll,116,22,0,56,109,0,172,131,0,138,165,303
SWCobb,SECarroll,18,3,0,3,18,0,21,21,0,21,21,42
SWCobb,WCoweta,25,4,0,4,19,0,29,23,0,29,23,52
SWCobb,NCoweta,92,18,0,27,45,0,119,63,0,110,72,182
SWCobb,SCoweta,4,1,0,0,0,0,4,1,0,5,0,5
SWCobb,SECoweta,11,3,0,2,3,0,13,6,0,14,5,19
SWCobb,NForsyth,3,1,0,0,5,0,3,6,0,4,5,9
SWCobb,Cumming,40,5,0,6,36,0,46,41,0,45,42,87
SWCobb,SForsyth,51,7,0,5,15,0,56,22,0,58,20,78
SWCobb,NHall,0,0,0,0,0,0,0,0,0,0,0,0
SWCobb,Gainesville,2,0,0,0,0,0,2,0,0,2,0,2
SWCobb,SHall,2,0,0,3,4,0,5,4,0,2,7,9
SWCobb,WNewton,6,2,0,0,8,0,6,10,0,8,8,16
SWCobb,ENewton,2,0,0,0,0,0,2,0,0,2,0,2
SWCobb,NPaulding,495,99,0,338,1131,0,833,1230,0,594,1469,2063
SWCobb,WPaulding,221,31,0,69,362,0,290,393,0,252,431,683
SWCobb,EPaulding,3866,737,1,4400,13444,0,8266,14181,1,4604,17844,22448
SWCobb,NSpalding,2,0,0,2,2,0,4,2,0,2,4,6
SWCobb,SSpalding,1,0,0,1,1,0,2,1,0,1,2,3
SWCobb,WWalton,3,1,0,1,0,0,4,1,0,4,1,5
SWCobb,EWalton,1,0,0,0,1,0,1,1,0,1,1,2
Marietta,NFulton,773,169,2,263,629,10,1036,798,12,944,902,1846
Marietta,Roswell,812,155,0,342,963,17,1154,1118,17,967,1322,2289
Marietta,SandySprings,1536,260,16,711,1248,27,2247,1508,43,1812,1986,3798
Marietta,Buckhead,1331,254,37,556,1213,50,1887,1467,87,1622,1819,3441
Marietta,NWAtlanta,689,148,17,305,522,15,994,670,32,854,842,1696
Marietta,NEAtlanta,945,204,52,248,573,52,1193,777,104,1201,873,2074
Marietta,SWAtlanta,473,88,18,192,337,28,665,425,46,579,557,1136
Marietta,CBDAtlanta,653,138,107,135,314,41,788,452,148,898,490,1388
Marietta,SEAtlanta,214,46,7,55,140,10,269,186,17,267,205,472
Marietta,SFulton,249,43,1,74,231,3,323,274,4,293,308,601
Marietta,Tri-Cities,264,36,11,57,110,9,321,146,20,311,176,487
Marietta,Shannon,179,47,1,50,66,6,229,113,7,227,122,349
Marietta,WCherokee,197,36,0,55,246,0,252,282,0,233,301,534
Marietta,NCherokee,69,10,0,17,95,0,86,105,0,79,112,191
Marietta,ECentCherokee,1111,203,0,351,792,6,1462,995,6,1314,1149,2463
Marietta,Woodstock,2441,455,11,1129,3017,7,3570,3472,18,2907,4153,7060
Marietta,Airport,121,14,14,10,13,3,131,27,17,149,26,175
Marietta,NEClayton,149,40,4,42,40,4,191,80,8,193,86,279
Marietta,Riverdale,107,24,1,20,46,7,127,70,8,132,73,205
Marietta,SClayton,85,30,0,20,36,4,105,66,4,115,60,175
Marietta,NWCobb,11807,2171,84,10799,23085,170,22606,25256,254,14062,34054,48116
Marietta,NECobb,10855,1892,82,12611,23110,133,23466,25002,215,12829,35854,48683
Marietta,SWCobb,4089,759,22,3577,9897,28,7666,10656,50,4870,13502,18372
Marietta,Marietta,24825,4739,405,38656,69035,1133,63481,73774,1538,29969,108824,138793
Marietta,Cumberland,11790,2115,266,10348,19611,492,22138,21726,758,14171,30451,44622
Marietta,SCobb,6092,1155,104,6176,16080,299,12268,17235,403,7351,22555,29906
Marietta,Chamblee,897,192,17,269,533,17,1166,725,34,1106,819,1925
Marietta,NWDeKalb,348,69,5,78,191,4,426,260,9,422,273,695
Marietta,NEDeKalb,294,55,6,79,148,11,373,203,17,355,238,593
Marietta,Atlanta-DeKalb,69,19,2,23,28,3,92,47,5,90,54,144
Marietta,Decatur,66,9,6,11,26,3,77,35,9,81,40,121
Marietta,SWDeKalb,136,34,9,34,53,5,170,87,14,179,92,271
Marietta,SEDeKalb,90,25,0,35,40,4,125,65,4,115,79,194
Marietta,SDeKalb,138,46,0,35,116,4,173,162,4,184,155,339
Marietta,WDouglas,375,84,0,90,208,3,465,292,3,459,301,760
Marietta,EDouglas,858,187,7,356,878,15,1214,1065,22,1052,1249,2301
Marietta,WFayette,71,10,0,23,26,0,94,36,0,81,49,130
Marietta,EFayette,53,15,0,22,14,0,75,29,0,68,36,104
Marietta,NGwinnett,146,27,0,34,92,4,180,119,4,173,130,303
Marietta,CentGwinnett,292,58,0,77,89,5,369,147,5,350,171,521
Marietta,EGwinnett,54,8,0,17,29,4,71,37,4,62,50,112
Marietta,Norcross,432,82,1,135,98,5,567,180,6,515,238,753
Marietta,Lilburn,97,17,1,41,40,0,138,57,1,115,81,196
Marietta,Snellville,79,15,0,31,36,3,110,51,3,94,70,164
Marietta,NHenry,65,17,0,17,24,1,82,41,1,82,42,124
Marietta,EHenry,28,6,0,7,40,0,35,46,0,34,47,81
Marietta,SHenry,46,14,0,18,35,1,64,49,1,60,54,114
Marietta,SRockdale,35,12,0,5,6,0,40,18,0,47,11,58
Marietta,NRockdale,30,8,0,8,4,1,38,12,1,38,13,51
Marietta,NBarrow,11,3,0,5,0,0,16,3,0,14,5,19
Marietta,SBarrow,14,0,0,1,8,0,15,8,0,14,9,23
Marietta,NWBartow,110,27,0,28,42,0,138,69,0,137,70,207
Marietta,NEBartow,107,21,0,57,73,0,164,94,0,128,130,258
Marietta,SWBartow,189,42,0,59,161,0,248,203,0,231,220,451
Marietta,Cartersville,679,152,0,176,502,0,855,654,0,831,678,1509
Marietta,NECarroll,85,18,0,31,78,0,116,96,0,103,109,212
Marietta,WCarroll,11,3,0,3,7,0,14,10,0,14,10,24
Marietta,CentralCarroll,85,13,0,18,28,0,103,41,0,98,46,144
Marietta,SECarroll,8,2,0,0,4,0,8,6,0,10,4,14
Marietta,WCoweta,14,2,0,4,3,0,18,5,0,16,7,23
Marietta,NCoweta,74,9,0,26,48,2,100,57,2,83,76,159
Marietta,SCoweta,3,1,0,2,2,0,5,3,0,4,4,8
Marietta,SECoweta,6,2,0,0,6,0,6,8,0,8,6,14
Marietta,NForsyth,54,10,0,17,57,0,71,67,0,64,74,138
Marietta,Cumming,219,21,0,68,89,1,287,110,1,240,158,398
Marietta,SForsyth,122,22,0,44,40,1,166,62,1,144,85,229
Marietta,NHall,6,3,0,1,3,0,7,6,0,9,4,13
Marietta,Gainesville,17,0,0,6,24,0,23,24,0,17,30,47
Marietta,SHall,20,1,0,8,20,0,28,21,0,21,28,49
Marietta,WNewton,27,5,0,11,1,1,38,6,1,32,13,45
Marietta,ENewton,3,0,0,0,2,0,3,2,0,3,2,5
Marietta,NPaulding,796,151,0,267,796,1,1063,947,1,947,1064,2011
Marietta,WPaulding,202,43,0,51,78,0,253,121,0,245,129,374
Marietta,EPaulding,1983,356,0,676,1927,6,2659,2283,6,2339,2609,4948
Marietta,NSpalding,10,2,0,0,2,0,10,4,0,12,2,14
Marietta,SSpalding,5,2,0,2,0,0,7,2,0,7,2,9
Marietta,WWalton,12,2,0,2,7,0,14,9,0,14,9,23
Marietta,EWalton,8,2,0,5,1,0,13,3,0,10,6,16
Cumberland,NFulton,1739,351,20,301,927,4,2040,1278,24,2110,1232,3342
Cumberland,Roswell,1625,287,9,476,1070,10,2101,1357,19,1921,1556,3477
Cumberland,SandySprings,7366,1215,74,5427,7689,79,12793,8904,153,8655,13195,21850
Cumberland,Buckhead,7513,1153,169,6949,9071,119,14462,10224,288,8835,16139,24974
Cumberland,NWAtlanta,3943,770,103,3658,5067,55,7601,5837,158,4816,8780,13596
Cumberland,NEAtlanta,4470,767,318,1879,2669,158,6349,3436,476,5555,4706,10261
Cumberland,SWAtlanta,2477,500,144,1328,2280,53,3805,2780,197,3121,3661,6782
Cumberland,CBDAtlanta,3177,572,618,984,1403,236,4161,1975,854,4367,2623,6990
Cumberland,SEAtlanta,1008,280,98,319,567,35,1327,847,133,1386,921,2307
Cumberland,SFulton,1050,178,6,303,598,1,1353,776,7,1234,902,2136
Cumberland,Tri-Cities,1166,259,70,218,438,15,1384,697,85,1495,671,2166
Cumberland,Shannon,998,161,22,152,366,9,1150,527,31,1181,527,1708
Cumberland,WCherokee,195,37,0,56,142,0,251,179,0,232,198,430
Cumberland,NCherokee,82,13,0,25,65,0,107,78,0,95,90,185
Cumberland,ECentCherokee,1075,177,0,182,502,1,1257,679,1,1252,685,1937
Cumberland,Woodstock,2255,407,4,473,1274,3,2728,1681,7,2666,1750,4416
Cumberland,Airport,440,94,71,21,30,1,461,124,72,605,52,657
Cumberland,NEClayton,661,169,17,78,254,4,739,423,21,847,336,1183
Cumberland,Riverdale,506,131,17,47,101,3,553,232,20,654,151,805
Cumberland,SClayton,384,102,0,36,100,0,420,202,0,486,136,622
Cumberland,NWCobb,6727,1198,39,2183,4222,140,8910,5420,179,7964,6545,14509
Cumberland,NECobb,11439,1928,73,9111,19323,49,20550,21251,122,13440,28483,41923
Cumberland,SWCobb,3618,686,26,1410,3819,12,5028,4505,38,4330,5241,9571
Cumberland,Marietta,12037,2090,276,10307,19435,468,22344,21525,744,14403,30210,44613
Cumberland,Cumberland,71224,10659,958,100333,128237,1181,171557,138896,2139,82841,229751,312592
Cumberland,SCobb,11670,2144,136,10335,23402,188,22005,25546,324,13950,33925,47875
Cumberland,Chamblee,4083,701,134,1541,2537,60,5624,3238,194,4918,4138,9056
Cumberland,NWDeKalb,1586,286,55,425,639,19,2011,925,74,1927,1083,3010
Cumberland,NEDeKalb,1412,265,49,281,720,23,1693,985,72,1726,1024,2750
Cumberland,Atlanta-DeKalb,407,93,29,99,159,8,506,252,37,529,266,795
Cumberland,Decatur,279,46,28,45,68,19,324,114,47,353,132,485
Cumberland,SWDeKalb,672,160,48,117,241,7,789,401,55,880,365,1245
Cumberland,SEDeKalb,583,125,29,52,152,4,635,277,33,737,208,945
Cumberland,SDeKalb,700,184,19,90,276,4,790,460,23,903,370,1273
Cumberland,WDouglas,887,192,5,128,288,0,1015,480,5,1084,416,1500
Cumberland,EDouglas,1659,301,3,464,952,6,2123,1253,9,1963,1422,3385
Cumberland,WFayette,361,50,0,43,68,1,404,118,1,411,112,523
Cumberland,EFayette,338,41,2,39,58,0,377,99,2,381,97,478
Cumberland,NGwinnett,629,105,0,97,157,1,726,262,1,734,255,989
Cumberland,CentGwinnett,1146,229,4,180,436,2,1326,665,6,1379,618,1997
Cumberland,EGwinnett,294,54,1,33,59,1,327,113,2,349,93,442
Cumberland,Norcross,1682,326,18,290,659,1,1972,985,19,2026,950,2976
Cumberland,Lilburn,429,86,0,64,158,1,493,244,1,515,223,738
Cumberland,Snellville,379,58,4,37,54,0,416,112,4,441,91,532
Cumberland,NHenry,314,74,3,40,110,0,354,184,3,391,150,541
Cumberland,EHenry,133,41,1,17,20,0,150,61,1,175,37,212
Cumberland,SHenry,274,82,2,49,103,0,323,185,2,358,152,510
Cumberland,SRockdale,108,39,1,15,79,0,123,118,1,148,94,242
Cumberland,NRockdale,156,43,0,22,35,1,178,78,1,199,58,257
Cumberland,NBarrow,61,10,0,20,15,0,81,25,0,71,35,106
Cumberland,SBarrow,40,8,0,10,33,0,50,41,0,48,43,91
Cumberland,NWBartow,111,19,0,27,72,0,138,91,0,130,99,229
Cumberland,NEBartow,102,26,0,34,81,0,136,107,0,128,115,243
Cumberland,SWBartow,183,39,0,43,150,0,226,189,0,222,193,415
Cumberland,Cartersville,618,117,2,108,272,0,726,389,2,737,380,1117
Cumberland,NECarroll,267,49,0,31,56,0,298,105,0,316,87,403
Cumberland,WCarroll,18,6,0,5,30,0,23,36,0,24,35,59
Cumberland,CentralCarroll,184,22,0,31,35,0,215,57,0,206,66,272
Cumberland,SECarroll,28,2,0,5,20,0,33,22,0,30,25,55
Cumberland,WCoweta,70,18,0,11,23,0,81,41,0,88,34,122
Cumberland,NCoweta,427,53,1,58,129,1,485,182,2,481,188,669
Cumberland,SCoweta,22,1,0,7,16,0,29,17,0,23,23,46
Cumberland,SECoweta,62,8,0,18,29,0,80,37,0,70,47,117
Cumberland,NForsyth,116,27,0,25,73,0,141,100,0,143,98,241
Cumberland,Cumming,388,77,0,79,218,1,467,295,1,465,298,763
Cumberland,SForsyth,298,51,2,38,200,1,336,251,3,351,239,590
Cumberland,NHall,11,1,0,4,2,0,15,3,0,12,6,18
Cumberland,Gainesville,27,5,0,11,13,0,38,18,0,32,24,56
Cumberland,SHall,94,21,0,30,41,0,124,62,0,115,71,186
Cumberland,WNewton,156,34,1,21,75,1,177,109,2,191,97,288
Cumberland,ENewton,13,0,0,7,13,0,20,13,0,13,20,33
Cumberland,NPaulding,572,92,0,119,253,1,691,345,1,664,373,1037
Cumberland,WPaulding,205,23,0,54,125,0,259,148,0,228,179,407
Cumberland,EPaulding,2051,395,1,334,1190,0,2385,1585,1,2447,1524,3971
Cumberland,NSpalding,48,5,0,10,15,0,58,20,0,53,25,78
Cumberland,SSpalding,20,8,0,10,40,0,30,48,0,28,50,78
Cumberland,WWalton,64,10,0,13,42,0,77,52,0,74,55,129
Cumberland,EWalton,22,3,0,8,12,0,30,15,0,25,20,45
SCobb,NFulton,448,65,5,77,187,4,525,252,9,518,268,786
SCobb,Roswell,315,66,3,86,262,0,401,328,3,384,348,732
SCobb,SandySprings,1789,358,70,563,1169,17,2352,1527,87,2217,1749,3966
SCobb,Buckhead,2532,409,127,1117,2841,57,3649,3250,184,3068,4015,7083
SCobb,NWAtlanta,2542,526,48,2149,5005,42,4691,5531,90,3116,7196,10312
SCobb,NEAtlanta,2317,426,176,949,2587,158,3266,3013,334,2919,3694,6613
SCobb,SWAtlanta,2977,600,60,3047,6985,110,6024,7585,170,3637,10142,13779
SCobb,CBDAtlanta,2560,423,729,799,2169,276,3359,2592,1005,3712,3244,6956
SCobb,SEAtlanta,710,153,23,323,860,9,1033,1013,32,886,1192,2078
SCobb,SFulton,1465,256,7,1110,2379,12,2575,2635,19,1728,3501,5229
SCobb,Tri-Cities,962,179,19,333,845,28,1295,1024,47,1160,1206,2366
SCobb,Shannon,659,118,3,204,474,2,863,592,5,780,680,1460
SCobb,WCherokee,40,7,0,22,76,0,62,83,0,47,98,145
SCobb,NCherokee,18,1,0,4,43,0,22,44,0,19,47,66
SCobb,ECentCherokee,228,29,0,58,187,0,286,216,0,257,245,502
SCobb,Woodstock,436,72,0,139,522,0,575,594,0,508,661,1169
SCobb,Airport,604,102,103,45,109,4,649,211,107,809,158,967
SCobb,NEClayton,357,80,1,74,195,0,431,275,1,438,269,707
SCobb,Riverdale,262,49,1,60,141,1,322,190,2,312,202,514
SCobb,SClayton,164,29,0,45,82,0,209,111,0,193,127,320
SCobb,NWCobb,2406,433,7,1339,3219,9,3745,3652,16,2846,4567,7413
SCobb,NECobb,1927,342,7,1076,2819,11,3003,3161,18,2276,3906,6182
SCobb,SWCobb,4912,975,21,6750,19383,9,11662,20358,30,5908,26142,32050
SCobb,Marietta,6094,1195,107,6227,16074,354,12321,17269,461,7396,22655,30051
SCobb,Cumberland,10787,2088,123,10287,22880,160,21074,24968,283,12998,33327,46325
SCobb,SCobb,22983,4513,247,49568,114271,592,72551,118784,839,27743,164431,192174
SCobb,Chamblee,1162,225,37,280,501,10,1442,726,47,1424,791,2215
SCobb,NWDeKalb,785,149,29,226,436,16,1011,585,45,963,678,1641
SCobb,NEDeKalb,442,93,20,113,196,6,555,289,26,555,315,870
SCobb,Atlanta-DeKalb,211,39,14,67,163,2,278,202,16,264,232,496
SCobb,Decatur,141,21,24,37,127,9,178,148,33,186,173,359
SCobb,SWDeKalb,407,70,28,82,129,8,489,199,36,505,219,724
SCobb,SEDeKalb,199,30,5,40,92,0,239,122,5,234,132,366
SCobb,SDeKalb,297,58,3,89,203,2,386,261,5,358,294,652
SCobb,WDouglas,1257,236,2,450,1457,0,1707,1693,2,1495,1907,3402
SCobb,EDouglas,4414,859,19,5611,13325,52,10025,14184,71,5292,18988,24280
SCobb,WFayette,222,32,0,49,146,0,271,178,0,254,195,449
SCobb,EFayette,181,29,0,41,110,0,222,139,0,210,151,361
SCobb,NGwinnett,83,12,0,28,131,0,111,143,0,95,159,254
SCobb,CentGwinnett,231,52,0,49,115,0,280,167,0,283,164,447
SCobb,EGwinnett,44,5,0,13,45,0,57,50,0,49,58,107
SCobb,Norcross,467,103,4,106,236,0,573,339,4,574,342,916
SCobb,Lilburn,85,11,0,24,75,0,109,86,0,96,99,195
SCobb,Snellville,87,16,0,21,27,0,108,43,0,103,48,151
SCobb,NHenry,138,29,0,25,90,0,163,119,0,167,115,282
SCobb,EHenry,51,7,0,7,21,0,58,28,0,58,28,86
SCobb,SHenry,117,22,0,29,46,0,146,68,0,139,75,214
SCobb,SRockdale,51,14,0,8,19,0,59,33,0,65,27,92
SCobb,NRockdale,67,18,0,18,40,0,85,58,0,85,58,143
SCobb,NBarrow,6,0,0,3,18,0,9,18,0,6,21,27
SCobb,SBarrow,10,0,0,3,20,0,13,20,0,10,23,33
SCobb,NWBartow,23,5,0,7,61,0,30,66,0,28,68,96
SCobb,NEBartow,18,4,0,12,32,0,30,36,0,22,44,66
SCobb,SWBartow,52,5,0,22,53,0,74,58,0,57,75,132
SCobb,Cartersville,168,33,0,45,134,0,213,167,0,201,179,380
SCobb,NECarroll,327,79,0,75,131,0,402,210,0,406,206,612
SCobb,WCarroll,27,6,0,10,20,0,37,26,0,33,30,63
SCobb,CentralCarroll,229,26,0,26,142,0,255,168,0,255,168,423
SCobb,SECarroll,33,9,0,12,32,0,45,41,0,42,44,86
SCobb,WCoweta,58,8,0,13,16,0,71,24,0,66,29,95
SCobb,NCoweta,285,43,1,49,84,1,334,127,2,329,134,463
SCobb,SCoweta,11,0,0,4,2,0,15,2,0,11,6,17
SCobb,SECoweta,22,4,0,9,11,0,31,15,0,26,20,46
SCobb,NForsyth,11,2,0,6,28,0,17,30,0,13,34,47
SCobb,Cumming,83,14,0,27,56,0,110,70,0,97,83,180
SCobb,SForsyth,86,11,0,18,33,0,104,44,0,97,51,148
SCobb,NHall,2,0,0,1,1,0,3,1,0,2,2,4
SCobb,Gainesville,1,1,0,1,6,1,2,7,1,2,8,10
SCobb,SHall,10,3,0,6,3,0,16,6,0,13,9,22
SCobb,WNewton,51,12,1,11,29,0,62,41,1,64,40,104
SCobb,ENewton,5,2,0,3,17,0,8,19,0,7,20,27
SCobb,NPaulding,312,63,0,131,301,0,443,364,0,375,432,807
SCobb,WPaulding,185,40,0,66,117,0,251,157,0,225,183,408
SCobb,EPaulding,2161,409,1,1061,3346,2,3222,3755,3,2571,4409,6980
SCobb,NSpalding,24,4,1,2,11,0,26,15,1,29,13,42
SCobb,SSpalding,6,1,0,5,14,0,11,15,0,7,19,26
SCobb,WWalton,17,0,0,6,18,0,23,18,0,17,24,41
SCobb,EWalton,5,0,0,4,5,0,9,5,0,5,9,14
Chamblee,NFulton,4399,867,176,1444,3882,58,5843,4749,234,5442,5384,10826
Chamblee,Roswell,3974,719,93,2242,5769,116,6216,6488,209,4786,8127,12913
Chamblee,SandySprings,17875,2938,651,24070,32660,634,41945,35598,1285,21464,57364,78828
Chamblee,Buckhead,10961,1758,981,10832,18328,866,21793,20086,1847,13700,30026,43726
Chamblee,NWAtlanta,1700,360,297,555,864,97,2255,1224,394,2357,1516,3873
Chamblee,NEAtlanta,6022,1097,1527,3076,5791,962,9098,6888,2489,8646,9829,18475
Chamblee,SWAtlanta,1147,327,384,220,539,120,1367,866,504,1858,879,2737
Chamblee,CBDAtlanta,3148,685,2971,729,2018,1039,3877,2703,4010,6804,3786,10590
Chamblee,SEAtlanta,1137,298,344,260,815,115,1397,1113,459,1779,1190,2969
Chamblee,SFulton,356,71,19,55,138,7,411,209,26,446,200,646
Chamblee,Tri-Cities,966,251,236,97,263,36,1063,514,272,1453,396,1849
Chamblee,Shannon,480,140,80,57,177,15,537,317,95,700,249,949
Chamblee,WCherokee,53,6,0,17,33,0,70,39,0,59,50,109
Chamblee,NCherokee,25,10,0,10,30,1,35,40,1,35,41,76
Chamblee,ECentCherokee,512,112,3,140,299,1,652,411,4,627,440,1067
Chamblee,Woodstock,708,136,5,169,345,4,877,481,9,849,518,1367
Chamblee,Airport,332,89,291,22,32,7,354,121,298,712,61,773
Chamblee,NEClayton,676,161,56,82,320,9,758,481,65,893,411,1304
Chamblee,Riverdale,434,130,72,38,135,4,472,265,76,636,177,813
Chamblee,SClayton,301,85,23,50,108,2,351,193,25,409,160,569
Chamblee,NWCobb,1221,235,10,186,431,5,1407,666,15,1466,622,2088
Chamblee,NECobb,3104,610,24,1552,3421,19,4656,4031,43,3738,4992,8730
Chamblee,SWCobb,486,81,8,82,173,2,568,254,10,575,257,832
Chamblee,Marietta,915,187,16,260,592,17,1175,779,33,1118,869,1987
Chamblee,Cumberland,4071,707,126,1497,2544,59,5568,3251,185,4904,4100,9004
Chamblee,SCobb,1138,202,39,276,533,5,1414,735,44,1379,814,2193
Chamblee,Chamblee,39919,7330,1338,71280,126345,2131,111199,133675,3469,48587,199756,248343
Chamblee,NWDeKalb,7244,1248,321,7615,15415,329,14859,16663,650,8813,23359,32172
Chamblee,NEDeKalb,8669,1663,188,9336,20550,192,18005,22213,380,10520,30078,40598
Chamblee,Atlanta-DeKalb,647,130,119,288,599,55,935,729,174,896,942,1838
Chamblee,Decatur,823,136,102,468,1009,67,1291,1145,169,1061,1544,2605
Chamblee,SWDeKalb,1637,300,187,580,1459,77,2217,1759,264,2124,2116,4240
Chamblee,SEDeKalb,1721,347,107,439,1192,21,2160,1539,128,2175,1652,3827
Chamblee,SDeKalb,1323,249,61,340,835,15,1663,1084,76,1633,1190,2823
Chamblee,WDouglas,238,57,8,54,97,2,292,154,10,303,153,456
Chamblee,EDouglas,369,79,21,75,104,2,444,183,23,469,181,650
Chamblee,WFayette,106,25,7,26,63,2,132,88,9,138,91,229
Chamblee,EFayette,171,36,4,38,89,0,209,125,4,211,127,338
Chamblee,NGwinnett,2184,351,11,471,1141,11,2655,1492,22,2546,1623,4169
Chamblee,CentGwinnett,5160,940,57,1772,4290,78,6932,5230,135,6157,6140,12297
Chamblee,EGwinnett,884,167,3,189,373,5,1073,540,8,1054,567,1621
Chamblee,Norcross,10997,2114,173,10613,23881,251,21610,25995,424,13284,34745,48029
Chamblee,Lilburn,1891,359,22,957,2263,13,2848,2622,35,2272,3233,5505
Chamblee,Snellville,1156,215,14,289,584,10,1445,799,24,1385,883,2268
Chamblee,NHenry,377,70,8,62,113,1,439,183,9,455,176,631
Chamblee,EHenry,189,37,4,46,58,0,235,95,4,230,104,334
Chamblee,SHenry,290,55,3,66,106,3,356,161,6,348,175,523
Chamblee,SRockdale,250,50,8,37,42,3,287,92,11,308,82,390
Chamblee,NRockdale,270,54,8,47,127,1,317,181,9,332,175,507
Chamblee,NBarrow,210,32,0,27,95,0,237,127,0,242,122,364
Chamblee,SBarrow,162,22,0,50,84,0,212,106,0,184,134,318
Chamblee,NWBartow,18,5,0,10,20,0,28,25,0,23,30,53
Chamblee,NEBartow,27,2,0,9,35,0,36,37,0,29,44,73
Chamblee,SWBartow,38,7,0,25,63,0,63,70,0,45,88,133
Chamblee,Cartersville,144,19,2,29,111,0,173,130,2,165,140,305
Chamblee,NECarroll,30,8,0,18,40,0,48,48,0,38,58,96
Chamblee,WCarroll,4,0,0,1,0,0,5,0,0,4,1,5
Chamblee,CentralCarroll,15,3,0,4,29,0,19,32,0,18,33,51
Chamblee,SECarroll,2,0,0,0,0,0,2,0,0,2,0,2
Chamblee,WCoweta,10,8,0,4,26,1,14,34,1,18,31,49
Chamblee,NCoweta,112,34,4,30,40,0,142,74,4,150,70,220
Chamblee,SCoweta,6,2,0,4,3,0,10,5,0,8,7,15
Chamblee,SECoweta,14,3,0,4,24,0,18,27,0,17,28,45
Chamblee,NForsyth,213,47,1,59,141,0,272,188,1,261,200,461
Chamblee,Cumming,729,138,8,198,410,6,927,548,14,875,614,1489
Chamblee,SForsyth,812,129,15,234,664,9,1046,793,24,956,907,1863
Chamblee,NHall,43,6,0,16,27,0,59,33,0,49,43,92
Chamblee,Gainesville,141,27,0,28,129,0,169,156,0,168,157,325
Chamblee,SHall,419,55,1,84,157,0,503,212,1,475,241,716
Chamblee,WNewton,334,58,3,52,114,0,386,172,3,395,166,561
Chamblee,ENewton,32,3,1,7,34,0,39,37,1,36,41,77
Chamblee,NPaulding,93,13,0,25,86,0,118,99,0,106,111,217
Chamblee,WPaulding,30,3,0,3,41,0,33,44,0,33,44,77
Chamblee,EPaulding,414,52,3,52,116,4,466,168,7,469,172,641
Chamblee,NSpalding,32,9,0,11,23,0,43,32,0,41,34,75
Chamblee,SSpalding,11,2,0,9,0,0,20,2,0,13,9,22
Chamblee,WWalton,213,38,1,51,127,0,264,165,1,252,178,430
Chamblee,EWalton,103,16,0,42,58,0,145,74,0,119,100,219
NWDeKalb,NFulton,1042,198,32,212,694,22,1254,892,54,1272,928,2200
NWDeKalb,Roswell,855,129,26,221,463,18,1076,592,44,1010,702,1712
NWDeKalb,SandySprings,2951,464,209,1010,1882,103,3961,2346,312,3624,2995,6619
NWDeKalb,Buckhead,5866,930,309,6207,8263,302,12073,9193,611,7105,14772,21877
NWDeKalb,NWAtlanta,1383,277,139,793,1173,77,2176,1450,216,1799,2043,3842
NWDeKalb,NEAtlanta,7401,1134,491,8994,10478,454,16395,11612,945,9026,19926,28952
NWDeKalb,SWAtlanta,1424,268,199,517,1077,119,1941,1345,318,1891,1713,3604
NWDeKalb,CBDAtlanta,3382,589,1016,1985,2629,470,5367,3218,1486,4987,5084,10071
NWDeKalb,SEAtlanta,1442,310,148,1030,1733,124,2472,2043,272,1900,2887,4787
NWDeKalb,SFulton,352,79,10,86,169,5,438,248,15,441,260,701
NWDeKalb,Tri-Cities,1037,239,124,234,435,61,1271,674,185,1400,730,2130
NWDeKalb,Shannon,583,132,30,121,295,20,704,427,50,745,436,1181
NWDeKalb,WCherokee,20,4,0,6,20,0,26,24,0,24,26,50
NWDeKalb,NCherokee,9,2,0,2,8,0,11,10,0,11,10,21
NWDeKalb,ECentCherokee,159,25,0,42,102,2,201,127,2,184,146,330
NWDeKalb,Woodstock,207,47,2,51,94,2,258,141,4,256,147,403
NWDeKalb,Airport,438,85,173,49,89,10,487,174,183,696,148,844
NWDeKalb,NEClayton,1041,201,11,314,1239,17,1355,1440,28,1253,1570,2823
NWDeKalb,Riverdale,473,124,20,104,146,18,577,270,38,617,268,885
NWDeKalb,SClayton,396,103,6,98,333,4,494,436,10,505,435,940
NWDeKalb,NWCobb,473,108,3,90,208,3,563,316,6,584,301,885
NWDeKalb,NECobb,746,134,13,222,367,2,968,501,15,893,591,1484
NWDeKalb,SWCobb,230,51,6,56,109,2,286,160,8,287,167,454
NWDeKalb,Marietta,348,68,2,78,195,6,426,263,8,418,279,697
NWDeKalb,Cumberland,1516,279,59,426,631,16,1942,910,75,1854,1073,2927
NWDeKalb,SCobb,769,134,24,199,445,16,968,579,40,927,660,1587
NWDeKalb,Chamblee,7095,1284,313,7552,15728,331,14647,17012,644,8692,23611,32303
NWDeKalb,NWDeKalb,27548,4316,1783,40576,53576,2581,68124,57892,4364,33647,96733,130380
NWDeKalb,NEDeKalb,9716,1737,414,10231,22241,631,19947,23978,1045,11867,33103,44970
NWDeKalb,Atlanta-DeKalb,1919,317,79,3112,5028,117,5031,5345,196,2315,8257,10572
NWDeKalb,Decatur,3511,541,240,6006,8360,491,9517,8901,731,4292,14857,19149
NWDeKalb,SWDeKalb,4139,822,260,5546,11877,431,9685,12699,691,5221,17854,23075
NWDeKalb,SEDeKalb,3694,670,145,2268,6715,224,5962,7385,369,4509,9207,13716
NWDeKalb,SDeKalb,2763,539,80,1428,3595,102,4191,4134,182,3382,5125,8507
NWDeKalb,WDouglas,232,35,5,70,120,4,302,155,9,272,194,466
NWDeKalb,EDouglas,356,69,12,86,149,4,442,218,16,437,239,676
NWDeKalb,WFayette,157,34,2,35,80,1,192,114,3,193,116,309
NWDeKalb,EFayette,196,37,2,50,127,1,246,164,3,235,178,413
NWDeKalb,NGwinnett,874,147,3,208,547,9,1082,694,12,1024,764,1788
NWDeKalb,CentGwinnett,1964,368,17,592,2059,55,2556,2427,72,2349,2706,5055
NWDeKalb,EGwinnett,530,87,2,133,343,8,663,430,10,619,484,1103
NWDeKalb,Norcross,2676,570,34,1376,4394,173,4052,4964,207,3280,5943,9223
NWDeKalb,Lilburn,1555,292,19,819,3242,61,2374,3534,80,1866,4122,5988
NWDeKalb,Snellville,1465,269,9,536,2277,31,2001,2546,40,1743,2844,4587
NWDeKalb,NHenry,624,122,6,253,546,7,877,668,13,752,806,1558
NWDeKalb,EHenry,299,60,1,83,229,1,382,289,2,360,313,673
NWDeKalb,SHenry,436,76,3,109,233,4,545,309,7,515,346,861
NWDeKalb,SRockdale,405,74,1,102,289,4,507,363,5,480,395,875
NWDeKalb,NRockdale,395,67,10,105,263,5,500,330,15,472,373,845
NWDeKalb,NBarrow,85,21,0,33,47,1,118,68,1,106,81,187
NWDeKalb,SBarrow,71,15,0,25,81,0,96,96,0,86,106,192
NWDeKalb,NWBartow,5,1,0,2,26,0,7,27,0,6,28,34
NWDeKalb,NEBartow,10,0,0,4,16,0,14,16,0,10,20,30
NWDeKalb,SWBartow,14,4,0,8,38,0,22,42,0,18,46,64
NWDeKalb,Cartersville,52,13,0,24,75,1,76,88,1,65,100,165
NWDeKalb,NECarroll,48,14,0,16,33,1,64,47,1,62,50,112
NWDeKalb,WCarroll,1,1,0,0,1,0,1,2,0,2,1,3
NWDeKalb,CentralCarroll,25,4,0,13,28,0,38,32,0,29,41,70
NWDeKalb,SECarroll,1,0,0,0,9,0,1,9,0,1,9,10
NWDeKalb,WCoweta,24,5,0,7,26,1,31,31,1,29,34,63
NWDeKalb,NCoweta,204,40,3,68,114,10,272,154,13,247,192,439
NWDeKalb,SCoweta,10,2,0,3,17,0,13,19,0,12,20,32
NWDeKalb,SECoweta,35,1,1,15,24,1,50,25,2,37,40,77
NWDeKalb,NForsyth,41,6,0,26,69,0,67,75,0,47,95,142
NWDeKalb,Cumming,153,34,1,55,230,7,208,264,8,188,292,480
NWDeKalb,SForsyth,184,34,2,49,203,3,233,237,5,220,255,475
NWDeKalb,NHall,9,0,0,2,19,0,11,19,0,9,21,30
NWDeKalb,Gainesville,44,12,0,16,52,0,60,64,0,56,68,124
NWDeKalb,SHall,156,23,0,46,87,2,202,110,2,179,135,314
NWDeKalb,WNewton,561,118,15,103,182,5,664,300,20,694,290,984
NWDeKalb,ENewton,71,11,0,19,37,0,90,48,0,82,56,138
NWDeKalb,NPaulding,43,10,0,12,47,0,55,57,0,53,59,112
NWDeKalb,WPaulding,19,4,0,9,32,0,28,36,0,23,41,64
NWDeKalb,EPaulding,227,47,1,53,89,0,280,136,1,275,142,417
NWDeKalb,NSpalding,55,6,0,9,53,0,64,59,0,61,62,123
NWDeKalb,SSpalding,31,3,0,7,7,0,38,10,0,34,14,48
NWDeKalb,WWalton,286,41,1,88,214,0,374,255,1,328,302,630
NWDeKalb,EWalton,89,16,0,40,69,0,129,85,0,105,109,214
NEDeKalb,NFulton,1414,268,25,372,1065,14,1786,1333,39,1707,1451,3158
NEDeKalb,Roswell,1013,190,5,412,1078,15,1425,1268,20,1208,1505,2713
NEDeKalb,SandySprings,3732,688,163,1362,2547,95,5094,3235,258,4583,4004,8587
NEDeKalb,Buckhead,3917,679,383,1579,3118,223,5496,3797,606,4979,4920,9899
NEDeKalb,NWAtlanta,1001,216,120,285,382,53,1286,598,173,1337,720,2057
NEDeKalb,NEAtlanta,4177,735,634,1711,3100,414,5888,3835,1048,5546,5225,10771
NEDeKalb,SWAtlanta,929,165,151,241,349,110,1170,514,261,1245,700,1945
NEDeKalb,CBDAtlanta,3402,607,2202,675,1484,767,4077,2091,2969,6211,2926,9137
NEDeKalb,SEAtlanta,982,180,109,309,633,71,1291,813,180,1271,1013,2284
NEDeKalb,SFulton,191,42,7,56,125,7,247,167,14,240,188,428
NEDeKalb,Tri-Cities,762,155,93,110,178,44,872,333,137,1010,332,1342
NEDeKalb,Shannon,336,72,18,83,124,14,419,196,32,426,221,647
NEDeKalb,WCherokee,12,2,0,5,21,0,17,23,0,14,26,40
NEDeKalb,NCherokee,8,0,0,1,8,0,9,8,0,8,9,17
NEDeKalb,ECentCherokee,132,21,0,53,42,1,185,63,1,153,96,249
NEDeKalb,Woodstock,190,35,1,49,46,0,239,81,1,226,95,321
NEDeKalb,Airport,513,86,184,30,40,2,543,126,186,783,72,855
NEDeKalb,NEClayton,742,180,9,159,506,10,901,686,19,931,675,1606
NEDeKalb,Riverdale,323,66,11,58,177,11,381,243,22,400,246,646
NEDeKalb,SClayton,296,59,2,58,153,4,354,212,6,357,215,572
NEDeKalb,NWCobb,353,67,1,83,179,4,436,246,5,421,266,687
NEDeKalb,NECobb,696,133,2,210,561,3,906,694,5,831,774,1605
NEDeKalb,SWCobb,149,27,0,46,50,5,195,77,5,176,101,277
NEDeKalb,Marietta,290,72,5,84,158,12,374,230,17,367,254,621
NEDeKalb,Cumberland,1455,220,51,299,635,18,1754,855,69,1726,952,2678
NEDeKalb,SCobb,448,82,19,106,142,6,554,224,25,549,254,803
NEDeKalb,Chamblee,8357,1596,184,9498,20147,193,17855,21743,377,10137,29838,39975
NEDeKalb,NWDeKalb,8926,1636,415,10111,22112,638,19037,23748,1053,10977,32861,43838
NEDeKalb,NEDeKalb,35500,6398,1033,65349,123234,2377,100849,129632,3410,42931,190960,233891
NEDeKalb,Atlanta-DeKalb,731,139,42,588,1287,61,1319,1426,103,912,1936,2848
NEDeKalb,Decatur,1344,248,71,1402,3243,228,2746,3491,299,1663,4873,6536
NEDeKalb,SWDeKalb,3628,714,153,4716,11778,350,8344,12492,503,4495,16844,21339
NEDeKalb,SEDeKalb,5624,1047,82,6692,20195,362,12316,21242,444,6753,27249,34002
NEDeKalb,SDeKalb,2485,477,32,1538,3909,75,4023,4386,107,2994,5522,8516
NEDeKalb,WDouglas,114,12,0,36,65,1,150,77,1,126,102,228
NEDeKalb,EDouglas,206,36,9,52,88,2,258,124,11,251,142,393
NEDeKalb,WFayette,93,15,0,32,15,1,125,30,1,108,48,156
NEDeKalb,EFayette,118,26,3,41,56,1,159,82,4,147,98,245
NEDeKalb,NGwinnett,1738,302,4,413,1081,7,2151,1383,11,2044,1501,3545
NEDeKalb,CentGwinnett,4930,867,10,2245,5775,47,7175,6642,57,5807,8067,13874
NEDeKalb,EGwinnett,1178,196,1,286,795,6,1464,991,7,1375,1087,2462
NEDeKalb,Norcross,8204,1538,58,8841,21681,163,17045,23219,221,9800,30685,40485
NEDeKalb,Lilburn,6319,1147,57,6987,18960,82,13306,20107,139,7523,26029,33552
NEDeKalb,Snellville,3391,664,9,2020,6817,58,5411,7481,67,4064,8895,12959
NEDeKalb,NHenry,588,121,1,194,520,10,782,641,11,710,724,1434
NEDeKalb,EHenry,369,54,1,104,279,3,473,333,4,424,386,810
NEDeKalb,SHenry,362,55,1,97,176,4,459,231,5,418,277,695
NEDeKalb,SRockdale,507,103,2,195,406,2,702,509,4,612,603,1215
NEDeKalb,NRockdale,690,127,1,241,610,6,931,737,7,818,857,1675
NEDeKalb,NBarrow,206,29,0,50,133,0,256,162,0,235,183,418
NEDeKalb,SBarrow,168,18,0,45,106,0,213,124,0,186,151,337
NEDeKalb,NWBartow,3,0,0,1,22,0,4,22,0,3,23,26
NEDeKalb,NEBartow,4,0,0,2,3,0,6,3,0,4,5,9
NEDeKalb,SWBartow,13,1,0,10,26,0,23,27,0,14,36,50
NEDeKalb,Cartersville,38,9,0,20,57,0,58,66,0,47,77,124
NEDeKalb,NECarroll,18,3,0,8,12,0,26,15,0,21,20,41
NEDeKalb,WCarroll,2,0,0,0,0,0,2,0,0,2,0,2
NEDeKalb,CentralCarroll,12,3,0,7,39,0,19,42,0,15,46,61
NEDeKalb,SECarroll,0,0,0,1,0,0,1,0,0,0,1,1
NEDeKalb,WCoweta,11,1,0,4,3,0,15,4,0,12,7,19
NEDeKalb,NCoweta,83,23,2,29,76,0,112,99,2,108,105,213
NEDeKalb,SCoweta,0,0,0,2,5,0,2,5,0,0,7,7
NEDeKalb,SECoweta,10,1,0,3,6,0,13,7,0,11,9,20
NEDeKalb,NForsyth,56,11,0,23,85,0,79,96,0,67,108,175
NEDeKalb,Cumming,212,39,0,71,130,3,283,169,3,251,204,455
NEDeKalb,SForsyth,307,61,0,92,254,1,399,315,1,368,347,715
NEDeKalb,NHall,32,1,0,12,43,0,44,44,0,33,55,88
NEDeKalb,Gainesville,122,23,0,47,49,0,169,72,0,145,96,241
NEDeKalb,SHall,313,41,0,81,123,0,394,164,0,354,204,558
NEDeKalb,WNewton,697,123,0,139,212,1,836,335,1,820,352,1172
NEDeKalb,ENewton,68,10,0,20,61,0,88,71,0,78,81,159
NEDeKalb,NPaulding,32,6,0,11,31,0,43,37,0,38,42,80
NEDeKalb,WPaulding,10,2,0,5,4,0,15,6,0,12,9,21
NEDeKalb,EPaulding,112,25,0,41,73,5,153,98,5,137,119,256
NEDeKalb,NSpalding,42,10,0,10,46,0,52,56,0,52,56,108
NEDeKalb,SSpalding,20,3,0,5,4,0,25,7,0,23,9,32
NEDeKalb,WWalton,600,101,0,198,517,1,798,618,1,701,716,1417
NEDeKalb,EWalton,211,36,0,69,106,0,280,142,0,247,175,422
Atlanta-DeKalb,NFulton,163,26,19,32,96,4,195,122,23,208,132,340
Atlanta-DeKalb,Roswell,66,15,11,19,17,3,85,32,14,92,39,131
Atlanta-DeKalb,SandySprings,488,98,145,111,140,29,599,238,174,731,280,1011
Atlanta-DeKalb,Buckhead,948,147,157,582,1031,110,1530,1178,267,1252,1723,2975
Atlanta-DeKalb,NWAtlanta,407,76,43,289,463,62,696,539,105,526,814,1340
Atlanta-DeKalb,NEAtlanta,2312,412,235,4128,5828,277,6440,6240,512,2959,10233,13192
Atlanta-DeKalb,SWAtlanta,572,97,67,377,775,83,949,872,150,736,1235,1971
Atlanta-DeKalb,CBDAtlanta,1999,326,565,1859,3084,494,3858,3410,1059,2890,5437,8327
Atlanta-DeKalb,SEAtlanta,849,186,53,1714,3315,131,2563,3501,184,1088,5160,6248
Atlanta-DeKalb,SFulton,91,23,5,42,67,1,133,90,6,119,110,229
Atlanta-DeKalb,Tri-Cities,461,92,65,195,437,33,656,529,98,618,665,1283
Atlanta-DeKalb,Shannon,187,34,16,37,130,7,224,164,23,237,174,411
Atlanta-DeKalb,WCherokee,2,1,0,1,1,0,3,2,0,3,2,5
Atlanta-DeKalb,NCherokee,2,1,0,0,0,0,2,1,0,3,0,3
Atlanta-DeKalb,ECentCherokee,17,2,0,4,21,0,21,23,0,19,25,44
Atlanta-DeKalb,Woodstock,27,2,1,5,12,0,32,14,1,30,17,47
Atlanta-DeKalb,Airport,318,41,151,52,109,10,370,150,161,510,171,681
Atlanta-DeKalb,NEClayton,402,80,8,240,591,4,642,671,12,490,835,1325
Atlanta-DeKalb,Riverdale,145,27,10,55,91,5,200,118,15,182,151,333
Atlanta-DeKalb,SClayton,108,27,6,30,43,0,138,70,6,141,73,214
Atlanta-DeKalb,NWCobb,70,10,3,17,10,3,87,20,6,83,30,113
Atlanta-DeKalb,NECobb,79,17,0,26,69,0,105,86,0,96,95,191
Atlanta-DeKalb,SWCobb,43,9,1,10,29,0,53,38,1,53,39,92
Atlanta-DeKalb,Marietta,77,15,2,22,38,4,99,53,6,94,64,158
Atlanta-DeKalb,Cumberland,365,87,30,83,163,13,448,250,43,482,259,741
Atlanta-DeKalb,SCobb,211,26,13,79,162,1,290,188,14,250,242,492
Atlanta-DeKalb,Chamblee,670,110,118,287,620,59,957,730,177,898,966,1864
Atlanta-DeKalb,NWDeKalb,1781,305,81,3163,4863,133,4944,5168,214,2167,8159,10326
Atlanta-DeKalb,NEDeKalb,737,139,50,602,1470,67,1339,1609,117,926,2139,3065
Atlanta-DeKalb,Atlanta-DeKalb,1307,245,70,4288,8744,150,5595,8989,220,1622,13182,14804
Atlanta-DeKalb,Decatur,715,116,40,1463,2638,109,2178,2754,149,871,4210,5081
Atlanta-DeKalb,SWDeKalb,1423,288,73,2581,6737,178,4004,7025,251,1784,9496,11280
Atlanta-DeKalb,SEDeKalb,545,100,46,353,1024,47,898,1124,93,691,1424,2115
Atlanta-DeKalb,SDeKalb,827,154,23,871,2214,46,1698,2368,69,1004,3131,4135
Atlanta-DeKalb,WDouglas,44,12,0,19,52,0,63,64,0,56,71,127
Atlanta-DeKalb,EDouglas,106,15,3,27,79,2,133,94,5,124,108,232
Atlanta-DeKalb,WFayette,36,7,1,11,8,0,47,15,1,44,19,63
Atlanta-DeKalb,EFayette,37,9,0,24,36,0,61,45,0,46,60,106
Atlanta-DeKalb,NGwinnett,61,10,3,17,43,1,78,53,4,74,61,135
Atlanta-DeKalb,CentGwinnett,137,31,3,43,99,2,180,130,5,171,144,315
Atlanta-DeKalb,EGwinnett,39,7,0,11,53,0,50,60,0,46,64,110
Atlanta-DeKalb,Norcross,230,60,6,70,275,12,300,335,18,296,357,653
Atlanta-DeKalb,Lilburn,104,13,3,85,214,1,189,227,4,120,300,420
Atlanta-DeKalb,Snellville,128,17,3,39,197,2,167,214,5,148,238,386
Atlanta-DeKalb,NHenry,190,39,1,107,223,2,297,262,3,230,332,562
Atlanta-DeKalb,EHenry,52,7,0,22,51,0,74,58,0,59,73,132
Atlanta-DeKalb,SHenry,109,16,1,34,41,0,143,57,1,126,75,201
Atlanta-DeKalb,SRockdale,88,13,2,32,69,0,120,82,2,103,101,204
Atlanta-DeKalb,NRockdale,77,14,1,29,113,2,106,127,3,92,144,236
Atlanta-DeKalb,NBarrow,8,2,0,4,1,0,12,3,0,10,5,15
Atlanta-DeKalb,SBarrow,4,2,0,5,5,0,9,7,0,6,10,16
Atlanta-DeKalb,NWBartow,0,1,0,2,0,0,2,1,0,1,2,3
Atlanta-DeKalb,NEBartow,1,0,0,1,3,0,2,3,0,1,4,5
Atlanta-DeKalb,SWBartow,3,0,0,5,10,0,8,10,0,3,15,18
Atlanta-DeKalb,Cartersville,11,3,0,4,37,0,15,40,0,14,41,55
Atlanta-DeKalb,NECarroll,7,4,0,7,6,0,14,10,0,11,13,24
Atlanta-DeKalb,WCarroll,1,0,0,2,0,0,3,0,0,1,2,3
Atlanta-DeKalb,CentralCarroll,4,3,0,1,0,0,5,3,0,7,1,8
Atlanta-DeKalb,SECarroll,0,0,0,1,9,0,1,9,0,0,10,10
Atlanta-DeKalb,WCoweta,3,2,0,3,5,0,6,7,0,5,8,13
Atlanta-DeKalb,NCoweta,46,8,2,13,45,0,59,53,2,56,58,114
Atlanta-DeKalb,SCoweta,1,2,0,1,24,0,2,26,0,3,25,28
Atlanta-DeKalb,SECoweta,2,2,0,1,5,0,3,7,0,4,6,10
Atlanta-DeKalb,NForsyth,3,0,0,3,8,0,6,8,0,3,11,14
Atlanta-DeKalb,Cumming,5,2,1,6,13,1,11,15,2,8,20,28
Atlanta-DeKalb,SForsyth,13,4,1,3,13,1,16,17,2,18,17,35
Atlanta-DeKalb,NHall,2,0,0,1,12,0,3,12,0,2,13,15
Atlanta-DeKalb,Gainesville,4,0,0,1,7,0,5,7,0,4,8,12
Atlanta-DeKalb,SHall,10,3,0,5,5,0,15,8,0,13,10,23
Atlanta-DeKalb,WNewton,85,16,2,24,41,1,109,57,3,103,66,169
Atlanta-DeKalb,ENewton,10,1,0,2,1,0,12,2,0,11,3,14
Atlanta-DeKalb,NPaulding,3,0,0,2,16,0,5,16,0,3,18,21
Atlanta-DeKalb,WPaulding,5,1,0,2,7,0,7,8,0,6,9,15
Atlanta-DeKalb,EPaulding,47,6,0,13,26,0,60,32,0,53,39,92
Atlanta-DeKalb,NSpalding,11,3,0,5,20,0,16,23,0,14,25,39
Atlanta-DeKalb,SSpalding,9,1,0,1,20,0,10,21,0,10,21,31
Atlanta-DeKalb,WWalton,19,3,0,6,34,0,25,37,0,22,40,62
Atlanta-DeKalb,EWalton,5,2,0,8,11,0,13,13,0,7,19,26
Decatur,NFulton,128,22,17,29,38,9,157,60,26,167,76,243
Decatur,Roswell,91,19,16,19,62,10,110,81,26,126,91,217
Decatur,SandySprings,540,61,121,85,152,25,625,213,146,722,262,984
Decatur,Buckhead,843,114,166,398,593,79,1241,707,245,1123,1070,2193
Decatur,NWAtlanta,301,44,86,125,160,48,426,204,134,431,333,764
Decatur,NEAtlanta,1414,257,231,1225,1856,185,2639,2113,416,1902,3266,5168
Decatur,SWAtlanta,360,69,114,122,249,99,482,318,213,543,470,1013
Decatur,CBDAtlanta,1073,156,586,431,854,284,1504,1010,870,1815,1569,3384
Decatur,SEAtlanta,383,84,74,287,595,70,670,679,144,541,952,1493
Decatur,SFulton,64,11,10,34,85,5,98,96,15,85,124,209
Decatur,Tri-Cities,284,46,78,63,145,27,347,191,105,408,235,643
Decatur,Shannon,127,27,24,33,104,20,160,131,44,178,157,335
Decatur,WCherokee,1,0,0,0,1,0,1,1,0,1,1,2
Decatur,NCherokee,1,0,0,1,0,0,2,0,0,1,1,2
Decatur,ECentCherokee,12,3,0,7,20,0,19,23,0,15,27,42
Decatur,Woodstock,28,4,0,6,15,1,34,19,1,32,22,54
Decatur,Airport,123,19,117,16,13,9,139,32,126,259,38,297
Decatur,NEClayton,279,39,16,126,248,11,405,287,27,334,385,719
Decatur,Riverdale,118,25,9,19,60,11,137,85,20,152,90,242
Decatur,SClayton,98,9,6,30,73,6,128,82,12,113,109,222
Decatur,NWCobb,71,8,5,20,40,2,91,48,7,84,62,146
Decatur,NECobb,73,14,5,40,68,4,113,82,9,92,112,204
Decatur,SWCobb,37,10,8,10,14,3,47,24,11,55,27,82
Decatur,Marietta,55,11,6,15,32,3,70,43,9,72,50,122
Decatur,Cumberland,271,55,28,40,81,15,311,136,43,354,136,490
Decatur,SCobb,126,27,23,37,112,10,163,139,33,176,159,335
Decatur,Chamblee,806,157,108,470,984,70,1276,1141,178,1071,1524,2595
Decatur,NWDeKalb,3387,517,254,6011,8184,467,9398,8701,721,4158,14662,18820
Decatur,NEDeKalb,1421,291,70,1426,3458,227,2847,3749,297,1782,5111,6893
Decatur,Atlanta-DeKalb,701,126,39,1472,2942,113,2173,3068,152,866,4527,5393
Decatur,Decatur,2200,357,190,5315,8024,334,7515,8381,524,2747,13673,16420
Decatur,SWDeKalb,1757,364,130,3288,7856,425,5045,8220,555,2251,11569,13820
Decatur,SEDeKalb,995,178,83,816,2553,277,1811,2731,360,1256,3646,4902
Decatur,SDeKalb,993,194,44,816,2293,102,1809,2487,146,1231,3211,4442
Decatur,WDouglas,39,8,3,11,101,1,50,109,4,50,113,163
Decatur,EDouglas,74,8,12,28,30,8,102,38,20,94,66,160
Decatur,WFayette,32,2,0,5,4,1,37,6,1,34,10,44
Decatur,EFayette,33,6,2,12,9,3,45,15,5,41,24,65
Decatur,NGwinnett,107,9,3,31,42,6,138,51,9,119,79,198
Decatur,CentGwinnett,259,52,8,79,200,17,338,252,25,319,296,615
Decatur,EGwinnett,54,7,1,31,38,2,85,45,3,62,71,133
Decatur,Norcross,294,60,14,164,473,35,458,533,49,368,672,1040
Decatur,Lilburn,208,35,10,157,413,28,365,448,38,253,598,851
Decatur,Snellville,232,32,10,124,310,16,356,342,26,274,450,724
Decatur,NHenry,177,34,8,116,293,17,293,327,25,219,426,645
Decatur,EHenry,75,9,1,34,73,0,109,82,1,85,107,192
Decatur,SHenry,87,21,3,35,46,2,122,67,5,111,83,194
Decatur,SRockdale,99,12,2,41,68,4,140,80,6,113,113,226
Decatur,NRockdale,115,20,3,31,100,7,146,120,10,138,138,276
Decatur,NBarrow,10,1,0,3,9,0,13,10,0,11,12,23
Decatur,SBarrow,9,0,0,4,14,0,13,14,0,9,18,27
Decatur,NWBartow,0,0,0,1,0,0,1,0,0,0,1,1
Decatur,NEBartow,2,0,0,2,2,0,4,2,0,2,4,6
Decatur,SWBartow,0,1,0,1,3,0,1,4,0,1,4,5
Decatur,Cartersville,5,2,1,3,8,0,8,10,1,8,11,19
Decatur,NECarroll,5,2,0,6,19,0,11,21,0,7,25,32
Decatur,WCarroll,1,0,0,0,0,0,1,0,0,1,0,1
Decatur,CentralCarroll,6,2,0,4,2,0,10,4,0,8,6,14
Decatur,SECarroll,0,0,0,0,0,0,0,0,0,0,0,0
Decatur,WCoweta,1,1,0,1,7,0,2,8,0,2,8,10
Decatur,NCoweta,29,7,5,8,14,5,37,21,10,41,27,68
Decatur,SCoweta,1,2,0,1,0,0,2,2,0,3,1,4
Decatur,SECoweta,5,2,0,2,5,0,7,7,0,7,7,14
Decatur,NForsyth,6,1,1,6,11,0,12,12,1,8,17,25
Decatur,Cumming,15,2,1,5,13,1,20,15,2,18,19,37
Decatur,SForsyth,22,3,1,8,5,3,30,8,4,26,16,42
Decatur,NHall,1,0,0,1,2,0,2,2,0,1,3,4
Decatur,Gainesville,3,0,0,4,0,0,7,0,0,3,4,7
Decatur,SHall,14,2,0,6,15,0,20,17,0,16,21,37
Decatur,WNewton,125,13,2,41,55,6,166,68,8,140,102,242
Decatur,ENewton,9,2,0,3,14,0,12,16,0,11,17,28
Decatur,NPaulding,9,2,1,1,3,0,10,5,1,12,4,16
Decatur,WPaulding,2,0,0,3,0,0,5,0,0,2,3,5
Decatur,EPaulding,27,7,3,14,12,0,41,19,3,37,26,63
Decatur,NSpalding,7,2,0,3,2,0,10,4,0,9,5,14
Decatur,SSpalding,5,0,0,1,15,0,6,15,0,5,16,21
Decatur,WWalton,37,7,0,11,19,0,48,26,0,44,30,74
Decatur,EWalton,7,1,0,8,10,0,15,11,0,8,18,26
SWDeKalb,NFulton,299,80,36,44,115,5,343,195,41,415,164,579
SWDeKalb,Roswell,161,39,9,28,104,2,189,143,11,209,134,343
SWDeKalb,SandySprings,1116,222,223,150,303,87,1266,525,310,1561,540,2101
SWDeKalb,Buckhead,1776,376,365,495,1205,155,2271,1581,520,2517,1855,4372
SWDeKalb,NWAtlanta,753,188,106,252,575,52,1005,763,158,1047,879,1926
SWDeKalb,NEAtlanta,3018,562,587,1810,4335,386,4828,4897,973,4167,6531,10698
SWDeKalb,SWAtlanta,993,203,161,520,1071,113,1513,1274,274,1357,1704,3061
SWDeKalb,CBDAtlanta,3381,684,1574,1524,3745,847,4905,4429,2421,5639,6116,11755
SWDeKalb,SEAtlanta,1590,371,128,1763,4604,99,3353,4975,227,2089,6466,8555
SWDeKalb,SFulton,204,39,14,54,122,1,258,161,15,257,177,434
SWDeKalb,Tri-Cities,977,194,107,313,790,31,1290,984,138,1278,1134,2412
SWDeKalb,Shannon,348,57,23,85,222,6,433,279,29,428,313,741
SWDeKalb,WCherokee,8,1,0,0,2,0,8,3,0,9,2,11
SWDeKalb,NCherokee,4,0,0,1,1,0,5,1,0,4,2,6
SWDeKalb,ECentCherokee,31,5,0,15,37,0,46,42,0,36,52,88
SWDeKalb,Woodstock,41,11,2,11,72,1,52,83,3,54,84,138
SWDeKalb,Airport,788,159,248,115,214,13,903,373,261,1195,342,1537
SWDeKalb,NEClayton,1125,250,15,715,1820,16,1840,2070,31,1390,2551,3941
SWDeKalb,Riverdale,343,74,12,128,245,7,471,319,19,429,380,809
SWDeKalb,SClayton,321,84,3,108,337,1,429,421,4,408,446,854
SWDeKalb,NWCobb,104,24,3,32,46,4,136,70,7,131,82,213
SWDeKalb,NECobb,129,33,2,39,110,0,168,143,2,164,149,313
SWDeKalb,SWCobb,81,13,0,20,45,1,101,58,1,94,66,160
SWDeKalb,Marietta,123,53,6,34,36,4,157,89,10,182,74,256
SWDeKalb,Cumberland,711,156,50,120,268,6,831,424,56,917,394,1311
SWDeKalb,SCobb,365,79,27,83,174,3,448,253,30,471,260,731
SWDeKalb,Chamblee,1637,305,184,589,1425,86,2226,1730,270,2126,2100,4226
SWDeKalb,NWDeKalb,3904,750,244,5446,11039,394,9350,11789,638,4898,16879,21777
SWDeKalb,NEDeKalb,3627,742,155,4716,12181,403,8343,12923,558,4524,17300,21824
SWDeKalb,Atlanta-DeKalb,1249,262,74,2588,6432,137,3837,6694,211,1585,9157,10742
SWDeKalb,Decatur,1532,297,124,3303,7989,405,4835,8286,529,1953,11697,13650
SWDeKalb,SWDeKalb,7063,1576,348,20173,49343,1003,27236,50919,1351,8987,70519,79506
SWDeKalb,SEDeKalb,3388,712,146,5296,15512,347,8684,16224,493,4246,21155,25401
SWDeKalb,SDeKalb,4277,907,98,6638,19202,356,10915,20109,454,5282,26196,31478
SWDeKalb,WDouglas,75,22,2,29,84,1,104,106,3,99,114,213
SWDeKalb,EDouglas,181,35,12,61,108,0,242,143,12,228,169,397
SWDeKalb,WFayette,86,11,0,31,53,0,117,64,0,97,84,181
SWDeKalb,EFayette,127,21,0,46,146,0,173,167,0,148,192,340
SWDeKalb,NGwinnett,168,35,2,46,216,0,214,251,2,205,262,467
SWDeKalb,CentGwinnett,468,83,11,162,396,6,630,479,17,562,564,1126
SWDeKalb,EGwinnett,124,24,1,49,94,0,173,118,1,149,143,292
SWDeKalb,Norcross,698,161,11,326,896,16,1024,1057,27,870,1238,2108
SWDeKalb,Lilburn,499,94,7,359,1106,8,858,1200,15,600,1473,2073
SWDeKalb,Snellville,548,103,5,257,809,8,805,912,13,656,1074,1730
SWDeKalb,NHenry,664,99,9,381,1205,3,1045,1304,12,772,1589,2361
SWDeKalb,EHenry,265,51,0,85,290,1,350,341,1,316,376,692
SWDeKalb,SHenry,303,72,2,74,237,0,377,309,2,377,311,688
SWDeKalb,SRockdale,370,70,1,124,488,3,494,558,4,441,615,1056
SWDeKalb,NRockdale,426,79,3,155,516,1,581,595,4,508,672,1180
SWDeKalb,NBarrow,13,2,0,10,6,0,23,8,0,15,16,31
SWDeKalb,SBarrow,14,1,0,10,14,0,24,15,0,15,24,39
SWDeKalb,NWBartow,0,0,0,0,1,0,0,1,0,0,1,1
SWDeKalb,NEBartow,1,1,0,0,6,0,1,7,0,2,6,8
SWDeKalb,SWBartow,0,1,0,3,6,0,3,7,0,1,9,10
SWDeKalb,Cartersville,6,5,0,2,9,0,8,14,0,11,11,22
SWDeKalb,NECarroll,26,2,0,5,26,0,31,28,0,28,31,59
SWDeKalb,WCarroll,1,1,0,2,6,0,3,7,0,2,8,10
SWDeKalb,CentralCarroll,9,3,0,4,10,0,13,13,0,12,14,26
SWDeKalb,SECarroll,0,0,0,2,4,0,2,4,0,0,6,6
SWDeKalb,WCoweta,16,1,0,3,11,0,19,12,0,17,14,31
SWDeKalb,NCoweta,84,15,1,34,71,0,118,86,1,100,105,205
SWDeKalb,SCoweta,5,1,0,2,11,0,7,12,0,6,13,19
SWDeKalb,SECoweta,17,1,0,6,33,0,23,34,0,18,39,57
SWDeKalb,NForsyth,6,0,0,6,3,0,12,3,0,6,9,15
SWDeKalb,Cumming,24,5,0,12,32,0,36,37,0,29,44,73
SWDeKalb,SForsyth,39,12,1,18,44,1,57,56,2,52,63,115
SWDeKalb,NHall,2,0,0,2,6,0,4,6,0,2,8,10
SWDeKalb,Gainesville,9,3,0,9,20,0,18,23,0,12,29,41
SWDeKalb,SHall,31,5,0,14,55,0,45,60,0,36,69,105
SWDeKalb,WNewton,368,82,8,99,282,3,467,364,11,458,384,842
SWDeKalb,ENewton,48,5,1,14,60,0,62,65,1,54,74,128
SWDeKalb,NPaulding,10,0,0,8,12,0,18,12,0,10,20,30
SWDeKalb,WPaulding,12,1,1,3,0,0,15,1,1,14,3,17
SWDeKalb,EPaulding,89,13,0,25,54,0,114,67,0,102,79,181
SWDeKalb,NSpalding,39,6,0,10,10,0,49,16,0,45,20,65
SWDeKalb,SSpalding,15,4,0,10,21,0,25,25,0,19,31,50
SWDeKalb,WWalton,104,24,0,39,109,0,143,133,0,128,148,276
SWDeKalb,EWalton,40,6,0,31,58,0,71,64,0,46,89,135
SEDeKalb,NFulton,404,62,15,67,167,2,471,229,17,481,236,717
SEDeKalb,Roswell,221,38,4,53,142,1,274,180,5,263,196,459
SEDeKalb,SandySprings,1365,273,154,176,272,41,1541,545,195,1792,489,2281
SEDeKalb,Buckhead,1844,349,283,282,817,70,2126,1166,353,2476,1169,3645
SEDeKalb,NWAtlanta,614,148,65,80,145,36,694,293,101,827,261,1088
SEDeKalb,NEAtlanta,2543,505,536,645,1522,279,3188,2027,815,3584,2446,6030
SEDeKalb,SWAtlanta,636,125,59,166,300,53,802,425,112,820,519,1339
SEDeKalb,CBDAtlanta,2807,573,1987,508,1204,573,3315,1777,2560,5367,2285,7652
SEDeKalb,SEAtlanta,825,166,60,249,677,48,1074,843,108,1051,974,2025
SEDeKalb,SFulton,87,24,1,24,32,1,111,56,2,112,57,169
SEDeKalb,Tri-Cities,743,138,37,106,327,12,849,465,49,918,445,1363
SEDeKalb,Shannon,218,41,9,45,84,2,263,125,11,268,131,399
SEDeKalb,WCherokee,0,0,0,0,0,0,0,0,0,0,0,0
SEDeKalb,NCherokee,0,0,0,0,0,0,0,0,0,0,0,0
SEDeKalb,ECentCherokee,9,3,0,10,6,0,19,9,0,12,16,28
SEDeKalb,Woodstock,26,4,0,12,48,0,38,52,0,30,60,90
SEDeKalb,Airport,699,120,186,49,48,5,748,168,191,1005,102,1107
SEDeKalb,NEClayton,743,163,3,248,539,9,991,702,12,909,796,1705
SEDeKalb,Riverdale,177,37,1,56,101,3,233,138,4,215,160,375
SEDeKalb,SClayton,181,27,1,62,112,0,243,139,1,209,174,383
SEDeKalb,NWCobb,63,18,2,27,76,2,90,94,4,83,105,188
SEDeKalb,NECobb,119,14,0,33,81,0,152,95,0,133,114,247
SEDeKalb,SWCobb,31,7,0,17,20,0,48,27,0,38,37,75
SEDeKalb,Marietta,107,26,1,34,75,5,141,101,6,134,114,248
SEDeKalb,Cumberland,616,146,34,64,193,8,680,339,42,796,265,1061
SEDeKalb,SCobb,201,32,6,40,60,0,241,92,6,239,100,339
SEDeKalb,Chamblee,1815,357,110,443,1127,28,2258,1484,138,2282,1598,3880
SEDeKalb,NWDeKalb,3433,639,146,2238,7050,268,5671,7689,414,4218,9556,13774
SEDeKalb,NEDeKalb,5130,1025,71,6733,19829,348,11863,20854,419,6226,26910,33136
SEDeKalb,Atlanta-DeKalb,450,103,44,352,830,38,802,933,82,597,1220,1817
SEDeKalb,Decatur,900,160,83,799,2660,213,1699,2820,296,1143,3672,4815
SEDeKalb,SWDeKalb,2883,579,118,5208,15486,363,8091,16065,481,3580,21057,24637
SEDeKalb,SEDeKalb,14348,2792,235,34693,86590,864,49041,89382,1099,17375,122147,139522
SEDeKalb,SDeKalb,5093,979,91,9212,25037,227,14305,26016,318,6163,34476,40639
SEDeKalb,WDouglas,39,10,1,9,38,0,48,48,1,50,47,97
SEDeKalb,EDouglas,88,18,0,24,38,0,112,56,0,106,62,168
SEDeKalb,WFayette,41,9,1,16,35,0,57,44,1,51,51,102
SEDeKalb,EFayette,72,10,0,20,79,0,92,89,0,82,99,181
SEDeKalb,NGwinnett,280,40,1,89,197,1,369,237,2,321,287,608
SEDeKalb,CentGwinnett,1071,201,4,501,1416,3,1572,1617,7,1276,1920,3196
SEDeKalb,EGwinnett,276,73,0,133,381,2,409,454,2,349,516,865
SEDeKalb,Norcross,1332,281,14,487,1211,2,1819,1492,16,1627,1700,3327
SEDeKalb,Lilburn,1433,285,4,1905,6085,7,3338,6370,11,1722,7997,9719
SEDeKalb,Snellville,1896,345,5,1944,6760,16,3840,7105,21,2246,8720,10966
SEDeKalb,NHenry,643,137,1,464,1282,5,1107,1419,6,781,1751,2532
SEDeKalb,EHenry,344,65,1,143,412,2,487,477,3,410,557,967
SEDeKalb,SHenry,352,72,0,99,211,1,451,283,1,424,311,735
SEDeKalb,SRockdale,1152,217,5,983,2705,10,2135,2922,15,1374,3698,5072
SEDeKalb,NRockdale,2009,401,14,1487,4688,17,3496,5089,31,2424,6192,8616
SEDeKalb,NBarrow,61,7,0,16,22,0,77,29,0,68,38,106
SEDeKalb,SBarrow,56,8,0,10,73,0,66,81,0,64,83,147
SEDeKalb,NWBartow,1,0,0,0,0,0,1,0,0,1,0,1
SEDeKalb,NEBartow,0,0,0,1,0,0,1,0,0,0,1,1
SEDeKalb,SWBartow,0,0,0,0,0,0,0,0,0,0,0,0
SEDeKalb,Cartersville,1,0,0,3,1,0,4,1,0,1,4,5
SEDeKalb,NECarroll,4,2,0,3,15,0,7,17,0,6,18,24
SEDeKalb,WCarroll,1,0,0,0,0,0,1,0,0,1,0,1
SEDeKalb,CentralCarroll,2,0,0,2,2,0,4,2,0,2,4,6
SEDeKalb,SECarroll,0,0,0,0,0,0,0,0,0,0,0,0
SEDeKalb,WCoweta,6,3,0,6,1,0,12,4,0,9,7,16
SEDeKalb,NCoweta,37,6,0,15,41,0,52,47,0,43,56,99
SEDeKalb,SCoweta,1,0,0,1,0,0,2,0,0,1,1,2
SEDeKalb,SECoweta,6,0,0,4,5,0,10,5,0,6,9,15
SEDeKalb,NForsyth,4,1,0,2,4,0,6,5,0,5,6,11
SEDeKalb,Cumming,10,7,0,8,10,0,18,17,0,17,18,35
SEDeKalb,SForsyth,50,13,0,15,38,0,65,51,0,63,53,116
SEDeKalb,NHall,1,1,0,0,2,0,1,3,0,2,2,4
SEDeKalb,Gainesville,22,5,0,6,16,0,28,21,0,27,22,49
SEDeKalb,SHall,38,8,0,15,42,0,53,50,0,46,57,103
SEDeKalb,WNewton,1100,199,7,307,875,4,1407,1074,11,1306,1186,2492
SEDeKalb,ENewton,95,16,0,35,74,0,130,90,0,111,109,220
SEDeKalb,NPaulding,1,1,0,1,13,0,2,14,0,2,14,16
SEDeKalb,WPaulding,2,1,0,1,1,0,3,2,0,3,2,5
SEDeKalb,EPaulding,27,5,0,9,21,0,36,26,0,32,30,62
SEDeKalb,NSpalding,33,6,0,10,49,0,43,55,0,39,59,98
SEDeKalb,SSpalding,15,4,0,11,5,0,26,9,0,19,16,35
SEDeKalb,WWalton,430,84,0,227,771,2,657,855,2,514,1000,1514
SEDeKalb,EWalton,152,31,0,41,103,0,193,134,0,183,144,327
SDeKalb,NFulton,248,40,9,53,110,2,301,150,11,297,165,462
SDeKalb,Roswell,173,27,3,32,65,3,205,92,6,203,100,303
SDeKalb,SandySprings,916,206,93,122,230,10,1038,436,103,1215,362,1577
SDeKalb,Buckhead,1480,329,132,286,724,29,1766,1053,161,1941,1039,2980
SDeKalb,NWAtlanta,778,176,34,208,520,35,986,696,69,988,763,1751
SDeKalb,NEAtlanta,2694,604,228,1165,2608,164,3859,3212,392,3526,3937,7463
SDeKalb,SWAtlanta,854,189,43,471,756,62,1325,945,105,1086,1289,2375
SDeKalb,CBDAtlanta,3702,818,1025,1112,2932,544,4814,3750,1569,5545,4588,10133
SDeKalb,SEAtlanta,1682,393,38,1423,3813,63,3105,4206,101,2113,5299,7412
SDeKalb,SFulton,237,34,1,67,155,3,304,189,4,272,225,497
SDeKalb,Tri-Cities,1319,283,29,477,1414,11,1796,1697,40,1631,1902,3533
SDeKalb,Shannon,532,108,4,190,580,3,722,688,7,644,773,1417
SDeKalb,WCherokee,1,1,0,0,4,0,1,5,0,2,4,6
SDeKalb,NCherokee,0,0,0,1,3,0,1,3,0,0,4,4
SDeKalb,ECentCherokee,28,6,0,10,35,0,38,41,0,34,45,79
SDeKalb,Woodstock,45,12,0,13,69,0,58,81,0,57,82,139
SDeKalb,Airport,1195,218,100,234,408,4,1429,626,104,1513,646,2159
SDeKalb,NEClayton,2960,592,13,2715,8193,28,5675,8785,41,3565,10936,14501
SDeKalb,Riverdale,513,115,5,277,886,2,790,1001,7,633,1165,1798
SDeKalb,SClayton,745,148,1,335,853,3,1080,1001,4,894,1191,2085
SDeKalb,NWCobb,110,33,0,34,89,1,144,122,1,143,124,267
SDeKalb,NECobb,169,47,1,41,110,0,210,157,1,217,151,368
SDeKalb,SWCobb,93,15,0,29,68,0,122,83,0,108,97,205
SDeKalb,Marietta,159,50,1,33,67,4,192,117,5,210,104,314
SDeKalb,Cumberland,764,203,22,89,263,5,853,466,27,989,357,1346
SDeKalb,SCobb,309,63,2,90,181,2,399,244,4,374,273,647
SDeKalb,Chamblee,1379,266,62,321,789,20,1700,1055,82,1707,1130,2837
SDeKalb,NWDeKalb,2709,568,89,1429,3523,100,4138,4091,189,3366,5052,8418
SDeKalb,NEDeKalb,2384,485,36,1513,3754,78,3897,4239,114,2905,5345,8250
SDeKalb,Atlanta-DeKalb,721,125,20,826,2249,44,1547,2374,64,866,3119,3985
SDeKalb,Decatur,939,153,41,788,2195,106,1727,2348,147,1133,3089,4222
SDeKalb,SWDeKalb,3902,795,84,6505,18790,367,10407,19585,451,4781,25662,30443
SDeKalb,SEDeKalb,4971,996,93,9325,25211,245,14296,26207,338,6060,34781,40841
SDeKalb,SDeKalb,14950,3219,159,37273,103263,694,52223,106482,853,18328,141230,159558
SDeKalb,WDouglas,90,14,0,27,60,0,117,74,0,104,87,191
SDeKalb,EDouglas,169,44,1,46,116,0,215,160,1,214,162,376
SDeKalb,WFayette,154,24,0,39,87,1,193,111,1,178,127,305
SDeKalb,EFayette,274,55,0,76,233,1,350,288,1,329,310,639
SDeKalb,NGwinnett,200,27,1,63,119,3,263,146,4,228,185,413
SDeKalb,CentGwinnett,616,124,2,171,449,3,787,573,5,742,623,1365
SDeKalb,EGwinnett,176,31,0,68,150,2,244,181,2,207,220,427
SDeKalb,Norcross,821,158,8,179,488,2,1000,646,10,987,669,1656
SDeKalb,Lilburn,541,89,0,298,902,3,839,991,3,630,1203,1833
SDeKalb,Snellville,751,145,3,431,1454,4,1182,1599,7,899,1889,2788
SDeKalb,NHenry,2117,434,6,2594,8969,34,4711,9403,40,2557,11597,14154
SDeKalb,EHenry,754,161,1,478,1586,5,1232,1747,6,916,2069,2985
SDeKalb,SHenry,939,174,1,297,767,3,1236,941,4,1114,1067,2181
SDeKalb,SRockdale,1328,264,9,1544,4431,22,2872,4695,31,1601,5997,7598
SDeKalb,NRockdale,1809,353,4,1490,3759,21,3299,4112,25,2166,5270,7436
SDeKalb,NBarrow,30,12,0,7,28,0,37,40,0,42,35,77
SDeKalb,SBarrow,31,10,0,12,30,0,43,40,0,41,42,83
SDeKalb,NWBartow,0,0,0,1,0,0,1,0,0,0,1,1
SDeKalb,NEBartow,0,0,0,1,5,0,1,5,0,0,6,6
SDeKalb,SWBartow,3,0,0,1,2,0,4,2,0,3,3,6
SDeKalb,Cartersville,5,0,0,11,23,0,16,23,0,5,34,39
SDeKalb,NECarroll,22,3,0,6,27,1,28,30,1,25,34,59
SDeKalb,WCarroll,2,2,0,0,0,0,2,2,0,4,0,4
SDeKalb,CentralCarroll,13,4,0,7,17,0,20,21,0,17,24,41
SDeKalb,SECarroll,2,0,0,4,4,0,6,4,0,2,8,10
SDeKalb,WCoweta,26,2,0,4,35,0,30,37,0,28,39,67
SDeKalb,NCoweta,191,28,0,50,97,2,241,125,2,219,149,368
SDeKalb,SCoweta,8,2,0,4,21,0,12,23,0,10,25,35
SDeKalb,SECoweta,20,3,0,14,24,0,34,27,0,23,38,61
SDeKalb,NForsyth,8,0,0,9,9,0,17,9,0,8,18,26
SDeKalb,Cumming,20,6,0,11,30,0,31,36,0,26,41,67
SDeKalb,SForsyth,44,11,1,20,29,0,64,40,1,56,49,105
SDeKalb,NHall,1,0,0,3,0,0,4,0,0,1,3,4
SDeKalb,Gainesville,21,1,0,11,27,0,32,28,0,22,38,60
SDeKalb,SHall,23,3,0,10,29,0,33,32,0,26,39,65
SDeKalb,WNewton,1041,205,0,418,1047,3,1459,1252,3,1246,1468,2714
SDeKalb,ENewton,74,17,0,32,91,0,106,108,0,91,123,214
SDeKalb,NPaulding,12,1,0,8,5,0,20,6,0,13,13,26
SDeKalb,WPaulding,10,1,0,5,11,0,15,12,0,11,16,27
SDeKalb,EPaulding,83,14,0,21,66,0,104,80,0,97,87,184
SDeKalb,NSpalding,115,15,0,24,73,1,139,88,1,130,98,228
SDeKalb,SSpalding,69,8,0,19,58,0,88,66,0,77,77,154
SDeKalb,WWalton,233,41,0,115,361,2,348,402,2,274,478,752
SDeKalb,EWalton,111,23,0,37,59,0,148,82,0,134,96,230
WDouglas,NFulton,78,9,2,22,35,0,100,44,2,89,57,146
WDouglas,Roswell,52,11,1,22,11,1,74,22,2,64,34,98
WDouglas,SandySprings,323,59,11,53,105,1,376,164,12,393,159,552
WDouglas,Buckhead,488,70,30,91,243,3,579,313,33,588,337,925
WDouglas,NWAtlanta,542,92,3,94,270,6,636,362,9,637,370,1007
WDouglas,NEAtlanta,600,85,36,157,291,18,757,376,54,721,466,1187
WDouglas,SWAtlanta,699,154,8,271,699,3,970,853,11,861,973,1834
WDouglas,CBDAtlanta,753,112,144,181,388,29,934,500,173,1009,598,1607
WDouglas,SEAtlanta,261,47,4,60,214,9,321,261,13,312,283,595
WDouglas,SFulton,1169,236,0,558,1825,0,1727,2061,0,1405,2383,3788
WDouglas,Tri-Cities,579,94,9,104,312,0,683,406,9,682,416,1098
WDouglas,Shannon,622,119,2,205,625,1,827,744,3,743,831,1574
WDouglas,WCherokee,6,0,0,0,4,0,6,4,0,6,4,10
WDouglas,NCherokee,0,0,0,0,0,0,0,0,0,0,0,0
WDouglas,ECentCherokee,16,1,0,8,2,0,24,3,0,17,10,27
WDouglas,Woodstock,63,11,0,10,29,0,73,40,0,74,39,113
WDouglas,Airport,348,59,30,24,83,0,372,142,30,437,107,544
WDouglas,NEClayton,204,31,1,38,58,0,242,89,1,236,96,332
WDouglas,Riverdale,98,20,0,48,78,0,146,98,0,118,126,244
WDouglas,SClayton,85,13,0,16,64,0,101,77,0,98,80,178
WDouglas,NWCobb,450,90,0,108,222,0,558,312,0,540,330,870
WDouglas,NECobb,254,43,0,50,144,0,304,187,0,297,194,491
WDouglas,SWCobb,661,124,0,308,1095,0,969,1219,0,785,1403,2188
WDouglas,Marietta,430,84,0,100,239,3,530,323,3,514,342,856
WDouglas,Cumberland,952,171,5,128,293,0,1080,464,5,1128,421,1549
WDouglas,SCobb,1128,232,2,476,1446,0,1604,1678,2,1362,1922,3284
WDouglas,Chamblee,247,61,7,50,101,2,297,162,9,315,153,468
WDouglas,NWDeKalb,261,44,5,76,158,4,337,202,9,310,238,548
WDouglas,NEDeKalb,128,26,0,36,47,1,164,73,1,154,84,238
WDouglas,Atlanta-DeKalb,44,14,0,13,42,0,57,56,0,58,55,113
WDouglas,Decatur,42,11,4,12,93,1,54,104,5,57,106,163
WDouglas,SWDeKalb,91,18,2,29,80,1,120,98,3,111,110,221
WDouglas,SEDeKalb,29,9,1,12,34,0,41,43,1,39,46,85
WDouglas,SDeKalb,97,17,0,33,84,0,130,101,0,114,117,231
WDouglas,WDouglas,13940,2890,12,28392,70071,8,42332,72961,20,16842,98471,115313
WDouglas,EDouglas,5698,1218,4,8838,23763,9,14536,24981,13,6920,32610,39530
WDouglas,WFayette,265,34,0,60,224,0,325,258,0,299,284,583
WDouglas,EFayette,167,37,0,39,103,0,206,140,0,204,142,346
WDouglas,NGwinnett,5,0,0,2,3,0,7,3,0,5,5,10
WDouglas,CentGwinnett,27,11,0,16,30,0,43,41,0,38,46,84
WDouglas,EGwinnett,3,0,0,1,1,0,4,1,0,3,2,5
WDouglas,Norcross,89,24,0,18,36,0,107,60,0,113,54,167
WDouglas,Lilburn,16,3,0,10,9,0,26,12,0,19,19,38
WDouglas,Snellville,10,2,0,11,8,0,21,10,0,12,19,31
WDouglas,NHenry,39,3,0,8,21,0,47,24,0,42,29,71
WDouglas,EHenry,6,5,0,1,4,0,7,9,0,11,5,16
WDouglas,SHenry,27,6,0,6,24,0,33,30,0,33,30,63
WDouglas,SRockdale,8,2,0,3,2,0,11,4,0,10,5,15
WDouglas,NRockdale,12,2,0,10,6,0,22,8,0,14,16,30
WDouglas,NBarrow,0,0,0,1,0,0,1,0,0,0,1,1
WDouglas,SBarrow,1,0,0,0,0,0,1,0,0,1,0,1
WDouglas,NWBartow,10,2,0,6,0,0,16,2,0,12,6,18
WDouglas,NEBartow,9,1,0,3,4,0,12,5,0,10,7,17
WDouglas,SWBartow,24,5,0,5,28,0,29,33,0,29,33,62
WDouglas,Cartersville,79,8,0,18,90,0,97,98,0,87,108,195
WDouglas,NECarroll,1985,430,2,2068,5834,0,4053,6264,2,2417,7902,10319
WDouglas,WCarroll,187,40,0,39,110,0,226,150,0,227,149,376
WDouglas,CentralCarroll,1677,325,0,914,2013,0,2591,2338,0,2002,2927,4929
WDouglas,SECarroll,186,32,0,103,348,0,289,380,0,218,451,669
WDouglas,WCoweta,236,36,0,52,142,0,288,178,0,272,194,466
WDouglas,NCoweta,582,103,0,170,457,0,752,560,0,685,627,1312
WDouglas,SCoweta,34,7,0,5,25,0,39,32,0,41,30,71
WDouglas,SECoweta,32,9,0,12,10,0,44,19,0,41,22,63
WDouglas,NForsyth,1,1,0,2,0,0,3,1,0,2,2,4
WDouglas,Cumming,9,1,0,4,19,0,13,20,0,10,23,33
WDouglas,SForsyth,11,3,0,2,0,0,13,3,0,14,2,16
WDouglas,NHall,0,0,0,0,9,0,0,9,0,0,9,9
WDouglas,Gainesville,0,0,0,0,0,0,0,0,0,0,0,0
WDouglas,SHall,0,0,0,0,0,0,0,0,0,0,0,0
WDouglas,WNewton,4,2,0,5,4,0,9,6,0,6,9,15
WDouglas,ENewton,0,0,0,0,0,0,0,0,0,0,0,0
WDouglas,NPaulding,155,37,0,40,118,0,195,155,0,192,158,350
WDouglas,WPaulding,292,54,0,189,463,0,481,517,0,346,652,998
WDouglas,EPaulding,2087,423,0,1803,6051,0,3890,6474,0,2510,7854,10364
WDouglas,NSpalding,10,0,0,5,2,0,15,2,0,10,7,17
WDouglas,SSpalding,3,0,0,2,18,0,5,18,0,3,20,23
WDouglas,WWalton,1,0,0,0,2,0,1,2,0,1,2,3
WDouglas,EWalton,0,0,0,3,0,0,3,0,0,0,3,3
EDouglas,NFulton,118,21,4,27,42,1,145,63,5,143,70,213
EDouglas,Roswell,95,19,0,20,91,1,115,110,1,114,112,226
EDouglas,SandySprings,571,91,33,87,137,4,658,228,37,695,228,923
EDouglas,Buckhead,830,128,64,196,378,10,1026,506,74,1022,584,1606
EDouglas,NWAtlanta,931,177,7,390,950,9,1321,1127,16,1115,1349,2464
EDouglas,NEAtlanta,970,161,54,314,758,56,1284,919,110,1185,1128,2313
EDouglas,SWAtlanta,1639,297,16,1156,2626,47,2795,2923,63,1952,3829,5781
EDouglas,CBDAtlanta,1244,224,317,342,936,122,1586,1160,439,1785,1400,3185
EDouglas,SEAtlanta,474,85,16,175,463,10,649,548,26,575,648,1223
EDouglas,SFulton,2112,399,5,1910,4682,5,4022,5081,10,2516,6597,9113
EDouglas,Tri-Cities,748,123,13,246,629,5,994,752,18,884,880,1764
EDouglas,Shannon,733,145,0,324,978,3,1057,1123,3,878,1305,2183
EDouglas,WCherokee,10,3,0,3,0,0,13,3,0,13,3,16
EDouglas,NCherokee,5,1,0,1,2,0,6,3,0,6,3,9
EDouglas,ECentCherokee,54,10,0,16,70,0,70,80,0,64,86,150
EDouglas,Woodstock,139,22,0,27,49,0,166,71,0,161,76,237
EDouglas,Airport,439,68,69,50,110,0,489,178,69,576,160,736
EDouglas,NEClayton,228,58,1,50,178,1,278,236,2,287,229,516
EDouglas,Riverdale,140,32,1,38,90,0,178,122,1,173,128,301
EDouglas,SClayton,116,35,0,32,71,0,148,106,0,151,103,254
EDouglas,NWCobb,1013,207,1,266,698,2,1279,905,3,1221,966,2187
EDouglas,NECobb,487,82,0,124,240,0,611,322,0,569,364,933
EDouglas,SWCobb,2827,606,3,3160,7828,4,5987,8434,7,3436,10992,14428
EDouglas,Marietta,927,173,6,323,891,12,1250,1064,18,1106,1226,2332
EDouglas,Cumberland,1598,311,3,457,893,5,2055,1204,8,1912,1355,3267
EDouglas,SCobb,4098,797,19,5649,13255,39,9747,14052,58,4914,18943,23857
EDouglas,Chamblee,383,89,22,71,77,2,454,166,24,494,150,644
EDouglas,NWDeKalb,405,84,12,106,218,3,511,302,15,501,327,828
EDouglas,NEDeKalb,202,44,9,53,102,2,255,146,11,255,157,412
EDouglas,Atlanta-DeKalb,106,18,3,43,65,1,149,83,4,127,109,236
EDouglas,Decatur,86,15,11,27,66,9,113,81,20,112,102,214
EDouglas,SWDeKalb,175,33,13,56,137,0,231,170,13,221,193,414
EDouglas,SEDeKalb,101,18,1,17,28,0,118,46,1,120,45,165
EDouglas,SDeKalb,201,35,0,59,115,0,260,150,0,236,174,410
EDouglas,WDouglas,6095,1246,4,8903,24000,8,14998,25246,12,7345,32911,40256
EDouglas,EDouglas,17799,3639,8,36757,78150,14,54556,81789,22,21446,114921,136367
EDouglas,WFayette,286,54,0,71,148,0,357,202,0,340,219,559
EDouglas,EFayette,191,34,0,51,101,0,242,135,0,225,152,377
EDouglas,NGwinnett,21,9,0,8,1,0,29,10,0,30,9,39
EDouglas,CentGwinnett,75,22,0,15,71,0,90,93,0,97,86,183
EDouglas,EGwinnett,7,1,0,3,33,0,10,34,0,8,36,44
EDouglas,Norcross,180,29,0,37,68,0,217,97,0,209,105,314
EDouglas,Lilburn,46,9,0,20,32,0,66,41,0,55,52,107
EDouglas,Snellville,48,6,0,13,36,0,61,42,0,54,49,103
EDouglas,NHenry,63,14,0,19,23,0,82,37,0,77,42,119
EDouglas,EHenry,21,3,0,5,6,0,26,9,0,24,11,35
EDouglas,SHenry,73,8,0,16,64,0,89,72,0,81,80,161
EDouglas,SRockdale,24,5,0,6,6,0,30,11,0,29,12,41
EDouglas,NRockdale,40,7,0,14,26,0,54,33,0,47,40,87
EDouglas,NBarrow,5,0,0,2,0,0,7,0,0,5,2,7
EDouglas,SBarrow,0,1,0,0,0,0,0,1,0,1,0,1
EDouglas,NWBartow,14,4,0,6,3,0,20,7,0,18,9,27
EDouglas,NEBartow,22,2,0,4,22,0,26,24,0,24,26,50
EDouglas,SWBartow,32,5,0,13,85,0,45,90,0,37,98,135
EDouglas,Cartersville,116,20,0,32,66,0,148,86,0,136,98,234
EDouglas,NECarroll,951,159,0,288,970,0,1239,1129,0,1110,1258,2368
EDouglas,WCarroll,97,10,0,26,42,0,123,52,0,107,68,175
EDouglas,CentralCarroll,655,92,0,200,334,0,855,426,0,747,534,1281
EDouglas,SECarroll,82,22,0,24,86,0,106,108,0,104,110,214
EDouglas,WCoweta,123,25,0,23,28,0,146,53,0,148,51,199
EDouglas,NCoweta,474,88,0,120,321,0,594,409,0,562,441,1003
EDouglas,SCoweta,23,5,0,12,28,0,35,33,0,28,40,68
EDouglas,SECoweta,51,12,0,17,16,0,68,28,0,63,33,96
EDouglas,NForsyth,1,0,0,1,9,0,2,9,0,1,10,11
EDouglas,Cumming,14,0,0,9,30,0,23,30,0,14,39,53
EDouglas,SForsyth,22,3,0,6,6,0,28,9,0,25,12,37
EDouglas,NHall,0,0,0,0,0,0,0,0,0,0,0,0
EDouglas,Gainesville,0,1,0,1,0,0,1,1,0,1,1,2
EDouglas,SHall,3,0,0,4,0,0,7,0,0,3,4,7
EDouglas,WNewton,23,7,0,10,5,0,33,12,0,30,15,45
EDouglas,ENewton,1,1,0,2,0,0,3,1,0,2,2,4
EDouglas,NPaulding,331,64,0,85,163,0,416,227,0,395,248,643
EDouglas,WPaulding,275,57,0,102,306,0,377,363,0,332,408,740
EDouglas,EPaulding,3532,705,5,2600,8462,4,6132,9167,9,4242,11066,15308
EDouglas,NSpalding,7,4,0,6,2,0,13,6,0,11,8,19
EDouglas,SSpalding,8,0,0,3,4,0,11,4,0,8,7,15
EDouglas,WWalton,4,1,0,3,2,0,7,3,0,5,5,10
EDouglas,EWalton,1,0,0,1,4,0,2,4,0,1,5,6
WFayette,NFulton,19,4,0,4,38,0,23,42,0,23,42,65
WFayette,Roswell,22,5,0,7,26,0,29,31,0,27,33,60
WFayette,SandySprings,100,22,8,24,32,1,124,54,9,130,57,187
WFayette,Buckhead,196,32,12,45,106,0,241,138,12,240,151,391
WFayette,NWAtlanta,213,27,1,39,57,0,252,84,1,241,96,337
WFayette,NEAtlanta,315,56,23,82,135,6,397,191,29,394,223,617
WFayette,SWAtlanta,317,46,0,90,231,3,407,277,3,363,324,687
WFayette,CBDAtlanta,270,63,58,73,174,23,343,237,81,391,270,661
WFayette,SEAtlanta,281,44,4,97,180,3,378,224,7,329,280,609
WFayette,SFulton,728,137,0,481,1291,0,1209,1428,0,865,1772,2637
WFayette,Tri-Cities,891,148,2,178,445,0,1069,593,2,1041,623,1664
WFayette,Shannon,2178,418,1,1731,4445,7,3909,4863,8,2597,6183,8780
WFayette,WCherokee,0,0,0,0,0,0,0,0,0,0,0,0
WFayette,NCherokee,0,0,0,0,0,0,0,0,0,0,0,0
WFayette,ECentCherokee,0,1,0,3,1,0,3,2,0,1,4,5
WFayette,Woodstock,10,1,0,6,1,0,16,2,0,11,7,18
WFayette,Airport,496,68,11,103,176,0,599,244,11,575,279,854
WFayette,NEClayton,695,139,0,163,428,3,858,567,3,834,594,1428
WFayette,Riverdale,683,150,0,366,1223,0,1049,1373,0,833,1589,2422
WFayette,SClayton,1131,232,1,502,1182,1,1633,1414,2,1364,1685,3049
WFayette,NWCobb,46,7,0,23,41,0,69,48,0,53,64,117
WFayette,NECobb,58,11,0,23,19,0,81,30,0,69,42,111
WFayette,SWCobb,64,14,0,12,38,0,76,52,0,78,50,128
WFayette,Marietta,83,7,0,21,51,0,104,58,0,90,72,162
WFayette,Cumberland,381,45,0,40,83,1,421,128,1,426,124,550
WFayette,SCobb,224,27,0,50,137,0,274,164,0,251,187,438
WFayette,Chamblee,119,28,7,25,54,2,144,82,9,154,81,235
WFayette,NWDeKalb,164,35,2,37,92,1,201,127,3,201,130,331
WFayette,NEDeKalb,102,15,0,30,26,1,132,41,1,117,57,174
WFayette,Atlanta-DeKalb,35,4,1,14,28,0,49,32,1,40,42,82
WFayette,Decatur,24,3,0,6,4,1,30,7,1,27,11,38
WFayette,SWDeKalb,85,18,0,27,28,0,112,46,0,103,55,158
WFayette,SEDeKalb,35,9,1,15,44,0,50,53,1,45,59,104
WFayette,SDeKalb,182,38,0,46,73,1,228,111,1,220,120,340
WFayette,WDouglas,284,37,0,67,178,0,351,215,0,321,245,566
WFayette,EDouglas,311,55,0,66,143,0,377,198,0,366,209,575
WFayette,WFayette,22493,3926,0,41739,89737,0,64232,93663,0,26419,131476,157895
WFayette,EFayette,4006,713,0,4024,10485,0,8030,11198,0,4719,14509,19228
WFayette,NGwinnett,4,2,0,1,11,0,5,13,0,6,12,18
WFayette,CentGwinnett,19,13,0,11,7,0,30,20,0,32,18,50
WFayette,EGwinnett,3,1,0,2,0,0,5,1,0,4,2,6
WFayette,Norcross,52,17,0,10,24,0,62,41,0,69,34,103
WFayette,Lilburn,9,2,0,2,11,0,11,13,0,11,13,24
WFayette,Snellville,12,2,0,7,7,0,19,9,0,14,14,28
WFayette,NHenry,262,44,0,71,139,0,333,183,0,306,210,516
WFayette,EHenry,132,22,0,34,89,0,166,111,0,154,123,277
WFayette,SHenry,742,122,0,147,351,1,889,473,1,864,499,1363
WFayette,SRockdale,32,6,0,8,14,0,40,20,0,38,22,60
WFayette,NRockdale,27,4,0,14,13,0,41,17,0,31,27,58
WFayette,NBarrow,1,0,0,1,0,0,2,0,0,1,1,2
WFayette,SBarrow,0,0,0,0,0,0,0,0,0,0,0,0
WFayette,NWBartow,0,0,0,0,0,0,0,0,0,0,0,0
WFayette,NEBartow,0,0,0,0,0,0,0,0,0,0,0,0
WFayette,SWBartow,1,0,0,1,0,0,2,0,0,1,1,2
WFayette,Cartersville,1,0,0,3,1,0,4,1,0,1,4,5
WFayette,NECarroll,66,13,0,12,15,0,78,28,0,79,27,106
WFayette,WCarroll,21,2,0,9,10,0,30,12,0,23,19,42
WFayette,CentralCarroll,190,27,0,124,86,0,314,113,0,217,210,427
WFayette,SECarroll,51,5,0,17,43,0,68,48,0,56,60,116
WFayette,WCoweta,516,93,0,128,440,0,644,533,0,609,568,1177
WFayette,NCoweta,4870,841,0,3362,9365,0,8232,10206,0,5711,12727,18438
WFayette,SCoweta,312,75,0,147,443,0,459,518,0,387,590,977
WFayette,SECoweta,1807,311,0,1880,5155,0,3687,5466,0,2118,7035,9153
WFayette,NForsyth,0,0,0,0,0,0,0,0,0,0,0,0
WFayette,Cumming,1,0,0,2,1,0,3,1,0,1,3,4
WFayette,SForsyth,1,0,0,4,1,0,5,1,0,1,5,6
WFayette,NHall,0,0,0,0,0,0,0,0,0,0,0,0
WFayette,Gainesville,1,0,0,0,0,0,1,0,0,1,0,1
WFayette,SHall,0,0,0,0,0,0,0,0,0,0,0,0
WFayette,WNewton,43,3,0,13,29,0,56,32,0,46,42,88
WFayette,ENewton,2,0,0,2,0,0,4,0,0,2,2,4
WFayette,NPaulding,9,3,0,0,1,0,9,4,0,12,1,13
WFayette,WPaulding,7,2,0,4,6,0,11,8,0,9,10,19
WFayette,EPaulding,64,22,0,18,37,0,82,59,0,86,55,141
WFayette,NSpalding,604,122,0,181,287,0,785,409,0,726,468,1194
WFayette,SSpalding,577,109,0,127,322,0,704,431,0,686,449,1135
WFayette,WWalton,3,0,0,0,0,0,3,0,0,3,0,3
WFayette,EWalton,5,0,0,2,0,0,7,0,0,5,2,7
EFayette,NFulton,39,14,0,15,68,0,54,82,0,53,83,136
EFayette,Roswell,19,4,0,7,15,0,26,19,0,23,22,45
EFayette,SandySprings,182,27,14,30,69,3,212,96,17,223,102,325
EFayette,Buckhead,285,60,19,47,156,2,332,216,21,364,205,569
EFayette,NWAtlanta,179,45,3,43,81,0,222,126,3,227,124,351
EFayette,NEAtlanta,435,82,38,137,230,32,572,312,70,555,399,954
EFayette,SWAtlanta,339,65,7,139,250,7,478,315,14,411,396,807
EFayette,CBDAtlanta,515,115,139,154,341,38,669,456,177,769,533,1302
EFayette,SEAtlanta,399,64,3,174,386,4,573,450,7,466,564,1030
EFayette,SFulton,393,94,0,190,568,0,583,662,0,487,758,1245
EFayette,Tri-Cities,1015,185,5,360,729,2,1375,914,7,1205,1091,2296
EFayette,Shannon,1937,360,4,2037,4975,5,3974,5335,9,2301,7017,9318
EFayette,WCherokee,0,0,0,0,0,0,0,0,0,0,0,0
EFayette,NCherokee,0,0,0,0,1,0,0,1,0,0,1,1
EFayette,ECentCherokee,6,0,0,2,14,0,8,14,0,6,16,22
EFayette,Woodstock,10,1,0,3,3,0,13,4,0,11,6,17
EFayette,Airport,820,156,28,340,914,2,1160,1070,30,1004,1256,2260
EFayette,NEClayton,1395,246,6,694,1794,2,2089,2040,8,1647,2490,4137
EFayette,Riverdale,2143,465,3,3012,8388,12,5155,8853,15,2611,11412,14023
EFayette,SClayton,3260,638,6,3375,9499,6,6635,10137,12,3904,12880,16784
EFayette,NWCobb,35,7,0,15,25,1,50,32,1,42,41,83
EFayette,NECobb,66,5,0,17,19,0,83,24,0,71,36,107
EFayette,SWCobb,51,7,0,17,7,0,68,14,0,58,24,82
EFayette,Marietta,67,16,0,32,22,0,99,38,0,83,54,137
EFayette,Cumberland,392,54,2,46,79,0,438,133,2,448,125,573
EFayette,SCobb,167,37,0,42,111,0,209,148,0,204,153,357
EFayette,Chamblee,171,42,4,26,184,0,197,226,4,217,210,427
EFayette,NWDeKalb,213,38,2,56,124,1,269,162,3,253,181,434
EFayette,NEDeKalb,125,15,3,51,93,1,176,108,4,143,145,288
EFayette,Atlanta-DeKalb,34,6,0,26,33,0,60,39,0,40,59,99
EFayette,Decatur,37,8,2,19,10,3,56,18,5,47,32,79
EFayette,SWDeKalb,132,16,0,47,95,0,179,111,0,148,142,290
EFayette,SEDeKalb,56,15,0,17,79,0,73,94,0,71,96,167
EFayette,SDeKalb,267,33,0,80,225,1,347,258,1,300,306,606
EFayette,WDouglas,155,26,0,48,63,0,203,89,0,181,111,292
EFayette,EDouglas,180,32,0,56,100,0,236,132,0,212,156,368
EFayette,WFayette,4176,750,0,4003,10554,0,8179,11304,0,4926,14557,19483
EFayette,EFayette,14707,2589,0,29914,60303,0,44621,62892,0,17296,90217,107513
EFayette,NGwinnett,6,3,0,6,12,0,12,15,0,9,18,27
EFayette,CentGwinnett,40,14,0,17,42,0,57,56,0,54,59,113
EFayette,EGwinnett,7,1,0,4,5,0,11,6,0,8,9,17
EFayette,Norcross,63,21,0,15,41,0,78,62,0,84,56,140
EFayette,Lilburn,35,6,0,3,34,0,38,40,0,41,37,78
EFayette,Snellville,27,6,0,12,20,0,39,26,0,33,32,65
EFayette,NHenry,610,109,0,250,527,0,860,636,0,719,777,1496
EFayette,EHenry,232,51,0,57,120,0,289,171,0,283,177,460
EFayette,SHenry,1469,270,0,559,1537,0,2028,1807,0,1739,2096,3835
EFayette,SRockdale,72,18,0,10,52,0,82,70,0,90,62,152
EFayette,NRockdale,57,16,0,19,7,0,76,23,0,73,26,99
EFayette,NBarrow,0,0,0,0,0,0,0,0,0,0,0,0
EFayette,SBarrow,1,0,0,0,0,0,1,0,0,1,0,1
EFayette,NWBartow,0,0,0,0,0,0,0,0,0,0,0,0
EFayette,NEBartow,0,0,0,0,0,0,0,0,0,0,0,0
EFayette,SWBartow,0,0,0,0,0,0,0,0,0,0,0,0
EFayette,Cartersville,0,1,0,2,5,0,2,6,0,1,7,8
EFayette,NECarroll,21,3,0,4,15,0,25,18,0,24,19,43
EFayette,WCarroll,8,2,0,7,8,0,15,10,0,10,15,25
EFayette,CentralCarroll,55,12,0,36,21,0,91,33,0,67,57,124
EFayette,SECarroll,11,2,0,0,2,0,11,4,0,13,2,15
EFayette,WCoweta,156,22,0,37,45,0,193,67,0,178,82,260
EFayette,NCoweta,1197,197,0,438,1092,0,1635,1289,0,1394,1530,2924
EFayette,SCoweta,92,23,0,16,46,0,108,69,0,115,62,177
EFayette,SECoweta,620,98,0,413,951,0,1033,1049,0,718,1364,2082
EFayette,NForsyth,0,0,0,0,0,0,0,0,0,0,0,0
EFayette,Cumming,5,0,0,3,4,0,8,4,0,5,7,12
EFayette,SForsyth,5,2,0,2,2,0,7,4,0,7,4,11
EFayette,NHall,0,0,0,0,0,0,0,0,0,0,0,0
EFayette,Gainesville,0,0,0,0,0,0,0,0,0,0,0,0
EFayette,SHall,1,0,0,2,0,0,3,0,0,1,2,3
EFayette,WNewton,96,12,0,22,57,0,118,69,0,108,79,187
EFayette,ENewton,4,0,0,1,4,0,5,4,0,4,5,9
EFayette,NPaulding,6,0,0,2,13,0,8,13,0,6,15,21
EFayette,WPaulding,2,1,0,0,35,0,2,36,0,3,35,38
EFayette,EPaulding,40,16,0,10,20,0,50,36,0,56,30,86
EFayette,NSpalding,847,162,0,489,885,0,1336,1047,0,1009,1374,2383
EFayette,SSpalding,656,111,0,271,474,0,927,585,0,767,745,1512
EFayette,WWalton,10,0,0,3,12,0,13,12,0,10,15,25
EFayette,EWalton,3,1,0,2,0,0,5,1,0,4,2,6
NGwinnett,NFulton,4500,897,2,2126,5939,20,6626,6836,22,5399,8085,13484
NGwinnett,Roswell,982,162,1,259,658,1,1241,820,2,1145,918,2063
NGwinnett,SandySprings,1466,237,13,257,485,11,1723,722,24,1716,753,2469
NGwinnett,Buckhead,1004,172,26,150,375,10,1154,547,36,1202,535,1737
NGwinnett,NWAtlanta,247,56,5,31,124,1,278,180,6,308,156,464
NGwinnett,NEAtlanta,795,130,38,188,462,36,983,592,74,963,686,1649
NGwinnett,SWAtlanta,105,14,1,53,62,5,158,76,6,120,120,240
NGwinnett,CBDAtlanta,459,103,134,90,394,26,549,497,160,696,510,1206
NGwinnett,SEAtlanta,125,23,2,45,99,1,170,122,3,150,145,295
NGwinnett,SFulton,11,8,0,6,15,0,17,23,0,19,21,40
NGwinnett,Tri-Cities,172,33,1,29,94,2,201,127,3,206,125,331
NGwinnett,Shannon,23,2,0,13,18,0,36,20,0,25,31,56
NGwinnett,WCherokee,18,2,0,10,36,0,28,38,0,20,46,66
NGwinnett,NCherokee,34,2,0,7,14,0,41,16,0,36,21,57
NGwinnett,ECentCherokee,343,64,0,91,187,0,434,251,0,407,278,685
NGwinnett,Woodstock,120,27,0,42,116,0,162,143,0,147,158,305
NGwinnett,Airport,56,10,7,5,12,0,61,22,7,73,17,90
NGwinnett,NEClayton,82,10,2,21,44,0,103,54,2,94,65,159
NGwinnett,Riverdale,19,1,1,5,15,0,24,16,1,21,20,41
NGwinnett,SClayton,15,3,0,8,7,0,23,10,0,18,15,33
NGwinnett,NWCobb,123,11,0,50,85,1,173,96,1,134,136,270
NGwinnett,NECobb,333,49,0,81,246,0,414,295,0,382,327,709
NGwinnett,SWCobb,34,2,0,11,8,0,45,10,0,36,19,55
NGwinnett,Marietta,183,22,0,36,129,4,219,151,4,205,169,374
NGwinnett,Cumberland,645,124,0,111,189,1,756,313,1,769,301,1070
NGwinnett,SCobb,93,22,0,33,123,0,126,145,0,115,156,271
NGwinnett,Chamblee,2203,358,11,454,1152,10,2657,1510,21,2572,1616,4188
NGwinnett,NWDeKalb,991,166,2,214,484,7,1205,650,9,1159,705,1864
NGwinnett,NEDeKalb,1756,276,4,427,1086,9,2183,1362,13,2036,1522,3558
NGwinnett,Atlanta-DeKalb,71,8,3,20,39,1,91,47,4,82,60,142
NGwinnett,Decatur,97,15,3,37,53,5,134,68,8,115,95,210
NGwinnett,SWDeKalb,162,29,3,48,160,0,210,189,3,194,208,402
NGwinnett,SEDeKalb,274,52,0,81,209,0,355,261,0,326,290,616
NGwinnett,SDeKalb,216,29,1,66,132,3,282,161,4,246,201,447
NGwinnett,WDouglas,4,0,0,5,4,0,9,4,0,4,9,13
NGwinnett,EDouglas,23,9,0,9,2,0,32,11,0,32,11,43
NGwinnett,WFayette,4,2,0,1,12,0,5,14,0,6,13,19
NGwinnett,EFayette,8,4,0,4,10,0,12,14,0,12,14,26
NGwinnett,NGwinnett,60811,11449,8,102712,256305,4,163523,267754,12,72268,359021,431289
NGwinnett,CentGwinnett,23158,4560,43,21889,58233,46,45047,62793,89,27761,80168,107929
NGwinnett,EGwinnett,6718,1232,1,6218,17526,2,12936,18758,3,7951,23746,31697
NGwinnett,Norcross,5933,960,9,1470,3794,5,7403,4754,14,6902,5269,12171
NGwinnett,Lilburn,1062,189,1,492,1209,0,1554,1398,1,1252,1701,2953
NGwinnett,Snellville,2224,461,0,1046,3024,0,3270,3485,0,2685,4070,6755
NGwinnett,NHenry,42,5,0,25,38,0,67,43,0,47,63,110
NGwinnett,EHenry,36,7,0,16,12,0,52,19,0,43,28,71
NGwinnett,SHenry,21,3,0,11,10,0,32,13,0,24,21,45
NGwinnett,SRockdale,92,18,0,28,30,0,120,48,0,110,58,168
NGwinnett,NRockdale,259,67,0,66,108,0,325,175,0,326,174,500
NGwinnett,NBarrow,2731,510,0,1957,5320,1,4688,5830,1,3241,7278,10519
NGwinnett,SBarrow,1399,293,0,588,1758,0,1987,2051,0,1692,2346,4038
NGwinnett,NWBartow,1,0,0,0,1,0,1,1,0,1,1,2
NGwinnett,NEBartow,5,0,0,2,4,0,7,4,0,5,6,11
NGwinnett,SWBartow,2,0,0,0,5,0,2,5,0,2,5,7
NGwinnett,Cartersville,5,1,0,5,17,0,10,18,0,6,22,28
NGwinnett,NECarroll,1,0,0,0,0,0,1,0,0,1,0,1
NGwinnett,WCarroll,0,0,0,0,0,0,0,0,0,0,0,0
NGwinnett,CentralCarroll,0,0,0,1,0,0,1,0,0,0,1,1
NGwinnett,SECarroll,0,0,0,0,0,0,0,0,0,0,0,0
NGwinnett,WCoweta,0,0,0,0,0,0,0,0,0,0,0,0
NGwinnett,NCoweta,3,2,0,0,5,0,3,7,0,5,5,10
NGwinnett,SCoweta,0,0,0,0,0,0,0,0,0,0,0,0
NGwinnett,SECoweta,0,0,0,1,1,0,1,1,0,0,2,2
NGwinnett,NForsyth,644,107,0,203,765,0,847,872,0,751,968,1719
NGwinnett,Cumming,3614,683,0,2380,6987,0,5994,7670,0,4297,9367,13664
NGwinnett,SForsyth,3382,619,0,2260,6486,0,5642,7105,0,4001,8746,12747
NGwinnett,NHall,460,93,0,114,270,0,574,363,0,553,384,937
NGwinnett,Gainesville,3460,662,0,631,2082,0,4091,2744,0,4122,2713,6835
NGwinnett,SHall,7133,1340,2,6428,15803,1,13561,17143,3,8475,22232,30707
NGwinnett,WNewton,267,56,0,69,192,1,336,248,1,323,262,585
NGwinnett,ENewton,33,7,0,15,22,0,48,29,0,40,37,77
NGwinnett,NPaulding,3,0,0,2,6,0,5,6,0,3,8,11
NGwinnett,WPaulding,0,1,0,1,0,0,1,1,0,1,1,2
NGwinnett,EPaulding,20,0,0,8,11,0,28,11,0,20,19,39
NGwinnett,NSpalding,0,1,0,2,1,0,2,2,0,1,3,4
NGwinnett,SSpalding,0,0,0,1,4,0,1,4,0,0,5,5
NGwinnett,WWalton,749,127,0,223,636,0,972,763,0,876,859,1735
NGwinnett,EWalton,599,133,0,147,404,0,746,537,0,732,551,1283
CentGwinnett,NFulton,8580,1652,14,7539,18788,51,16119,20440,65,10246,26378,36624
CentGwinnett,Roswell,2227,410,0,1076,3221,2,3303,3631,2,2637,4299,6936
CentGwinnett,SandySprings,2882,489,72,641,1385,51,3523,1874,123,3443,2077,5520
CentGwinnett,Buckhead,2102,408,125,329,843,22,2431,1251,147,2635,1194,3829
CentGwinnett,NWAtlanta,529,93,12,80,183,2,609,276,14,634,265,899
CentGwinnett,NEAtlanta,1625,345,149,374,938,108,1999,1283,257,2119,1420,3539
CentGwinnett,SWAtlanta,287,70,16,95,176,14,382,246,30,373,285,658
CentGwinnett,CBDAtlanta,1127,274,455,171,474,122,1298,748,577,1856,767,2623
CentGwinnett,SEAtlanta,297,72,9,88,157,15,385,229,24,378,260,638
CentGwinnett,SFulton,77,23,0,14,39,0,91,62,0,100,53,153
CentGwinnett,Tri-Cities,294,77,11,49,72,1,343,149,12,382,122,504
CentGwinnett,Shannon,83,25,1,32,48,0,115,73,1,109,80,189
CentGwinnett,WCherokee,34,7,0,19,42,0,53,49,0,41,61,102
CentGwinnett,NCherokee,43,5,0,19,53,0,62,58,0,48,72,120
CentGwinnett,ECentCherokee,498,87,0,138,296,0,636,383,0,585,434,1019
CentGwinnett,Woodstock,306,48,0,74,157,0,380,205,0,354,231,585
CentGwinnett,Airport,152,45,39,16,18,1,168,63,40,236,35,271
CentGwinnett,NEClayton,226,60,3,47,101,2,273,161,5,289,150,439
CentGwinnett,Riverdale,60,18,1,19,38,0,79,56,1,79,57,136
CentGwinnett,SClayton,88,19,0,24,48,0,112,67,0,107,72,179
CentGwinnett,NWCobb,280,39,0,100,97,3,380,136,3,319,200,519
CentGwinnett,NECobb,732,118,0,171,437,2,903,555,2,850,610,1460
CentGwinnett,SWCobb,95,14,0,22,101,0,117,115,0,109,123,232
CentGwinnett,Marietta,320,48,0,85,131,7,405,179,7,368,223,591
CentGwinnett,Cumberland,1222,194,2,167,449,1,1389,643,3,1418,617,2035
CentGwinnett,SCobb,240,47,0,47,111,0,287,158,0,287,158,445
CentGwinnett,Chamblee,5090,868,57,1784,3840,64,6874,4708,121,6015,5688,11703
CentGwinnett,NWDeKalb,2038,367,18,601,2183,66,2639,2550,84,2423,2850,5273
CentGwinnett,NEDeKalb,4685,823,12,2265,5696,42,6950,6519,54,5520,8003,13523
CentGwinnett,Atlanta-DeKalb,144,27,5,51,99,2,195,126,7,176,152,328
CentGwinnett,Decatur,290,44,12,85,184,17,375,228,29,346,286,632
CentGwinnett,SWDeKalb,479,84,8,156,360,6,635,444,14,571,522,1093
CentGwinnett,SEDeKalb,983,219,2,457,1387,5,1440,1606,7,1204,1849,3053
CentGwinnett,SDeKalb,617,103,2,184,405,2,801,508,4,722,591,1313
CentGwinnett,WDouglas,30,8,0,20,49,0,50,57,0,38,69,107
CentGwinnett,EDouglas,78,17,0,26,60,0,104,77,0,95,86,181
CentGwinnett,WFayette,21,7,0,7,6,0,28,13,0,28,13,41
CentGwinnett,EFayette,38,11,0,16,29,0,54,40,0,49,45,94
CentGwinnett,NGwinnett,24032,4632,40,22114,58349,46,46146,62981,86,28704,80509,109213
CentGwinnett,CentGwinnett,106659,20220,586,159386,341518,1338,266045,361738,1924,127465,502242,629707
CentGwinnett,EGwinnett,11644,2216,12,11348,33502,38,22992,35718,50,13872,44888,58760
CentGwinnett,Norcross,19867,3641,128,15160,35716,154,35027,39357,282,23636,51030,74666
CentGwinnett,Lilburn,6529,1206,23,6983,19510,54,13512,20716,77,7758,26547,34305
CentGwinnett,Snellville,9412,1768,5,9833,28217,9,19245,29985,14,11185,38059,49244
CentGwinnett,NHenry,176,35,1,44,94,0,220,129,1,212,138,350
CentGwinnett,EHenry,137,26,0,37,73,0,174,99,0,163,110,273
CentGwinnett,SHenry,78,15,0,43,30,0,121,45,0,93,73,166
CentGwinnett,SRockdale,281,52,0,87,195,0,368,247,0,333,282,615
CentGwinnett,NRockdale,733,155,0,185,430,0,918,585,0,888,615,1503
CentGwinnett,NBarrow,1629,300,0,555,1427,0,2184,1727,0,1929,1982,3911
CentGwinnett,SBarrow,1436,256,0,516,1237,0,1952,1493,0,1692,1753,3445
CentGwinnett,NWBartow,3,0,0,1,21,0,4,21,0,3,22,25
CentGwinnett,NEBartow,4,0,0,3,4,0,7,4,0,4,7,11
CentGwinnett,SWBartow,3,0,0,2,28,0,5,28,0,3,30,33
CentGwinnett,Cartersville,16,1,0,10,14,0,26,15,0,17,24,41
CentGwinnett,NECarroll,4,3,0,2,1,0,6,4,0,7,3,10
CentGwinnett,WCarroll,0,0,0,1,0,0,1,0,0,0,1,1
CentGwinnett,CentralCarroll,3,0,0,3,1,0,6,1,0,3,4,7
CentGwinnett,SECarroll,1,0,0,1,0,0,2,0,0,1,1,2
CentGwinnett,WCoweta,1,0,0,1,1,0,2,1,0,1,2,3
CentGwinnett,NCoweta,13,3,0,12,4,0,25,7,0,16,16,32
CentGwinnett,SCoweta,0,0,0,0,0,0,0,0,0,0,0,0
CentGwinnett,SECoweta,2,0,0,1,28,0,3,28,0,2,29,31
CentGwinnett,NForsyth,483,95,0,134,326,0,617,421,0,578,460,1038
CentGwinnett,Cumming,1985,356,0,661,1933,2,2646,2289,2,2341,2596,4937
CentGwinnett,SForsyth,3140,633,3,2042,5641,1,5182,6274,4,3776,7684,11460
CentGwinnett,NHall,249,46,0,93,242,0,342,288,0,295,335,630
CentGwinnett,Gainesville,1206,229,0,200,484,0,1406,713,0,1435,684,2119
CentGwinnett,SHall,2388,419,0,817,1903,0,3205,2322,0,2807,2720,5527
CentGwinnett,WNewton,696,135,0,154,297,0,850,432,0,831,451,1282
CentGwinnett,ENewton,92,17,0,25,50,0,117,67,0,109,75,184
CentGwinnett,NPaulding,21,8,0,8,12,0,29,20,0,29,20,49
CentGwinnett,WPaulding,4,0,0,2,10,0,6,10,0,4,12,16
CentGwinnett,EPaulding,65,8,0,30,17,0,95,25,0,73,47,120
CentGwinnett,NSpalding,5,0,0,3,12,0,8,12,0,5,15,20
CentGwinnett,SSpalding,2,2,0,0,9,0,2,11,0,4,9,13
CentGwinnett,WWalton,1836,345,0,792,2234,2,2628,2579,2,2181,3028,5209
CentGwinnett,EWalton,937,179,0,254,593,0,1191,772,0,1116,847,1963
EGwinnett,NFulton,818,145,1,155,414,3,973,559,4,964,572,1536
EGwinnett,Roswell,235,36,0,44,59,0,279,95,0,271,103,374
EGwinnett,SandySprings,641,89,3,103,143,5,744,232,8,733,251,984
EGwinnett,Buckhead,481,67,6,61,195,2,542,262,8,554,258,812
EGwinnett,NWAtlanta,136,26,0,21,37,0,157,63,0,162,58,220
EGwinnett,NEAtlanta,369,64,14,86,251,20,455,315,34,447,357,804
EGwinnett,SWAtlanta,47,9,1,25,50,3,72,59,4,57,78,135
EGwinnett,CBDAtlanta,293,60,45,49,155,24,342,215,69,398,228,626
EGwinnett,SEAtlanta,72,13,0,21,46,1,93,59,1,85,68,153
EGwinnett,SFulton,11,3,0,2,1,0,13,4,0,14,3,17
EGwinnett,Tri-Cities,76,27,0,14,50,0,90,77,0,103,64,167
EGwinnett,Shannon,12,4,0,3,10,0,15,14,0,16,13,29
EGwinnett,WCherokee,1,0,0,1,0,0,2,0,0,1,1,2
EGwinnett,NCherokee,4,1,0,1,1,0,5,2,0,5,2,7
EGwinnett,ECentCherokee,31,3,0,13,14,0,44,17,0,34,27,61
EGwinnett,Woodstock,26,1,0,6,2,0,32,3,0,27,8,35
EGwinnett,Airport,49,9,4,3,5,0,52,14,4,62,8,70
EGwinnett,NEClayton,75,16,0,8,23,0,83,39,0,91,31,122
EGwinnett,Riverdale,6,0,0,4,30,0,10,30,0,6,34,40
EGwinnett,SClayton,8,3,0,8,15,0,16,18,0,11,23,34
EGwinnett,NWCobb,42,2,0,15,56,1,57,58,1,44,72,116
EGwinnett,NECobb,118,12,0,29,63,0,147,75,0,130,92,222
EGwinnett,SWCobb,12,2,0,2,5,0,14,7,0,14,7,21
EGwinnett,Marietta,61,11,0,23,49,4,84,60,4,72,76,148
EGwinnett,Cumberland,322,50,1,36,47,1,358,97,2,373,84,457
EGwinnett,SCobb,43,9,0,10,26,0,53,35,0,52,36,88
EGwinnett,Chamblee,952,158,3,187,352,5,1139,510,8,1113,544,1657
EGwinnett,NWDeKalb,503,112,2,133,411,8,636,523,10,617,552,1169
EGwinnett,NEDeKalb,1160,198,1,297,758,5,1457,956,6,1359,1060,2419
EGwinnett,Atlanta-DeKalb,36,4,0,10,24,0,46,28,0,40,34,74
EGwinnett,Decatur,65,6,1,33,64,2,98,70,3,72,99,171
EGwinnett,SWDeKalb,138,24,1,53,97,0,191,121,1,163,150,313
EGwinnett,SEDeKalb,286,48,0,125,433,2,411,481,2,334,560,894
EGwinnett,SDeKalb,183,34,0,75,161,2,258,195,2,217,238,455
EGwinnett,WDouglas,2,0,0,1,0,0,3,0,0,2,1,3
EGwinnett,EDouglas,12,2,0,3,32,0,15,34,0,14,35,49
EGwinnett,WFayette,2,0,0,1,0,0,3,0,0,2,1,3
EGwinnett,EFayette,7,1,0,2,5,0,9,6,0,8,7,15
EGwinnett,NGwinnett,6481,1249,1,6209,17759,1,12690,19008,2,7731,23969,31700
EGwinnett,CentGwinnett,11009,1991,13,11256,32742,41,22265,34733,54,13013,44039,57052
EGwinnett,EGwinnett,11739,2147,0,25705,69424,4,37444,71571,4,13886,95133,109019
EGwinnett,Norcross,2369,358,1,400,1150,1,2769,1508,2,2728,1551,4279
EGwinnett,Lilburn,904,173,0,480,1785,0,1384,1958,0,1077,2265,3342
EGwinnett,Snellville,3798,719,0,5843,17693,1,9641,18412,1,4517,23537,28054
EGwinnett,NHenry,39,9,0,11,22,0,50,31,0,48,33,81
EGwinnett,EHenry,26,5,0,10,22,0,36,27,0,31,32,63
EGwinnett,SHenry,44,9,0,10,38,0,54,47,0,53,48,101
EGwinnett,SRockdale,105,26,0,19,45,0,124,71,0,131,64,195
EGwinnett,NRockdale,486,94,0,118,389,0,604,483,0,580,507,1087
EGwinnett,NBarrow,1435,279,0,967,3484,0,2402,3763,0,1714,4451,6165
EGwinnett,SBarrow,1279,247,0,1180,3409,0,2459,3656,0,1526,4589,6115
EGwinnett,NWBartow,1,0,0,0,0,0,1,0,0,1,0,1
EGwinnett,NEBartow,0,0,0,0,0,0,0,0,0,0,0,0
EGwinnett,SWBartow,0,0,0,0,0,0,0,0,0,0,0,0
EGwinnett,Cartersville,1,1,0,0,2,0,1,3,0,2,2,4
EGwinnett,NECarroll,0,0,0,1,0,0,1,0,0,0,1,1
EGwinnett,WCarroll,0,0,0,0,0,0,0,0,0,0,0,0
EGwinnett,CentralCarroll,0,0,0,1,0,0,1,0,0,0,1,1
EGwinnett,SECarroll,0,0,0,1,0,0,1,0,0,0,1,1
EGwinnett,WCoweta,0,0,0,0,0,0,0,0,0,0,0,0
EGwinnett,NCoweta,2,0,0,0,1,0,2,1,0,2,1,3
EGwinnett,SCoweta,0,0,0,0,0,0,0,0,0,0,0,0
EGwinnett,SECoweta,0,0,0,0,0,0,0,0,0,0,0,0
EGwinnett,NForsyth,46,4,0,12,22,0,58,26,0,50,34,84
EGwinnett,Cumming,264,49,0,56,180,0,320,229,0,313,236,549
EGwinnett,SForsyth,402,61,0,70,169,0,472,230,0,463,239,702
EGwinnett,NHall,44,10,0,17,32,0,61,42,0,54,49,103
EGwinnett,Gainesville,434,85,0,51,132,0,485,217,0,519,183,702
EGwinnett,SHall,623,115,0,293,630,0,916,745,0,738,923,1661
EGwinnett,WNewton,396,63,0,99,351,0,495,414,0,459,450,909
EGwinnett,ENewton,26,7,0,22,36,0,48,43,0,33,58,91
EGwinnett,NPaulding,0,0,0,1,0,0,1,0,0,0,1,1
EGwinnett,WPaulding,0,0,0,0,0,0,0,0,0,0,0,0
EGwinnett,EPaulding,2,0,0,1,22,0,3,22,0,2,23,25
EGwinnett,NSpalding,3,1,0,3,1,0,6,2,0,4,4,8
EGwinnett,SSpalding,1,0,0,2,0,0,3,0,0,1,2,3
EGwinnett,WWalton,1310,230,0,1558,4768,0,2868,4998,0,1540,6326,7866
EGwinnett,EWalton,860,150,0,440,1089,0,1300,1239,0,1010,1529,2539
Norcross,NFulton,6894,1395,34,4020,10280,34,10914,11675,68,8323,14334,22657
Norcross,Roswell,4920,897,12,3696,9452,5,8616,10349,17,5829,13153,18982
Norcross,SandySprings,5232,940,103,3339,6844,90,8571,7784,193,6275,10273,16548
Norcross,Buckhead,2986,555,228,781,2038,108,3767,2593,336,3769,2927,6696
Norcross,NWAtlanta,608,170,41,104,212,12,712,382,53,819,328,1147
Norcross,NEAtlanta,2209,464,309,644,1671,290,2853,2135,599,2982,2605,5587
Norcross,SWAtlanta,373,109,55,109,166,19,482,275,74,537,294,831
Norcross,CBDAtlanta,1252,312,740,263,845,255,1515,1157,995,2304,1363,3667
Norcross,SEAtlanta,393,115,47,98,195,22,491,310,69,555,315,870
Norcross,SFulton,124,42,3,28,41,0,152,83,3,169,69,238
Norcross,Tri-Cities,339,110,32,47,157,2,386,267,34,481,206,687
Norcross,Shannon,150,45,6,21,49,0,171,94,6,201,70,271
Norcross,WCherokee,51,12,0,10,40,0,61,52,0,63,50,113
Norcross,NCherokee,33,3,0,7,47,0,40,50,0,36,54,90
Norcross,ECentCherokee,569,111,0,122,261,0,691,372,0,680,383,1063
Norcross,Woodstock,658,103,0,102,278,0,760,381,0,761,380,1141
Norcross,Airport,156,43,75,9,22,1,165,65,76,274,32,306
Norcross,NEClayton,333,81,2,46,114,1,379,195,3,416,161,577
Norcross,Riverdale,134,53,6,19,67,1,153,120,7,193,87,280
Norcross,SClayton,143,48,2,29,47,0,172,95,2,193,76,269
Norcross,NWCobb,569,106,3,85,121,2,654,227,5,678,208,886
Norcross,NECobb,1439,246,1,388,871,0,1827,1117,1,1686,1259,2945
Norcross,SWCobb,222,38,0,45,53,0,267,91,0,260,98,358
Norcross,Marietta,402,80,1,140,141,7,542,221,8,483,288,771
Norcross,Cumberland,1682,335,17,311,617,1,1993,952,18,2034,929,2963
Norcross,SCobb,462,88,4,88,245,0,550,333,4,554,333,887
Norcross,Chamblee,10575,2047,167,10648,23707,233,21223,25754,400,12789,34588,47377
Norcross,NWDeKalb,2609,552,32,1325,4676,196,3934,5228,228,3193,6197,9390
Norcross,NEDeKalb,7982,1571,61,8732,21245,122,16714,22816,183,9614,30099,39713
Norcross,Atlanta-DeKalb,209,33,6,82,240,11,291,273,17,248,333,581
Norcross,Decatur,300,57,12,192,406,41,492,463,53,369,639,1008
Norcross,SWDeKalb,747,145,16,307,912,12,1054,1057,28,908,1231,2139
Norcross,SEDeKalb,1318,268,15,472,1250,1,1790,1518,16,1601,1723,3324
Norcross,SDeKalb,800,151,7,168,486,3,968,637,10,958,657,1615
Norcross,WDouglas,71,20,0,19,28,0,90,48,0,91,47,138
Norcross,EDouglas,147,38,0,35,56,0,182,94,0,185,91,276
Norcross,WFayette,47,12,0,7,32,0,54,44,0,59,39,98
Norcross,EFayette,57,20,0,14,57,0,71,77,0,77,71,148
Norcross,NGwinnett,5917,1040,10,1533,3849,5,7450,4889,15,6967,5387,12354
Norcross,CentGwinnett,20681,3881,135,15423,35839,169,36104,39720,304,24697,51431,76128
Norcross,EGwinnett,2189,370,1,401,1144,1,2590,1514,2,2560,1546,4106
Norcross,Norcross,56663,10758,487,79386,150424,768,136049,161182,1255,67908,230578,298486
Norcross,Lilburn,7796,1453,51,8278,22240,77,16074,23693,128,9300,30595,39895
Norcross,Snellville,3216,574,6,987,3016,4,4203,3590,10,3796,4007,7803
Norcross,NHenry,260,57,0,43,148,0,303,205,0,317,191,508
Norcross,EHenry,181,24,0,24,43,0,205,67,0,205,67,272
Norcross,SHenry,160,39,0,31,69,0,191,108,0,199,100,299
Norcross,SRockdale,239,44,2,33,107,0,272,151,2,285,140,425
Norcross,NRockdale,356,74,1,55,167,0,411,241,1,431,222,653
Norcross,NBarrow,488,84,0,65,191,0,553,275,0,572,256,828
Norcross,SBarrow,449,62,0,62,125,0,511,187,0,511,187,698
Norcross,NWBartow,6,2,0,4,7,0,10,9,0,8,11,19
Norcross,NEBartow,10,5,0,5,6,0,15,11,0,15,11,26
Norcross,SWBartow,13,3,0,3,17,0,16,20,0,16,20,36
Norcross,Cartersville,59,15,0,21,17,0,80,32,0,74,38,112
Norcross,NECarroll,7,2,0,3,14,0,10,16,0,9,17,26
Norcross,WCarroll,0,0,0,0,1,0,0,1,0,0,1,1
Norcross,CentralCarroll,6,2,0,3,0,0,9,2,0,8,3,11
Norcross,SECarroll,2,2,0,0,0,0,2,2,0,4,0,4
Norcross,WCoweta,5,0,0,1,5,0,6,5,0,5,6,11
Norcross,NCoweta,43,8,0,9,34,0,52,42,0,51,43,94
Norcross,SCoweta,1,0,0,1,0,0,2,0,0,1,1,2
Norcross,SECoweta,6,0,0,1,3,0,7,3,0,6,4,10
Norcross,NForsyth,343,53,0,53,148,0,396,201,0,396,201,597
Norcross,Cumming,1261,205,0,249,615,0,1510,820,0,1466,864,2330
Norcross,SForsyth,1792,382,5,702,2090,5,2494,2472,10,2179,2797,4976
Norcross,NHall,123,13,0,21,49,0,144,62,0,136,70,206
Norcross,Gainesville,425,65,0,74,150,0,499,215,0,490,224,714
Norcross,SHall,1018,137,0,137,317,0,1155,454,0,1155,454,1609
Norcross,WNewton,341,67,0,41,86,0,382,153,0,408,127,535
Norcross,ENewton,43,7,0,11,10,0,54,17,0,50,21,71
Norcross,NPaulding,69,9,0,6,31,0,75,40,0,78,37,115
Norcross,WPaulding,12,1,0,3,9,0,15,10,0,13,12,25
Norcross,EPaulding,182,40,0,24,45,0,206,85,0,222,69,291
Norcross,NSpalding,19,6,0,1,1,0,20,7,0,25,2,27
Norcross,SSpalding,13,1,0,3,1,0,16,2,0,14,4,18
Norcross,WWalton,501,112,0,100,265,0,601,377,0,613,365,978
Norcross,EWalton,281,42,0,52,117,0,333,159,0,323,169,492
Lilburn,NFulton,794,160,5,340,1010,5,1134,1170,10,959,1355,2314
Lilburn,Roswell,470,75,1,166,540,0,636,615,1,546,706,1252
Lilburn,SandySprings,974,170,18,295,468,22,1269,638,40,1162,785,1947
Lilburn,Buckhead,830,157,44,198,522,14,1028,679,58,1031,734,1765
Lilburn,NWAtlanta,222,45,4,43,106,1,265,151,5,271,150,421
Lilburn,NEAtlanta,832,127,68,318,675,49,1150,802,117,1027,1042,2069
Lilburn,SWAtlanta,123,27,7,54,52,7,177,79,14,157,113,270
Lilburn,CBDAtlanta,603,131,230,150,531,94,753,662,324,964,775,1739
Lilburn,SEAtlanta,162,30,4,65,129,5,227,159,9,196,199,395
Lilburn,SFulton,30,9,0,9,26,0,39,35,0,39,35,74
Lilburn,Tri-Cities,173,35,5,17,39,1,190,74,6,213,57,270
Lilburn,Shannon,53,11,0,7,17,0,60,28,0,64,24,88
Lilburn,WCherokee,2,0,0,2,13,0,4,13,0,2,15,17
Lilburn,NCherokee,1,1,0,2,0,0,3,1,0,2,2,4
Lilburn,ECentCherokee,55,13,0,23,45,0,78,58,0,68,68,136
Lilburn,Woodstock,52,6,0,17,56,0,69,62,0,58,73,131
Lilburn,Airport,121,17,19,7,12,0,128,29,19,157,19,176
Lilburn,NEClayton,197,36,0,35,41,0,232,77,0,233,76,309
Lilburn,Riverdale,51,15,0,14,16,0,65,31,0,66,30,96
Lilburn,SClayton,57,11,0,23,24,0,80,35,0,68,47,115
Lilburn,NWCobb,86,25,0,51,24,1,137,49,1,111,76,187
Lilburn,NECobb,210,29,0,45,223,0,255,252,0,239,268,507
Lilburn,SWCobb,24,8,0,5,38,0,29,46,0,32,43,75
Lilburn,Marietta,113,14,1,37,33,0,150,47,1,128,70,198
Lilburn,Cumberland,479,82,0,73,117,0,552,199,0,561,190,751
Lilburn,SCobb,91,9,0,22,98,0,113,107,0,100,120,220
Lilburn,Chamblee,1837,297,22,975,2386,13,2812,2683,35,2156,3374,5530
Lilburn,NWDeKalb,1561,263,19,864,3106,58,2425,3369,77,1843,4028,5871
Lilburn,NEDeKalb,5900,1018,56,6901,18164,80,12801,19182,136,6974,25145,32119
Lilburn,Atlanta-DeKalb,92,16,3,69,193,2,161,209,5,111,264,375
Lilburn,Decatur,201,29,10,159,386,28,360,415,38,240,573,813
Lilburn,SWDeKalb,523,86,7,355,1028,8,878,1114,15,616,1391,2007
Lilburn,SEDeKalb,1494,293,4,1946,6014,8,3440,6307,12,1791,7968,9759
Lilburn,SDeKalb,547,111,0,304,897,2,851,1008,2,658,1203,1861
Lilburn,WDouglas,13,3,0,11,14,0,24,17,0,16,25,41
Lilburn,EDouglas,44,13,0,19,34,0,63,47,0,57,53,110
Lilburn,WFayette,10,1,0,3,20,0,13,21,0,11,23,34
Lilburn,EFayette,23,3,0,5,32,0,28,35,0,26,37,63
Lilburn,NGwinnett,1202,213,1,467,1211,1,1669,1424,2,1416,1679,3095
Lilburn,CentGwinnett,6757,1272,23,7045,19900,58,13802,21172,81,8052,27003,35055
Lilburn,EGwinnett,946,168,0,504,1757,0,1450,1925,0,1114,2261,3375
Lilburn,Norcross,7412,1403,51,8151,22205,82,15563,23608,133,8866,30438,39304
Lilburn,Lilburn,12462,2536,30,28357,64726,113,40819,67262,143,15028,93196,108224
Lilburn,Snellville,3942,762,0,5492,15766,4,9434,16528,4,4704,21262,25966
Lilburn,NHenry,110,31,0,40,119,0,150,150,0,141,159,300
Lilburn,EHenry,115,13,0,27,63,0,142,76,0,128,90,218
Lilburn,SHenry,74,14,0,24,32,0,98,46,0,88,56,144
Lilburn,SRockdale,252,62,0,95,361,0,347,423,0,314,456,770
Lilburn,NRockdale,560,112,0,254,535,0,814,647,0,672,789,1461
Lilburn,NBarrow,133,31,0,37,65,0,170,96,0,164,102,266
Lilburn,SBarrow,132,19,0,38,140,0,170,159,0,151,178,329
Lilburn,NWBartow,0,0,0,0,0,0,0,0,0,0,0,0
Lilburn,NEBartow,0,1,0,1,0,0,1,1,0,1,1,2
Lilburn,SWBartow,1,1,0,0,2,0,1,3,0,2,2,4
Lilburn,Cartersville,5,1,0,7,6,0,12,7,0,6,13,19
Lilburn,NECarroll,1,1,0,1,10,0,2,11,0,2,11,13
Lilburn,WCarroll,0,0,0,0,0,0,0,0,0,0,0,0
Lilburn,CentralCarroll,3,0,0,2,0,0,5,0,0,3,2,5
Lilburn,SECarroll,0,0,0,0,0,0,0,0,0,0,0,0
Lilburn,WCoweta,1,0,0,0,1,0,1,1,0,1,1,2
Lilburn,NCoweta,7,1,0,9,17,0,16,18,0,8,26,34
Lilburn,SCoweta,0,0,0,0,4,0,0,4,0,0,4,4
Lilburn,SECoweta,0,0,0,0,0,0,0,0,0,0,0,0
Lilburn,NForsyth,30,6,0,17,37,0,47,43,0,36,54,90
Lilburn,Cumming,114,21,0,41,97,1,155,118,1,135,139,274
Lilburn,SForsyth,238,40,0,68,210,0,306,250,0,278,278,556
Lilburn,NHall,20,0,0,4,10,0,24,10,0,20,14,34
Lilburn,Gainesville,93,18,0,22,49,0,115,67,0,111,71,182
Lilburn,SHall,166,33,0,54,123,0,220,156,0,199,177,376
Lilburn,WNewton,338,53,0,70,232,0,408,285,0,391,302,693
Lilburn,ENewton,32,3,0,9,43,0,41,46,0,35,52,87
Lilburn,NPaulding,5,0,0,4,1,0,9,1,0,5,5,10
Lilburn,WPaulding,4,0,0,1,1,0,5,1,0,4,2,6
Lilburn,EPaulding,16,4,0,3,32,0,19,36,0,20,35,55
Lilburn,NSpalding,7,1,0,5,1,0,12,2,0,8,6,14
Lilburn,SSpalding,0,1,0,1,1,0,1,2,0,1,2,3
Lilburn,WWalton,487,90,0,201,602,0,688,692,0,577,803,1380
Lilburn,EWalton,188,35,0,41,108,0,229,143,0,223,149,372
Snellville,NFulton,865,155,1,204,495,4,1069,650,5,1021,703,1724
Snellville,Roswell,314,69,0,62,176,1,376,245,1,383,239,622
Snellville,SandySprings,761,118,10,156,292,13,917,410,23,889,461,1350
Snellville,Buckhead,781,104,24,163,388,10,944,492,34,909,561,1470
Snellville,NWAtlanta,242,37,1,26,80,4,268,117,5,280,110,390
Snellville,NEAtlanta,728,142,41,328,583,53,1056,725,94,911,964,1875
Snellville,SWAtlanta,156,20,8,95,126,14,251,146,22,184,235,419
Snellville,CBDAtlanta,727,118,197,172,412,80,899,530,277,1042,664,1706
Snellville,SEAtlanta,211,39,3,57,86,10,268,125,13,253,153,406
Snellville,SFulton,29,4,0,4,13,0,33,17,0,33,17,50
Snellville,Tri-Cities,204,42,2,27,70,1,231,112,3,248,98,346
Snellville,Shannon,55,11,0,6,35,0,61,46,0,66,41,107
Snellville,WCherokee,1,2,0,1,1,0,2,3,0,3,2,5
Snellville,NCherokee,1,0,0,0,21,0,1,21,0,1,21,22
Snellville,ECentCherokee,34,5,0,24,36,0,58,41,0,39,60,99
Snellville,Woodstock,47,3,0,5,40,0,52,43,0,50,45,95
Snellville,Airport,159,31,15,11,23,0,170,54,15,205,34,239
Snellville,NEClayton,228,48,0,45,88,1,273,136,1,276,134,410
Snellville,Riverdale,48,11,0,13,66,0,61,77,0,59,79,138
Snellville,SClayton,46,15,0,14,22,1,60,37,1,61,37,98
Snellville,NWCobb,59,9,0,32,41,2,91,50,2,68,75,143
Snellville,NECobb,132,23,0,41,44,0,173,67,0,155,85,240
Snellville,SWCobb,23,3,0,8,56,0,31,59,0,26,64,90
Snellville,Marietta,103,12,0,31,30,3,134,42,3,115,64,179
Snellville,Cumberland,408,69,4,43,89,0,451,158,4,481,132,613
Snellville,SCobb,99,15,0,19,32,0,118,47,0,114,51,165
Snellville,Chamblee,1229,222,14,280,712,10,1509,934,24,1465,1002,2467
Snellville,NWDeKalb,1427,258,9,544,2546,33,1971,2804,42,1694,3123,4817
Snellville,NEDeKalb,3138,600,9,2045,6900,59,5183,7500,68,3747,9004,12751
Snellville,Atlanta-DeKalb,116,16,3,42,146,2,158,162,5,135,190,325
Snellville,Decatur,223,31,10,122,285,16,345,316,26,264,423,687
Snellville,SWDeKalb,487,114,5,258,992,6,745,1106,11,606,1256,1862
Snellville,SEDeKalb,1817,352,5,1955,6749,15,3772,7101,20,2174,8719,10893
Snellville,SDeKalb,777,146,3,433,1377,4,1210,1523,7,926,1814,2740
Snellville,WDouglas,12,5,0,9,4,0,21,9,0,17,13,30
Snellville,EDouglas,51,9,0,16,33,0,67,42,0,60,49,109
Snellville,WFayette,13,2,0,6,7,0,19,9,0,15,13,28
Snellville,EFayette,37,8,0,9,21,0,46,29,0,45,30,75
Snellville,NGwinnett,2272,412,0,1075,2855,0,3347,3267,0,2684,3930,6614
Snellville,CentGwinnett,9162,1793,5,9699,28454,9,18861,30247,14,10960,38162,49122
Snellville,EGwinnett,3853,772,0,5838,17691,1,9691,18463,1,4625,23530,28155
Snellville,Norcross,3182,548,6,993,3041,4,4175,3589,10,3736,4038,7774
Snellville,Lilburn,3668,673,0,5432,14958,4,9100,15631,4,4341,20394,24735
Snellville,Snellville,23029,4523,2,53804,132782,4,76833,137305,6,27554,186590,214144
Snellville,NHenry,184,28,0,65,110,0,249,138,0,212,175,387
Snellville,EHenry,173,24,0,51,94,0,224,118,0,197,145,342
Snellville,SHenry,172,34,0,42,96,0,214,130,0,206,138,344
Snellville,SRockdale,449,84,0,189,704,0,638,788,0,533,893,1426
Snellville,NRockdale,1913,422,0,1156,3301,0,3069,3723,0,2335,4457,6792
Snellville,NBarrow,325,58,0,104,299,0,429,357,0,383,403,786
Snellville,SBarrow,341,69,0,146,461,0,487,530,0,410,607,1017
Snellville,NWBartow,0,0,0,0,0,0,0,0,0,0,0,0
Snellville,NEBartow,1,0,0,0,4,0,1,4,0,1,4,5
Snellville,SWBartow,1,0,0,0,0,0,1,0,0,1,0,1
Snellville,Cartersville,0,0,0,4,0,0,4,0,0,0,4,4
Snellville,NECarroll,2,0,0,1,8,0,3,8,0,2,9,11
Snellville,WCarroll,0,0,0,0,0,0,0,0,0,0,0,0
Snellville,CentralCarroll,0,0,0,3,4,0,3,4,0,0,7,7
Snellville,SECarroll,0,0,0,0,0,0,0,0,0,0,0,0
Snellville,WCoweta,0,1,0,1,0,0,1,1,0,1,1,2
Snellville,NCoweta,10,0,0,7,5,0,17,5,0,10,12,22
Snellville,SCoweta,0,0,0,0,0,0,0,0,0,0,0,0
Snellville,SECoweta,0,0,0,1,0,0,1,0,0,0,1,1
Snellville,NForsyth,23,8,0,17,9,0,40,17,0,31,26,57
Snellville,Cumming,164,29,0,47,131,0,211,160,0,193,178,371
Snellville,SForsyth,278,46,0,52,214,0,330,260,0,324,266,590
Snellville,NHall,14,5,0,12,16,0,26,21,0,19,28,47
Snellville,Gainesville,204,34,0,23,100,0,227,134,0,238,123,361
Snellville,SHall,266,37,0,107,211,0,373,248,0,303,318,621
Snellville,WNewton,1022,174,0,326,958,0,1348,1132,0,1196,1284,2480
Snellville,ENewton,76,13,0,57,34,0,133,47,0,89,91,180
Snellville,NPaulding,0,0,0,1,10,0,1,10,0,0,11,11
Snellville,WPaulding,0,0,0,0,0,0,0,0,0,0,0,0
Snellville,EPaulding,4,5,0,8,10,0,12,15,0,9,18,27
Snellville,NSpalding,17,6,0,6,36,0,23,42,0,23,42,65
Snellville,SSpalding,8,0,0,1,9,0,9,9,0,8,10,18
Snellville,WWalton,2467,448,1,3025,9387,0,5492,9835,1,2916,12412,15328
Snellville,EWalton,808,139,0,310,806,0,1118,945,0,947,1116,2063
NHenry,NFulton,68,18,0,9,17,1,77,35,1,86,27,113
NHenry,Roswell,56,11,0,14,31,0,70,42,0,67,45,112
NHenry,SandySprings,264,70,16,50,131,3,314,201,19,350,184,534
NHenry,Buckhead,451,129,26,77,169,2,528,298,28,606,248,854
NHenry,NWAtlanta,270,53,2,53,123,0,323,176,2,325,176,501
NHenry,NEAtlanta,741,159,47,254,484,35,995,643,82,947,773,1720
NHenry,SWAtlanta,285,61,5,133,211,12,418,272,17,351,356,707
NHenry,CBDAtlanta,1020,178,203,268,629,66,1288,807,269,1401,963,2364
NHenry,SEAtlanta,758,133,4,312,898,13,1070,1031,17,895,1223,2118
NHenry,SFulton,144,24,0,33,92,0,177,116,0,168,125,293
NHenry,Tri-Cities,1074,209,15,200,585,2,1274,794,17,1298,787,2085
NHenry,Shannon,360,63,2,118,397,0,478,460,2,425,515,940
NHenry,WCherokee,0,0,0,1,2,0,1,2,0,0,3,3
NHenry,NCherokee,0,0,0,0,0,0,0,0,0,0,0,0
NHenry,ECentCherokee,7,0,0,1,3,0,8,3,0,7,4,11
NHenry,Woodstock,7,1,0,6,18,0,13,19,0,8,24,32
NHenry,Airport,846,131,32,158,341,0,1004,472,32,1009,499,1508
NHenry,NEClayton,4130,813,12,4702,14143,25,8832,14956,37,4955,18870,23825
NHenry,Riverdale,716,163,1,626,1902,1,1342,2065,2,880,2529,3409
NHenry,SClayton,3172,693,7,4727,12283,4,7899,12976,11,3872,17014,20886
NHenry,NWCobb,38,14,0,21,28,0,59,42,0,52,49,101
NHenry,NECobb,89,21,0,16,59,0,105,80,0,110,75,185
NHenry,SWCobb,21,3,0,7,23,0,28,26,0,24,30,54
NHenry,Marietta,83,7,0,16,30,1,99,37,1,90,47,137
NHenry,Cumberland,337,91,3,44,97,0,381,188,3,431,141,572
NHenry,SCobb,135,29,0,32,77,0,167,106,0,164,109,273
NHenry,Chamblee,394,73,8,60,153,1,454,226,9,475,214,689
NHenry,NWDeKalb,662,127,7,248,663,8,910,790,15,796,919,1715
NHenry,NEDeKalb,587,111,1,201,483,10,788,594,11,699,694,1393
NHenry,Atlanta-DeKalb,153,37,1,94,224,0,247,261,1,191,318,509
NHenry,Decatur,175,21,8,105,285,17,280,306,25,204,407,611
NHenry,SWDeKalb,617,106,9,409,1194,1,1026,1300,10,732,1604,2336
NHenry,SEDeKalb,655,138,1,436,1216,4,1091,1354,5,794,1656,2450
NHenry,SDeKalb,1943,422,6,2576,8863,35,4519,9285,41,2371,11474,13845
NHenry,WDouglas,25,10,0,12,31,0,37,41,0,35,43,78
NHenry,EDouglas,79,11,0,19,18,0,98,29,0,90,37,127
NHenry,WFayette,280,34,0,65,154,0,345,188,0,314,219,533
NHenry,EFayette,570,96,0,258,571,0,828,667,0,666,829,1495
NHenry,NGwinnett,49,6,0,19,46,0,68,52,0,55,65,120
NHenry,CentGwinnett,185,42,1,47,111,0,232,153,1,228,158,386
NHenry,EGwinnett,35,11,0,10,20,0,45,31,0,46,30,76
NHenry,Norcross,290,55,0,49,80,0,339,135,0,345,129,474
NHenry,Lilburn,132,30,0,37,161,0,169,191,0,162,198,360
NHenry,Snellville,195,36,0,61,112,0,256,148,0,231,173,404
NHenry,NHenry,12570,2522,2,28555,65121,10,41125,67643,12,15094,93686,108780
NHenry,EHenry,2279,449,0,2731,8115,2,5010,8564,2,2728,10848,13576
NHenry,SHenry,4425,926,0,4446,11375,0,8871,12301,0,5351,15821,21172
NHenry,SRockdale,785,172,0,573,2136,0,1358,2308,0,957,2709,3666
NHenry,NRockdale,658,109,0,248,688,0,906,797,0,767,936,1703
NHenry,NBarrow,13,0,0,2,3,0,15,3,0,13,5,18
NHenry,SBarrow,10,1,0,3,6,0,13,7,0,11,9,20
NHenry,NWBartow,1,0,0,1,0,0,2,0,0,1,1,2
NHenry,NEBartow,0,0,0,0,0,0,0,0,0,0,0,0
NHenry,SWBartow,0,0,0,0,0,0,0,0,0,0,0,0
NHenry,Cartersville,5,1,0,3,0,0,8,1,0,6,3,9
NHenry,NECarroll,5,1,0,3,1,0,8,2,0,6,4,10
NHenry,WCarroll,0,0,0,1,25,0,1,25,0,0,26,26
NHenry,CentralCarroll,6,1,0,5,19,0,11,20,0,7,24,31
NHenry,SECarroll,2,0,0,2,0,0,4,0,0,2,2,4
NHenry,WCoweta,13,3,0,6,4,0,19,7,0,16,10,26
NHenry,NCoweta,116,17,0,25,74,0,141,91,0,133,99,232
NHenry,SCoweta,8,0,0,3,9,0,11,9,0,8,12,20
NHenry,SECoweta,41,7,0,16,18,0,57,25,0,48,34,82
NHenry,NForsyth,0,0,0,0,1,0,0,1,0,0,1,1
NHenry,Cumming,7,2,0,3,4,0,10,6,0,9,7,16
NHenry,SForsyth,19,1,0,3,8,0,22,9,0,20,11,31
NHenry,NHall,1,0,0,0,0,0,1,0,0,1,0,1
NHenry,Gainesville,3,0,0,0,0,0,3,0,0,3,0,3
NHenry,SHall,4,4,0,3,3,0,7,7,0,8,6,14
NHenry,WNewton,795,142,0,233,596,0,1028,738,0,937,829,1766
NHenry,ENewton,42,7,0,14,32,0,56,39,0,49,46,95
NHenry,NPaulding,4,0,0,1,0,0,5,0,0,4,1,5
NHenry,WPaulding,1,1,0,1,4,0,2,5,0,2,5,7
NHenry,EPaulding,13,7,0,7,25,0,20,32,0,20,32,52
NHenry,NSpalding,299,68,0,103,216,0,402,284,0,367,319,686
NHenry,SSpalding,168,31,0,31,64,0,199,95,0,199,95,294
NHenry,WWalton,68,16,0,37,40,0,105,56,0,84,77,161
NHenry,EWalton,39,7,0,16,21,0,55,28,0,46,37,83
EHenry,NFulton,45,15,0,6,4,0,51,19,0,60,10,70
EHenry,Roswell,19,3,0,5,35,0,24,38,0,22,40,62
EHenry,SandySprings,161,35,1,24,35,0,185,70,1,197,59,256
EHenry,Buckhead,195,49,9,46,147,0,241,196,9,253,193,446
EHenry,NWAtlanta,130,29,1,16,37,0,146,66,1,160,53,213
EHenry,NEAtlanta,296,69,10,90,232,11,386,301,21,375,333,708
EHenry,SWAtlanta,137,16,0,48,55,1,185,71,1,153,104,257
EHenry,CBDAtlanta,343,69,49,79,139,9,422,208,58,461,227,688
EHenry,SEAtlanta,270,45,0,90,176,3,360,221,3,315,269,584
EHenry,SFulton,48,11,0,6,30,0,54,41,0,59,36,95
EHenry,Tri-Cities,464,95,0,57,154,0,521,249,0,559,211,770
EHenry,Shannon,155,26,1,28,62,0,183,88,1,182,90,272
EHenry,WCherokee,0,0,0,0,0,0,0,0,0,0,0,0
EHenry,NCherokee,0,0,0,0,0,0,0,0,0,0,0,0
EHenry,ECentCherokee,2,0,0,0,0,0,2,0,0,2,0,2
EHenry,Woodstock,3,1,0,3,4,0,6,5,0,4,7,11
EHenry,Airport,297,66,7,26,44,0,323,110,7,370,70,440
EHenry,NEClayton,1187,231,1,461,1169,6,1648,1400,7,1419,1636,3055
EHenry,Riverdale,227,47,0,89,224,0,316,271,0,274,313,587
EHenry,SClayton,761,141,0,416,1257,0,1177,1398,0,902,1673,2575
EHenry,NWCobb,9,4,0,9,12,1,18,16,1,13,22,35
EHenry,NECobb,25,6,0,3,19,0,28,25,0,31,22,53
EHenry,SWCobb,16,0,0,3,18,0,19,18,0,16,21,37
EHenry,Marietta,26,7,0,7,42,0,33,49,0,33,49,82
EHenry,Cumberland,160,53,1,17,42,0,177,95,1,214,59,273
EHenry,SCobb,59,5,0,9,11,0,68,16,0,64,20,84
EHenry,Chamblee,197,45,4,45,95,0,242,140,4,246,140,386
EHenry,NWDeKalb,319,52,1,104,202,1,423,254,2,372,307,679
EHenry,NEDeKalb,387,61,1,117,284,3,504,345,4,449,404,853
EHenry,Atlanta-DeKalb,44,5,0,16,59,0,60,64,0,49,75,124
EHenry,Decatur,80,13,1,26,98,0,106,111,1,94,124,218
EHenry,SWDeKalb,263,40,0,87,380,1,350,420,1,303,468,771
EHenry,SEDeKalb,345,64,1,147,440,2,492,504,3,410,589,999
EHenry,SDeKalb,695,135,1,470,1493,5,1165,1628,6,831,1968,2799
EHenry,WDouglas,12,1,0,0,5,0,12,6,0,13,5,18
EHenry,EDouglas,23,6,0,10,6,0,33,12,0,29,16,45
EHenry,WFayette,153,31,0,28,102,0,181,133,0,184,130,314
EHenry,EFayette,254,48,0,58,174,0,312,222,0,302,232,534
EHenry,NGwinnett,43,7,0,15,16,0,58,23,0,50,31,81
EHenry,CentGwinnett,145,25,0,35,65,0,180,90,0,170,100,270
EHenry,EGwinnett,33,4,0,11,12,0,44,16,0,37,23,60
EHenry,Norcross,218,32,0,27,69,0,245,101,0,250,96,346
EHenry,Lilburn,108,19,0,32,76,0,140,95,0,127,108,235
EHenry,Snellville,162,27,0,57,94,0,219,121,0,189,151,340
EHenry,NHenry,2112,434,0,2736,7876,2,4848,8310,2,2546,10614,13160
EHenry,EHenry,4737,868,0,11150,29649,0,15887,30517,0,5605,40799,46404
EHenry,SHenry,5133,989,0,6658,17971,0,11791,18960,0,6122,24629,30751
EHenry,SRockdale,653,117,0,707,2456,0,1360,2573,0,770,3163,3933
EHenry,NRockdale,986,186,0,502,1622,0,1488,1808,0,1172,2124,3296
EHenry,NBarrow,9,3,0,4,1,0,13,4,0,12,5,17
EHenry,SBarrow,12,0,0,4,14,0,16,14,0,12,18,30
EHenry,NWBartow,0,0,0,0,0,0,0,0,0,0,0,0
EHenry,NEBartow,0,0,0,0,0,0,0,0,0,0,0,0
EHenry,SWBartow,0,0,0,0,0,0,0,0,0,0,0,0
EHenry,Cartersville,0,0,0,0,0,0,0,0,0,0,0,0
EHenry,NECarroll,0,1,0,0,0,0,0,1,0,1,0,1
EHenry,WCarroll,0,0,0,0,9,0,0,9,0,0,9,9
EHenry,CentralCarroll,2,0,0,1,4,0,3,4,0,2,5,7
EHenry,SECarroll,0,0,0,0,16,0,0,16,0,0,16,16
EHenry,WCoweta,1,0,0,0,1,0,1,1,0,1,1,2
EHenry,NCoweta,19,3,0,10,13,0,29,16,0,22,23,45
EHenry,SCoweta,1,0,0,0,2,0,1,2,0,1,2,3
EHenry,SECoweta,13,2,0,5,6,0,18,8,0,15,11,26
EHenry,NForsyth,0,0,0,0,0,0,0,0,0,0,0,0
EHenry,Cumming,2,1,0,0,10,0,2,11,0,3,10,13
EHenry,SForsyth,12,1,0,2,6,0,14,7,0,13,8,21
EHenry,NHall,0,0,0,0,0,0,0,0,0,0,0,0
EHenry,Gainesville,0,1,0,0,1,0,0,2,0,1,1,2
EHenry,SHall,2,1,0,1,1,0,3,2,0,3,2,5
EHenry,WNewton,1390,269,0,1195,3782,0,2585,4051,0,1659,4977,6636
EHenry,ENewton,56,7,0,62,74,0,118,81,0,63,136,199
EHenry,NPaulding,0,0,0,0,0,0,0,0,0,0,0,0
EHenry,WPaulding,0,0,0,0,0,0,0,0,0,0,0,0
EHenry,EPaulding,3,0,0,2,10,0,5,10,0,3,12,15
EHenry,NSpalding,338,59,0,139,218,0,477,277,0,397,357,754
EHenry,SSpalding,214,29,0,25,77,0,239,106,0,243,102,345
EHenry,WWalton,73,12,0,23,58,0,96,70,0,85,81,166
EHenry,EWalton,85,9,0,20,19,0,105,28,0,94,39,133
SHenry,NFulton,40,7,0,9,28,0,49,35,0,47,37,84
SHenry,Roswell,22,6,0,14,6,0,36,12,0,28,20,48
SHenry,SandySprings,208,50,4,39,76,1,247,126,5,262,116,378
SHenry,Buckhead,379,103,18,53,168,2,432,271,20,500,223,723
SHenry,NWAtlanta,282,56,4,41,67,1,323,123,5,342,109,451
SHenry,NEAtlanta,625,135,25,154,415,14,779,550,39,785,583,1368
SHenry,SWAtlanta,277,57,5,85,100,6,362,157,11,339,191,530
SHenry,CBDAtlanta,771,164,118,157,385,35,928,549,153,1053,577,1630
SHenry,SEAtlanta,585,116,5,144,374,5,729,490,10,706,523,1229
SHenry,SFulton,139,27,0,31,56,1,170,83,1,166,88,254
SHenry,Tri-Cities,990,201,7,117,298,2,1107,499,9,1198,417,1615
SHenry,Shannon,434,61,0,94,168,0,528,229,0,495,262,757
SHenry,WCherokee,0,0,0,0,0,0,0,0,0,0,0,0
SHenry,NCherokee,0,0,0,0,0,0,0,0,0,0,0,0
SHenry,ECentCherokee,2,0,0,1,1,0,3,1,0,2,2,4
SHenry,Woodstock,6,1,0,1,1,0,7,2,0,7,2,9
SHenry,Airport,808,132,16,59,140,0,867,272,16,956,199,1155
SHenry,NEClayton,2460,467,2,953,2208,6,3413,2675,8,2929,3167,6096
SHenry,Riverdale,818,150,0,332,985,0,1150,1135,0,968,1317,2285
SHenry,SClayton,3458,749,3,2626,7195,11,6084,7944,14,4210,9832,14042
SHenry,NWCobb,45,9,0,19,10,0,64,19,0,54,29,83
SHenry,NECobb,42,18,0,13,12,0,55,30,0,60,25,85
SHenry,SWCobb,22,6,0,6,17,0,28,23,0,28,23,51
SHenry,Marietta,65,14,0,20,48,1,85,62,1,79,69,148
SHenry,Cumberland,304,84,2,56,115,0,360,199,2,390,171,561
SHenry,SCobb,121,22,0,37,64,0,158,86,0,143,101,244
SHenry,Chamblee,322,67,3,64,89,3,386,156,6,392,156,548
SHenry,NWDeKalb,468,78,3,128,282,4,596,360,7,549,414,963
SHenry,NEDeKalb,402,59,1,104,149,4,506,208,5,462,257,719
SHenry,Atlanta-DeKalb,94,11,1,38,41,0,132,52,1,106,79,185
SHenry,Decatur,101,23,3,39,81,2,140,104,5,127,122,249
SHenry,SWDeKalb,328,46,2,90,243,0,418,289,2,376,333,709
SHenry,SEDeKalb,350,68,0,90,206,1,440,274,1,418,297,715
SHenry,SDeKalb,904,176,1,330,678,3,1234,854,4,1081,1011,2092
SHenry,WDouglas,23,6,0,5,15,0,28,21,0,29,20,49
SHenry,EDouglas,67,14,0,17,29,0,84,43,0,81,46,127
SHenry,WFayette,745,134,0,152,411,1,897,545,1,879,564,1443
SHenry,EFayette,1419,265,0,560,1536,0,1979,1801,0,1684,2096,3780
SHenry,NGwinnett,24,3,0,10,12,0,34,15,0,27,22,49
SHenry,CentGwinnett,86,14,0,38,38,0,124,52,0,100,76,176
SHenry,EGwinnett,34,8,0,9,36,0,43,44,0,42,45,87
SHenry,Norcross,174,34,0,27,73,0,201,107,0,208,100,308
SHenry,Lilburn,78,13,0,30,39,0,108,52,0,91,69,160
SHenry,Snellville,168,37,0,36,104,0,204,141,0,205,140,345
SHenry,NHenry,4172,839,0,4277,11524,0,8449,12363,0,5011,15801,20812
SHenry,EHenry,5346,1032,0,6769,18037,0,12115,19069,0,6378,24806,31184
SHenry,SHenry,35821,6906,0,61895,137321,0,97716,144227,0,42727,199216,241943
SHenry,SRockdale,716,136,0,311,840,0,1027,976,0,852,1151,2003
SHenry,NRockdale,719,152,0,166,425,0,885,577,0,871,591,1462
SHenry,NBarrow,5,0,0,3,4,0,8,4,0,5,7,12
SHenry,SBarrow,9,1,0,4,26,0,13,27,0,10,30,40
SHenry,NWBartow,0,0,0,0,0,0,0,0,0,0,0,0
SHenry,NEBartow,0,0,0,0,0,0,0,0,0,0,0,0
SHenry,SWBartow,0,0,0,1,4,0,1,4,0,0,5,5
SHenry,Cartersville,0,0,0,1,0,0,1,0,0,0,1,1
SHenry,NECarroll,1,0,0,0,2,0,1,2,0,1,2,3
SHenry,WCarroll,0,1,0,1,0,0,1,1,0,1,1,2
SHenry,CentralCarroll,7,1,0,9,3,0,16,4,0,8,12,20
SHenry,SECarroll,4,0,0,0,0,0,4,0,0,4,0,4
SHenry,WCoweta,17,3,0,8,21,0,25,24,0,20,29,49
SHenry,NCoweta,222,36,0,51,104,0,273,140,0,258,155,413
SHenry,SCoweta,21,6,0,4,13,0,25,19,0,27,17,44
SHenry,SECoweta,162,23,0,29,88,0,191,111,0,185,117,302
SHenry,NForsyth,0,0,0,0,0,0,0,0,0,0,0,0
SHenry,Cumming,1,0,0,1,6,0,2,6,0,1,7,8
SHenry,SForsyth,7,0,0,2,4,0,9,4,0,7,6,13
SHenry,NHall,0,0,0,0,0,0,0,0,0,0,0,0
SHenry,Gainesville,0,0,0,0,0,0,0,0,0,0,0,0
SHenry,SHall,1,0,0,0,4,0,1,4,0,1,4,5
SHenry,WNewton,1711,375,0,624,1393,1,2335,1768,1,2086,2018,4104
SHenry,ENewton,127,15,0,45,54,0,172,69,0,142,99,241
SHenry,NPaulding,0,0,0,0,0,0,0,0,0,0,0,0
SHenry,WPaulding,1,0,0,0,9,0,1,9,0,1,9,10
SHenry,EPaulding,6,3,0,3,6,0,9,9,0,9,9,18
SHenry,NSpalding,2853,631,0,2089,4970,0,4942,5601,0,3484,7059,10543
SHenry,SSpalding,1480,267,0,476,1253,0,1956,1520,0,1747,1729,3476
SHenry,WWalton,73,11,0,19,26,0,92,37,0,84,45,129
SHenry,EWalton,66,16,0,24,18,0,90,34,0,82,42,124
SRockdale,NFulton,58,13,0,13,49,0,71,62,0,71,62,133
SRockdale,Roswell,34,4,0,7,19,0,41,23,0,38,26,64
SRockdale,SandySprings,186,32,9,23,30,0,209,62,9,227,53,280
SRockdale,Buckhead,237,62,6,42,113,0,279,175,6,305,155,460
SRockdale,NWAtlanta,128,32,1,19,32,0,147,64,1,161,51,212
SRockdale,NEAtlanta,329,70,14,99,249,7,428,319,21,413,355,768
SRockdale,SWAtlanta,121,23,3,29,55,3,150,78,6,147,87,234
SRockdale,CBDAtlanta,404,70,72,102,209,47,506,279,119,546,358,904
SRockdale,SEAtlanta,224,32,2,61,99,0,285,131,2,258,160,418
SRockdale,SFulton,32,9,0,4,6,0,36,15,0,41,10,51
SRockdale,Tri-Cities,253,35,1,33,80,1,286,115,2,289,114,403
SRockdale,Shannon,66,8,0,7,18,0,73,26,0,74,25,99
SRockdale,WCherokee,0,0,0,0,0,0,0,0,0,0,0,0
SRockdale,NCherokee,0,0,0,0,0,0,0,0,0,0,0,0
SRockdale,ECentCherokee,0,0,0,1,2,0,1,2,0,0,3,3
SRockdale,Woodstock,7,1,0,1,0,0,8,1,0,8,1,9
SRockdale,Airport,191,37,9,17,25,0,208,62,9,237,42,279
SRockdale,NEClayton,523,116,0,134,467,1,657,583,1,639,602,1241
SRockdale,Riverdale,89,10,0,21,123,0,110,133,0,99,144,243
SRockdale,SClayton,259,49,0,79,133,0,338,182,0,308,212,520
SRockdale,NWCobb,15,6,0,5,17,0,20,23,0,21,22,43
SRockdale,NECobb,25,7,0,4,31,0,29,38,0,32,35,67
SRockdale,SWCobb,11,1,0,1,11,0,12,12,0,12,12,24
SRockdale,Marietta,42,12,0,7,6,0,49,18,0,54,13,67
SRockdale,Cumberland,140,41,1,15,85,0,155,126,1,182,100,282
SRockdale,SCobb,66,10,0,11,26,0,77,36,0,76,37,113
SRockdale,Chamblee,279,54,8,44,69,3,323,123,11,341,116,457
SRockdale,NWDeKalb,413,91,1,119,334,4,532,425,5,505,457,962
SRockdale,NEDeKalb,518,102,2,167,403,2,685,505,4,622,572,1194
SRockdale,Atlanta-DeKalb,70,11,2,27,73,0,97,84,2,83,100,183
SRockdale,Decatur,98,17,2,40,92,4,138,109,6,117,136,253
SRockdale,SWDeKalb,336,73,1,134,386,3,470,459,4,410,523,933
SRockdale,SEDeKalb,1070,216,5,943,2733,10,2013,2949,15,1291,3686,4977
SRockdale,SDeKalb,1177,217,9,1485,4656,21,2662,4873,30,1403,6162,7565
SRockdale,WDouglas,11,5,0,2,4,0,13,9,0,16,6,22
SRockdale,EDouglas,31,6,0,9,8,0,40,14,0,37,17,54
SRockdale,WFayette,37,11,0,10,13,0,47,24,0,48,23,71
SRockdale,EFayette,73,21,0,14,18,0,87,39,0,94,32,126
SRockdale,NGwinnett,93,17,0,33,36,0,126,53,0,110,69,179
SRockdale,CentGwinnett,305,70,0,73,202,0,378,272,0,375,275,650
SRockdale,EGwinnett,91,25,0,21,78,0,112,103,0,116,99,215
SRockdale,Norcross,255,47,2,44,116,0,299,163,2,304,160,464
SRockdale,Lilburn,257,59,0,87,292,0,344,351,0,316,379,695
SRockdale,Snellville,437,89,0,201,741,0,638,830,0,526,942,1468
SRockdale,NHenry,741,171,0,585,2035,0,1326,2206,0,912,2620,3532
SRockdale,EHenry,630,125,0,702,2466,0,1332,2591,0,755,3168,3923
SRockdale,SHenry,738,125,0,308,885,0,1046,1010,0,863,1193,2056
SRockdale,SRockdale,3031,607,0,8420,21240,0,11451,21847,0,3638,29660,33298
SRockdale,NRockdale,3510,712,0,5750,13928,0,9260,14640,0,4222,19678,23900
SRockdale,NBarrow,23,2,0,7,15,0,30,17,0,25,22,47
SRockdale,SBarrow,25,1,0,6,29,0,31,30,0,26,35,61
SRockdale,NWBartow,0,0,0,0,0,0,0,0,0,0,0,0
SRockdale,NEBartow,0,0,0,1,0,0,1,0,0,0,1,1
SRockdale,SWBartow,0,0,0,0,0,0,0,0,0,0,0,0
SRockdale,Cartersville,3,0,0,0,0,0,3,0,0,3,0,3
SRockdale,NECarroll,1,0,0,0,0,0,1,0,0,1,0,1
SRockdale,WCarroll,0,0,0,0,0,0,0,0,0,0,0,0
SRockdale,CentralCarroll,0,0,0,0,17,0,0,17,0,0,17,17
SRockdale,SECarroll,0,0,0,0,0,0,0,0,0,0,0,0
SRockdale,WCoweta,1,0,0,2,0,0,3,0,0,1,2,3
SRockdale,NCoweta,13,1,0,9,11,0,22,12,0,14,20,34
SRockdale,SCoweta,0,0,0,0,0,0,0,0,0,0,0,0
SRockdale,SECoweta,1,0,0,1,0,0,2,0,0,1,1,2
SRockdale,NForsyth,1,0,0,0,0,0,1,0,0,1,0,1
SRockdale,Cumming,4,0,0,0,1,0,4,1,0,4,1,5
SRockdale,SForsyth,14,1,0,1,8,0,15,9,0,15,9,24
SRockdale,NHall,0,0,0,0,0,0,0,0,0,0,0,0
SRockdale,Gainesville,12,0,0,0,1,0,12,1,0,12,1,13
SRockdale,SHall,20,2,0,1,2,0,21,4,0,22,3,25
SRockdale,WNewton,1728,364,0,2136,6375,0,3864,6739,0,2092,8511,10603
SRockdale,ENewton,69,9,0,50,138,0,119,147,0,78,188,266
SRockdale,NPaulding,0,0,0,1,0,0,1,0,0,0,1,1
SRockdale,WPaulding,0,0,0,1,0,0,1,0,0,0,1,1
SRockdale,EPaulding,3,1,0,2,4,0,5,5,0,4,6,10
SRockdale,NSpalding,68,17,0,16,14,0,84,31,0,85,30,115
SRockdale,SSpalding,35,5,0,10,27,0,45,32,0,40,37,77
SRockdale,WWalton,186,32,0,77,240,0,263,272,0,218,317,535
SRockdale,EWalton,131,13,0,28,75,0,159,88,0,144,103,247
NRockdale,NFulton,89,11,1,27,30,0,116,41,1,101,57,158
NRockdale,Roswell,33,7,0,15,9,0,48,16,0,40,24,64
NRockdale,SandySprings,217,42,12,35,53,2,252,95,14,271,90,361
NRockdale,Buckhead,239,56,10,25,50,3,264,106,13,305,78,383
NRockdale,NWAtlanta,146,38,2,17,28,3,163,66,5,186,48,234
NRockdale,NEAtlanta,367,72,14,118,228,12,485,300,26,453,358,811
NRockdale,SWAtlanta,107,27,4,45,57,7,152,84,11,138,109,247
NRockdale,CBDAtlanta,428,78,91,68,267,32,496,345,123,597,367,964
NRockdale,SEAtlanta,165,39,2,51,105,6,216,144,8,206,162,368
NRockdale,SFulton,47,7,0,8,15,0,55,22,0,54,23,77
NRockdale,Tri-Cities,182,34,3,23,32,0,205,66,3,219,55,274
NRockdale,Shannon,47,6,1,20,23,1,67,29,2,54,44,98
NRockdale,WCherokee,0,0,0,0,0,0,0,0,0,0,0,0
NRockdale,NCherokee,0,0,0,0,0,0,0,0,0,0,0,0
NRockdale,ECentCherokee,5,0,0,2,0,0,7,0,0,5,2,7
NRockdale,Woodstock,7,1,0,2,4,0,9,5,0,8,6,14
NRockdale,Airport,157,28,16,9,25,1,166,53,17,201,35,236
NRockdale,NEClayton,324,65,0,77,193,0,401,258,0,389,270,659
NRockdale,Riverdale,68,11,0,27,52,0,95,63,0,79,79,158
NRockdale,SClayton,192,29,0,43,94,0,235,123,0,221,137,358
NRockdale,NWCobb,28,4,0,4,27,1,32,31,1,32,32,64
NRockdale,NECobb,55,10,0,16,40,0,71,50,0,65,56,121
NRockdale,SWCobb,10,1,0,6,4,0,16,5,0,11,10,21
NRockdale,Marietta,30,10,0,6,22,1,36,32,1,40,29,69
NRockdale,Cumberland,183,36,0,16,47,1,199,83,1,219,64,283
NRockdale,SCobb,77,16,0,20,80,0,97,96,0,93,100,193
NRockdale,Chamblee,282,46,8,45,117,1,327,163,9,336,163,499
NRockdale,NWDeKalb,398,62,10,101,287,7,499,349,17,470,395,865
NRockdale,NEDeKalb,678,147,1,248,515,6,926,662,7,826,769,1595
NRockdale,Atlanta-DeKalb,56,12,1,40,103,2,96,115,3,69,145,214
NRockdale,Decatur,94,12,3,47,81,7,141,93,10,109,135,244
NRockdale,SWDeKalb,367,58,3,157,611,1,524,669,4,428,769,1197
NRockdale,SEDeKalb,1913,388,14,1423,4346,17,3336,4734,31,2315,5786,8101
NRockdale,SDeKalb,1647,322,4,1448,3790,19,3095,4112,23,1973,5257,7230
NRockdale,WDouglas,8,1,0,12,5,0,20,6,0,9,17,26
NRockdale,EDouglas,47,4,0,13,21,0,60,25,0,51,34,85
NRockdale,WFayette,22,2,0,11,21,0,33,23,0,24,32,56
NRockdale,EFayette,64,12,0,18,11,0,82,23,0,76,29,105
NRockdale,NGwinnett,272,47,0,61,65,0,333,112,0,319,126,445
NRockdale,CentGwinnett,735,165,0,207,414,0,942,579,0,900,621,1521
NRockdale,EGwinnett,439,96,0,100,423,0,539,519,0,535,523,1058
NRockdale,Norcross,381,59,1,57,120,0,438,179,1,441,177,618
NRockdale,Lilburn,522,123,0,244,583,0,766,706,0,645,827,1472
NRockdale,Snellville,1904,395,0,1174,3266,0,3078,3661,0,2299,4440,6739
NRockdale,NHenry,592,124,0,226,619,0,818,743,0,716,845,1561
NRockdale,EHenry,967,158,0,513,1554,0,1480,1712,0,1125,2067,3192
NRockdale,SHenry,703,139,0,168,421,0,871,560,0,842,589,1431
NRockdale,SRockdale,3677,732,0,5750,14270,0,9427,15002,0,4409,20020,24429
NRockdale,NRockdale,19127,4166,0,36083,68636,0,55210,72802,0,23293,104719,128012
NRockdale,NBarrow,95,12,0,18,17,0,113,29,0,107,35,142
NRockdale,SBarrow,139,25,0,28,50,0,167,75,0,164,78,242
NRockdale,NWBartow,0,0,0,0,0,0,0,0,0,0,0,0
NRockdale,NEBartow,0,0,0,0,0,0,0,0,0,0,0,0
NRockdale,SWBartow,0,0,0,0,4,0,0,4,0,0,4,4
NRockdale,Cartersville,0,1,0,0,0,0,0,1,0,1,0,1
NRockdale,NECarroll,2,0,0,2,0,0,4,0,0,2,2,4
NRockdale,WCarroll,0,0,0,0,0,0,0,0,0,0,0,0
NRockdale,CentralCarroll,1,0,0,1,0,0,2,0,0,1,1,2
NRockdale,SECarroll,1,0,0,0,0,0,1,0,0,1,0,1
NRockdale,WCoweta,0,0,0,1,1,0,1,1,0,0,2,2
NRockdale,NCoweta,19,3,0,8,6,0,27,9,0,22,14,36
NRockdale,SCoweta,0,0,0,0,0,0,0,0,0,0,0,0
NRockdale,SECoweta,0,0,0,0,5,0,0,5,0,0,5,5
NRockdale,NForsyth,2,0,0,0,0,0,2,0,0,2,0,2
NRockdale,Cumming,14,2,0,4,6,0,18,8,0,16,10,26
NRockdale,SForsyth,41,0,0,7,4,0,48,4,0,41,11,52
NRockdale,NHall,2,0,0,0,1,0,2,1,0,2,1,3
NRockdale,Gainesville,12,0,0,6,11,0,18,11,0,12,17,29
NRockdale,SHall,36,7,0,13,15,0,49,22,0,43,28,71
NRockdale,WNewton,6487,1308,0,5794,14852,0,12281,16160,0,7795,20646,28441
NRockdale,ENewton,452,86,0,180,420,0,632,506,0,538,600,1138
NRockdale,NPaulding,1,0,0,0,1,0,1,1,0,1,1,2
NRockdale,WPaulding,1,0,0,0,0,0,1,0,0,1,0,1
NRockdale,EPaulding,8,1,0,7,3,0,15,4,0,9,10,19
NRockdale,NSpalding,64,9,0,14,21,0,78,30,0,73,35,108
NRockdale,SSpalding,47,5,0,8,25,0,55,30,0,52,33,85
NRockdale,WWalton,1269,249,0,675,2083,0,1944,2332,0,1518,2758,4276
NRockdale,EWalton,589,92,0,163,357,0,752,449,0,681,520,1201
NBarrow,NFulton,227,42,0,39,124,0,266,166,0,269,163,432
NBarrow,Roswell,86,14,0,16,52,0,102,66,0,100,68,168
NBarrow,SandySprings,135,16,0,29,93,0,164,109,0,151,122,273
NBarrow,Buckhead,96,17,1,23,38,0,119,55,1,114,61,175
NBarrow,NWAtlanta,35,9,0,5,22,0,40,31,0,44,27,71
NBarrow,NEAtlanta,65,10,0,18,102,4,83,112,4,75,124,199
NBarrow,SWAtlanta,3,1,0,0,12,0,3,13,0,4,12,16
NBarrow,CBDAtlanta,36,10,0,15,39,3,51,49,3,46,57,103
NBarrow,SEAtlanta,9,3,0,10,12,1,19,15,1,12,23,35
NBarrow,SFulton,1,0,0,0,0,0,1,0,0,1,0,1
NBarrow,Tri-Cities,10,1,0,2,10,0,12,11,0,11,12,23
NBarrow,Shannon,1,0,1,0,0,0,1,0,1,2,0,2
NBarrow,WCherokee,0,0,0,1,0,0,1,0,0,0,1,1
NBarrow,NCherokee,0,0,0,0,1,0,0,1,0,0,1,1
NBarrow,ECentCherokee,17,2,0,5,6,0,22,8,0,19,11,30
NBarrow,Woodstock,5,0,0,3,8,0,8,8,0,5,11,16
NBarrow,Airport,3,0,0,0,11,0,3,11,0,3,11,14
NBarrow,NEClayton,8,0,0,2,1,0,10,1,0,8,3,11
NBarrow,Riverdale,0,1,0,0,1,0,0,2,0,1,1,2
NBarrow,SClayton,2,0,0,3,1,0,5,1,0,2,4,6
NBarrow,NWCobb,6,2,0,6,6,0,12,8,0,8,12,20
NBarrow,NECobb,27,4,0,9,8,0,36,12,0,31,17,48
NBarrow,SWCobb,0,0,0,1,1,0,1,1,0,0,2,2
NBarrow,Marietta,15,3,0,3,2,0,18,5,0,18,5,23
NBarrow,Cumberland,61,13,0,18,53,0,79,66,0,74,71,145
NBarrow,SCobb,4,0,0,3,17,0,7,17,0,4,20,24
NBarrow,Chamblee,219,32,0,24,60,0,243,92,0,251,84,335
NBarrow,NWDeKalb,94,27,0,37,65,1,131,92,1,121,103,224
NBarrow,NEDeKalb,209,33,0,55,127,0,264,160,0,242,182,424
NBarrow,Atlanta-DeKalb,4,0,0,2,3,0,6,3,0,4,5,9
NBarrow,Decatur,9,1,0,7,8,0,16,9,0,10,15,25
NBarrow,SWDeKalb,13,2,0,10,16,0,23,18,0,15,26,41
NBarrow,SEDeKalb,57,5,0,16,28,0,73,33,0,62,44,106
NBarrow,SDeKalb,24,11,0,11,29,0,35,40,0,35,40,75
NBarrow,WDouglas,0,0,0,1,0,0,1,0,0,0,1,1
NBarrow,EDouglas,6,0,0,1,0,0,7,0,0,6,1,7
NBarrow,WFayette,1,0,0,1,0,0,2,0,0,1,1,2
NBarrow,EFayette,0,0,0,0,0,0,0,0,0,0,0,0
NBarrow,NGwinnett,2624,507,0,1917,5202,1,4541,5709,1,3131,7120,10251
NBarrow,CentGwinnett,1536,320,0,533,1437,0,2069,1757,0,1856,1970,3826
NBarrow,EGwinnett,1329,261,0,994,3403,0,2323,3664,0,1590,4397,5987
NBarrow,Norcross,539,96,0,63,215,0,602,311,0,635,278,913
NBarrow,Lilburn,155,28,0,32,54,0,187,82,0,183,86,269
NBarrow,Snellville,362,53,0,108,264,0,470,317,0,415,372,787
NBarrow,NHenry,7,0,0,1,6,0,8,6,0,7,7,14
NBarrow,EHenry,9,1,0,4,1,0,13,2,0,10,5,15
NBarrow,SHenry,8,0,0,2,0,0,10,0,0,8,2,10
NBarrow,SRockdale,20,3,0,6,6,0,26,9,0,23,12,35
NBarrow,NRockdale,92,23,0,20,24,0,112,47,0,115,44,159
NBarrow,NBarrow,12730,2588,0,23459,52015,0,36189,54603,0,15318,75474,90792
NBarrow,SBarrow,2894,559,0,4092,11316,0,6986,11875,0,3453,15408,18861
NBarrow,NWBartow,0,0,0,0,0,0,0,0,0,0,0,0
NBarrow,NEBartow,0,0,0,0,0,0,0,0,0,0,0,0
NBarrow,SWBartow,0,0,0,0,0,0,0,0,0,0,0,0
NBarrow,Cartersville,0,0,0,1,0,0,1,0,0,0,1,1
NBarrow,NECarroll,0,0,0,0,0,0,0,0,0,0,0,0
NBarrow,WCarroll,0,0,0,0,0,0,0,0,0,0,0,0
NBarrow,CentralCarroll,0,0,0,0,0,0,0,0,0,0,0,0
NBarrow,SECarroll,0,0,0,0,0,0,0,0,0,0,0,0
NBarrow,WCoweta,0,0,0,0,0,0,0,0,0,0,0,0
NBarrow,NCoweta,0,0,0,0,0,0,0,0,0,0,0,0
NBarrow,SCoweta,0,0,0,0,0,0,0,0,0,0,0,0
NBarrow,SECoweta,0,0,0,0,0,0,0,0,0,0,0,0
NBarrow,NForsyth,37,4,0,14,31,0,51,35,0,41,45,86
NBarrow,Cumming,143,19,0,28,77,0,171,96,0,162,105,267
NBarrow,SForsyth,173,31,0,27,32,0,200,63,0,204,59,263
NBarrow,NHall,76,11,0,19,15,0,95,26,0,87,34,121
NBarrow,Gainesville,764,139,0,138,478,0,902,617,0,903,616,1519
NBarrow,SHall,1036,213,0,892,2150,0,1928,2363,0,1249,3042,4291
NBarrow,WNewton,106,28,0,30,89,0,136,117,0,134,119,253
NBarrow,ENewton,15,0,0,9,6,0,24,6,0,15,15,30
NBarrow,NPaulding,0,0,0,0,0,0,0,0,0,0,0,0
NBarrow,WPaulding,0,0,0,0,0,0,0,0,0,0,0,0
NBarrow,EPaulding,0,1,0,0,0,0,0,1,0,1,0,1
NBarrow,NSpalding,0,0,0,0,0,0,0,0,0,0,0,0
NBarrow,SSpalding,0,0,0,0,0,0,0,0,0,0,0,0
NBarrow,WWalton,357,80,0,154,472,0,511,552,0,437,626,1063
NBarrow,EWalton,793,169,0,386,1024,0,1179,1193,0,962,1410,2372
SBarrow,NFulton,185,25,0,37,62,0,222,87,0,210,99,309
SBarrow,Roswell,58,7,0,17,27,0,75,34,0,65,44,109
SBarrow,SandySprings,113,11,0,33,45,1,146,56,1,124,79,203
SBarrow,Buckhead,80,12,1,26,106,0,106,118,1,93,132,225
SBarrow,NWAtlanta,31,3,0,4,12,0,35,15,0,34,16,50
SBarrow,NEAtlanta,40,9,0,21,134,2,61,143,2,49,157,206
SBarrow,SWAtlanta,6,0,0,6,12,0,12,12,0,6,18,24
SBarrow,CBDAtlanta,41,7,1,12,64,2,53,71,3,49,78,127
SBarrow,SEAtlanta,10,3,0,5,15,0,15,18,0,13,20,33
SBarrow,SFulton,2,2,0,0,0,0,2,2,0,4,0,4
SBarrow,Tri-Cities,11,4,0,3,8,0,14,12,0,15,11,26
SBarrow,Shannon,0,0,0,0,0,0,0,0,0,0,0,0
SBarrow,WCherokee,0,0,0,0,0,0,0,0,0,0,0,0
SBarrow,NCherokee,3,0,0,0,0,0,3,0,0,3,0,3
SBarrow,ECentCherokee,3,1,0,2,5,0,5,6,0,4,7,11
SBarrow,Woodstock,7,1,0,4,1,0,11,2,0,8,5,13
SBarrow,Airport,4,1,0,1,0,0,5,1,0,5,1,6
SBarrow,NEClayton,13,2,0,3,1,0,16,3,0,15,4,19
SBarrow,Riverdale,0,0,0,1,0,0,1,0,0,0,1,1
SBarrow,SClayton,2,0,0,0,0,0,2,0,0,2,0,2
SBarrow,NWCobb,10,2,0,4,4,0,14,6,0,12,8,20
SBarrow,NECobb,29,5,0,7,7,0,36,12,0,34,14,48
SBarrow,SWCobb,3,0,0,1,1,0,4,1,0,3,2,5
SBarrow,Marietta,10,6,0,6,8,0,16,14,0,16,14,30
SBarrow,Cumberland,58,6,0,13,32,0,71,38,0,64,45,109
SBarrow,SCobb,8,1,0,1,22,0,9,23,0,9,23,32
SBarrow,Chamblee,167,29,0,62,142,0,229,171,0,196,204,400
SBarrow,NWDeKalb,72,9,0,29,75,0,101,84,0,81,104,185
SBarrow,NEDeKalb,195,22,0,43,117,0,238,139,0,217,160,377
SBarrow,Atlanta-DeKalb,2,0,0,5,3,0,7,3,0,2,8,10
SBarrow,Decatur,6,0,0,3,5,0,9,5,0,6,8,14
SBarrow,SWDeKalb,20,3,0,10,10,0,30,13,0,23,20,43
SBarrow,SEDeKalb,50,11,0,19,49,0,69,60,0,61,68,129
SBarrow,SDeKalb,35,10,0,10,23,0,45,33,0,45,33,78
SBarrow,WDouglas,0,0,0,0,0,0,0,0,0,0,0,0
SBarrow,EDouglas,2,0,0,0,0,0,2,0,0,2,0,2
SBarrow,WFayette,0,0,0,1,0,0,1,0,0,0,1,1
SBarrow,EFayette,1,0,0,0,0,0,1,0,0,1,0,1
SBarrow,NGwinnett,1401,281,0,620,1754,0,2021,2035,0,1682,2374,4056
SBarrow,CentGwinnett,1432,225,0,499,1322,0,1931,1547,0,1657,1821,3478
SBarrow,EGwinnett,1190,205,0,1178,3381,0,2368,3586,0,1395,4559,5954
SBarrow,Norcross,416,84,0,70,154,0,486,238,0,500,224,724
SBarrow,Lilburn,127,27,0,40,189,0,167,216,0,154,229,383
SBarrow,Snellville,356,71,0,148,413,0,504,484,0,427,561,988
SBarrow,NHenry,10,1,0,4,25,0,14,26,0,11,29,40
SBarrow,EHenry,11,3,0,5,13,0,16,16,0,14,18,32
SBarrow,SHenry,10,1,0,3,26,0,13,27,0,11,29,40
SBarrow,SRockdale,25,4,0,5,27,0,30,31,0,29,32,61
SBarrow,NRockdale,147,22,0,28,89,0,175,111,0,169,117,286
SBarrow,NBarrow,2814,569,0,4111,11007,0,6925,11576,0,3383,15118,18501
SBarrow,SBarrow,5626,1145,0,10477,25040,0,16103,26185,0,6771,35517,42288
SBarrow,NWBartow,0,0,0,0,0,0,0,0,0,0,0,0
SBarrow,NEBartow,0,0,0,0,0,0,0,0,0,0,0,0
SBarrow,SWBartow,0,0,0,0,0,0,0,0,0,0,0,0
SBarrow,Cartersville,0,0,0,0,0,0,0,0,0,0,0,0
SBarrow,NECarroll,0,0,0,0,0,0,0,0,0,0,0,0
SBarrow,WCarroll,0,0,0,0,0,0,0,0,0,0,0,0
SBarrow,CentralCarroll,0,0,0,0,0,0,0,0,0,0,0,0
SBarrow,SECarroll,0,0,0,0,0,0,0,0,0,0,0,0
SBarrow,WCoweta,0,0,0,0,0,0,0,0,0,0,0,0
SBarrow,NCoweta,0,0,0,0,0,0,0,0,0,0,0,0
SBarrow,SCoweta,0,0,0,0,0,0,0,0,0,0,0,0
SBarrow,SECoweta,0,0,0,0,0,0,0,0,0,0,0,0
SBarrow,NForsyth,17,1,0,4,26,0,21,27,0,18,30,48
SBarrow,Cumming,99,15,0,20,43,0,119,58,0,114,63,177
SBarrow,SForsyth,93,13,0,17,14,0,110,27,0,106,31,137
SBarrow,NHall,23,6,0,3,16,0,26,22,0,29,19,48
SBarrow,Gainesville,270,60,0,45,116,0,315,176,0,330,161,491
SBarrow,SHall,364,56,0,134,256,0,498,312,0,420,390,810
SBarrow,WNewton,144,32,0,24,40,0,168,72,0,176,64,240
SBarrow,ENewton,24,2,0,8,30,0,32,32,0,26,38,64
SBarrow,NPaulding,0,0,0,0,0,0,0,0,0,0,0,0
SBarrow,WPaulding,0,0,0,0,0,0,0,0,0,0,0,0
SBarrow,EPaulding,0,0,0,0,0,0,0,0,0,0,0,0
SBarrow,NSpalding,1,1,0,0,0,0,1,1,0,2,0,2
SBarrow,SSpalding,0,0,0,0,0,0,0,0,0,0,0,0
SBarrow,WWalton,400,84,0,240,720,0,640,804,0,484,960,1444
SBarrow,EWalton,994,195,0,695,1993,0,1689,2188,0,1189,2688,3877
NWBartow,NFulton,43,14,0,12,81,0,55,95,0,57,93,150
NWBartow,Roswell,27,3,0,9,6,0,36,9,0,30,15,45
NWBartow,SandySprings,61,5,0,7,33,0,68,38,0,66,40,106
NWBartow,Buckhead,30,3,0,8,26,0,38,29,0,33,34,67
NWBartow,NWAtlanta,19,3,0,3,2,0,22,5,0,22,5,27
NWBartow,NEAtlanta,18,1,0,10,20,0,28,21,0,19,30,49
NWBartow,SWAtlanta,6,0,0,1,0,0,7,0,0,6,1,7
NWBartow,CBDAtlanta,12,2,0,5,20,0,17,22,0,14,25,39
NWBartow,SEAtlanta,1,1,0,2,0,0,3,1,0,2,2,4
NWBartow,SFulton,3,0,0,0,1,0,3,1,0,3,1,4
NWBartow,Tri-Cities,4,2,0,2,2,0,6,4,0,6,4,10
NWBartow,Shannon,0,0,0,0,1,0,0,1,0,0,1,1
NWBartow,WCherokee,42,9,0,30,30,0,72,39,0,51,60,111
NWBartow,NCherokee,16,1,0,0,3,0,16,4,0,17,3,20
NWBartow,ECentCherokee,167,21,0,26,49,0,193,70,0,188,75,263
NWBartow,Woodstock,134,30,0,39,87,0,173,117,0,164,126,290
NWBartow,Airport,0,0,0,0,0,0,0,0,0,0,0,0
NWBartow,NEClayton,2,0,0,0,5,0,2,5,0,2,5,7
NWBartow,Riverdale,2,0,0,0,0,0,2,0,0,2,0,2
NWBartow,SClayton,1,0,0,0,1,0,1,1,0,1,1,2
NWBartow,NWCobb,486,81,0,153,314,0,639,395,0,567,467,1034
NWBartow,NECobb,149,21,0,39,99,0,188,120,0,170,138,308
NWBartow,SWCobb,42,3,0,13,16,0,55,19,0,45,29,74
NWBartow,Marietta,124,22,0,32,52,0,156,74,0,146,84,230
NWBartow,Cumberland,105,19,0,28,86,0,133,105,0,124,114,238
NWBartow,SCobb,27,7,0,10,57,0,37,64,0,34,67,101
NWBartow,Chamblee,18,1,0,11,25,0,29,26,0,19,36,55
NWBartow,NWDeKalb,9,2,0,2,1,0,11,3,0,11,3,14
NWBartow,NEDeKalb,6,0,0,1,3,0,7,3,0,6,4,10
NWBartow,Atlanta-DeKalb,1,0,0,0,0,0,1,0,0,1,0,1
NWBartow,Decatur,2,1,0,1,0,0,3,1,0,3,1,4
NWBartow,SWDeKalb,0,0,0,0,0,0,0,0,0,0,0,0
NWBartow,SEDeKalb,1,0,0,0,0,0,1,0,0,1,0,1
NWBartow,SDeKalb,1,0,0,1,0,0,2,0,0,1,1,2
NWBartow,WDouglas,6,3,0,4,4,0,10,7,0,9,8,17
NWBartow,EDouglas,22,3,0,4,4,0,26,7,0,25,8,33
NWBartow,WFayette,0,0,0,0,0,0,0,0,0,0,0,0
NWBartow,EFayette,0,0,0,0,0,0,0,0,0,0,0,0
NWBartow,NGwinnett,1,0,0,0,0,0,1,0,0,1,0,1
NWBartow,CentGwinnett,3,0,0,1,20,0,4,20,0,3,21,24
NWBartow,EGwinnett,0,0,0,0,0,0,0,0,0,0,0,0
NWBartow,Norcross,11,1,0,5,5,0,16,6,0,12,10,22
NWBartow,Lilburn,0,0,0,0,0,0,0,0,0,0,0,0
NWBartow,Snellville,0,0,0,0,1,0,0,1,0,0,1,1
NWBartow,NHenry,1,0,0,0,0,0,1,0,0,1,0,1
NWBartow,EHenry,0,0,0,0,0,0,0,0,0,0,0,0
NWBartow,SHenry,0,0,0,0,0,0,0,0,0,0,0,0
NWBartow,SRockdale,0,0,0,0,0,0,0,0,0,0,0,0
NWBartow,NRockdale,0,0,0,0,0,0,0,0,0,0,0,0
NWBartow,NBarrow,0,0,0,0,0,0,0,0,0,0,0,0
NWBartow,SBarrow,0,0,0,0,0,0,0,0,0,0,0,0
NWBartow,NWBartow,4641,1004,0,8029,18505,0,12670,19509,0,5645,26534,32179
NWBartow,NEBartow,440,80,0,362,940,0,802,1020,0,520,1302,1822
NWBartow,SWBartow,283,59,0,223,621,0,506,680,0,342,844,1186
NWBartow,Cartersville,2339,447,0,1605,4638,0,3944,5085,0,2786,6243,9029
NWBartow,NECarroll,6,0,0,1,10,0,7,10,0,6,11,17
NWBartow,WCarroll,0,0,0,0,0,0,0,0,0,0,0,0
NWBartow,CentralCarroll,2,1,0,2,8,0,4,9,0,3,10,13
NWBartow,SECarroll,0,0,0,0,0,0,0,0,0,0,0,0
NWBartow,WCoweta,0,0,0,0,0,0,0,0,0,0,0,0
NWBartow,NCoweta,0,0,0,0,0,0,0,0,0,0,0,0
NWBartow,SCoweta,0,0,0,0,0,0,0,0,0,0,0,0
NWBartow,SECoweta,0,0,0,0,0,0,0,0,0,0,0,0
NWBartow,NForsyth,6,2,0,1,9,0,7,11,0,8,10,18
NWBartow,Cumming,10,1,0,5,17,0,15,18,0,11,22,33
NWBartow,SForsyth,9,5,0,3,26,0,12,31,0,14,29,43
NWBartow,NHall,0,0,0,0,0,0,0,0,0,0,0,0
NWBartow,Gainesville,0,0,0,0,0,0,0,0,0,0,0,0
NWBartow,SHall,0,0,0,0,0,0,0,0,0,0,0,0
NWBartow,WNewton,0,0,0,0,0,0,0,0,0,0,0,0
NWBartow,ENewton,0,0,0,0,0,0,0,0,0,0,0,0
NWBartow,NPaulding,84,14,0,12,53,0,96,67,0,98,65,163
NWBartow,WPaulding,6,0,0,0,5,0,6,5,0,6,5,11
NWBartow,EPaulding,102,17,0,26,32,0,128,49,0,119,58,177
NWBartow,NSpalding,0,0,0,0,0,0,0,0,0,0,0,0
NWBartow,SSpalding,0,0,0,0,0,0,0,0,0,0,0,0
NWBartow,WWalton,0,0,0,0,0,0,0,0,0,0,0,0
NWBartow,EWalton,0,0,0,0,0,0,0,0,0,0,0,0
NEBartow,NFulton,99,17,0,25,32,0,124,49,0,116,57,173
NEBartow,Roswell,42,4,0,14,42,0,56,46,0,46,56,102
NEBartow,SandySprings,40,4,0,17,64,0,57,68,0,44,81,125
NEBartow,Buckhead,23,2,0,16,56,0,39,58,0,25,72,97
NEBartow,NWAtlanta,8,2,0,3,18,0,11,20,0,10,21,31
NEBartow,NEAtlanta,9,4,0,14,44,0,23,48,0,13,58,71
NEBartow,SWAtlanta,6,2,0,5,38,0,11,40,0,8,43,51
NEBartow,CBDAtlanta,6,1,0,10,68,1,16,69,1,7,79,86
NEBartow,SEAtlanta,0,1,0,2,13,0,2,14,0,1,15,16
NEBartow,SFulton,4,1,0,1,0,0,5,1,0,5,1,6
NEBartow,Tri-Cities,3,2,0,0,5,0,3,7,0,5,5,10
NEBartow,Shannon,0,0,0,1,4,0,1,4,0,0,5,5
NEBartow,WCherokee,229,54,0,131,434,0,360,488,0,283,565,848
NEBartow,NCherokee,17,5,0,10,11,0,27,16,0,22,21,43
NEBartow,ECentCherokee,330,74,0,177,600,0,507,674,0,404,777,1181
NEBartow,Woodstock,166,35,0,59,197,0,225,232,0,201,256,457
NEBartow,Airport,0,0,0,1,0,0,1,0,0,0,1,1
NEBartow,NEClayton,3,2,0,1,0,0,4,2,0,5,1,6
NEBartow,Riverdale,0,0,0,0,1,0,0,1,0,0,1,1
NEBartow,SClayton,0,0,0,0,1,0,0,1,0,0,1,1
NEBartow,NWCobb,423,79,0,170,447,0,593,526,0,502,617,1119
NEBartow,NECobb,131,31,0,44,85,0,175,116,0,162,129,291
NEBartow,SWCobb,34,7,0,13,82,0,47,89,0,41,95,136
NEBartow,Marietta,130,22,0,45,84,0,175,106,0,152,129,281
NEBartow,Cumberland,106,26,0,48,63,0,154,89,0,132,111,243
NEBartow,SCobb,26,6,0,17,29,0,43,35,0,32,46,78
NEBartow,Chamblee,29,5,0,14,35,0,43,40,0,34,49,83
NEBartow,NWDeKalb,4,2,0,6,39,0,10,41,0,6,45,51
NEBartow,NEDeKalb,4,0,0,1,3,0,5,3,0,4,4,8
NEBartow,Atlanta-DeKalb,1,0,0,0,1,0,1,1,0,1,1,2
NEBartow,Decatur,1,0,0,1,0,0,2,0,0,1,1,2
NEBartow,SWDeKalb,1,0,0,0,3,0,1,3,0,1,3,4
NEBartow,SEDeKalb,0,0,0,0,0,0,0,0,0,0,0,0
NEBartow,SDeKalb,1,0,0,0,2,0,1,2,0,1,2,3
NEBartow,WDouglas,13,2,0,5,5,0,18,7,0,15,10,25
NEBartow,EDouglas,21,3,0,4,23,0,25,26,0,24,27,51
NEBartow,WFayette,0,0,0,0,0,0,0,0,0,0,0,0
NEBartow,EFayette,0,0,0,0,0,0,0,0,0,0,0,0
NEBartow,NGwinnett,4,1,0,2,0,0,6,1,0,5,2,7
NEBartow,CentGwinnett,5,1,0,2,6,0,7,7,0,6,8,14
NEBartow,EGwinnett,0,0,0,0,0,0,0,0,0,0,0,0
NEBartow,Norcross,14,1,0,7,3,0,21,4,0,15,10,25
NEBartow,Lilburn,0,0,0,0,0,0,0,0,0,0,0,0
NEBartow,Snellville,1,0,0,0,4,0,1,4,0,1,4,5
NEBartow,NHenry,0,0,0,0,0,0,0,0,0,0,0,0
NEBartow,EHenry,0,0,0,0,0,0,0,0,0,0,0,0
NEBartow,SHenry,0,0,0,0,0,0,0,0,0,0,0,0
NEBartow,SRockdale,0,0,0,1,0,0,1,0,0,0,1,1
NEBartow,NRockdale,0,0,0,0,0,0,0,0,0,0,0,0
NEBartow,NBarrow,1,0,0,0,0,0,1,0,0,1,0,1
NEBartow,SBarrow,0,0,0,0,0,0,0,0,0,0,0,0
NEBartow,NWBartow,425,84,0,375,948,0,800,1032,0,509,1323,1832
NEBartow,NEBartow,2302,471,0,3045,7305,0,5347,7776,0,2773,10350,13123
NEBartow,SWBartow,129,14,0,47,146,0,176,160,0,143,193,336
NEBartow,Cartersville,1842,375,0,1886,4622,0,3728,4997,0,2217,6508,8725
NEBartow,NECarroll,1,1,0,1,0,0,2,1,0,2,1,3
NEBartow,WCarroll,1,0,0,0,0,0,1,0,0,1,0,1
NEBartow,CentralCarroll,3,1,0,2,1,0,5,2,0,4,3,7
NEBartow,SECarroll,0,0,0,0,0,0,0,0,0,0,0,0
NEBartow,WCoweta,0,0,0,0,0,0,0,0,0,0,0,0
NEBartow,NCoweta,0,0,0,0,0,0,0,0,0,0,0,0
NEBartow,SCoweta,0,0,0,0,0,0,0,0,0,0,0,0
NEBartow,SECoweta,0,0,0,0,0,0,0,0,0,0,0,0
NEBartow,NForsyth,13,2,0,2,15,0,15,17,0,15,17,32
NEBartow,Cumming,26,3,0,18,39,0,44,42,0,29,57,86
NEBartow,SForsyth,32,2,0,0,7,0,32,9,0,34,7,41
NEBartow,NHall,1,0,0,1,1,0,2,1,0,1,2,3
NEBartow,Gainesville,2,0,0,0,2,0,2,2,0,2,2,4
NEBartow,SHall,0,2,0,2,4,0,2,6,0,2,6,8
NEBartow,WNewton,0,0,0,0,0,0,0,0,0,0,0,0
NEBartow,ENewton,0,0,0,0,0,0,0,0,0,0,0,0
NEBartow,NPaulding,72,13,0,17,53,0,89,66,0,85,70,155
NEBartow,WPaulding,6,0,0,2,1,0,8,1,0,6,3,9
NEBartow,EPaulding,76,12,0,29,55,0,105,67,0,88,84,172
NEBartow,NSpalding,0,0,0,0,0,0,0,0,0,0,0,0
NEBartow,SSpalding,0,0,0,0,0,0,0,0,0,0,0,0
NEBartow,WWalton,0,0,0,0,0,0,0,0,0,0,0,0
NEBartow,EWalton,0,0,0,0,0,0,0,0,0,0,0,0
SWBartow,NFulton,63,8,0,17,57,0,80,65,0,71,74,145
SWBartow,Roswell,37,11,0,15,58,0,52,69,0,48,73,121
SWBartow,SandySprings,61,20,0,27,100,0,88,120,0,81,127,208
SWBartow,Buckhead,52,10,0,27,98,0,79,108,0,62,125,187
SWBartow,NWAtlanta,19,6,0,7,15,0,26,21,0,25,22,47
SWBartow,NEAtlanta,31,9,1,20,167,0,51,176,1,41,187,228
SWBartow,SWAtlanta,8,4,0,4,22,0,12,26,0,12,26,38
SWBartow,CBDAtlanta,17,7,0,16,82,0,33,89,0,24,98,122
SWBartow,SEAtlanta,5,1,0,0,18,0,5,19,0,6,18,24
SWBartow,SFulton,7,2,0,3,3,0,10,5,0,9,6,15
SWBartow,Tri-Cities,7,1,0,3,12,0,10,13,0,8,15,23
SWBartow,Shannon,2,1,0,0,1,0,2,2,0,3,1,4
SWBartow,WCherokee,35,4,0,14,26,0,49,30,0,39,40,79
SWBartow,NCherokee,3,2,0,0,0,0,3,2,0,5,0,5
SWBartow,ECentCherokee,127,19,0,40,79,0,167,98,0,146,119,265
SWBartow,Woodstock,245,43,0,93,280,0,338,323,0,288,373,661
SWBartow,Airport,1,1,0,0,0,0,1,1,0,2,0,2
SWBartow,NEClayton,3,1,0,1,0,1,4,1,1,4,2,6
SWBartow,Riverdale,0,2,0,5,10,0,5,12,0,2,15,17
SWBartow,SClayton,2,1,0,0,0,0,2,1,0,3,0,3
SWBartow,NWCobb,820,131,0,373,957,0,1193,1088,0,951,1330,2281
SWBartow,NECobb,248,40,0,71,171,0,319,211,0,288,242,530
SWBartow,SWCobb,58,15,0,22,58,0,80,73,0,73,80,153
SWBartow,Marietta,199,45,0,68,143,0,267,188,0,244,211,455
SWBartow,Cumberland,208,36,0,46,129,0,254,165,0,244,175,419
SWBartow,SCobb,58,7,0,16,67,0,74,74,0,65,83,148
SWBartow,Chamblee,40,12,0,32,43,0,72,55,0,52,75,127
SWBartow,NWDeKalb,20,5,0,9,52,0,29,57,0,25,61,86
SWBartow,NEDeKalb,17,0,0,9,32,0,26,32,0,17,41,58
SWBartow,Atlanta-DeKalb,1,0,0,5,15,0,6,15,0,1,20,21
SWBartow,Decatur,1,0,0,1,1,0,2,1,0,1,2,3
SWBartow,SWDeKalb,0,0,0,3,1,0,3,1,0,0,4,4
SWBartow,SEDeKalb,1,0,0,0,1,0,1,1,0,1,1,2
SWBartow,SDeKalb,3,0,0,2,2,0,5,2,0,3,4,7
SWBartow,WDouglas,24,6,0,6,26,0,30,32,0,30,32,62
SWBartow,EDouglas,38,7,0,16,59,0,54,66,0,45,75,120
SWBartow,WFayette,1,0,0,0,0,0,1,0,0,1,0,1
SWBartow,EFayette,1,0,0,0,0,0,1,0,0,1,0,1
SWBartow,NGwinnett,1,1,0,0,0,0,1,1,0,2,0,2
SWBartow,CentGwinnett,8,0,0,4,26,0,12,26,0,8,30,38
SWBartow,EGwinnett,0,0,0,0,0,0,0,0,0,0,0,0
SWBartow,Norcross,17,1,0,7,7,0,24,8,0,18,14,32
SWBartow,Lilburn,2,0,0,0,3,0,2,3,0,2,3,5
SWBartow,Snellville,1,0,0,0,0,0,1,0,0,1,0,1
SWBartow,NHenry,0,0,0,0,0,0,0,0,0,0,0,0
SWBartow,EHenry,0,0,0,0,0,0,0,0,0,0,0,0
SWBartow,SHenry,0,0,0,1,4,0,1,4,0,0,5,5
SWBartow,SRockdale,0,0,0,0,0,0,0,0,0,0,0,0
SWBartow,NRockdale,0,0,0,0,0,0,0,0,0,0,0,0
SWBartow,NBarrow,0,0,0,0,0,0,0,0,0,0,0,0
SWBartow,SBarrow,0,0,0,0,0,0,0,0,0,0,0,0
SWBartow,NWBartow,288,64,0,213,644,0,501,708,0,352,857,1209
SWBartow,NEBartow,135,21,0,56,123,0,191,144,0,156,179,335
SWBartow,SWBartow,2799,514,0,3912,10695,0,6711,11209,0,3313,14607,17920
SWBartow,Cartersville,2675,527,0,3116,9084,0,5791,9611,0,3202,12200,15402
SWBartow,NECarroll,18,5,0,4,22,0,22,27,0,23,26,49
SWBartow,WCarroll,3,0,0,0,0,0,3,0,0,3,0,3
SWBartow,CentralCarroll,16,1,0,9,9,0,25,10,0,17,18,35
SWBartow,SECarroll,0,0,0,0,0,0,0,0,0,0,0,0
SWBartow,WCoweta,0,0,0,0,0,0,0,0,0,0,0,0
SWBartow,NCoweta,1,0,0,0,0,0,1,0,0,1,0,1
SWBartow,SCoweta,0,0,0,0,0,0,0,0,0,0,0,0
SWBartow,SECoweta,0,0,0,0,0,0,0,0,0,0,0,0
SWBartow,NForsyth,2,1,0,2,0,0,4,1,0,3,2,5
SWBartow,Cumming,11,3,0,7,11,0,18,14,0,14,18,32
SWBartow,SForsyth,9,4,0,2,1,0,11,5,0,13,3,16
SWBartow,NHall,0,0,0,0,0,0,0,0,0,0,0,0
SWBartow,Gainesville,1,0,0,0,0,0,1,0,0,1,0,1
SWBartow,SHall,0,0,0,0,0,0,0,0,0,0,0,0
SWBartow,WNewton,0,0,0,0,0,0,0,0,0,0,0,0
SWBartow,ENewton,0,0,0,0,0,0,0,0,0,0,0,0
SWBartow,NPaulding,274,60,0,154,387,0,428,447,0,334,541,875
SWBartow,WPaulding,29,2,0,9,30,0,38,32,0,31,39,70
SWBartow,EPaulding,225,43,0,94,251,0,319,294,0,268,345,613
SWBartow,NSpalding,0,0,0,0,0,0,0,0,0,0,0,0
SWBartow,SSpalding,0,0,0,0,0,0,0,0,0,0,0,0
SWBartow,WWalton,0,0,0,0,0,0,0,0,0,0,0,0
SWBartow,EWalton,0,0,0,0,0,0,0,0,0,0,0,0
Cartersville,NFulton,251,39,0,61,104,0,312,143,0,290,165,455
Cartersville,Roswell,168,24,0,47,115,0,215,139,0,192,162,354
Cartersville,SandySprings,263,41,2,42,204,0,305,245,2,306,246,552
Cartersville,Buckhead,213,26,1,60,141,0,273,167,1,240,201,441
Cartersville,NWAtlanta,88,19,0,19,49,0,107,68,0,107,68,175
Cartersville,NEAtlanta,116,34,0,46,143,1,162,177,1,150,190,340
Cartersville,SWAtlanta,34,6,1,9,58,0,43,64,1,41,67,108
Cartersville,CBDAtlanta,80,18,5,28,121,1,108,139,6,103,150,253
Cartersville,SEAtlanta,19,4,0,9,46,0,28,50,0,23,55,78
Cartersville,SFulton,24,3,0,4,9,0,28,12,0,27,13,40
Cartersville,Tri-Cities,32,4,0,7,8,0,39,12,0,36,15,51
Cartersville,Shannon,14,1,0,4,6,0,18,7,0,15,10,25
Cartersville,WCherokee,529,110,0,261,718,0,790,828,0,639,979,1618
Cartersville,NCherokee,45,10,0,17,43,0,62,53,0,55,60,115
Cartersville,ECentCherokee,750,130,0,220,437,0,970,567,0,880,657,1537
Cartersville,Woodstock,1187,236,0,635,1670,0,1822,1906,0,1423,2305,3728
Cartersville,Airport,9,1,0,1,12,0,10,13,0,10,13,23
Cartersville,NEClayton,12,3,0,5,15,0,17,18,0,15,20,35
Cartersville,Riverdale,4,0,0,1,4,0,5,4,0,4,5,9
Cartersville,SClayton,1,0,0,3,4,0,4,4,0,1,7,8
Cartersville,NWCobb,4394,768,2,3012,8245,3,7406,9013,5,5164,11260,16424
Cartersville,NECobb,863,190,0,242,560,0,1105,750,0,1053,802,1855
Cartersville,SWCobb,291,58,0,119,225,0,410,283,0,349,344,693
Cartersville,Marietta,689,124,0,184,432,0,873,556,0,813,616,1429
Cartersville,Cumberland,655,111,2,105,270,0,760,381,2,768,375,1143
Cartersville,SCobb,199,31,0,46,126,0,245,157,0,230,172,402
Cartersville,Chamblee,142,27,2,22,54,0,164,81,2,171,76,247
Cartersville,NWDeKalb,53,16,0,18,113,1,71,129,1,69,132,201
Cartersville,NEDeKalb,51,7,0,24,51,0,75,58,0,58,75,133
Cartersville,Atlanta-DeKalb,11,2,0,3,39,0,14,41,0,13,42,55
Cartersville,Decatur,3,2,1,5,8,0,8,10,1,6,13,19
Cartersville,SWDeKalb,8,2,0,5,9,0,13,11,0,10,14,24
Cartersville,SEDeKalb,2,0,0,3,1,0,5,1,0,2,4,6
Cartersville,SDeKalb,8,0,0,6,26,0,14,26,0,8,32,40
Cartersville,WDouglas,73,11,0,22,85,0,95,96,0,84,107,191
Cartersville,EDouglas,117,21,0,34,40,0,151,61,0,138,74,212
Cartersville,WFayette,0,0,0,3,1,0,3,1,0,0,4,4
Cartersville,EFayette,3,0,0,2,4,0,5,4,0,3,6,9
Cartersville,NGwinnett,5,2,0,7,8,0,12,10,0,7,15,22
Cartersville,CentGwinnett,17,1,0,11,12,0,28,13,0,18,23,41
Cartersville,EGwinnett,2,0,0,1,1,0,3,1,0,2,2,4
Cartersville,Norcross,68,11,0,18,16,0,86,27,0,79,34,113
Cartersville,Lilburn,4,1,0,5,5,0,9,6,0,5,10,15
Cartersville,Snellville,1,0,0,2,2,0,3,2,0,1,4,5
Cartersville,NHenry,3,2,0,3,1,0,6,3,0,5,4,9
Cartersville,EHenry,0,0,0,0,0,0,0,0,0,0,0,0
Cartersville,SHenry,0,0,0,0,4,0,0,4,0,0,4,4
Cartersville,SRockdale,2,1,0,0,0,0,2,1,0,3,0,3
Cartersville,NRockdale,0,2,0,0,0,0,0,2,0,2,0,2
Cartersville,NBarrow,0,0,0,0,1,0,0,1,0,0,1,1
Cartersville,SBarrow,0,0,0,0,0,0,0,0,0,0,0,0
Cartersville,NWBartow,2449,445,0,1623,4672,0,4072,5117,0,2894,6295,9189
Cartersville,NEBartow,1912,356,0,1901,4700,0,3813,5056,0,2268,6601,8869
Cartersville,SWBartow,2795,546,0,3149,9196,0,5944,9742,0,3341,12345,15686
Cartersville,Cartersville,28922,5590,0,41680,86345,0,70602,91935,0,34512,128025,162537
Cartersville,NECarroll,51,8,0,14,10,0,65,18,0,59,24,83
Cartersville,WCarroll,5,0,0,1,0,0,6,0,0,5,1,6
Cartersville,CentralCarroll,34,6,0,9,12,0,43,18,0,40,21,61
Cartersville,SECarroll,1,0,0,0,1,0,1,1,0,1,1,2
Cartersville,WCoweta,1,0,0,2,0,0,3,0,0,1,2,3
Cartersville,NCoweta,0,0,0,0,1,0,0,1,0,0,1,1
Cartersville,SCoweta,0,0,0,0,0,0,0,0,0,0,0,0
Cartersville,SECoweta,1,0,0,0,0,0,1,0,0,1,0,1
Cartersville,NForsyth,22,3,0,12,9,0,34,12,0,25,21,46
Cartersville,Cumming,69,12,0,37,63,0,106,75,0,81,100,181
Cartersville,SForsyth,43,15,0,10,10,0,53,25,0,58,20,78
Cartersville,NHall,0,0,0,0,1,0,0,1,0,0,1,1
Cartersville,Gainesville,1,0,0,2,2,0,3,2,0,1,4,5
Cartersville,SHall,1,0,0,0,0,0,1,0,0,1,0,1
Cartersville,WNewton,0,0,0,0,0,0,0,0,0,0,0,0
Cartersville,ENewton,0,0,0,0,0,0,0,0,0,0,0,0
Cartersville,NPaulding,1100,228,0,758,1586,0,1858,1814,0,1328,2344,3672
Cartersville,WPaulding,86,22,0,37,77,0,123,99,0,108,114,222
Cartersville,EPaulding,746,133,0,222,440,0,968,573,0,879,662,1541
Cartersville,NSpalding,0,0,0,0,0,0,0,0,0,0,0,0
Cartersville,SSpalding,0,0,0,0,0,0,0,0,0,0,0,0
Cartersville,WWalton,0,0,0,0,36,0,0,36,0,0,36,36
Cartersville,EWalton,0,0,0,0,0,0,0,0,0,0,0,0
NECarroll,NFulton,7,6,0,4,15,0,11,21,0,13,19,32
NECarroll,Roswell,10,4,0,3,1,0,13,5,0,14,4,18
NECarroll,SandySprings,62,22,1,14,15,0,76,37,1,85,29,114
NECarroll,Buckhead,86,14,5,22,94,0,108,108,5,105,116,221
NECarroll,NWAtlanta,144,23,0,14,64,0,158,87,0,167,78,245
NECarroll,NEAtlanta,118,16,1,26,143,1,144,159,2,135,170,305
NECarroll,SWAtlanta,130,23,0,40,110,1,170,133,1,153,151,304
NECarroll,CBDAtlanta,90,21,11,32,97,3,122,118,14,122,132,254
NECarroll,SEAtlanta,35,10,0,16,14,0,51,24,0,45,30,75
NECarroll,SFulton,223,39,0,32,85,0,255,124,0,262,117,379
NECarroll,Tri-Cities,74,17,0,14,61,0,88,78,0,91,75,166
NECarroll,Shannon,100,19,0,19,71,0,119,90,0,119,90,209
NECarroll,WCherokee,2,0,0,0,0,0,2,0,0,2,0,2
NECarroll,NCherokee,0,0,0,0,0,0,0,0,0,0,0,0
NECarroll,ECentCherokee,11,0,0,3,9,0,14,9,0,11,12,23
NECarroll,Woodstock,41,5,0,9,13,0,50,18,0,46,22,68
NECarroll,Airport,31,3,0,3,1,0,34,4,0,34,4,38
NECarroll,NEClayton,29,4,0,8,5,0,37,9,0,33,13,46
NECarroll,Riverdale,10,2,0,5,21,0,15,23,0,12,26,38
NECarroll,SClayton,12,3,0,5,1,0,17,4,0,15,6,21
NECarroll,NWCobb,209,42,0,47,83,0,256,125,0,251,130,381
NECarroll,NECobb,80,16,0,17,30,0,97,46,0,96,47,143
NECarroll,SWCobb,207,39,0,40,134,0,247,173,0,246,174,420
NECarroll,Marietta,113,26,0,32,106,0,145,132,0,139,138,277
NECarroll,Cumberland,286,41,0,34,61,0,320,102,0,327,95,422
NECarroll,SCobb,344,63,0,66,178,0,410,241,0,407,244,651
NECarroll,Chamblee,38,7,0,16,19,0,54,26,0,45,35,80
NECarroll,NWDeKalb,41,13,0,19,41,1,60,54,1,54,61,115
NECarroll,NEDeKalb,19,6,0,9,21,0,28,27,0,25,30,55
NECarroll,Atlanta-DeKalb,8,2,0,8,12,0,16,14,0,10,20,30
NECarroll,Decatur,9,1,0,5,21,0,14,22,0,10,26,36
NECarroll,SWDeKalb,20,5,0,7,28,0,27,33,0,25,35,60
NECarroll,SEDeKalb,6,2,0,2,11,0,8,13,0,8,13,21
NECarroll,SDeKalb,21,3,0,9,28,1,30,31,1,24,38,62
NECarroll,WDouglas,1949,395,2,2074,5689,0,4023,6084,2,2346,7763,10109
NECarroll,EDouglas,858,172,0,287,852,0,1145,1024,0,1030,1139,2169
NECarroll,WFayette,66,11,0,15,20,0,81,31,0,77,35,112
NECarroll,EFayette,17,3,0,8,12,0,25,15,0,20,20,40
NECarroll,NGwinnett,1,0,0,0,0,0,1,0,0,1,0,1
NECarroll,CentGwinnett,5,1,0,0,0,0,5,1,0,6,0,6
NECarroll,EGwinnett,0,0,0,0,0,0,0,0,0,0,0,0
NECarroll,Norcross,12,1,0,7,9,0,19,10,0,13,16,29
NECarroll,Lilburn,2,1,0,0,10,0,2,11,0,3,10,13
NECarroll,Snellville,2,0,0,1,4,0,3,4,0,2,5,7
NECarroll,NHenry,5,2,0,2,0,0,7,2,0,7,2,9
NECarroll,EHenry,0,0,0,0,4,0,0,4,0,0,4,4
NECarroll,SHenry,2,0,0,0,0,0,2,0,0,2,0,2
NECarroll,SRockdale,0,0,0,1,0,0,1,0,0,0,1,1
NECarroll,NRockdale,2,0,0,3,1,0,5,1,0,2,4,6
NECarroll,NBarrow,0,0,0,0,0,0,0,0,0,0,0,0
NECarroll,SBarrow,0,0,0,0,0,0,0,0,0,0,0,0
NECarroll,NWBartow,4,0,0,4,9,0,8,9,0,4,13,17
NECarroll,NEBartow,4,0,0,1,0,0,5,0,0,4,1,5
NECarroll,SWBartow,18,4,0,4,49,0,22,53,0,22,53,75
NECarroll,Cartersville,57,9,0,13,8,0,70,17,0,66,21,87
NECarroll,NECarroll,9232,1927,0,16870,40319,0,26102,42246,0,11159,57189,68348
NECarroll,WCarroll,461,96,0,159,437,0,620,533,0,557,596,1153
NECarroll,CentralCarroll,2556,522,3,2220,5561,6,4776,6083,9,3081,7787,10868
NECarroll,SECarroll,87,24,0,55,131,0,142,155,0,111,186,297
NECarroll,WCoweta,94,23,0,25,91,0,119,114,0,117,116,233
NECarroll,NCoweta,187,24,0,46,30,0,233,54,0,211,76,287
NECarroll,SCoweta,10,6,0,3,8,0,13,14,0,16,11,27
NECarroll,SECoweta,10,1,0,1,1,0,11,2,0,11,2,13
NECarroll,NForsyth,0,0,0,0,0,0,0,0,0,0,0,0
NECarroll,Cumming,0,0,0,0,0,0,0,0,0,0,0,0
NECarroll,SForsyth,2,0,0,1,0,0,3,0,0,2,1,3
NECarroll,NHall,0,0,0,0,0,0,0,0,0,0,0,0
NECarroll,Gainesville,0,0,0,0,0,0,0,0,0,0,0,0
NECarroll,SHall,0,0,0,0,0,0,0,0,0,0,0,0
NECarroll,WNewton,0,0,0,0,0,0,0,0,0,0,0,0
NECarroll,ENewton,0,0,0,0,0,0,0,0,0,0,0,0
NECarroll,NPaulding,103,26,0,32,42,0,135,68,0,129,74,203
NECarroll,WPaulding,662,135,0,648,2050,0,1310,2185,0,797,2698,3495
NECarroll,EPaulding,1170,245,0,651,1920,0,1821,2165,0,1415,2571,3986
NECarroll,NSpalding,2,0,0,1,0,0,3,0,0,2,1,3
NECarroll,SSpalding,1,0,0,0,2,0,1,2,0,1,2,3
NECarroll,WWalton,0,0,0,0,0,0,0,0,0,0,0,0
NECarroll,EWalton,0,0,0,0,0,0,0,0,0,0,0,0
WCarroll,NFulton,0,1,0,0,0,0,0,1,0,1,0,1
WCarroll,Roswell,0,0,0,0,0,0,0,0,0,0,0,0
WCarroll,SandySprings,4,0,0,3,4,0,7,4,0,4,7,11
WCarroll,Buckhead,7,0,0,10,6,0,17,6,0,7,16,23
WCarroll,NWAtlanta,22,0,0,2,19,0,24,19,0,22,21,43
WCarroll,NEAtlanta,9,1,0,7,7,0,16,8,0,10,14,24
WCarroll,SWAtlanta,24,0,0,6,10,0,30,10,0,24,16,40
WCarroll,CBDAtlanta,9,1,0,6,4,0,15,5,0,10,10,20
WCarroll,SEAtlanta,5,3,0,3,6,0,8,9,0,8,9,17
WCarroll,SFulton,43,8,0,2,11,0,45,19,0,51,13,64
WCarroll,Tri-Cities,9,1,0,4,7,0,13,8,0,10,11,21
WCarroll,Shannon,18,4,0,2,22,0,20,26,0,22,24,46
WCarroll,WCherokee,1,0,0,0,0,0,1,0,0,1,0,1
WCarroll,NCherokee,0,0,0,0,0,0,0,0,0,0,0,0
WCarroll,ECentCherokee,0,0,0,0,0,0,0,0,0,0,0,0
WCarroll,Woodstock,2,0,0,0,0,0,2,0,0,2,0,2
WCarroll,Airport,10,0,0,2,8,0,12,8,0,10,10,20
WCarroll,NEClayton,3,1,0,1,26,0,4,27,0,4,27,31
WCarroll,Riverdale,0,0,0,3,1,0,3,1,0,0,4,4
WCarroll,SClayton,2,0,0,2,0,0,4,0,0,2,2,4
WCarroll,NWCobb,20,5,0,9,18,0,29,23,0,25,27,52
WCarroll,NECobb,5,0,0,1,1,0,6,1,0,5,2,7
WCarroll,SWCobb,24,4,0,4,6,0,28,10,0,28,10,38
WCarroll,Marietta,14,4,0,3,6,0,17,10,0,18,9,27
WCarroll,Cumberland,21,5,0,8,23,0,29,28,0,26,31,57
WCarroll,SCobb,31,7,0,16,20,0,47,27,0,38,36,74
WCarroll,Chamblee,1,0,0,0,0,0,1,0,0,1,0,1
WCarroll,NWDeKalb,1,0,0,0,0,0,1,0,0,1,0,1
WCarroll,NEDeKalb,3,0,0,0,0,0,3,0,0,3,0,3
WCarroll,Atlanta-DeKalb,1,0,0,2,0,0,3,0,0,1,2,3
WCarroll,Decatur,0,0,0,0,1,0,0,1,0,0,1,1
WCarroll,SWDeKalb,2,0,0,0,1,0,2,1,0,2,1,3
WCarroll,SEDeKalb,0,1,0,0,0,0,0,1,0,1,0,1
WCarroll,SDeKalb,2,1,0,0,1,0,2,2,0,3,1,4
WCarroll,WDouglas,188,38,0,33,83,0,221,121,0,226,116,342
WCarroll,EDouglas,102,18,0,19,60,0,121,78,0,120,79,199
WCarroll,WFayette,24,2,0,11,15,0,35,17,0,26,26,52
WCarroll,EFayette,9,0,0,5,9,0,14,9,0,9,14,23
WCarroll,NGwinnett,0,0,0,0,0,0,0,0,0,0,0,0
WCarroll,CentGwinnett,0,0,0,1,0,0,1,0,0,0,1,1
WCarroll,EGwinnett,0,0,0,0,0,0,0,0,0,0,0,0
WCarroll,Norcross,0,0,0,1,1,0,1,1,0,0,2,2
WCarroll,Lilburn,0,0,0,0,0,0,0,0,0,0,0,0
WCarroll,Snellville,0,0,0,0,0,0,0,0,0,0,0,0
WCarroll,NHenry,0,0,0,1,1,0,1,1,0,0,2,2
WCarroll,EHenry,0,0,0,0,9,0,0,9,0,0,9,9
WCarroll,SHenry,1,1,0,1,0,0,2,1,0,2,1,3
WCarroll,SRockdale,0,0,0,0,0,0,0,0,0,0,0,0
WCarroll,NRockdale,0,0,0,0,0,0,0,0,0,0,0,0
WCarroll,NBarrow,0,0,0,0,0,0,0,0,0,0,0,0
WCarroll,SBarrow,0,0,0,0,0,0,0,0,0,0,0,0
WCarroll,NWBartow,0,0,0,0,0,0,0,0,0,0,0,0
WCarroll,NEBartow,3,0,0,0,0,0,3,0,0,3,0,3
WCarroll,SWBartow,3,0,0,0,0,0,3,0,0,3,0,3
WCarroll,Cartersville,7,1,0,2,1,0,9,2,0,8,3,11
WCarroll,NECarroll,454,105,0,155,393,0,609,498,0,559,548,1107
WCarroll,WCarroll,4175,902,0,5826,12149,0,10001,13051,0,5077,17975,23052
WCarroll,CentralCarroll,3091,614,12,2195,5404,19,5286,6018,31,3717,7618,11335
WCarroll,SECarroll,188,24,0,122,300,0,310,324,0,212,422,634
WCarroll,WCoweta,41,15,0,12,8,0,53,23,0,56,20,76
WCarroll,NCoweta,99,21,0,21,43,0,120,64,0,120,64,184
WCarroll,SCoweta,1,2,0,3,1,0,4,3,0,3,4,7
WCarroll,SECoweta,3,0,0,0,5,0,3,5,0,3,5,8
WCarroll,NForsyth,0,0,0,0,0,0,0,0,0,0,0,0
WCarroll,Cumming,0,0,0,0,0,0,0,0,0,0,0,0
WCarroll,SForsyth,0,0,0,0,0,0,0,0,0,0,0,0
WCarroll,NHall,0,0,0,0,0,0,0,0,0,0,0,0
WCarroll,Gainesville,0,0,0,0,0,0,0,0,0,0,0,0
WCarroll,SHall,0,0,0,0,0,0,0,0,0,0,0,0
WCarroll,WNewton,0,0,0,0,0,0,0,0,0,0,0,0
WCarroll,ENewton,0,0,0,0,0,0,0,0,0,0,0,0
WCarroll,NPaulding,12,2,0,4,8,0,16,10,0,14,12,26
WCarroll,WPaulding,52,9,0,10,26,0,62,35,0,61,36,97
WCarroll,EPaulding,100,25,0,23,55,0,123,80,0,125,78,203
WCarroll,NSpalding,0,0,0,0,0,0,0,0,0,0,0,0
WCarroll,SSpalding,0,0,0,0,0,0,0,0,0,0,0,0
WCarroll,WWalton,0,0,0,0,0,0,0,0,0,0,0,0
WCarroll,EWalton,0,0,0,0,0,0,0,0,0,0,0,0
CentralCarroll,NFulton,3,3,0,1,12,0,4,15,0,6,13,19
CentralCarroll,Roswell,5,0,0,3,3,0,8,3,0,5,6,11
CentralCarroll,SandySprings,40,10,0,11,21,0,51,31,0,50,32,82
CentralCarroll,Buckhead,67,8,0,23,91,0,90,99,0,75,114,189
CentralCarroll,NWAtlanta,93,12,0,13,17,0,106,29,0,105,30,135
CentralCarroll,NEAtlanta,79,13,0,26,53,0,105,66,0,92,79,171
CentralCarroll,SWAtlanta,110,18,0,38,47,0,148,65,0,128,85,213
CentralCarroll,CBDAtlanta,69,9,3,30,89,0,99,98,3,81,119,200
CentralCarroll,SEAtlanta,35,3,0,10,25,0,45,28,0,38,35,73
CentralCarroll,SFulton,267,44,0,110,207,0,377,251,0,311,317,628
CentralCarroll,Tri-Cities,99,24,0,33,75,0,132,99,0,123,108,231
CentralCarroll,Shannon,177,34,0,56,79,0,233,113,0,211,135,346
CentralCarroll,WCherokee,0,0,0,0,1,0,0,1,0,0,1,1
CentralCarroll,NCherokee,1,0,0,0,0,0,1,0,0,1,0,1
CentralCarroll,ECentCherokee,4,0,0,3,2,0,7,2,0,4,5,9
CentralCarroll,Woodstock,13,3,0,8,2,0,21,5,0,16,10,26
CentralCarroll,Airport,57,10,0,5,19,0,62,29,0,67,24,91
CentralCarroll,NEClayton,39,6,0,12,10,0,51,16,0,45,22,67
CentralCarroll,Riverdale,23,9,0,9,11,0,32,20,0,32,20,52
CentralCarroll,SClayton,25,2,0,11,46,0,36,48,0,27,57,84
CentralCarroll,NWCobb,153,23,0,35,45,0,188,68,0,176,80,256
CentralCarroll,NECobb,43,5,0,13,20,0,56,25,0,48,33,81
CentralCarroll,SWCobb,123,17,0,44,92,0,167,109,0,140,136,276
CentralCarroll,Marietta,102,16,0,18,21,0,120,37,0,118,39,157
CentralCarroll,Cumberland,201,23,0,31,62,0,232,85,0,224,93,317
CentralCarroll,SCobb,200,43,0,30,119,0,230,162,0,243,149,392
CentralCarroll,Chamblee,21,5,0,7,26,0,28,31,0,26,33,59
CentralCarroll,NWDeKalb,24,3,0,14,33,0,38,36,0,27,47,74
CentralCarroll,NEDeKalb,9,5,0,7,32,0,16,37,0,14,39,53
CentralCarroll,Atlanta-DeKalb,4,4,0,4,5,0,8,9,0,8,9,17
CentralCarroll,Decatur,5,1,0,3,2,0,8,3,0,6,5,11
CentralCarroll,SWDeKalb,13,4,0,7,19,0,20,23,0,17,26,43
CentralCarroll,SEDeKalb,1,1,0,4,1,0,5,2,0,2,5,7
CentralCarroll,SDeKalb,14,5,0,8,23,0,22,28,0,19,31,50
CentralCarroll,WDouglas,1651,305,0,883,2137,0,2534,2442,0,1956,3020,4976
CentralCarroll,EDouglas,640,98,0,201,347,0,841,445,0,738,548,1286
CentralCarroll,WFayette,184,34,0,116,76,0,300,110,0,218,192,410
CentralCarroll,EFayette,59,6,0,39,20,0,98,26,0,65,59,124
CentralCarroll,NGwinnett,0,0,0,1,0,0,1,0,0,0,1,1
CentralCarroll,CentGwinnett,2,0,0,4,1,0,6,1,0,2,5,7
CentralCarroll,EGwinnett,0,0,0,0,0,0,0,0,0,0,0,0
CentralCarroll,Norcross,8,0,0,6,4,0,14,4,0,8,10,18
CentralCarroll,Lilburn,3,0,0,2,0,0,5,0,0,3,2,5
CentralCarroll,Snellville,1,0,0,1,4,0,2,4,0,1,5,6
CentralCarroll,NHenry,9,2,0,7,18,0,16,20,0,11,25,36
CentralCarroll,EHenry,1,1,0,0,4,0,1,5,0,2,4,6
CentralCarroll,SHenry,5,0,0,10,2,0,15,2,0,5,12,17
CentralCarroll,SRockdale,0,0,0,1,16,0,1,16,0,0,17,17
CentralCarroll,NRockdale,1,0,0,3,0,0,4,0,0,1,3,4
CentralCarroll,NBarrow,0,0,0,0,0,0,0,0,0,0,0,0
CentralCarroll,SBarrow,1,0,0,0,0,0,1,0,0,1,0,1
CentralCarroll,NWBartow,3,1,0,4,4,0,7,5,0,4,8,12
CentralCarroll,NEBartow,5,0,0,2,0,0,7,0,0,5,2,7
CentralCarroll,SWBartow,18,2,0,5,7,0,23,9,0,20,12,32
CentralCarroll,Cartersville,33,6,0,7,12,0,40,18,0,39,19,58
CentralCarroll,NECarroll,2594,514,3,2217,5527,6,4811,6041,9,3111,7750,10861
CentralCarroll,WCarroll,3089,626,12,2205,5350,19,5294,5976,31,3727,7574,11301
CentralCarroll,CentralCarroll,35107,6875,190,44589,93656,565,79696,100531,755,42172,138810,180982
CentralCarroll,SECarroll,1543,293,1,1410,3938,4,2953,4231,5,1837,5352,7189
CentralCarroll,WCoweta,718,109,0,382,554,4,1100,663,4,827,940,1767
CentralCarroll,NCoweta,960,174,0,428,439,1,1388,613,1,1134,868,2002
CentralCarroll,SCoweta,81,18,0,75,61,0,156,79,0,99,136,235
CentralCarroll,SECoweta,59,17,0,32,32,0,91,49,0,76,64,140
CentralCarroll,NForsyth,0,0,0,0,0,0,0,0,0,0,0,0
CentralCarroll,Cumming,0,0,0,0,0,0,0,0,0,0,0,0
CentralCarroll,SForsyth,0,0,0,0,0,0,0,0,0,0,0,0
CentralCarroll,NHall,0,0,0,0,0,0,0,0,0,0,0,0
CentralCarroll,Gainesville,0,0,0,0,0,0,0,0,0,0,0,0
CentralCarroll,SHall,0,0,0,0,0,0,0,0,0,0,0,0
CentralCarroll,WNewton,0,0,0,0,0,0,0,0,0,0,0,0
CentralCarroll,ENewton,0,0,0,0,0,0,0,0,0,0,0,0
CentralCarroll,NPaulding,77,12,0,26,17,0,103,29,0,89,43,132
CentralCarroll,WPaulding,315,54,0,144,282,0,459,336,0,369,426,795
CentralCarroll,EPaulding,640,128,0,279,457,0,919,585,0,768,736,1504
CentralCarroll,NSpalding,7,1,0,3,5,0,10,6,0,8,8,16
CentralCarroll,SSpalding,5,0,0,4,1,0,9,1,0,5,5,10
CentralCarroll,WWalton,0,0,0,0,0,0,0,0,0,0,0,0
CentralCarroll,EWalton,0,0,0,0,0,0,0,0,0,0,0,0
SECarroll,NFulton,1,0,0,1,0,0,2,0,0,1,1,2
SECarroll,Roswell,0,0,0,0,0,0,0,0,0,0,0,0
SECarroll,SandySprings,8,0,0,4,5,0,12,5,0,8,9,17
SECarroll,Buckhead,7,1,0,6,43,0,13,44,0,8,49,57
SECarroll,NWAtlanta,14,3,0,8,0,0,22,3,0,17,8,25
SECarroll,NEAtlanta,3,4,0,5,29,0,8,33,0,7,34,41
SECarroll,SWAtlanta,23,2,0,5,4,0,28,6,0,25,9,34
SECarroll,CBDAtlanta,7,2,0,6,12,0,13,14,0,9,18,27
SECarroll,SEAtlanta,5,1,0,2,26,0,7,27,0,6,28,34
SECarroll,SFulton,52,7,0,10,31,0,62,38,0,59,41,100
SECarroll,Tri-Cities,26,3,0,6,13,0,32,16,0,29,19,48
SECarroll,Shannon,50,6,0,9,57,0,59,63,0,56,66,122
SECarroll,WCherokee,0,0,0,0,0,0,0,0,0,0,0,0
SECarroll,NCherokee,0,0,0,0,0,0,0,0,0,0,0,0
SECarroll,ECentCherokee,0,0,0,0,1,0,0,1,0,0,1,1
SECarroll,Woodstock,0,0,0,0,0,0,0,0,0,0,0,0
SECarroll,Airport,20,3,0,2,8,0,22,11,0,23,10,33
SECarroll,NEClayton,8,2,0,4,22,0,12,24,0,10,26,36
SECarroll,Riverdale,8,2,0,4,3,0,12,5,0,10,7,17
SECarroll,SClayton,3,3,0,2,17,0,5,20,0,6,19,25
SECarroll,NWCobb,14,0,0,7,32,0,21,32,0,14,39,53
SECarroll,NECobb,6,0,0,1,1,0,7,1,0,6,2,8
SECarroll,SWCobb,14,4,0,6,9,0,20,13,0,18,15,33
SECarroll,Marietta,12,0,0,1,4,0,13,4,0,12,5,17
SECarroll,Cumberland,28,4,0,8,11,0,36,15,0,32,19,51
SECarroll,SCobb,39,4,0,7,34,0,46,38,0,43,41,84
SECarroll,Chamblee,1,0,0,1,0,0,2,0,0,1,1,2
SECarroll,NWDeKalb,3,0,0,2,6,0,5,6,0,3,8,11
SECarroll,NEDeKalb,1,0,0,1,0,0,2,0,0,1,1,2
SECarroll,Atlanta-DeKalb,0,0,0,1,9,0,1,9,0,0,10,10
SECarroll,Decatur,0,0,0,3,0,0,3,0,0,0,3,3
SECarroll,SWDeKalb,1,0,0,1,4,0,2,4,0,1,5,6
SECarroll,SEDeKalb,0,0,0,0,0,0,0,0,0,0,0,0
SECarroll,SDeKalb,3,0,0,1,5,0,4,5,0,3,6,9
SECarroll,WDouglas,171,29,0,89,326,0,260,355,0,200,415,615
SECarroll,EDouglas,95,20,0,27,85,0,122,105,0,115,112,227
SECarroll,WFayette,55,7,0,19,50,0,74,57,0,62,69,131
SECarroll,EFayette,9,3,0,3,4,0,12,7,0,12,7,19
SECarroll,NGwinnett,0,0,0,0,0,0,0,0,0,0,0,0
SECarroll,CentGwinnett,1,1,0,1,0,0,2,1,0,2,1,3
SECarroll,EGwinnett,0,0,0,0,1,0,0,1,0,0,1,1
SECarroll,Norcross,1,0,0,0,0,0,1,0,0,1,0,1
SECarroll,Lilburn,0,0,0,0,0,0,0,0,0,0,0,0
SECarroll,Snellville,0,0,0,0,0,0,0,0,0,0,0,0
SECarroll,NHenry,1,0,0,2,0,0,3,0,0,1,2,3
SECarroll,EHenry,0,0,0,0,16,0,0,16,0,0,16,16
SECarroll,SHenry,3,0,0,0,0,0,3,0,0,3,0,3
SECarroll,SRockdale,1,0,0,0,0,0,1,0,0,1,0,1
SECarroll,NRockdale,2,0,0,0,0,0,2,0,0,2,0,2
SECarroll,NBarrow,0,0,0,0,0,0,0,0,0,0,0,0
SECarroll,SBarrow,0,0,0,0,0,0,0,0,0,0,0,0
SECarroll,NWBartow,0,0,0,0,0,0,0,0,0,0,0,0
SECarroll,NEBartow,0,0,0,0,0,0,0,0,0,0,0,0
SECarroll,SWBartow,0,0,0,0,0,0,0,0,0,0,0,0
SECarroll,Cartersville,3,0,0,0,2,0,3,2,0,3,2,5
SECarroll,NECarroll,92,19,0,55,134,0,147,153,0,111,189,300
SECarroll,WCarroll,195,27,0,125,284,0,320,311,0,222,409,631
SECarroll,CentralCarroll,1476,296,1,1404,3977,4,2880,4273,5,1773,5385,7158
SECarroll,SECarroll,918,189,0,1795,3910,0,2713,4099,0,1107,5705,6812
SECarroll,WCoweta,169,34,0,167,351,0,336,385,0,203,518,721
SECarroll,NCoweta,281,50,0,152,496,0,433,546,0,331,648,979
SECarroll,SCoweta,20,3,0,7,8,0,27,11,0,23,15,38
SECarroll,SECoweta,9,2,0,4,1,0,13,3,0,11,5,16
SECarroll,NForsyth,0,0,0,0,0,0,0,0,0,0,0,0
SECarroll,Cumming,0,0,0,0,0,0,0,0,0,0,0,0
SECarroll,SForsyth,0,0,0,0,0,0,0,0,0,0,0,0
SECarroll,NHall,0,0,0,0,0,0,0,0,0,0,0,0
SECarroll,Gainesville,0,0,0,0,0,0,0,0,0,0,0,0
SECarroll,SHall,0,0,0,0,0,0,0,0,0,0,0,0
SECarroll,WNewton,0,0,0,0,0,0,0,0,0,0,0,0
SECarroll,ENewton,0,0,0,0,0,0,0,0,0,0,0,0
SECarroll,NPaulding,5,1,0,3,1,0,8,2,0,6,4,10
SECarroll,WPaulding,2,3,0,4,7,0,6,10,0,5,11,16
SECarroll,EPaulding,50,4,0,15,46,0,65,50,0,54,61,115
SECarroll,NSpalding,1,0,0,1,1,0,2,1,0,1,2,3
SECarroll,SSpalding,3,0,0,2,0,0,5,0,0,3,2,5
SECarroll,WWalton,0,0,0,0,0,0,0,0,0,0,0,0
SECarroll,EWalton,0,0,0,0,0,0,0,0,0,0,0,0
WCoweta,NFulton,1,0,0,0,1,0,1,1,0,1,1,2
WCoweta,Roswell,0,0,0,0,0,0,0,0,0,0,0,0
WCoweta,SandySprings,20,4,0,5,4,0,25,8,0,24,9,33
WCoweta,Buckhead,28,10,4,16,38,0,44,48,4,42,54,96
WCoweta,NWAtlanta,53,10,2,11,12,0,64,22,2,65,23,88
WCoweta,NEAtlanta,57,17,3,19,33,2,76,50,5,77,54,131
WCoweta,SWAtlanta,98,11,0,16,48,0,114,59,0,109,64,173
WCoweta,CBDAtlanta,66,11,5,15,114,0,81,125,5,82,129,211
WCoweta,SEAtlanta,61,12,0,15,43,1,76,55,1,73,59,132
WCoweta,SFulton,201,34,0,62,141,0,263,175,0,235,203,438
WCoweta,Tri-Cities,207,44,0,26,67,0,233,111,0,251,93,344
WCoweta,Shannon,321,48,0,58,149,0,379,197,0,369,207,576
WCoweta,WCherokee,0,0,0,0,0,0,0,0,0,0,0,0
WCoweta,NCherokee,0,0,0,0,0,0,0,0,0,0,0,0
WCoweta,ECentCherokee,1,0,0,0,0,0,1,0,0,1,0,1
WCoweta,Woodstock,1,0,0,0,0,0,1,0,0,1,0,1
WCoweta,Airport,117,16,4,9,8,0,126,24,4,137,17,154
WCoweta,NEClayton,90,16,0,18,19,0,108,35,0,106,37,143
WCoweta,Riverdale,46,16,0,18,61,0,64,77,0,62,79,141
WCoweta,SClayton,45,14,0,15,20,0,60,34,0,59,35,94
WCoweta,NWCobb,11,4,0,3,9,0,14,13,0,15,12,27
WCoweta,NECobb,9,3,0,3,3,0,12,6,0,12,6,18
WCoweta,SWCobb,22,2,0,4,20,0,26,22,0,24,24,48
WCoweta,Marietta,16,4,0,5,2,0,21,6,0,20,7,27
WCoweta,Cumberland,79,15,0,10,17,0,89,32,0,94,27,121
WCoweta,SCobb,70,7,0,16,14,0,86,21,0,77,30,107
WCoweta,Chamblee,16,5,0,8,8,1,24,13,1,21,17,38
WCoweta,NWDeKalb,26,6,0,5,42,1,31,48,1,32,48,80
WCoweta,NEDeKalb,17,1,0,5,20,0,22,21,0,18,25,43
WCoweta,Atlanta-DeKalb,6,1,0,3,4,0,9,5,0,7,7,14
WCoweta,Decatur,2,1,0,1,8,0,3,9,0,3,9,12
WCoweta,SWDeKalb,23,3,0,5,6,0,28,9,0,26,11,37
WCoweta,SEDeKalb,6,2,0,3,7,0,9,9,0,8,10,18
WCoweta,SDeKalb,23,4,0,7,29,0,30,33,0,27,36,63
WCoweta,WDouglas,219,37,0,61,142,0,280,179,0,256,203,459
WCoweta,EDouglas,148,29,0,22,34,0,170,63,0,177,56,233
WCoweta,WFayette,500,95,0,133,420,0,633,515,0,595,553,1148
WCoweta,EFayette,158,19,0,30,45,0,188,64,0,177,75,252
WCoweta,NGwinnett,0,0,0,0,0,0,0,0,0,0,0,0
WCoweta,CentGwinnett,1,0,0,2,0,0,3,0,0,1,2,3
WCoweta,EGwinnett,0,0,0,0,0,0,0,0,0,0,0,0
WCoweta,Norcross,6,0,0,1,5,0,7,5,0,6,6,12
WCoweta,Lilburn,2,0,0,0,0,0,2,0,0,2,0,2
WCoweta,Snellville,1,0,0,0,1,0,1,1,0,1,1,2
WCoweta,NHenry,15,2,0,5,8,0,20,10,0,17,13,30
WCoweta,EHenry,0,0,0,1,0,0,1,0,0,0,1,1
WCoweta,SHenry,19,4,0,11,18,0,30,22,0,23,29,52
WCoweta,SRockdale,2,0,0,2,0,0,4,0,0,2,2,4
WCoweta,NRockdale,2,0,0,0,0,0,2,0,0,2,0,2
WCoweta,NBarrow,0,0,0,0,0,0,0,0,0,0,0,0
WCoweta,SBarrow,0,0,0,0,0,0,0,0,0,0,0,0
WCoweta,NWBartow,0,0,0,0,0,0,0,0,0,0,0,0
WCoweta,NEBartow,0,0,0,0,0,0,0,0,0,0,0,0
WCoweta,SWBartow,2,0,0,0,0,0,2,0,0,2,0,2
WCoweta,Cartersville,1,0,0,1,0,0,2,0,0,1,1,2
WCoweta,NECarroll,99,22,0,26,99,0,125,121,0,121,125,246
WCoweta,WCarroll,57,9,0,9,14,0,66,23,0,66,23,89
WCoweta,CentralCarroll,712,120,0,355,514,5,1067,634,5,832,874,1706
WCoweta,SECarroll,166,34,0,177,390,0,343,424,0,200,567,767
WCoweta,WCoweta,4996,937,0,9014,18177,0,14010,19114,0,5933,27191,33124
WCoweta,NCoweta,4945,947,0,6895,14697,0,11840,15644,0,5892,21592,27484
WCoweta,SCoweta,435,84,0,406,1093,0,841,1177,0,519,1499,2018
WCoweta,SECoweta,179,27,0,76,243,0,255,270,0,206,319,525
WCoweta,NForsyth,0,0,0,0,0,0,0,0,0,0,0,0
WCoweta,Cumming,0,0,0,0,0,0,0,0,0,0,0,0
WCoweta,SForsyth,2,0,0,0,0,0,2,0,0,2,0,2
WCoweta,NHall,0,0,0,0,0,0,0,0,0,0,0,0
WCoweta,Gainesville,0,0,0,0,0,0,0,0,0,0,0,0
WCoweta,SHall,0,0,0,0,0,0,0,0,0,0,0,0
WCoweta,WNewton,1,0,0,0,0,0,1,0,0,1,0,1
WCoweta,ENewton,0,0,0,0,0,0,0,0,0,0,0,0
WCoweta,NPaulding,2,2,0,1,1,0,3,3,0,4,2,6
WCoweta,WPaulding,6,3,0,3,22,0,9,25,0,9,25,34
WCoweta,EPaulding,40,3,0,16,21,0,56,24,0,43,37,80
WCoweta,NSpalding,34,7,0,6,22,0,40,29,0,41,28,69
WCoweta,SSpalding,27,7,0,9,1,0,36,8,0,34,10,44
WCoweta,WWalton,0,0,0,0,1,0,0,1,0,0,1,1
WCoweta,EWalton,0,0,0,0,0,0,0,0,0,0,0,0
NCoweta,NFulton,19,7,0,4,6,0,23,13,0,26,10,36
NCoweta,Roswell,10,0,0,3,12,0,13,12,0,10,15,25
NCoweta,SandySprings,143,33,6,30,36,12,173,69,18,182,78,260
NCoweta,Buckhead,246,67,21,58,159,2,304,226,23,334,219,553
NCoweta,NWAtlanta,287,43,4,59,67,2,346,110,6,334,128,462
NCoweta,NEAtlanta,465,90,46,105,317,24,570,407,70,601,446,1047
NCoweta,SWAtlanta,469,86,4,115,307,6,584,393,10,559,428,987
NCoweta,CBDAtlanta,482,114,152,113,357,34,595,471,186,748,504,1252
NCoweta,SEAtlanta,389,62,4,110,228,8,499,290,12,455,346,801
NCoweta,SFulton,1170,219,0,1082,2895,2,2252,3114,2,1389,3979,5368
NCoweta,Tri-Cities,1071,215,12,186,401,1,1257,616,13,1298,588,1886
NCoweta,Shannon,2069,389,6,919,2631,13,2988,3020,19,2464,3563,6027
NCoweta,WCherokee,0,0,0,0,0,0,0,0,0,0,0,0
NCoweta,NCherokee,0,0,0,0,0,0,0,0,0,0,0,0
NCoweta,ECentCherokee,1,0,0,2,7,0,3,7,0,1,9,10
NCoweta,Woodstock,7,1,0,5,11,0,12,12,0,8,16,24
NCoweta,Airport,765,108,49,53,131,0,818,239,49,922,184,1106
NCoweta,NEClayton,510,87,0,87,243,2,597,330,2,597,332,929
NCoweta,Riverdale,420,63,0,89,271,2,509,334,2,483,362,845
NCoweta,SClayton,391,65,0,98,311,0,489,376,0,456,409,865
NCoweta,NWCobb,49,3,0,21,68,0,70,71,0,52,89,141
NCoweta,NECobb,66,12,0,22,66,0,88,78,0,78,88,166
NCoweta,SWCobb,93,14,0,26,60,0,119,74,0,107,86,193
NCoweta,Marietta,83,11,0,29,44,2,112,55,2,94,75,169
NCoweta,Cumberland,461,64,1,70,139,1,531,203,2,526,210,736
NCoweta,SCobb,290,47,1,48,74,1,338,121,2,338,123,461
NCoweta,Chamblee,123,27,4,29,47,0,152,74,4,154,76,230
NCoweta,NWDeKalb,208,57,3,56,95,9,264,152,12,268,160,428
NCoweta,NEDeKalb,91,21,2,39,76,0,130,97,2,114,115,229
NCoweta,Atlanta-DeKalb,45,9,2,15,59,0,60,68,2,56,74,130
NCoweta,Decatur,37,4,5,13,30,5,50,34,10,46,48,94
NCoweta,SWDeKalb,87,14,1,36,48,0,123,62,1,102,84,186
NCoweta,SEDeKalb,38,11,0,23,46,0,61,57,0,49,69,118
NCoweta,SDeKalb,177,31,0,51,109,2,228,140,2,208,162,370
NCoweta,WDouglas,564,113,0,162,386,0,726,499,0,677,548,1225
NCoweta,EDouglas,511,93,0,137,291,0,648,384,0,604,428,1032
NCoweta,WFayette,4647,825,0,3374,9151,0,8021,9976,0,5472,12525,17997
NCoweta,EFayette,1181,206,0,417,1094,0,1598,1300,0,1387,1511,2898
NCoweta,NGwinnett,4,2,0,1,5,0,5,7,0,6,6,12
NCoweta,CentGwinnett,13,4,0,11,8,0,24,12,0,17,19,36
NCoweta,EGwinnett,2,0,0,2,1,0,4,1,0,2,3,5
NCoweta,Norcross,57,11,0,15,33,0,72,44,0,68,48,116
NCoweta,Lilburn,7,1,0,6,9,0,13,10,0,8,15,23
NCoweta,Snellville,7,0,0,4,7,0,11,7,0,7,11,18
NCoweta,NHenry,111,17,0,27,91,0,138,108,0,128,118,246
NCoweta,EHenry,19,2,0,8,11,0,27,13,0,21,19,40
NCoweta,SHenry,216,35,0,53,117,0,269,152,0,251,170,421
NCoweta,SRockdale,9,2,0,7,3,0,16,5,0,11,10,21
NCoweta,NRockdale,12,3,0,11,5,0,23,8,0,15,16,31
NCoweta,NBarrow,0,0,0,0,0,0,0,0,0,0,0,0
NCoweta,SBarrow,0,0,0,0,0,0,0,0,0,0,0,0
NCoweta,NWBartow,1,0,0,0,0,0,1,0,0,1,0,1
NCoweta,NEBartow,0,0,0,0,0,0,0,0,0,0,0,0
NCoweta,SWBartow,0,0,0,0,0,0,0,0,0,0,0,0
NCoweta,Cartersville,1,1,0,0,1,0,1,2,0,2,1,3
NCoweta,NECarroll,171,26,0,37,34,0,208,60,0,197,71,268
NCoweta,WCarroll,88,19,0,23,43,0,111,62,0,107,66,173
NCoweta,CentralCarroll,957,170,0,437,455,2,1394,625,2,1127,894,2021
NCoweta,SECarroll,258,49,0,163,452,0,421,501,0,307,615,922
NCoweta,WCoweta,5112,928,0,6931,14488,0,12043,15416,0,6040,21419,27459
NCoweta,NCoweta,30849,5777,0,52619,113180,0,83468,118957,0,36626,165799,202425
NCoweta,SCoweta,1595,324,0,1564,3803,0,3159,4127,0,1919,5367,7286
NCoweta,SECoweta,1508,262,0,1913,4897,0,3421,5159,0,1770,6810,8580
NCoweta,NForsyth,0,0,0,0,0,0,0,0,0,0,0,0
NCoweta,Cumming,0,0,0,0,0,0,0,0,0,0,0,0
NCoweta,SForsyth,2,0,0,0,9,0,2,9,0,2,9,11
NCoweta,NHall,0,0,0,0,0,0,0,0,0,0,0,0
NCoweta,Gainesville,0,0,0,0,0,0,0,0,0,0,0,0
NCoweta,SHall,0,0,0,0,0,0,0,0,0,0,0,0
NCoweta,WNewton,5,2,0,2,1,0,7,3,0,7,3,10
NCoweta,ENewton,0,0,0,0,4,0,0,4,0,0,4,4
NCoweta,NPaulding,9,3,0,5,19,0,14,22,0,12,24,36
NCoweta,WPaulding,25,11,0,3,25,0,28,36,0,36,28,64
NCoweta,EPaulding,117,27,0,41,117,0,158,144,0,144,158,302
NCoweta,NSpalding,218,40,0,65,141,0,283,181,0,258,206,464
NCoweta,SSpalding,237,34,0,42,148,0,279,182,0,271,190,461
NCoweta,WWalton,1,0,0,1,1,0,2,1,0,1,2,3
NCoweta,EWalton,0,0,0,0,1,0,0,1,0,0,1,1
SCoweta,NFulton,0,0,0,1,1,0,1,1,0,0,2,2
SCoweta,Roswell,2,0,0,0,0,0,2,0,0,2,0,2
SCoweta,SandySprings,3,3,0,2,12,0,5,15,0,6,14,20
SCoweta,Buckhead,10,3,0,5,19,0,15,22,0,13,24,37
SCoweta,NWAtlanta,17,1,0,2,7,0,19,8,0,18,9,27
SCoweta,NEAtlanta,17,4,0,17,65,0,34,69,0,21,82,103
SCoweta,SWAtlanta,23,7,0,15,38,0,38,45,0,30,53,83
SCoweta,CBDAtlanta,20,4,3,15,46,0,35,50,3,27,61,88
SCoweta,SEAtlanta,20,1,0,5,18,0,25,19,0,21,23,44
SCoweta,SFulton,57,13,0,11,10,0,68,23,0,70,21,91
SCoweta,Tri-Cities,92,13,1,16,37,0,108,50,1,106,53,159
SCoweta,Shannon,111,23,0,32,54,0,143,77,0,134,86,220
SCoweta,WCherokee,0,0,0,0,0,0,0,0,0,0,0,0
SCoweta,NCherokee,0,0,0,0,0,0,0,0,0,0,0,0
SCoweta,ECentCherokee,0,0,0,1,0,0,1,0,0,0,1,1
SCoweta,Woodstock,0,0,0,0,0,0,0,0,0,0,0,0
SCoweta,Airport,63,12,0,8,12,0,71,24,0,75,20,95
SCoweta,NEClayton,43,11,0,17,26,0,60,37,0,54,43,97
SCoweta,Riverdale,26,2,0,8,46,0,34,48,0,28,54,82
SCoweta,SClayton,31,4,0,9,20,0,40,24,0,35,29,64
SCoweta,NWCobb,3,0,0,1,0,0,4,0,0,3,1,4
SCoweta,NECobb,2,0,0,0,0,0,2,0,0,2,0,2
SCoweta,SWCobb,3,0,0,0,0,0,3,0,0,3,0,3
SCoweta,Marietta,3,2,0,3,2,0,6,4,0,5,5,10
SCoweta,Cumberland,22,4,0,7,33,0,29,37,0,26,40,66
SCoweta,SCobb,15,1,0,4,8,0,19,9,0,16,12,28
SCoweta,Chamblee,8,1,0,7,1,0,15,2,0,9,8,17
SCoweta,NWDeKalb,12,2,0,5,22,0,17,24,0,14,27,41
SCoweta,NEDeKalb,2,0,0,1,5,0,3,5,0,2,6,8
SCoweta,Atlanta-DeKalb,2,1,0,1,5,0,3,6,0,3,6,9
SCoweta,Decatur,2,0,0,3,2,0,5,2,0,2,5,7
SCoweta,SWDeKalb,5,1,0,2,9,0,7,10,0,6,11,17
SCoweta,SEDeKalb,0,0,0,2,0,0,2,0,0,0,2,2
SCoweta,SDeKalb,9,1,0,5,7,0,14,8,0,10,12,22
SCoweta,WDouglas,41,4,0,7,16,0,48,20,0,45,23,68
SCoweta,EDouglas,29,9,0,10,33,0,39,42,0,38,43,81
SCoweta,WFayette,323,53,0,146,461,0,469,514,0,376,607,983
SCoweta,EFayette,99,23,0,26,43,0,125,66,0,122,69,191
SCoweta,NGwinnett,0,0,0,0,0,0,0,0,0,0,0,0
SCoweta,CentGwinnett,0,1,0,0,0,0,0,1,0,1,0,1
SCoweta,EGwinnett,0,0,0,0,0,0,0,0,0,0,0,0
SCoweta,Norcross,0,0,0,0,0,0,0,0,0,0,0,0
SCoweta,Lilburn,0,0,0,0,4,0,0,4,0,0,4,4
SCoweta,Snellville,0,0,0,0,0,0,0,0,0,0,0,0
SCoweta,NHenry,7,1,0,2,5,0,9,6,0,8,7,15
SCoweta,EHenry,3,0,0,1,5,0,4,5,0,3,6,9
SCoweta,SHenry,27,2,0,2,18,0,29,20,0,29,20,49
SCoweta,SRockdale,0,0,0,0,0,0,0,0,0,0,0,0
SCoweta,NRockdale,1,0,0,0,0,0,1,0,0,1,0,1
SCoweta,NBarrow,0,0,0,0,0,0,0,0,0,0,0,0
SCoweta,SBarrow,0,0,0,0,0,0,0,0,0,0,0,0
SCoweta,NWBartow,0,0,0,0,0,0,0,0,0,0,0,0
SCoweta,NEBartow,0,0,0,0,0,0,0,0,0,0,0,0
SCoweta,SWBartow,0,0,0,0,0,0,0,0,0,0,0,0
SCoweta,Cartersville,0,0,0,0,0,0,0,0,0,0,0,0
SCoweta,NECarroll,21,1,0,4,26,0,25,27,0,22,30,52
SCoweta,WCarroll,4,0,0,2,9,0,6,9,0,4,11,15
SCoweta,CentralCarroll,104,22,0,68,62,0,172,84,0,126,130,256
SCoweta,SECarroll,23,2,0,7,7,0,30,9,0,25,14,39
SCoweta,WCoweta,391,88,0,406,1183,0,797,1271,0,479,1589,2068
SCoweta,NCoweta,1528,328,0,1564,3704,0,3092,4032,0,1856,5268,7124
SCoweta,SCoweta,1693,348,0,2761,5100,0,4454,5448,0,2041,7861,9902
SCoweta,SECoweta,201,53,0,217,492,0,418,545,0,254,709,963
SCoweta,NForsyth,0,0,0,0,0,0,0,0,0,0,0,0
SCoweta,Cumming,0,0,0,0,0,0,0,0,0,0,0,0
SCoweta,SForsyth,0,0,0,0,0,0,0,0,0,0,0,0
SCoweta,NHall,0,0,0,0,0,0,0,0,0,0,0,0
SCoweta,Gainesville,0,0,0,0,0,0,0,0,0,0,0,0
SCoweta,SHall,0,0,0,0,0,0,0,0,0,0,0,0
SCoweta,WNewton,0,0,0,0,1,0,0,1,0,0,1,1
SCoweta,ENewton,0,0,0,0,0,0,0,0,0,0,0,0
SCoweta,NPaulding,0,0,0,0,0,0,0,0,0,0,0,0
SCoweta,WPaulding,2,0,0,0,0,0,2,0,0,2,0,2
SCoweta,EPaulding,8,0,0,3,14,0,11,14,0,8,17,25
SCoweta,NSpalding,29,9,0,22,10,0,51,19,0,38,32,70
SCoweta,SSpalding,42,7,0,9,12,0,51,19,0,49,21,70
SCoweta,WWalton,0,0,0,0,0,0,0,0,0,0,0,0
SCoweta,EWalton,0,0,0,0,0,0,0,0,0,0,0,0
SECoweta,NFulton,1,2,0,1,2,0,2,4,0,3,3,6
SECoweta,Roswell,2,0,0,1,1,0,3,1,0,2,2,4
SECoweta,SandySprings,14,2,0,4,4,0,18,6,0,16,8,24
SECoweta,Buckhead,27,9,0,15,29,0,42,38,0,36,44,80
SECoweta,NWAtlanta,32,5,0,5,10,0,37,15,0,37,15,52
SECoweta,NEAtlanta,68,11,1,21,44,0,89,55,1,80,65,145
SECoweta,SWAtlanta,57,9,0,27,51,0,84,60,0,66,78,144
SECoweta,CBDAtlanta,56,7,10,24,80,2,80,87,12,73,106,179
SECoweta,SEAtlanta,47,4,0,19,37,1,66,41,1,51,57,108
SECoweta,SFulton,68,7,0,23,59,0,91,66,0,75,82,157
SECoweta,Tri-Cities,171,26,1,39,55,0,210,81,1,198,94,292
SECoweta,Shannon,245,43,0,60,143,0,305,186,0,288,203,491
SECoweta,WCherokee,0,0,0,0,0,0,0,0,0,0,0,0
SECoweta,NCherokee,0,0,0,0,0,0,0,0,0,0,0,0
SECoweta,ECentCherokee,0,0,0,0,0,0,0,0,0,0,0,0
SECoweta,Woodstock,0,0,0,0,1,0,0,1,0,0,1,1
SECoweta,Airport,92,15,3,10,13,0,102,28,3,110,23,133
SECoweta,NEClayton,118,27,0,23,52,0,141,79,0,145,75,220
SECoweta,Riverdale,85,13,0,33,182,0,118,195,0,98,215,313
SECoweta,SClayton,136,13,0,65,112,0,201,125,0,149,177,326
SECoweta,NWCobb,5,2,0,4,0,0,9,2,0,7,4,11
SECoweta,NECobb,8,0,0,3,4,0,11,4,0,8,7,15
SECoweta,SWCobb,10,5,0,0,3,0,10,8,0,15,3,18
SECoweta,Marietta,11,2,0,2,5,0,13,7,0,13,7,20
SECoweta,Cumberland,71,8,0,9,49,0,80,57,0,79,58,137
SECoweta,SCobb,22,6,0,7,19,0,29,25,0,28,26,54
SECoweta,Chamblee,17,3,0,8,27,0,25,30,0,20,35,55
SECoweta,NWDeKalb,42,5,1,18,22,1,60,27,2,48,41,89
SECoweta,NEDeKalb,14,2,0,6,10,0,20,12,0,16,16,32
SECoweta,Atlanta-DeKalb,6,1,0,2,3,0,8,4,0,7,5,12
SECoweta,Decatur,4,1,0,2,1,0,6,2,0,5,3,8
SECoweta,SWDeKalb,23,2,0,5,17,0,28,19,0,25,22,47
SECoweta,SEDeKalb,3,0,0,6,1,0,9,1,0,3,7,10
SECoweta,SDeKalb,28,5,0,11,20,0,39,25,0,33,31,64
SECoweta,WDouglas,43,6,0,9,11,0,52,17,0,49,20,69
SECoweta,EDouglas,49,11,0,14,34,0,63,45,0,60,48,108
SECoweta,WFayette,1764,310,0,1867,5134,0,3631,5444,0,2074,7001,9075
SECoweta,EFayette,597,114,0,425,929,0,1022,1043,0,711,1354,2065
SECoweta,NGwinnett,0,0,0,1,2,0,1,2,0,0,3,3
SECoweta,CentGwinnett,4,0,0,0,4,0,4,4,0,4,4,8
SECoweta,EGwinnett,0,0,0,0,0,0,0,0,0,0,0,0
SECoweta,Norcross,8,1,0,1,1,0,9,2,0,9,2,11
SECoweta,Lilburn,1,0,0,0,0,0,1,0,0,1,0,1
SECoweta,Snellville,0,0,0,1,0,0,1,0,0,0,1,1
SECoweta,NHenry,39,11,0,20,26,0,59,37,0,50,46,96
SECoweta,EHenry,16,2,0,5,6,0,21,8,0,18,11,29
SECoweta,SHenry,161,21,0,38,71,0,199,92,0,182,109,291
SECoweta,SRockdale,3,0,0,1,0,0,4,0,0,3,1,4
SECoweta,NRockdale,2,0,0,0,6,0,2,6,0,2,6,8
SECoweta,NBarrow,0,0,0,0,0,0,0,0,0,0,0,0
SECoweta,SBarrow,0,0,0,0,0,0,0,0,0,0,0,0
SECoweta,NWBartow,0,0,0,0,0,0,0,0,0,0,0,0
SECoweta,NEBartow,0,0,0,0,0,0,0,0,0,0,0,0
SECoweta,SWBartow,0,0,0,0,0,0,0,0,0,0,0,0
SECoweta,Cartersville,0,0,0,0,0,0,0,0,0,0,0,0
SECoweta,NECarroll,12,2,0,3,3,0,15,5,0,14,6,20
SECoweta,WCarroll,3,1,0,0,0,0,3,1,0,4,0,4
SECoweta,CentralCarroll,63,14,0,45,39,0,108,53,0,77,84,161
SECoweta,SECarroll,6,2,0,3,2,0,9,4,0,8,5,13
SECoweta,WCoweta,169,25,0,78,280,0,247,305,0,194,358,552
SECoweta,NCoweta,1458,276,0,1924,4708,0,3382,4984,0,1734,6632,8366
SECoweta,SCoweta,199,48,0,218,559,0,417,607,0,247,777,1024
SECoweta,SECoweta,1716,287,0,3408,8118,0,5124,8405,0,2003,11526,13529
SECoweta,NForsyth,0,0,0,0,4,0,0,4,0,0,4,4
SECoweta,Cumming,0,0,0,0,0,0,0,0,0,0,0,0
SECoweta,SForsyth,0,0,0,0,0,0,0,0,0,0,0,0
SECoweta,NHall,0,0,0,0,0,0,0,0,0,0,0,0
SECoweta,Gainesville,0,0,0,0,0,0,0,0,0,0,0,0
SECoweta,SHall,0,0,0,0,0,0,0,0,0,0,0,0
SECoweta,WNewton,3,0,0,0,0,0,3,0,0,3,0,3
SECoweta,ENewton,0,0,0,0,0,0,0,0,0,0,0,0
SECoweta,NPaulding,0,0,0,0,0,0,0,0,0,0,0,0
SECoweta,WPaulding,0,0,0,0,1,0,0,1,0,0,1,1
SECoweta,EPaulding,10,1,0,2,17,0,12,18,0,11,19,30
SECoweta,NSpalding,218,49,0,124,194,0,342,243,0,267,318,585
SECoweta,SSpalding,277,38,0,114,261,0,391,299,0,315,375,690
SECoweta,WWalton,0,0,0,0,0,0,0,0,0,0,0,0
SECoweta,EWalton,0,0,0,0,0,0,0,0,0,0,0,0
NForsyth,NFulton,1785,314,1,418,1247,0,2203,1561,1,2100,1665,3765
NForsyth,Roswell,425,76,0,94,255,0,519,331,0,501,349,850
NForsyth,SandySprings,346,63,2,85,293,0,431,356,2,411,378,789
NForsyth,Buckhead,144,31,1,34,170,0,178,201,1,176,204,380
NForsyth,NWAtlanta,18,6,1,8,25,0,26,31,1,25,33,58
NForsyth,NEAtlanta,48,6,1,33,162,1,81,168,2,55,196,251
NForsyth,SWAtlanta,19,4,0,7,21,0,26,25,0,23,28,51
NForsyth,CBDAtlanta,23,4,2,27,154,3,50,158,5,29,184,213
NForsyth,SEAtlanta,9,3,0,2,21,0,11,24,0,12,23,35
NForsyth,SFulton,2,0,0,1,0,0,3,0,0,2,1,3
NForsyth,Tri-Cities,6,0,0,4,10,0,10,10,0,6,14,20
NForsyth,Shannon,0,0,0,1,0,0,1,0,0,0,1,1
NForsyth,WCherokee,32,8,0,24,40,0,56,48,0,40,64,104
NForsyth,NCherokee,108,15,0,49,123,0,157,138,0,123,172,295
NForsyth,ECentCherokee,692,136,0,356,948,0,1048,1084,0,828,1304,2132
NForsyth,Woodstock,132,19,0,27,102,0,159,121,0,151,129,280
NForsyth,Airport,3,0,0,0,1,0,3,1,0,3,1,4
NForsyth,NEClayton,5,0,0,1,6,0,6,6,0,5,7,12
NForsyth,Riverdale,0,0,0,1,5,0,1,5,0,0,6,6
NForsyth,SClayton,1,0,1,0,0,0,1,0,1,2,0,2
NForsyth,NWCobb,104,19,0,57,135,0,161,154,0,123,192,315
NForsyth,NECobb,231,38,0,49,111,0,280,149,0,269,160,429
NForsyth,SWCobb,4,1,0,1,5,0,5,6,0,5,6,11
NForsyth,Marietta,72,4,0,30,45,0,102,49,0,76,75,151
NForsyth,Cumberland,133,27,0,33,71,0,166,98,0,160,104,264
NForsyth,SCobb,16,0,0,6,20,0,22,20,0,16,26,42
NForsyth,Chamblee,214,38,1,53,141,0,267,179,1,253,194,447
NForsyth,NWDeKalb,46,6,0,26,131,0,72,137,0,52,157,209
NForsyth,NEDeKalb,61,14,0,20,85,0,81,99,0,75,105,180
NForsyth,Atlanta-DeKalb,2,1,0,4,10,0,6,11,0,3,14,17
NForsyth,Decatur,3,0,1,5,11,0,8,11,1,4,16,20
NForsyth,SWDeKalb,7,1,0,6,11,0,13,12,0,8,17,25
NForsyth,SEDeKalb,4,0,0,1,6,0,5,6,0,4,7,11
NForsyth,SDeKalb,8,1,0,7,7,0,15,8,0,9,14,23
NForsyth,WDouglas,1,1,0,1,0,0,2,1,0,2,1,3
NForsyth,EDouglas,1,0,0,1,14,0,2,14,0,1,15,16
NForsyth,WFayette,0,0,0,0,0,0,0,0,0,0,0,0
NForsyth,EFayette,1,0,0,0,0,0,1,0,0,1,0,1
NForsyth,NGwinnett,644,114,0,212,822,0,856,936,0,758,1034,1792
NForsyth,CentGwinnett,569,84,0,123,320,0,692,404,0,653,443,1096
NForsyth,EGwinnett,47,5,0,13,51,0,60,56,0,52,64,116
NForsyth,Norcross,360,59,0,52,163,0,412,222,0,419,215,634
NForsyth,Lilburn,29,3,0,16,51,0,45,54,0,32,67,99
NForsyth,Snellville,19,11,0,18,11,0,37,22,0,30,29,59
NForsyth,NHenry,1,0,0,1,0,0,2,0,0,1,1,2
NForsyth,EHenry,0,0,0,0,0,0,0,0,0,0,0,0
NForsyth,SHenry,0,0,0,0,0,0,0,0,0,0,0,0
NForsyth,SRockdale,1,0,0,0,0,0,1,0,0,1,0,1
NForsyth,NRockdale,2,0,0,1,0,0,3,0,0,2,1,3
NForsyth,NBarrow,32,9,0,10,24,0,42,33,0,41,34,75
NForsyth,SBarrow,15,3,0,1,2,0,16,5,0,18,3,21
NForsyth,NWBartow,8,0,0,1,9,0,9,9,0,8,10,18
NForsyth,NEBartow,12,2,0,4,2,0,16,4,0,14,6,20
NForsyth,SWBartow,4,0,0,1,1,0,5,1,0,4,2,6
NForsyth,Cartersville,25,3,0,16,13,0,41,16,0,28,29,57
NForsyth,NECarroll,0,0,0,0,0,0,0,0,0,0,0,0
NForsyth,WCarroll,0,0,0,0,0,0,0,0,0,0,0,0
NForsyth,CentralCarroll,0,0,0,0,0,0,0,0,0,0,0,0
NForsyth,SECarroll,0,0,0,0,0,0,0,0,0,0,0,0
NForsyth,WCoweta,0,0,0,0,0,0,0,0,0,0,0,0
NForsyth,NCoweta,0,0,0,0,0,0,0,0,0,0,0,0
NForsyth,SCoweta,0,0,0,0,0,0,0,0,0,0,0,0
NForsyth,SECoweta,0,0,0,0,4,0,0,4,0,0,4,4
NForsyth,NForsyth,7983,1496,0,17385,41579,0,25368,43075,0,9479,58964,68443
NForsyth,Cumming,4782,882,0,5469,16887,0,10251,17769,0,5664,22356,28020
NForsyth,SForsyth,1177,203,0,349,1101,0,1526,1304,0,1380,1450,2830
NForsyth,NHall,314,66,0,133,302,0,447,368,0,380,435,815
NForsyth,Gainesville,2239,415,3,1222,3615,7,3461,4030,10,2657,4844,7501
NForsyth,SHall,585,105,0,384,588,0,969,693,0,690,972,1662
NForsyth,WNewton,1,0,0,1,0,0,2,0,0,1,1,2
NForsyth,ENewton,0,1,0,0,0,0,0,1,0,1,0,1
NForsyth,NPaulding,2,1,0,0,0,0,2,1,0,3,0,3
NForsyth,WPaulding,0,0,0,0,0,0,0,0,0,0,0,0
NForsyth,EPaulding,4,1,0,2,9,0,6,10,0,5,11,16
NForsyth,NSpalding,0,0,0,0,0,0,0,0,0,0,0,0
NForsyth,SSpalding,0,0,0,0,0,0,0,0,0,0,0,0
NForsyth,WWalton,3,1,0,2,20,0,5,21,0,4,22,26
NForsyth,EWalton,10,2,0,3,1,0,13,3,0,12,4,16
Cumming,NFulton,7423,1410,16,3607,10697,22,11030,12107,38,8849,14326,23175
Cumming,Roswell,1599,305,0,491,1709,0,2090,2014,0,1904,2200,4104
Cumming,SandySprings,1258,255,10,274,640,13,1532,895,23,1523,927,2450
Cumming,Buckhead,435,79,15,104,251,8,539,330,23,529,363,892
Cumming,NWAtlanta,84,9,1,15,72,2,99,81,3,94,89,183
Cumming,NEAtlanta,215,41,15,82,423,25,297,464,40,271,530,801
Cumming,SWAtlanta,29,4,0,27,96,9,56,100,9,33,132,165
Cumming,CBDAtlanta,166,30,61,44,315,38,210,345,99,257,397,654
Cumming,SEAtlanta,26,9,0,16,73,0,42,82,0,35,89,124
Cumming,SFulton,14,3,0,6,24,0,20,27,0,17,30,47
Cumming,Tri-Cities,32,9,0,15,34,1,47,43,1,41,50,91
Cumming,Shannon,5,6,0,1,5,0,6,11,0,11,6,17
Cumming,WCherokee,153,28,0,60,131,0,213,159,0,181,191,372
Cumming,NCherokee,280,52,0,162,494,0,442,546,0,332,656,988
Cumming,ECentCherokee,2424,423,0,1965,5478,0,4389,5901,0,2847,7443,10290
Cumming,Woodstock,487,84,0,125,346,0,612,430,0,571,471,1042
Cumming,Airport,19,3,8,3,5,0,22,8,8,30,8,38
Cumming,NEClayton,18,8,0,11,12,0,29,20,0,26,23,49
Cumming,Riverdale,11,1,0,2,30,0,13,31,0,12,32,44
Cumming,SClayton,2,0,0,3,1,1,5,1,1,2,5,7
Cumming,NWCobb,284,53,0,108,190,3,392,243,3,337,301,638
Cumming,NECobb,707,112,0,171,594,0,878,706,0,819,765,1584
Cumming,SWCobb,40,7,0,8,33,0,48,40,0,47,41,88
Cumming,Marietta,221,37,0,66,88,1,287,125,1,258,155,413
Cumming,Cumberland,422,83,1,79,177,1,501,260,2,506,257,763
Cumming,SCobb,98,11,0,20,71,0,118,82,0,109,91,200
Cumming,Chamblee,739,149,8,195,371,5,934,520,13,896,571,1467
Cumming,NWDeKalb,169,35,1,62,294,8,231,329,9,205,364,569
Cumming,NEDeKalb,209,36,0,79,137,3,288,173,3,245,219,464
Cumming,Atlanta-DeKalb,10,3,1,7,29,1,17,32,2,14,37,51
Cumming,Decatur,21,2,1,6,20,1,27,22,2,24,27,51
Cumming,SWDeKalb,17,5,0,21,21,0,38,26,0,22,42,64
Cumming,SEDeKalb,14,2,0,8,9,0,22,11,0,16,17,33
Cumming,SDeKalb,21,3,0,14,33,0,35,36,0,24,47,71
Cumming,WDouglas,8,0,0,6,13,0,14,13,0,8,19,27
Cumming,EDouglas,11,3,0,10,29,0,21,32,0,14,39,53
Cumming,WFayette,0,0,0,3,1,0,3,1,0,0,4,4
Cumming,EFayette,7,1,0,3,1,0,10,2,0,8,4,12
Cumming,NGwinnett,3620,698,0,2383,7046,0,6003,7744,0,4318,9429,13747
Cumming,CentGwinnett,2023,379,0,675,2001,2,2698,2380,2,2402,2678,5080
Cumming,EGwinnett,256,47,0,58,171,0,314,218,0,303,229,532
Cumming,Norcross,1374,219,0,261,596,0,1635,815,0,1593,857,2450
Cumming,Lilburn,128,25,0,36,129,1,164,154,1,153,166,319
Cumming,Snellville,162,15,0,53,120,0,215,135,0,177,173,350
Cumming,NHenry,5,1,0,3,6,0,8,7,0,6,9,15
Cumming,EHenry,2,0,0,0,9,0,2,9,0,2,9,11
Cumming,SHenry,1,0,0,1,16,0,2,16,0,1,17,18
Cumming,SRockdale,1,0,0,1,2,0,2,2,0,1,3,4
Cumming,NRockdale,14,2,0,9,7,0,23,9,0,16,16,32
Cumming,NBarrow,149,21,0,31,73,0,180,94,0,170,104,274
Cumming,SBarrow,86,14,0,16,36,0,102,50,0,100,52,152
Cumming,NWBartow,10,1,0,5,8,0,15,9,0,11,13,24
Cumming,NEBartow,26,5,0,15,36,0,41,41,0,31,51,82
Cumming,SWBartow,10,0,0,4,12,0,14,12,0,10,16,26
Cumming,Cartersville,75,12,0,33,58,0,108,70,0,87,91,178
Cumming,NECarroll,0,0,0,0,0,0,0,0,0,0,0,0
Cumming,WCarroll,0,0,0,0,0,0,0,0,0,0,0,0
Cumming,CentralCarroll,1,0,0,0,0,0,1,0,0,1,0,1
Cumming,SECarroll,0,0,0,0,0,0,0,0,0,0,0,0
Cumming,WCoweta,0,0,0,0,0,0,0,0,0,0,0,0
Cumming,NCoweta,0,0,0,0,0,0,0,0,0,0,0,0
Cumming,SCoweta,0,0,0,0,0,0,0,0,0,0,0,0
Cumming,SECoweta,0,0,0,0,0,0,0,0,0,0,0,0
Cumming,NForsyth,5014,900,0,5475,16870,0,10489,17770,0,5914,22345,28259
Cumming,Cumming,32086,5959,0,58194,138328,0,90280,144287,0,38045,196522,234567
Cumming,SForsyth,6592,1262,0,6462,17973,1,13054,19235,1,7854,24436,32290
Cumming,NHall,360,57,0,83,213,0,443,270,0,417,296,713
Cumming,Gainesville,1806,364,0,640,1700,1,2446,2064,1,2170,2341,4511
Cumming,SHall,1019,180,0,489,730,0,1508,910,0,1199,1219,2418
Cumming,WNewton,8,0,0,4,5,0,12,5,0,8,9,17
Cumming,ENewton,1,0,0,0,0,0,1,0,0,1,0,1
Cumming,NPaulding,7,1,0,6,2,0,13,3,0,8,8,16
Cumming,WPaulding,1,1,0,0,1,0,1,2,0,2,1,3
Cumming,EPaulding,19,2,0,9,20,0,28,22,0,21,29,50
Cumming,NSpalding,1,0,0,0,0,0,1,0,0,1,0,1
Cumming,SSpalding,1,0,0,0,0,0,1,0,0,1,0,1
Cumming,WWalton,48,7,0,14,23,0,62,30,0,55,37,92
Cumming,EWalton,26,2,0,16,15,0,42,17,0,28,31,59
SForsyth,NFulton,11894,2213,37,13060,30022,62,24954,32235,99,14144,43144,57288
SForsyth,Roswell,1782,299,1,991,3020,6,2773,3319,7,2082,4017,6099
SForsyth,SandySprings,1036,206,20,287,801,28,1323,1007,48,1262,1116,2378
SForsyth,Buckhead,390,57,27,62,158,12,452,215,39,474,232,706
SForsyth,NWAtlanta,69,14,0,32,22,1,101,36,1,83,55,138
SForsyth,NEAtlanta,188,39,17,66,206,25,254,245,42,244,297,541
SForsyth,SWAtlanta,31,13,3,19,29,2,50,42,5,47,50,97
SForsyth,CBDAtlanta,127,27,52,31,201,25,158,228,77,206,257,463
SForsyth,SEAtlanta,36,9,1,11,54,4,47,63,5,46,69,115
SForsyth,SFulton,14,3,1,6,2,0,20,5,1,18,8,26
SForsyth,Tri-Cities,30,6,1,7,11,2,37,17,3,37,20,57
SForsyth,Shannon,11,3,0,3,5,1,14,8,1,14,9,23
SForsyth,WCherokee,110,17,0,20,54,0,130,71,0,127,74,201
SForsyth,NCherokee,145,23,0,41,69,0,186,92,0,168,110,278
SForsyth,ECentCherokee,1456,244,0,502,1129,0,1958,1373,0,1700,1631,3331
SForsyth,Woodstock,427,84,0,76,106,0,503,190,0,511,182,693
SForsyth,Airport,10,3,5,2,1,0,12,4,5,18,3,21
SForsyth,NEClayton,26,6,1,7,15,0,33,21,1,33,22,55
SForsyth,Riverdale,9,2,0,2,15,0,11,17,0,11,17,28
SForsyth,SClayton,6,3,0,0,8,0,6,11,0,9,8,17
SForsyth,NWCobb,265,61,0,52,89,1,317,150,1,326,142,468
SForsyth,NECobb,681,116,0,161,351,0,842,467,0,797,512,1309
SForsyth,SWCobb,46,3,0,6,17,0,52,20,0,49,23,72
SForsyth,Marietta,136,29,0,52,34,1,188,63,1,165,87,252
SForsyth,Cumberland,314,62,2,37,196,1,351,258,3,378,234,612
SForsyth,SCobb,77,14,0,15,21,0,92,35,0,91,36,127
SForsyth,Chamblee,786,136,16,239,696,9,1025,832,25,938,944,1882
SForsyth,NWDeKalb,218,31,2,52,196,7,270,227,9,251,255,506
SForsyth,NEDeKalb,351,64,0,96,252,1,447,316,1,415,349,764
SForsyth,Atlanta-DeKalb,13,4,1,7,12,0,20,16,1,18,19,37
SForsyth,Decatur,27,3,1,8,8,3,35,11,4,31,19,50
SForsyth,SWDeKalb,41,9,1,14,21,0,55,30,1,51,35,86
SForsyth,SEDeKalb,53,9,0,13,33,0,66,42,0,62,46,108
SForsyth,SDeKalb,41,9,1,18,17,0,59,26,1,51,35,86
SForsyth,WDouglas,7,1,0,0,1,0,7,2,0,8,1,9
SForsyth,EDouglas,22,5,0,5,6,0,27,11,0,27,11,38
SForsyth,WFayette,2,0,0,2,1,0,4,1,0,2,3,5
SForsyth,EFayette,7,1,0,5,13,0,12,14,0,8,18,26
SForsyth,NGwinnett,3420,660,0,2256,6474,0,5676,7134,0,4080,8730,12810
SForsyth,CentGwinnett,3125,602,3,2005,5507,1,5130,6109,4,3730,7513,11243
SForsyth,EGwinnett,349,72,0,66,162,0,415,234,0,421,228,649
SForsyth,Norcross,1752,337,5,684,2131,5,2436,2468,10,2094,2820,4914
SForsyth,Lilburn,208,44,0,80,208,0,288,252,0,252,288,540
SForsyth,Snellville,271,43,0,56,180,0,327,223,0,314,236,550
SForsyth,NHenry,18,2,0,4,8,0,22,10,0,20,12,32
SForsyth,EHenry,9,1,0,0,5,0,9,6,0,10,5,15
SForsyth,SHenry,5,0,0,2,4,0,7,4,0,5,6,11
SForsyth,SRockdale,11,1,0,2,7,0,13,8,0,12,9,21
SForsyth,NRockdale,29,6,0,7,6,0,36,12,0,35,13,48
SForsyth,NBarrow,154,21,0,29,34,0,183,55,0,175,63,238
SForsyth,SBarrow,76,20,0,15,23,0,91,43,0,96,38,134
SForsyth,NWBartow,10,0,0,2,6,0,12,6,0,10,8,18
SForsyth,NEBartow,35,3,0,2,1,0,37,4,0,38,3,41
SForsyth,SWBartow,10,4,0,2,2,0,12,6,0,14,4,18
SForsyth,Cartersville,49,8,0,11,14,0,60,22,0,57,25,82
SForsyth,NECarroll,0,0,0,1,0,0,1,0,0,0,1,1
SForsyth,WCarroll,0,0,0,0,0,0,0,0,0,0,0,0
SForsyth,CentralCarroll,0,0,0,0,0,0,0,0,0,0,0,0
SForsyth,SECarroll,0,0,0,0,0,0,0,0,0,0,0,0
SForsyth,WCoweta,2,0,0,0,0,0,2,0,0,2,0,2
SForsyth,NCoweta,2,0,0,0,9,0,2,9,0,2,9,11
SForsyth,SCoweta,0,0,0,0,0,0,0,0,0,0,0,0
SForsyth,SECoweta,1,0,0,0,0,0,1,0,0,1,0,1
SForsyth,NForsyth,1219,203,0,363,1257,0,1582,1460,0,1422,1620,3042
SForsyth,Cumming,6842,1325,0,6519,17957,1,13361,19282,1,8167,24477,32644
SForsyth,SForsyth,15295,2937,4,26241,54556,4,41536,57493,8,18236,80801,99037
SForsyth,NHall,147,26,0,26,41,0,173,67,0,173,67,240
SForsyth,Gainesville,519,82,0,72,127,0,591,209,0,601,199,800
SForsyth,SHall,563,108,0,143,325,0,706,433,0,671,468,1139
SForsyth,WNewton,28,7,0,6,4,0,34,11,0,35,10,45
SForsyth,ENewton,3,2,0,1,1,0,4,3,0,5,2,7
SForsyth,NPaulding,26,2,0,3,1,0,29,3,0,28,4,32
SForsyth,WPaulding,1,1,0,3,2,0,4,3,0,2,5,7
SForsyth,EPaulding,40,10,0,14,1,0,54,11,0,50,15,65
SForsyth,NSpalding,0,1,0,0,0,0,0,1,0,1,0,1
SForsyth,SSpalding,2,0,0,0,0,0,2,0,0,2,0,2
SForsyth,WWalton,86,4,0,14,51,0,100,55,0,90,65,155
SForsyth,EWalton,51,8,0,11,23,0,62,31,0,59,34,93
NHall,NFulton,235,44,0,46,118,0,281,162,0,279,164,443
NHall,Roswell,54,9,0,17,62,0,71,71,0,63,79,142
NHall,SandySprings,34,5,0,16,30,0,50,35,0,39,46,85
NHall,Buckhead,23,1,0,11,34,0,34,35,0,24,45,69
NHall,NWAtlanta,3,0,0,1,15,0,4,15,0,3,16,19
NHall,NEAtlanta,6,1,0,10,26,0,16,27,0,7,36,43
NHall,SWAtlanta,0,0,0,1,5,0,1,5,0,0,6,6
NHall,CBDAtlanta,2,0,0,2,13,0,4,13,0,2,15,17
NHall,SEAtlanta,1,0,0,2,3,0,3,3,0,1,5,6
NHall,SFulton,0,0,0,0,0,0,0,0,0,0,0,0
NHall,Tri-Cities,0,0,0,0,0,0,0,0,0,0,0,0
NHall,Shannon,0,0,0,0,0,0,0,0,0,0,0,0
NHall,WCherokee,2,1,0,1,4,0,3,5,0,3,5,8
NHall,NCherokee,1,0,0,0,1,0,1,1,0,1,1,2
NHall,ECentCherokee,47,11,0,10,21,0,57,32,0,58,31,89
NHall,Woodstock,11,2,0,3,3,0,14,5,0,13,6,19
NHall,Airport,1,0,0,0,0,0,1,0,0,1,0,1
NHall,NEClayton,2,0,0,0,0,0,2,0,0,2,0,2
NHall,Riverdale,0,0,0,0,0,0,0,0,0,0,0,0
NHall,SClayton,0,0,0,0,1,0,0,1,0,0,1,1
NHall,NWCobb,6,1,0,4,1,0,10,2,0,7,5,12
NHall,NECobb,20,2,0,5,12,0,25,14,0,22,17,39
NHall,SWCobb,0,0,0,0,0,0,0,0,0,0,0,0
NHall,Marietta,8,3,0,2,2,0,10,5,0,11,4,15
NHall,Cumberland,12,2,0,6,1,0,18,3,0,14,7,21
NHall,SCobb,1,1,0,0,1,0,1,2,0,2,1,3
NHall,Chamblee,47,9,0,9,35,0,56,44,0,56,44,100
NHall,NWDeKalb,10,2,0,6,38,0,16,40,0,12,44,56
NHall,NEDeKalb,29,3,0,19,52,0,48,55,0,32,71,103
NHall,Atlanta-DeKalb,0,0,0,1,11,0,1,11,0,0,12,12
NHall,Decatur,3,0,0,0,1,0,3,1,0,3,1,4
NHall,SWDeKalb,5,0,0,3,9,0,8,9,0,5,12,17
NHall,SEDeKalb,2,1,0,0,1,0,2,2,0,3,1,4
NHall,SDeKalb,2,0,0,2,0,0,4,0,0,2,2,4
NHall,WDouglas,0,0,0,0,9,0,0,9,0,0,9,9
NHall,EDouglas,0,0,0,0,0,0,0,0,0,0,0,0
NHall,WFayette,0,0,0,0,0,0,0,0,0,0,0,0
NHall,EFayette,0,0,0,0,0,0,0,0,0,0,0,0
NHall,NGwinnett,471,84,0,122,303,0,593,387,0,555,425,980
NHall,CentGwinnett,303,40,0,100,212,0,403,252,0,343,312,655
NHall,EGwinnett,53,8,0,13,12,0,66,20,0,61,25,86
NHall,Norcross,140,13,0,24,42,0,164,55,0,153,66,219
NHall,Lilburn,19,2,0,6,21,0,25,23,0,21,27,48
NHall,Snellville,18,2,0,10,15,0,28,17,0,20,25,45
NHall,NHenry,0,0,0,0,0,0,0,0,0,0,0,0
NHall,EHenry,0,0,0,0,0,0,0,0,0,0,0,0
NHall,SHenry,0,0,0,0,0,0,0,0,0,0,0,0
NHall,SRockdale,0,0,0,0,0,0,0,0,0,0,0,0
NHall,NRockdale,2,0,0,0,1,0,2,1,0,2,1,3
NHall,NBarrow,83,12,0,21,16,0,104,28,0,95,37,132
NHall,SBarrow,30,1,0,3,18,0,33,19,0,31,21,52
NHall,NWBartow,0,0,0,0,0,0,0,0,0,0,0,0
NHall,NEBartow,0,0,0,0,0,0,0,0,0,0,0,0
NHall,SWBartow,0,0,0,0,0,0,0,0,0,0,0,0
NHall,Cartersville,0,0,0,0,1,0,0,1,0,0,1,1
NHall,NECarroll,0,0,0,0,0,0,0,0,0,0,0,0
NHall,WCarroll,0,0,0,0,0,0,0,0,0,0,0,0
NHall,CentralCarroll,0,0,0,0,0,0,0,0,0,0,0,0
NHall,SECarroll,0,0,0,0,0,0,0,0,0,0,0,0
NHall,WCoweta,0,0,0,0,0,0,0,0,0,0,0,0
NHall,NCoweta,0,0,0,0,0,0,0,0,0,0,0,0
NHall,SCoweta,0,0,0,0,0,0,0,0,0,0,0,0
NHall,SECoweta,0,0,0,0,0,0,0,0,0,0,0,0
NHall,NForsyth,328,72,0,118,321,0,446,393,0,400,439,839
NHall,Cumming,381,61,0,85,181,0,466,242,0,442,266,708
NHall,SForsyth,159,27,0,17,51,0,176,78,0,186,68,254
NHall,NHall,6372,1225,0,10590,27217,0,16962,28442,0,7597,37807,45404
NHall,Gainesville,6828,1308,19,5958,16844,9,12786,18152,28,8155,22811,30966
NHall,SHall,1053,187,0,480,731,0,1533,918,0,1240,1211,2451
NHall,WNewton,2,0,0,0,0,0,2,0,0,2,0,2
NHall,ENewton,0,0,0,0,0,0,0,0,0,0,0,0
NHall,NPaulding,0,0,0,0,0,0,0,0,0,0,0,0
NHall,WPaulding,0,0,0,0,0,0,0,0,0,0,0,0
NHall,EPaulding,0,0,0,0,0,0,0,0,0,0,0,0
NHall,NSpalding,0,0,0,0,0,0,0,0,0,0,0,0
NHall,SSpalding,0,0,0,0,0,0,0,0,0,0,0,0
NHall,WWalton,3,0,0,3,0,0,6,0,0,3,3,6
NHall,EWalton,5,1,0,3,8,0,8,9,0,6,11,17
Gainesville,NFulton,607,109,0,79,162,0,686,271,0,716,241,957
Gainesville,Roswell,175,31,0,32,38,0,207,69,0,206,70,276
Gainesville,SandySprings,109,10,0,22,48,0,131,58,0,119,70,189
Gainesville,Buckhead,42,12,1,19,56,0,61,68,1,55,75,130
Gainesville,NWAtlanta,20,6,0,6,12,0,26,18,0,26,18,44
Gainesville,NEAtlanta,30,2,0,14,126,0,44,128,0,32,140,172
Gainesville,SWAtlanta,1,0,0,3,6,0,4,6,0,1,9,10
Gainesville,CBDAtlanta,14,2,0,8,31,0,22,33,0,16,39,55
Gainesville,SEAtlanta,3,2,0,0,6,0,3,8,0,5,6,11
Gainesville,SFulton,3,1,0,0,0,0,3,1,0,4,0,4
Gainesville,Tri-Cities,3,0,0,0,8,0,3,8,0,3,8,11
Gainesville,Shannon,0,0,0,1,1,0,1,1,0,0,2,2
Gainesville,WCherokee,17,2,0,8,19,0,25,21,0,19,27,46
Gainesville,NCherokee,25,7,0,6,13,0,31,20,0,32,19,51
Gainesville,ECentCherokee,185,25,0,52,87,0,237,112,0,210,139,349
Gainesville,Woodstock,27,5,0,16,23,0,43,28,0,32,39,71
Gainesville,Airport,3,1,0,0,0,0,3,1,0,4,0,4
Gainesville,NEClayton,2,1,0,1,1,0,3,2,0,3,2,5
Gainesville,Riverdale,0,0,0,0,7,0,0,7,0,0,7,7
Gainesville,SClayton,0,0,0,1,0,0,1,0,0,0,1,1
Gainesville,NWCobb,15,3,0,6,15,0,21,18,0,18,21,39
Gainesville,NECobb,60,15,0,17,41,0,77,56,0,75,58,133
Gainesville,SWCobb,2,0,0,0,0,0,2,0,0,2,0,2
Gainesville,Marietta,22,2,0,8,27,0,30,29,0,24,35,59
Gainesville,Cumberland,31,4,0,15,6,0,46,10,0,35,21,56
Gainesville,SCobb,6,0,0,1,2,1,7,2,1,6,4,10
Gainesville,Chamblee,157,20,0,29,101,0,186,121,0,177,130,307
Gainesville,NWDeKalb,45,7,0,22,64,0,67,71,0,52,86,138
Gainesville,NEDeKalb,137,18,0,48,45,0,185,63,0,155,93,248
Gainesville,Atlanta-DeKalb,2,0,0,2,4,0,4,4,0,2,6,8
Gainesville,Decatur,4,2,0,2,3,0,6,5,0,6,5,11
Gainesville,SWDeKalb,11,2,0,5,5,0,16,7,0,13,10,23
Gainesville,SEDeKalb,19,8,0,5,10,0,24,18,0,27,15,42
Gainesville,SDeKalb,20,3,0,8,30,0,28,33,0,23,38,61
Gainesville,WDouglas,0,0,0,0,0,0,0,0,0,0,0,0
Gainesville,EDouglas,0,0,0,2,1,0,2,1,0,0,3,3
Gainesville,WFayette,0,0,0,0,0,0,0,0,0,0,0,0
Gainesville,EFayette,0,0,0,0,0,0,0,0,0,0,0,0
Gainesville,NGwinnett,3351,703,0,635,2007,0,3986,2710,0,4054,2642,6696
Gainesville,CentGwinnett,1285,259,0,208,554,0,1493,813,0,1544,762,2306
Gainesville,EGwinnett,423,79,0,55,89,0,478,168,0,502,144,646
Gainesville,Norcross,436,70,0,66,148,0,502,218,0,506,214,720
Gainesville,Lilburn,93,16,0,29,32,0,122,48,0,109,61,170
Gainesville,Snellville,180,33,0,30,111,0,210,144,0,213,141,354
Gainesville,NHenry,3,0,0,0,0,0,3,0,0,3,0,3
Gainesville,EHenry,0,1,0,0,1,0,0,2,0,1,1,2
Gainesville,SHenry,0,0,0,0,0,0,0,0,0,0,0,0
Gainesville,SRockdale,10,2,0,1,1,0,11,3,0,12,2,14
Gainesville,NRockdale,11,3,0,5,1,0,16,4,0,14,6,20
Gainesville,NBarrow,700,137,0,132,458,0,832,595,0,837,590,1427
Gainesville,SBarrow,255,54,0,37,104,0,292,158,0,309,141,450
Gainesville,NWBartow,0,0,0,0,0,0,0,0,0,0,0,0
Gainesville,NEBartow,1,0,0,1,2,0,2,2,0,1,3,4
Gainesville,SWBartow,1,1,0,0,0,0,1,1,0,2,0,2
Gainesville,Cartersville,1,0,0,3,9,0,4,9,0,1,12,13
Gainesville,NECarroll,0,0,0,0,0,0,0,0,0,0,0,0
Gainesville,WCarroll,0,0,0,0,0,0,0,0,0,0,0,0
Gainesville,CentralCarroll,0,0,0,0,0,0,0,0,0,0,0,0
Gainesville,SECarroll,0,0,0,0,0,0,0,0,0,0,0,0
Gainesville,WCoweta,0,0,0,0,0,0,0,0,0,0,0,0
Gainesville,NCoweta,0,0,0,0,0,0,0,0,0,0,0,0
Gainesville,SCoweta,0,0,0,0,0,0,0,0,0,0,0,0
Gainesville,SECoweta,0,0,0,0,0,0,0,0,0,0,0,0
Gainesville,NForsyth,2223,405,3,1233,3755,7,3456,4160,10,2631,4995,7626
Gainesville,Cumming,1851,318,0,624,1574,1,2475,1892,1,2169,2199,4368
Gainesville,SForsyth,487,84,0,60,148,0,547,232,0,571,208,779
Gainesville,NHall,7098,1307,19,5937,16926,9,13035,18233,28,8424,22872,31296
Gainesville,Gainesville,55464,10893,355,70028,172078,753,125492,182971,1108,66712,242859,309571
Gainesville,SHall,9986,1889,28,7563,18341,40,17549,20230,68,11903,25944,37847
Gainesville,WNewton,8,4,0,1,6,0,9,10,0,12,7,19
Gainesville,ENewton,3,0,0,0,0,0,3,0,0,3,0,3
Gainesville,NPaulding,0,0,0,0,0,0,0,0,0,0,0,0
Gainesville,WPaulding,0,0,0,0,0,0,0,0,0,0,0,0
Gainesville,EPaulding,0,0,0,0,0,0,0,0,0,0,0,0
Gainesville,NSpalding,0,0,0,0,0,0,0,0,0,0,0,0
Gainesville,SSpalding,0,0,0,0,0,0,0,0,0,0,0,0
Gainesville,WWalton,64,15,0,14,17,0,78,32,0,79,31,110
Gainesville,EWalton,95,24,0,29,61,0,124,85,0,119,90,209
SHall,NFulton,763,139,0,164,398,0,927,537,0,902,562,1464
SHall,Roswell,167,26,0,30,58,0,197,84,0,193,88,281
SHall,SandySprings,258,38,0,38,78,0,296,116,0,296,116,412
SHall,Buckhead,160,29,0,36,106,0,196,135,0,189,142,331
SHall,NWAtlanta,41,9,0,13,31,0,54,40,0,50,44,94
SHall,NEAtlanta,117,14,1,42,138,3,159,152,4,132,183,315
SHall,SWAtlanta,15,2,0,3,12,1,18,14,1,17,16,33
SHall,CBDAtlanta,53,8,14,30,123,2,83,131,16,75,155,230
SHall,SEAtlanta,12,5,0,11,36,2,23,41,2,17,49,66
SHall,SFulton,1,0,0,1,1,0,2,1,0,1,2,3
SHall,Tri-Cities,18,3,0,7,41,1,25,44,1,21,49,70
SHall,Shannon,1,1,0,3,0,0,4,1,0,2,3,5
SHall,WCherokee,9,1,0,3,2,0,12,3,0,10,5,15
SHall,NCherokee,16,1,0,5,3,0,21,4,0,17,8,25
SHall,ECentCherokee,96,14,0,58,38,0,154,52,0,110,96,206
SHall,Woodstock,24,3,0,4,7,0,28,10,0,27,11,38
SHall,Airport,6,3,0,0,0,0,6,3,0,9,0,9
SHall,NEClayton,6,3,0,4,6,0,10,9,0,9,10,19
SHall,Riverdale,0,0,0,1,0,0,1,0,0,0,1,1
SHall,SClayton,1,1,0,1,0,0,2,1,0,2,1,3
SHall,NWCobb,13,2,0,8,12,0,21,14,0,15,20,35
SHall,NECobb,62,5,0,15,49,0,77,54,0,67,64,131
SHall,SWCobb,2,0,0,3,6,0,5,6,0,2,9,11
SHall,Marietta,27,4,0,9,13,0,36,17,0,31,22,53
SHall,Cumberland,109,8,0,29,37,0,138,45,0,117,66,183
SHall,SCobb,11,4,0,11,2,0,22,6,0,15,13,28
SHall,Chamblee,444,56,1,86,139,0,530,195,1,501,225,726
SHall,NWDeKalb,164,20,0,48,92,2,212,112,2,184,142,326
SHall,NEDeKalb,341,51,0,74,151,0,415,202,0,392,225,617
SHall,Atlanta-DeKalb,9,2,0,6,5,0,15,7,0,11,11,22
SHall,Decatur,13,3,0,7,26,0,20,29,0,16,33,49
SHall,SWDeKalb,34,2,0,16,59,0,50,61,0,36,75,111
SHall,SEDeKalb,37,5,0,13,32,0,50,37,0,42,45,87
SHall,SDeKalb,22,3,0,13,39,0,35,42,0,25,52,77
SHall,WDouglas,0,0,0,0,0,0,0,0,0,0,0,0
SHall,EDouglas,4,0,0,3,0,0,7,0,0,4,3,7
SHall,WFayette,0,0,0,0,0,0,0,0,0,0,0,0
SHall,EFayette,0,0,0,1,0,0,1,0,0,0,1,1
SHall,NGwinnett,6865,1258,2,6384,15610,1,13249,16868,3,8125,21995,30120
SHall,CentGwinnett,2457,459,0,802,1986,0,3259,2445,0,2916,2788,5704
SHall,EGwinnett,575,120,0,295,533,0,870,653,0,695,828,1523
SHall,Norcross,1060,167,0,136,302,0,1196,469,0,1227,438,1665
SHall,Lilburn,168,27,0,48,108,0,216,135,0,195,156,351
SHall,Snellville,239,56,0,118,176,0,357,232,0,295,294,589
SHall,NHenry,3,2,0,3,11,0,6,13,0,5,14,19
SHall,EHenry,3,1,0,2,0,0,5,1,0,4,2,6
SHall,SHenry,2,0,0,0,4,0,2,4,0,2,4,6
SHall,SRockdale,13,2,0,2,1,0,15,3,0,15,3,18
SHall,NRockdale,41,8,0,16,11,0,57,19,0,49,27,76
SHall,NBarrow,1079,218,0,911,2226,0,1990,2444,0,1297,3137,4434
SHall,SBarrow,345,60,0,133,259,0,478,319,0,405,392,797
SHall,NWBartow,0,0,0,0,0,0,0,0,0,0,0,0
SHall,NEBartow,1,0,0,0,0,0,1,0,0,1,0,1
SHall,SWBartow,0,0,0,0,0,0,0,0,0,0,0,0
SHall,Cartersville,2,0,0,0,0,0,2,0,0,2,0,2
SHall,NECarroll,0,0,0,0,0,0,0,0,0,0,0,0
SHall,WCarroll,0,0,0,0,0,0,0,0,0,0,0,0
SHall,CentralCarroll,0,0,0,0,0,0,0,0,0,0,0,0
SHall,SECarroll,0,0,0,0,0,0,0,0,0,0,0,0
SHall,WCoweta,0,0,0,0,0,0,0,0,0,0,0,0
SHall,NCoweta,0,0,0,0,0,0,0,0,0,0,0,0
SHall,SCoweta,0,0,0,0,0,0,0,0,0,0,0,0
SHall,SECoweta,0,0,0,0,0,0,0,0,0,0,0,0
SHall,NForsyth,537,119,0,352,613,0,889,732,0,656,965,1621
SHall,Cumming,1032,180,0,470,822,0,1502,1002,0,1212,1292,2504
SHall,SForsyth,587,109,0,154,273,0,741,382,0,696,427,1123
SHall,NHall,985,185,0,494,785,0,1479,970,0,1170,1279,2449
SHall,Gainesville,10073,1922,29,7563,18323,41,17636,20245,70,12024,25927,37951
SHall,SHall,18207,3485,7,33067,77979,17,51274,81464,24,21699,111063,132762
SHall,WNewton,21,4,0,9,23,0,30,27,0,25,32,57
SHall,ENewton,1,1,0,1,6,0,2,7,0,2,7,9
SHall,NPaulding,0,0,0,0,0,0,0,0,0,0,0,0
SHall,WPaulding,0,0,0,0,1,0,0,1,0,0,1,1
SHall,EPaulding,1,0,0,0,9,0,1,9,0,1,9,10
SHall,NSpalding,0,0,0,0,0,0,0,0,0,0,0,0
SHall,SSpalding,0,0,0,1,0,0,1,0,0,0,1,1
SHall,WWalton,93,14,0,33,38,0,126,52,0,107,71,178
SHall,EWalton,107,18,0,49,78,0,156,96,0,125,127,252
WNewton,NFulton,80,9,0,20,40,0,100,49,0,89,60,149
WNewton,Roswell,50,4,0,10,18,0,60,22,0,54,28,82
WNewton,SandySprings,236,48,8,38,90,1,274,138,9,292,129,421
WNewton,Buckhead,287,67,6,36,131,1,323,198,7,360,168,528
WNewton,NWAtlanta,180,33,1,30,55,2,210,88,3,214,87,301
WNewton,NEAtlanta,434,76,27,107,267,6,541,343,33,537,380,917
WNewton,SWAtlanta,141,29,0,41,61,4,182,90,4,170,106,276
WNewton,CBDAtlanta,478,77,69,110,242,20,588,319,89,624,372,996
WNewton,SEAtlanta,232,49,3,50,94,2,282,143,5,284,146,430
WNewton,SFulton,45,7,0,8,6,0,53,13,0,52,14,66
WNewton,Tri-Cities,312,47,2,36,70,0,348,117,2,361,106,467
WNewton,Shannon,64,9,0,10,27,0,74,36,0,73,37,110
WNewton,WCherokee,0,0,0,0,0,0,0,0,0,0,0,0
WNewton,NCherokee,0,0,0,0,0,0,0,0,0,0,0,0
WNewton,ECentCherokee,5,0,0,1,1,0,6,1,0,5,2,7
WNewton,Woodstock,6,1,0,2,3,0,8,4,0,7,5,12
WNewton,Airport,235,47,3,17,12,0,252,59,3,285,29,314
WNewton,NEClayton,564,119,0,109,239,6,673,358,6,683,354,1037
WNewton,Riverdale,103,19,0,16,89,0,119,108,0,122,105,227
WNewton,SClayton,294,66,0,59,201,0,353,267,0,360,260,620
WNewton,NWCobb,25,3,0,7,11,0,32,14,0,28,18,46
WNewton,NECobb,39,12,0,11,75,0,50,87,0,51,86,137
WNewton,SWCobb,12,1,0,3,6,0,15,7,0,13,9,22
WNewton,Marietta,31,11,0,13,19,1,44,30,1,42,33,75
WNewton,Cumberland,187,40,1,14,61,1,201,101,2,228,76,304
WNewton,SCobb,66,13,1,16,52,0,82,65,1,80,68,148
WNewton,Chamblee,380,62,3,56,88,0,436,150,3,445,144,589
WNewton,NWDeKalb,587,128,16,103,269,5,690,397,21,731,377,1108
WNewton,NEDeKalb,758,124,0,155,244,1,913,368,1,882,400,1282
WNewton,Atlanta-DeKalb,76,16,2,30,31,1,106,47,3,94,62,156
WNewton,Decatur,127,19,2,38,93,6,165,112,8,148,137,285
WNewton,SWDeKalb,343,64,5,96,271,2,439,335,7,412,369,781
WNewton,SEDeKalb,1014,201,6,282,810,3,1296,1011,9,1221,1095,2316
WNewton,SDeKalb,954,207,0,438,988,3,1392,1195,3,1161,1429,2590
WNewton,WDouglas,7,0,0,2,6,0,9,6,0,7,8,15
WNewton,EDouglas,31,6,0,14,30,0,45,36,0,37,44,81
WNewton,WFayette,49,8,0,12,31,0,61,39,0,57,43,100
WNewton,EFayette,112,21,0,20,57,0,132,78,0,133,77,210
WNewton,NGwinnett,297,54,0,69,192,1,366,246,1,351,262,613
WNewton,CentGwinnett,714,128,0,156,372,0,870,500,0,842,528,1370
WNewton,EGwinnett,388,65,0,101,296,0,489,361,0,453,397,850
WNewton,Norcross,371,63,0,45,120,0,416,183,0,434,165,599
WNewton,Lilburn,349,66,0,74,201,0,423,267,0,415,275,690
WNewton,Snellville,958,179,0,301,953,0,1259,1132,0,1137,1254,2391
WNewton,NHenry,798,140,0,246,623,0,1044,763,0,938,869,1807
WNewton,EHenry,1371,252,0,1206,3775,0,2577,4027,0,1623,4981,6604
WNewton,SHenry,1695,357,0,621,1444,1,2316,1801,1,2052,2066,4118
WNewton,SRockdale,1649,355,0,2112,6332,0,3761,6687,0,2004,8444,10448
WNewton,NRockdale,6127,1308,0,5716,14648,0,11843,15956,0,7435,20364,27799
WNewton,NBarrow,111,24,0,31,100,0,142,124,0,135,131,266
WNewton,SBarrow,138,33,0,23,64,0,161,97,0,171,87,258
WNewton,NWBartow,0,0,0,0,0,0,0,0,0,0,0,0
WNewton,NEBartow,0,0,0,0,0,0,0,0,0,0,0,0
WNewton,SWBartow,0,0,0,0,0,0,0,0,0,0,0,0
WNewton,Cartersville,1,0,0,0,0,0,1,0,0,1,0,1
WNewton,NECarroll,0,0,0,0,0,0,0,0,0,0,0,0
WNewton,WCarroll,0,0,0,0,0,0,0,0,0,0,0,0
WNewton,CentralCarroll,0,0,0,0,0,0,0,0,0,0,0,0
WNewton,SECarroll,0,0,0,0,0,0,0,0,0,0,0,0
WNewton,WCoweta,2,0,0,0,0,0,2,0,0,2,0,2
WNewton,NCoweta,7,1,0,2,7,0,9,8,0,8,9,17
WNewton,SCoweta,1,0,0,1,0,0,2,0,0,1,1,2
WNewton,SECoweta,4,1,0,1,0,0,5,1,0,5,1,6
WNewton,NForsyth,1,0,0,1,0,0,2,0,0,1,1,2
WNewton,Cumming,11,2,0,3,9,0,14,11,0,13,12,25
WNewton,SForsyth,28,6,0,7,3,0,35,9,0,34,10,44
WNewton,NHall,2,0,0,0,0,0,2,0,0,2,0,2
WNewton,Gainesville,17,4,0,4,6,0,21,10,0,21,10,31
WNewton,SHall,24,6,0,8,32,0,32,38,0,30,40,70
WNewton,WNewton,28463,5923,0,49333,113539,2,77796,119462,2,34386,162874,197260
WNewton,ENewton,1963,403,0,2252,5702,0,4215,6105,0,2366,7954,10320
WNewton,NPaulding,0,1,0,0,0,0,0,1,0,1,0,1
WNewton,WPaulding,0,0,0,0,0,0,0,0,0,0,0,0
WNewton,EPaulding,5,1,0,2,3,0,7,4,0,6,5,11
WNewton,NSpalding,138,32,0,50,104,0,188,136,0,170,154,324
WNewton,SSpalding,111,20,0,20,45,0,131,65,0,131,65,196
WNewton,WWalton,1450,271,0,1044,2332,0,2494,2603,0,1721,3376,5097
WNewton,EWalton,1519,280,0,527,1245,0,2046,1525,0,1799,1772,3571
ENewton,NFulton,9,1,0,1,2,0,10,3,0,10,3,13
ENewton,Roswell,1,0,0,1,0,0,2,0,0,1,1,2
ENewton,SandySprings,17,1,0,6,12,0,23,13,0,18,18,36
ENewton,Buckhead,19,7,0,10,18,0,29,25,0,26,28,54
ENewton,NWAtlanta,15,6,0,4,10,0,19,16,0,21,14,35
ENewton,NEAtlanta,40,7,0,22,140,1,62,147,1,47,163,210
ENewton,SWAtlanta,15,2,0,3,8,0,18,10,0,17,11,28
ENewton,CBDAtlanta,50,10,3,18,44,1,68,54,4,63,63,126
ENewton,SEAtlanta,24,3,1,5,22,0,29,25,1,28,27,55
ENewton,SFulton,3,1,0,1,1,0,4,2,0,4,2,6
ENewton,Tri-Cities,24,5,0,1,5,0,25,10,0,29,6,35
ENewton,Shannon,3,0,0,2,2,0,5,2,0,3,4,7
ENewton,WCherokee,0,0,0,0,0,0,0,0,0,0,0,0
ENewton,NCherokee,0,0,0,0,0,0,0,0,0,0,0,0
ENewton,ECentCherokee,0,0,0,0,1,0,0,1,0,0,1,1
ENewton,Woodstock,0,0,0,0,0,0,0,0,0,0,0,0
ENewton,Airport,14,2,0,3,7,0,17,9,0,16,10,26
ENewton,NEClayton,35,6,0,11,16,0,46,22,0,41,27,68
ENewton,Riverdale,8,1,0,3,5,0,11,6,0,9,8,17
ENewton,SClayton,19,1,0,8,4,0,27,5,0,20,12,32
ENewton,NWCobb,2,2,0,2,0,0,4,2,0,4,2,6
ENewton,NECobb,2,0,0,0,0,0,2,0,0,2,0,2
ENewton,SWCobb,1,0,0,0,0,0,1,0,0,1,0,1
ENewton,Marietta,3,1,0,0,2,0,3,3,0,4,2,6
ENewton,Cumberland,11,4,0,4,6,0,15,10,0,15,10,25
ENewton,SCobb,5,1,0,1,17,0,6,18,0,6,18,24
ENewton,Chamblee,32,6,1,12,9,0,44,15,1,39,21,60
ENewton,NWDeKalb,74,16,0,21,56,0,95,72,0,90,77,167
ENewton,NEDeKalb,72,10,0,20,44,0,92,54,0,82,64,146
ENewton,Atlanta-DeKalb,13,0,0,4,1,0,17,1,0,13,5,18
ENewton,Decatur,11,3,0,3,13,0,14,16,0,14,16,30
ENewton,SWDeKalb,54,9,1,15,31,0,69,40,1,64,46,110
ENewton,SEDeKalb,96,16,0,36,65,0,132,81,0,112,101,213
ENewton,SDeKalb,83,11,0,33,57,0,116,68,0,94,90,184
ENewton,WDouglas,0,1,0,0,0,0,0,1,0,1,0,1
ENewton,EDouglas,4,0,0,3,0,0,7,0,0,4,3,7
ENewton,WFayette,1,0,0,2,4,0,3,4,0,1,6,7
ENewton,EFayette,7,1,0,3,3,0,10,4,0,8,6,14
ENewton,NGwinnett,43,6,0,18,28,0,61,34,0,49,46,95
ENewton,CentGwinnett,87,26,0,40,88,0,127,114,0,113,128,241
ENewton,EGwinnett,27,3,0,21,43,0,48,46,0,30,64,94
ENewton,Norcross,41,5,0,7,12,0,48,17,0,46,19,65
ENewton,Lilburn,35,2,0,13,55,0,48,57,0,37,68,105
ENewton,Snellville,81,11,0,56,36,0,137,47,0,92,92,184
ENewton,NHenry,45,9,0,22,41,0,67,50,0,54,63,117
ENewton,EHenry,44,9,0,62,67,0,106,76,0,53,129,182
ENewton,SHenry,122,24,0,47,53,0,169,77,0,146,100,246
ENewton,SRockdale,70,10,0,52,90,0,122,100,0,80,142,222
ENewton,NRockdale,445,85,0,186,469,0,631,554,0,530,655,1185
ENewton,NBarrow,24,4,0,5,9,0,29,13,0,28,14,42
ENewton,SBarrow,24,2,0,8,31,0,32,33,0,26,39,65
ENewton,NWBartow,0,0,0,0,0,0,0,0,0,0,0,0
ENewton,NEBartow,0,0,0,0,0,0,0,0,0,0,0,0
ENewton,SWBartow,0,0,0,0,0,0,0,0,0,0,0,0
ENewton,Cartersville,0,0,0,0,0,0,0,0,0,0,0,0
ENewton,NECarroll,0,0,0,0,0,0,0,0,0,0,0,0
ENewton,WCarroll,0,0,0,0,0,0,0,0,0,0,0,0
ENewton,CentralCarroll,0,0,0,0,0,0,0,0,0,0,0,0
ENewton,SECarroll,0,0,0,0,0,0,0,0,0,0,0,0
ENewton,WCoweta,0,0,0,0,0,0,0,0,0,0,0,0
ENewton,NCoweta,0,0,0,0,4,0,0,4,0,0,4,4
ENewton,SCoweta,0,0,0,0,0,0,0,0,0,0,0,0
ENewton,SECoweta,2,0,0,0,0,0,2,0,0,2,0,2
ENewton,NForsyth,0,0,0,0,0,0,0,0,0,0,0,0
ENewton,Cumming,1,0,0,0,0,0,1,0,0,1,0,1
ENewton,SForsyth,4,1,0,0,1,0,4,2,0,5,1,6
ENewton,NHall,0,0,0,0,0,0,0,0,0,0,0,0
ENewton,Gainesville,5,0,0,0,0,0,5,0,0,5,0,5
ENewton,SHall,5,0,0,1,5,0,6,5,0,5,6,11
ENewton,WNewton,1849,402,0,2222,5626,0,4071,6028,0,2251,7848,10099
ENewton,ENewton,1205,258,0,2780,6959,0,3985,7217,0,1463,9739,11202
ENewton,NPaulding,0,0,0,0,0,0,0,0,0,0,0,0
ENewton,WPaulding,0,0,0,0,0,0,0,0,0,0,0,0
ENewton,EPaulding,0,0,0,0,0,0,0,0,0,0,0,0
ENewton,NSpalding,10,1,0,5,1,0,15,2,0,11,6,17
ENewton,SSpalding,6,1,0,1,1,0,7,2,0,7,2,9
ENewton,WWalton,135,24,0,99,168,0,234,192,0,159,267,426
ENewton,EWalton,441,91,0,394,924,0,835,1015,0,532,1318,1850
NPaulding,NFulton,113,31,0,33,45,0,146,76,0,144,78,222
NPaulding,Roswell,84,15,0,20,34,0,104,49,0,99,54,153
NPaulding,SandySprings,216,33,3,31,90,0,247,123,3,252,121,373
NPaulding,Buckhead,162,25,2,40,198,0,202,223,2,189,238,427
NPaulding,NWAtlanta,103,18,0,25,28,0,128,46,0,121,53,174
NPaulding,NEAtlanta,97,22,0,43,60,1,140,82,1,119,104,223
NPaulding,SWAtlanta,92,15,0,22,39,1,114,54,1,107,62,169
NPaulding,CBDAtlanta,96,23,9,24,54,2,120,77,11,128,80,208
NPaulding,SEAtlanta,25,7,0,10,21,0,35,28,0,32,31,63
NPaulding,SFulton,68,12,0,9,45,0,77,57,0,80,54,134
NPaulding,Tri-Cities,46,8,0,19,14,0,65,22,0,54,33,87
NPaulding,Shannon,32,2,0,7,9,0,39,11,0,34,16,50
NPaulding,WCherokee,19,3,0,5,6,0,24,9,0,22,11,33
NPaulding,NCherokee,3,0,0,1,0,0,4,0,0,3,1,4
NPaulding,ECentCherokee,125,25,0,44,83,0,169,108,0,150,127,277
NPaulding,Woodstock,413,82,0,178,495,0,591,577,0,495,673,1168
NPaulding,Airport,31,2,1,4,14,0,35,16,1,34,18,52
NPaulding,NEClayton,10,3,0,3,9,0,13,12,0,13,12,25
NPaulding,Riverdale,6,1,0,2,0,0,8,1,0,7,2,9
NPaulding,SClayton,2,0,0,0,0,0,2,0,0,2,0,2
NPaulding,NWCobb,2852,524,0,3514,10410,0,6366,10934,0,3376,13924,17300
NPaulding,NECobb,596,94,0,156,451,0,752,545,0,690,607,1297
NPaulding,SWCobb,457,93,0,339,1202,0,796,1295,0,550,1541,2091
NPaulding,Marietta,786,151,0,283,823,1,1069,974,1,937,1107,2044
NPaulding,Cumberland,632,108,0,116,304,1,748,412,1,740,421,1161
NPaulding,SCobb,308,64,0,150,300,0,458,364,0,372,450,822
NPaulding,Chamblee,110,24,0,29,80,0,139,104,0,134,109,243
NPaulding,NWDeKalb,46,9,0,12,72,0,58,81,0,55,84,139
NPaulding,NEDeKalb,37,9,0,11,46,0,48,55,0,46,57,103
NPaulding,Atlanta-DeKalb,7,2,0,3,18,0,10,20,0,9,21,30
NPaulding,Decatur,10,1,1,2,2,0,12,3,1,12,4,16
NPaulding,SWDeKalb,15,2,0,8,8,0,23,10,0,17,16,33
NPaulding,SEDeKalb,2,1,0,0,14,0,2,15,0,3,14,17
NPaulding,SDeKalb,13,2,0,5,8,0,18,10,0,15,13,28
NPaulding,WDouglas,168,29,0,35,131,0,203,160,0,197,166,363
NPaulding,EDouglas,338,63,0,102,210,0,440,273,0,401,312,713
NPaulding,WFayette,12,2,0,0,0,0,12,2,0,14,0,14
NPaulding,EFayette,5,2,0,2,10,0,7,12,0,7,12,19
NPaulding,NGwinnett,3,0,0,2,6,0,5,6,0,3,8,11
NPaulding,CentGwinnett,26,5,0,3,37,0,29,42,0,31,40,71
NPaulding,EGwinnett,0,0,0,1,1,0,1,1,0,0,2,2
NPaulding,Norcross,69,6,0,12,11,0,81,17,0,75,23,98
NPaulding,Lilburn,5,1,0,2,0,0,7,1,0,6,2,8
NPaulding,Snellville,2,0,0,1,0,0,3,0,0,2,1,3
NPaulding,NHenry,2,1,0,2,1,0,4,2,0,3,3,6
NPaulding,EHenry,0,0,0,0,0,0,0,0,0,0,0,0
NPaulding,SHenry,2,0,0,0,0,0,2,0,0,2,0,2
NPaulding,SRockdale,0,0,0,1,0,0,1,0,0,0,1,1
NPaulding,NRockdale,1,0,0,0,0,0,1,0,0,1,0,1
NPaulding,NBarrow,0,0,0,0,0,0,0,0,0,0,0,0
NPaulding,SBarrow,0,0,0,0,0,0,0,0,0,0,0,0
NPaulding,NWBartow,75,20,0,11,56,0,86,76,0,95,67,162
NPaulding,NEBartow,74,7,0,19,43,0,93,50,0,81,62,143
NPaulding,SWBartow,289,59,0,126,393,0,415,452,0,348,519,867
NPaulding,Cartersville,1132,215,0,800,1617,0,1932,1832,0,1347,2417,3764
NPaulding,NECarroll,110,23,0,38,57,0,148,80,0,133,95,228
NPaulding,WCarroll,15,1,0,4,4,0,19,5,0,16,8,24
NPaulding,CentralCarroll,92,9,0,27,27,0,119,36,0,101,54,155
NPaulding,SECarroll,5,3,0,3,1,0,8,4,0,8,4,12
NPaulding,WCoweta,1,2,0,1,2,0,2,4,0,3,3,6
NPaulding,NCoweta,7,2,0,5,9,0,12,11,0,9,14,23
NPaulding,SCoweta,0,0,0,0,0,0,0,0,0,0,0,0
NPaulding,SECoweta,0,0,0,0,0,0,0,0,0,0,0,0
NPaulding,NForsyth,2,0,0,0,1,0,2,1,0,2,1,3
NPaulding,Cumming,9,1,0,3,22,0,12,23,0,10,25,35
NPaulding,SForsyth,28,5,0,1,2,0,29,7,0,33,3,36
NPaulding,NHall,0,0,0,0,0,0,0,0,0,0,0,0
NPaulding,Gainesville,1,0,0,0,0,0,1,0,0,1,0,1
NPaulding,SHall,0,0,0,0,0,0,0,0,0,0,0,0
NPaulding,WNewton,0,0,0,0,0,0,0,0,0,0,0,0
NPaulding,ENewton,0,0,0,0,0,0,0,0,0,0,0,0
NPaulding,NPaulding,3710,699,0,6541,16076,0,10251,16775,0,4409,22617,27026
NPaulding,WPaulding,185,26,0,105,213,0,290,239,0,211,318,529
NPaulding,EPaulding,1953,391,0,2575,7045,0,4528,7436,0,2344,9620,11964
NPaulding,NSpalding,0,0,0,0,0,0,0,0,0,0,0,0
NPaulding,SSpalding,0,0,0,0,0,0,0,0,0,0,0,0
NPaulding,WWalton,1,0,0,0,0,0,1,0,0,1,0,1
NPaulding,EWalton,0,0,0,1,0,0,1,0,0,0,1,1
WPaulding,NFulton,22,1,0,9,25,0,31,26,0,23,34,57
WPaulding,Roswell,23,4,0,4,12,0,27,16,0,27,16,43
WPaulding,SandySprings,78,6,0,17,24,0,95,30,0,84,41,125
WPaulding,Buckhead,55,8,0,18,52,1,73,60,1,63,71,134
WPaulding,NWAtlanta,68,11,0,14,51,0,82,62,0,79,65,144
WPaulding,NEAtlanta,44,4,2,20,105,0,64,109,2,50,125,175
WPaulding,SWAtlanta,68,10,0,18,50,0,86,60,0,78,68,146
WPaulding,CBDAtlanta,36,9,2,18,63,0,54,72,2,47,81,128
WPaulding,SEAtlanta,12,3,0,6,12,0,18,15,0,15,18,33
WPaulding,SFulton,54,7,0,5,35,0,59,42,0,61,40,101
WPaulding,Tri-Cities,31,3,0,5,23,0,36,26,0,34,28,62
WPaulding,Shannon,22,6,0,3,24,0,25,30,0,28,27,55
WPaulding,WCherokee,4,0,0,0,1,0,4,1,0,4,1,5
WPaulding,NCherokee,0,0,0,1,0,0,1,0,0,0,1,1
WPaulding,ECentCherokee,13,5,0,4,4,0,17,9,0,18,8,26
WPaulding,Woodstock,47,7,0,20,24,0,67,31,0,54,44,98
WPaulding,Airport,17,1,0,3,7,0,20,8,0,18,10,28
WPaulding,NEClayton,9,4,0,4,12,0,13,16,0,13,16,29
WPaulding,Riverdale,4,1,0,4,4,0,8,5,0,5,8,13
WPaulding,SClayton,5,0,0,2,10,0,7,10,0,5,12,17
WPaulding,NWCobb,370,61,0,116,316,0,486,377,0,431,432,863
WPaulding,NECobb,141,32,0,36,83,0,177,115,0,173,119,292
WPaulding,SWCobb,225,29,0,83,265,0,308,294,0,254,348,602
WPaulding,Marietta,217,34,0,61,98,0,278,132,0,251,159,410
WPaulding,Cumberland,215,26,0,48,118,0,263,144,0,241,166,407
WPaulding,SCobb,179,40,0,69,161,0,248,201,0,219,230,449
WPaulding,Chamblee,33,4,0,9,45,0,42,49,0,37,54,91
WPaulding,NWDeKalb,21,4,0,11,45,0,32,49,0,25,56,81
WPaulding,NEDeKalb,15,1,0,2,3,0,17,4,0,16,5,21
WPaulding,Atlanta-DeKalb,4,1,0,1,9,0,5,10,0,5,10,15
WPaulding,Decatur,1,0,0,3,8,0,4,8,0,1,11,12
WPaulding,SWDeKalb,10,1,1,0,5,0,10,6,1,12,5,17
WPaulding,SEDeKalb,1,0,0,2,0,0,3,0,0,1,2,3
WPaulding,SDeKalb,7,1,0,7,15,0,14,16,0,8,22,30
WPaulding,WDouglas,278,63,0,185,558,0,463,621,0,341,743,1084
WPaulding,EDouglas,282,55,0,114,208,0,396,263,0,337,322,659
WPaulding,WFayette,8,2,0,2,1,0,10,3,0,10,3,13
WPaulding,EFayette,3,1,0,0,17,0,3,18,0,4,17,21
WPaulding,NGwinnett,0,1,0,0,4,0,0,5,0,1,4,5
WPaulding,CentGwinnett,6,0,0,0,9,0,6,9,0,6,9,15
WPaulding,EGwinnett,0,0,0,0,0,0,0,0,0,0,0,0
WPaulding,Norcross,14,2,0,3,6,0,17,8,0,16,9,25
WPaulding,Lilburn,3,0,0,1,0,0,4,0,0,3,1,4
WPaulding,Snellville,0,0,0,0,0,0,0,0,0,0,0,0
WPaulding,NHenry,1,0,0,1,4,0,2,4,0,1,5,6
WPaulding,EHenry,0,0,0,0,0,0,0,0,0,0,0,0
WPaulding,SHenry,1,0,0,1,9,0,2,9,0,1,10,11
WPaulding,SRockdale,0,0,0,1,1,0,1,1,0,0,2,2
WPaulding,NRockdale,0,0,0,1,0,0,1,0,0,0,1,1
WPaulding,NBarrow,0,0,0,0,0,0,0,0,0,0,0,0
WPaulding,SBarrow,0,0,0,0,0,0,0,0,0,0,0,0
WPaulding,NWBartow,8,1,0,0,8,0,8,9,0,9,8,17
WPaulding,NEBartow,7,1,0,4,0,0,11,1,0,8,4,12
WPaulding,SWBartow,30,4,0,10,23,0,40,27,0,34,33,67
WPaulding,Cartersville,104,17,0,42,121,0,146,138,0,121,163,284
WPaulding,NECarroll,638,122,0,642,2029,0,1280,2151,0,760,2671,3431
WPaulding,WCarroll,71,9,0,6,31,0,77,40,0,80,37,117
WPaulding,CentralCarroll,329,56,0,159,270,0,488,326,0,385,429,814
WPaulding,SECarroll,8,1,0,4,4,0,12,5,0,9,8,17
WPaulding,WCoweta,4,1,0,3,21,0,7,22,0,5,24,29
WPaulding,NCoweta,33,9,0,8,23,0,41,32,0,42,31,73
WPaulding,SCoweta,2,0,0,0,0,0,2,0,0,2,0,2
WPaulding,SECoweta,0,0,0,1,0,0,1,0,0,0,1,1
WPaulding,NForsyth,0,0,0,0,0,0,0,0,0,0,0,0
WPaulding,Cumming,1,1,0,2,1,0,3,2,0,2,3,5
WPaulding,SForsyth,3,0,0,2,2,0,5,2,0,3,4,7
WPaulding,NHall,0,0,0,0,0,0,0,0,0,0,0,0
WPaulding,Gainesville,0,0,0,0,0,0,0,0,0,0,0,0
WPaulding,SHall,0,0,0,0,0,0,0,0,0,0,0,0
WPaulding,WNewton,0,0,0,0,0,0,0,0,0,0,0,0
WPaulding,ENewton,0,0,0,0,0,0,0,0,0,0,0,0
WPaulding,NPaulding,172,39,0,99,249,0,271,288,0,211,348,559
WPaulding,WPaulding,1311,279,0,3400,8769,0,4711,9048,0,1590,12169,13759
WPaulding,EPaulding,1199,270,0,1690,5016,0,2889,5286,0,1469,6706,8175
WPaulding,NSpalding,0,0,0,0,0,0,0,0,0,0,0,0
WPaulding,SSpalding,0,0,0,0,0,0,0,0,0,0,0,0
WPaulding,WWalton,0,0,0,0,0,0,0,0,0,0,0,0
WPaulding,EWalton,0,0,0,0,0,0,0,0,0,0,0,0
EPaulding,NFulton,233,45,0,43,97,0,276,142,0,278,140,418
EPaulding,Roswell,184,32,1,25,99,0,209,131,1,217,124,341
EPaulding,SandySprings,642,128,10,87,150,1,729,278,11,780,238,1018
EPaulding,Buckhead,590,110,8,119,262,2,709,372,10,708,383,1091
EPaulding,NWAtlanta,531,104,0,88,195,1,619,299,1,635,284,919
EPaulding,NEAtlanta,570,108,10,122,357,14,692,465,24,688,493,1181
EPaulding,SWAtlanta,588,98,3,134,361,1,722,459,4,689,496,1185
EPaulding,CBDAtlanta,660,97,82,118,243,19,778,340,101,839,380,1219
EPaulding,SEAtlanta,218,32,1,58,139,3,276,171,4,251,200,451
EPaulding,SFulton,511,94,1,114,293,0,625,387,1,606,407,1013
EPaulding,Tri-Cities,337,68,2,50,144,0,387,212,2,407,194,601
EPaulding,Shannon,228,44,0,48,169,0,276,213,0,272,217,489
EPaulding,WCherokee,16,5,0,7,30,0,23,35,0,21,37,58
EPaulding,NCherokee,5,2,0,3,21,0,8,23,0,7,24,31
EPaulding,ECentCherokee,196,26,0,44,103,0,240,129,0,222,147,369
EPaulding,Woodstock,476,76,0,114,334,0,590,410,0,552,448,1000
EPaulding,Airport,188,26,9,8,62,0,196,88,9,223,70,293
EPaulding,NEClayton,111,22,0,29,26,0,140,48,0,133,55,188
EPaulding,Riverdale,44,6,0,17,28,0,61,34,0,50,45,95
EPaulding,SClayton,24,6,0,12,19,0,36,25,0,30,31,61
EPaulding,NWCobb,4314,833,0,3249,8979,1,7563,9812,1,5147,12229,17376
EPaulding,NECobb,1101,211,0,262,629,0,1363,840,0,1312,891,2203
EPaulding,SWCobb,3542,713,1,4328,13753,0,7870,14466,1,4256,18081,22337
EPaulding,Marietta,1943,367,0,672,1868,6,2615,2235,6,2310,2546,4856
EPaulding,Cumberland,2172,419,1,308,998,0,2480,1417,1,2592,1306,3898
EPaulding,SCobb,1998,386,1,1088,3236,2,3086,3622,3,2385,4326,6711
EPaulding,Chamblee,453,64,3,57,131,4,510,195,7,520,192,712
EPaulding,NWDeKalb,232,54,1,58,107,0,290,161,1,287,165,452
EPaulding,NEDeKalb,137,24,0,43,94,4,180,118,4,161,141,302
EPaulding,Atlanta-DeKalb,33,6,0,8,45,0,41,51,0,39,53,92
EPaulding,Decatur,35,10,3,15,53,0,50,63,3,48,68,116
EPaulding,SWDeKalb,81,20,0,31,57,0,112,77,0,101,88,189
EPaulding,SEDeKalb,28,5,0,11,26,0,39,31,0,33,37,70
EPaulding,SDeKalb,83,9,0,21,89,0,104,98,0,92,110,202
EPaulding,WDouglas,2034,429,0,1810,5971,0,3844,6400,0,2463,7781,10244
EPaulding,EDouglas,3222,682,5,2575,8396,4,5797,9078,9,3909,10975,14884
EPaulding,WFayette,73,14,0,22,34,0,95,48,0,87,56,143
EPaulding,EFayette,55,12,0,12,38,0,67,50,0,67,50,117
EPaulding,NGwinnett,13,4,0,7,24,0,20,28,0,17,31,48
EPaulding,CentGwinnett,72,12,0,26,28,0,98,40,0,84,54,138
EPaulding,EGwinnett,0,0,0,3,6,0,3,6,0,0,9,9
EPaulding,Norcross,212,44,0,41,64,0,253,108,0,256,105,361
EPaulding,Lilburn,24,2,0,10,34,0,34,36,0,26,44,70
EPaulding,Snellville,7,1,0,4,41,0,11,42,0,8,45,53
EPaulding,NHenry,16,5,0,6,30,0,22,35,0,21,36,57
EPaulding,EHenry,2,0,0,2,0,0,4,0,0,2,2,4
EPaulding,SHenry,8,1,0,4,1,0,12,2,0,9,5,14
EPaulding,SRockdale,6,1,0,3,1,0,9,2,0,7,4,11
EPaulding,NRockdale,8,1,0,6,11,0,14,12,0,9,17,26
EPaulding,NBarrow,1,0,0,0,4,0,1,4,0,1,4,5
EPaulding,SBarrow,0,0,0,0,0,0,0,0,0,0,0,0
EPaulding,NWBartow,84,8,0,24,40,0,108,48,0,92,64,156
EPaulding,NEBartow,63,14,0,34,68,0,97,82,0,77,102,179
EPaulding,SWBartow,220,38,0,106,178,0,326,216,0,258,284,542
EPaulding,Cartersville,759,144,0,222,397,0,981,541,0,903,619,1522
EPaulding,NECarroll,1165,258,0,632,1975,0,1797,2233,0,1423,2607,4030
EPaulding,WCarroll,105,29,0,21,56,0,126,85,0,134,77,211
EPaulding,CentralCarroll,682,134,0,266,427,0,948,561,0,816,693,1509
EPaulding,SECarroll,31,6,0,17,40,0,48,46,0,37,57,94
EPaulding,WCoweta,39,9,0,12,18,0,51,27,0,48,30,78
EPaulding,NCoweta,118,28,0,34,102,0,152,130,0,146,136,282
EPaulding,SCoweta,6,0,0,3,30,0,9,30,0,6,33,39
EPaulding,SECoweta,12,1,0,4,15,0,16,16,0,13,19,32
EPaulding,NForsyth,5,0,0,1,1,0,6,1,0,5,2,7
EPaulding,Cumming,19,1,0,6,20,0,25,21,0,20,26,46
EPaulding,SForsyth,52,8,0,11,10,0,63,18,0,60,21,81
EPaulding,NHall,0,0,0,0,0,0,0,0,0,0,0,0
EPaulding,Gainesville,1,0,0,0,0,0,1,0,0,1,0,1
EPaulding,SHall,1,0,0,0,9,0,1,9,0,1,9,10
EPaulding,WNewton,4,0,0,0,5,0,4,5,0,4,5,9
EPaulding,ENewton,0,0,0,0,0,0,0,0,0,0,0,0
EPaulding,NPaulding,2020,404,0,2555,7250,0,4575,7654,0,2424,9805,12229
EPaulding,WPaulding,1339,268,0,1671,5161,0,3010,5429,0,1607,6832,8439
EPaulding,EPaulding,23101,4693,0,50792,124982,0,73893,129675,0,27794,175774,203568
EPaulding,NSpalding,0,0,0,0,0,0,0,0,0,0,0,0
EPaulding,SSpalding,3,1,0,1,1,0,4,2,0,4,2,6
EPaulding,WWalton,1,1,0,1,0,0,2,1,0,2,1,3
EPaulding,EWalton,0,0,0,0,0,0,0,0,0,0,0,0
NSpalding,NFulton,13,2,0,2,1,0,15,3,0,15,3,18
NSpalding,Roswell,3,0,0,2,2,0,5,2,0,3,4,7
NSpalding,SandySprings,39,8,0,9,3,0,48,11,0,47,12,59
NSpalding,Buckhead,62,15,3,11,17,0,73,32,3,80,28,108
NSpalding,NWAtlanta,54,17,0,11,2,1,65,19,1,71,14,85
NSpalding,NEAtlanta,113,25,2,23,73,0,136,98,2,140,96,236
NSpalding,SWAtlanta,63,10,0,15,6,1,78,16,1,73,22,95
NSpalding,CBDAtlanta,104,24,8,19,40,0,123,64,8,136,59,195
NSpalding,SEAtlanta,106,17,0,21,53,1,127,70,1,123,75,198
NSpalding,SFulton,42,3,0,10,16,0,52,19,0,45,26,71
NSpalding,Tri-Cities,197,28,0,21,68,0,218,96,0,225,89,314
NSpalding,Shannon,129,21,0,32,84,0,161,105,0,150,116,266
NSpalding,WCherokee,0,0,0,0,4,0,0,4,0,0,4,4
NSpalding,NCherokee,0,0,0,0,0,0,0,0,0,0,0,0
NSpalding,ECentCherokee,0,1,0,0,1,0,0,2,0,1,1,2
NSpalding,Woodstock,0,1,0,0,1,0,0,2,0,1,1,2
NSpalding,Airport,170,25,4,8,9,0,178,34,4,199,17,216
NSpalding,NEClayton,413,84,0,81,153,3,494,237,3,497,237,734
NSpalding,Riverdale,210,40,0,63,149,0,273,189,0,250,212,462
NSpalding,SClayton,821,142,4,427,954,5,1248,1096,9,967,1386,2353
NSpalding,NWCobb,4,1,0,1,2,0,5,3,0,5,3,8
NSpalding,NECobb,15,2,0,3,5,0,18,7,0,17,8,25
NSpalding,SWCobb,1,2,0,0,2,0,1,4,0,3,2,5
NSpalding,Marietta,11,4,0,0,0,0,11,4,0,15,0,15
NSpalding,Cumberland,52,4,0,10,13,0,62,17,0,56,23,79
NSpalding,SCobb,28,1,1,6,9,0,34,10,1,30,15,45
NSpalding,Chamblee,30,10,0,13,27,0,43,37,0,40,40,80
NSpalding,NWDeKalb,65,9,0,13,55,0,78,64,0,74,68,142
NSpalding,NEDeKalb,47,6,0,16,36,0,63,42,0,53,52,105
NSpalding,Atlanta-DeKalb,10,3,0,7,21,0,17,24,0,13,28,41
NSpalding,Decatur,8,1,0,3,2,0,11,3,0,9,5,14
NSpalding,SWDeKalb,40,3,0,11,15,0,51,18,0,43,26,69
NSpalding,SEDeKalb,36,5,0,7,76,0,43,81,0,41,83,124
NSpalding,SDeKalb,100,25,0,25,27,1,125,52,1,125,53,178
NSpalding,WDouglas,11,0,0,6,12,0,17,12,0,11,18,29
NSpalding,EDouglas,7,3,0,1,8,0,8,11,0,10,9,19
NSpalding,WFayette,588,123,0,182,298,0,770,421,0,711,480,1191
NSpalding,EFayette,819,147,0,495,846,0,1314,993,0,966,1341,2307
NSpalding,NGwinnett,0,0,0,2,2,0,2,2,0,0,4,4
NSpalding,CentGwinnett,1,0,0,1,15,0,2,15,0,1,16,17
NSpalding,EGwinnett,2,0,0,4,0,0,6,0,0,2,4,6
NSpalding,Norcross,22,8,0,3,4,0,25,12,0,30,7,37
NSpalding,Lilburn,6,1,0,2,7,0,8,8,0,7,9,16
NSpalding,Snellville,12,2,0,5,35,0,17,37,0,14,40,54
NSpalding,NHenry,312,61,0,113,233,0,425,294,0,373,346,719
NSpalding,EHenry,325,52,0,140,195,0,465,247,0,377,335,712
NSpalding,SHenry,2845,624,0,2077,5007,0,4922,5631,0,3469,7084,10553
NSpalding,SRockdale,63,10,0,19,7,0,82,17,0,73,26,99
NSpalding,NRockdale,70,12,0,11,34,0,81,46,0,82,45,127
NSpalding,NBarrow,0,0,0,1,0,0,1,0,0,0,1,1
NSpalding,SBarrow,2,0,0,0,0,0,2,0,0,2,0,2
NSpalding,NWBartow,0,0,0,0,0,0,0,0,0,0,0,0
NSpalding,NEBartow,0,0,0,0,0,0,0,0,0,0,0,0
NSpalding,SWBartow,0,0,0,0,0,0,0,0,0,0,0,0
NSpalding,Cartersville,0,0,0,0,0,0,0,0,0,0,0,0
NSpalding,NECarroll,0,1,0,0,0,0,0,1,0,1,0,1
NSpalding,WCarroll,0,0,0,0,0,0,0,0,0,0,0,0
NSpalding,CentralCarroll,6,0,0,2,2,0,8,2,0,6,4,10
NSpalding,SECarroll,1,0,0,1,1,0,2,1,0,1,2,3
NSpalding,WCoweta,26,4,0,6,9,0,32,13,0,30,15,45
NSpalding,NCoweta,206,40,0,75,117,0,281,157,0,246,192,438
NSpalding,SCoweta,29,6,0,23,7,0,52,13,0,35,30,65
NSpalding,SECoweta,204,37,0,120,189,0,324,226,0,241,309,550
NSpalding,NForsyth,0,0,0,0,0,0,0,0,0,0,0,0
NSpalding,Cumming,1,0,0,0,4,0,1,4,0,1,4,5
NSpalding,SForsyth,0,0,0,0,0,0,0,0,0,0,0,0
NSpalding,NHall,0,0,0,0,0,0,0,0,0,0,0,0
NSpalding,Gainesville,0,0,0,0,0,0,0,0,0,0,0,0
NSpalding,SHall,0,0,0,0,0,0,0,0,0,0,0,0
NSpalding,WNewton,145,28,0,51,106,0,196,134,0,173,157,330
NSpalding,ENewton,9,3,0,2,2,0,11,5,0,12,4,16
NSpalding,NPaulding,0,0,0,0,1,0,0,1,0,0,1,1
NSpalding,WPaulding,0,0,0,0,0,0,0,0,0,0,0,0
NSpalding,EPaulding,0,0,0,0,0,0,0,0,0,0,0,0
NSpalding,NSpalding,11671,2576,0,20761,42349,0,32432,44925,0,14247,63110,77357
NSpalding,SSpalding,5417,1072,0,7778,14683,0,13195,15755,0,6489,22461,28950
NSpalding,WWalton,8,2,0,1,5,0,9,7,0,10,6,16
NSpalding,EWalton,8,0,0,3,31,0,11,31,0,8,34,42
SSpalding,NFulton,5,1,0,2,9,0,7,10,0,6,11,17
SSpalding,Roswell,4,0,0,0,2,0,4,2,0,4,2,6
SSpalding,SandySprings,14,4,0,5,10,0,19,14,0,18,15,33
SSpalding,Buckhead,25,6,0,12,50,0,37,56,0,31,62,93
SSpalding,NWAtlanta,43,4,0,3,13,0,46,17,0,47,16,63
SSpalding,NEAtlanta,53,14,0,20,30,0,73,44,0,67,50,117
SSpalding,SWAtlanta,23,1,0,6,5,0,29,6,0,24,11,35
SSpalding,CBDAtlanta,49,12,6,16,48,0,65,60,6,67,64,131
SSpalding,SEAtlanta,64,13,0,11,33,0,75,46,0,77,44,121
SSpalding,SFulton,29,1,0,7,1,0,36,2,0,30,8,38
SSpalding,Tri-Cities,137,17,0,13,41,0,150,58,0,154,54,208
SSpalding,Shannon,90,13,0,22,63,0,112,76,0,103,85,188
SSpalding,WCherokee,0,0,0,0,0,0,0,0,0,0,0,0
SSpalding,NCherokee,0,0,0,0,0,0,0,0,0,0,0,0
SSpalding,ECentCherokee,0,0,0,0,0,0,0,0,0,0,0,0
SSpalding,Woodstock,0,0,0,0,0,0,0,0,0,0,0,0
SSpalding,Airport,89,13,0,14,14,0,103,27,0,102,28,130
SSpalding,NEClayton,254,41,0,40,59,0,294,100,0,295,99,394
SSpalding,Riverdale,126,26,0,30,106,0,156,132,0,152,136,288
SSpalding,SClayton,383,91,1,94,254,0,477,345,1,475,348,823
SSpalding,NWCobb,3,0,0,2,1,0,5,1,0,3,3,6
SSpalding,NECobb,6,2,0,2,2,0,8,4,0,8,4,12
SSpalding,SWCobb,0,0,0,2,1,0,2,1,0,0,3,3
SSpalding,Marietta,12,2,0,1,1,0,13,3,0,14,2,16
SSpalding,Cumberland,31,10,0,8,36,0,39,46,0,41,44,85
SSpalding,SCobb,10,2,0,3,19,0,13,21,0,12,22,34
SSpalding,Chamblee,8,5,0,7,3,0,15,8,0,13,10,23
SSpalding,NWDeKalb,33,6,0,6,17,0,39,23,0,39,23,62
SSpalding,NEDeKalb,26,4,0,6,13,0,32,17,0,30,19,49
SSpalding,Atlanta-DeKalb,4,0,0,1,6,0,5,6,0,4,7,11
SSpalding,Decatur,3,1,0,4,11,0,7,12,0,4,15,19
SSpalding,SWDeKalb,21,7,0,15,26,0,36,33,0,28,41,69
SSpalding,SEDeKalb,18,4,0,10,3,0,28,7,0,22,13,35
SSpalding,SDeKalb,61,10,0,19,51,0,80,61,0,71,70,141
SSpalding,WDouglas,5,0,0,2,4,0,7,4,0,5,6,11
SSpalding,EDouglas,9,2,0,5,3,0,14,5,0,11,8,19
SSpalding,WFayette,595,119,0,119,312,0,714,431,0,714,431,1145
SSpalding,EFayette,666,107,0,254,492,0,920,599,0,773,746,1519
SSpalding,NGwinnett,0,0,0,1,4,0,1,4,0,0,5,5
SSpalding,CentGwinnett,7,1,0,1,9,0,8,10,0,8,10,18
SSpalding,EGwinnett,1,0,0,1,0,0,2,0,0,1,1,2
SSpalding,Norcross,11,4,0,3,0,0,14,4,0,15,3,18
SSpalding,Lilburn,0,2,0,3,1,0,3,3,0,2,4,6
SSpalding,Snellville,6,0,0,1,9,0,7,9,0,6,10,16
SSpalding,NHenry,161,32,0,38,71,0,199,103,0,193,109,302
SSpalding,EHenry,203,35,0,31,79,0,234,114,0,238,110,348
SSpalding,SHenry,1482,263,0,460,1237,0,1942,1500,0,1745,1697,3442
SSpalding,SRockdale,28,5,0,12,27,0,40,32,0,33,39,72
SSpalding,NRockdale,48,9,0,7,34,0,55,43,0,57,41,98
SSpalding,NBarrow,0,0,0,0,0,0,0,0,0,0,0,0
SSpalding,SBarrow,0,0,0,0,0,0,0,0,0,0,0,0
SSpalding,NWBartow,0,0,0,0,0,0,0,0,0,0,0,0
SSpalding,NEBartow,0,0,0,0,0,0,0,0,0,0,0,0
SSpalding,SWBartow,0,0,0,0,0,0,0,0,0,0,0,0
SSpalding,Cartersville,0,0,0,0,0,0,0,0,0,0,0,0
SSpalding,NECarroll,1,0,0,0,2,0,1,2,0,1,2,3
SSpalding,WCarroll,0,0,0,0,0,0,0,0,0,0,0,0
SSpalding,CentralCarroll,5,0,0,5,1,0,10,1,0,5,6,11
SSpalding,SECarroll,2,0,0,1,4,0,3,4,0,2,5,7
SSpalding,WCoweta,27,7,0,9,1,0,36,8,0,34,10,44
SSpalding,NCoweta,239,34,0,45,152,0,284,186,0,273,197,470
SSpalding,SCoweta,48,6,0,11,8,0,59,14,0,54,19,73
SSpalding,SECoweta,280,44,0,122,237,0,402,281,0,324,359,683
SSpalding,NForsyth,0,0,0,0,0,0,0,0,0,0,0,0
SSpalding,Cumming,1,0,0,0,1,0,1,1,0,1,1,2
SSpalding,SForsyth,0,0,0,0,0,0,0,0,0,0,0,0
SSpalding,NHall,0,0,0,0,0,0,0,0,0,0,0,0
SSpalding,Gainesville,0,0,0,0,0,0,0,0,0,0,0,0
SSpalding,SHall,0,0,0,1,0,0,1,0,0,0,1,1
SSpalding,WNewton,107,12,0,23,16,0,130,28,0,119,39,158
SSpalding,ENewton,2,1,0,1,17,0,3,18,0,3,18,21
SSpalding,NPaulding,0,0,0,0,0,0,0,0,0,0,0,0
SSpalding,WPaulding,0,0,0,0,0,0,0,0,0,0,0,0
SSpalding,EPaulding,1,0,0,2,1,0,3,1,0,1,3,4
SSpalding,NSpalding,5366,1042,0,7725,14761,0,13091,15803,0,6408,22486,28894
SSpalding,SSpalding,9526,1723,0,11824,22055,0,21350,23778,0,11249,33879,45128
SSpalding,WWalton,2,0,0,1,2,0,3,2,0,2,3,5
SSpalding,EWalton,2,0,0,0,4,0,2,4,0,2,4,6
WWalton,NFulton,239,40,0,42,49,0,281,89,0,279,91,370
WWalton,Roswell,65,12,0,16,44,0,81,56,0,77,60,137
WWalton,SandySprings,170,27,2,24,41,0,194,68,2,199,65,264
WWalton,Buckhead,127,18,1,28,92,0,155,110,1,146,120,266
WWalton,NWAtlanta,52,14,0,7,37,0,59,51,0,66,44,110
WWalton,NEAtlanta,113,16,0,57,141,2,170,157,2,129,200,329
WWalton,SWAtlanta,39,7,0,18,31,3,57,38,3,46,52,98
WWalton,CBDAtlanta,93,25,7,32,137,3,125,162,10,125,172,297
WWalton,SEAtlanta,51,10,0,12,47,1,63,57,1,61,60,121
WWalton,SFulton,10,2,0,1,12,0,11,14,0,12,13,25
WWalton,Tri-Cities,63,9,0,10,24,0,73,33,0,72,34,106
WWalton,Shannon,12,0,0,7,7,0,19,7,0,12,14,26
WWalton,WCherokee,1,0,0,1,0,0,2,0,0,1,1,2
WWalton,NCherokee,0,0,0,0,9,0,0,9,0,0,9,9
WWalton,ECentCherokee,8,1,0,3,25,0,11,26,0,9,28,37
WWalton,Woodstock,5,1,0,0,17,0,5,18,0,6,17,23
WWalton,Airport,43,6,1,11,8,0,54,14,1,50,19,69
WWalton,NEClayton,83,18,0,16,43,0,99,61,0,101,59,160
WWalton,Riverdale,17,3,0,4,31,0,21,34,0,20,35,55
WWalton,SClayton,34,5,0,3,5,0,37,10,0,39,8,47
WWalton,NWCobb,9,1,0,4,4,0,13,5,0,10,8,18
WWalton,NECobb,29,6,0,8,23,0,37,29,0,35,31,66
WWalton,SWCobb,5,1,0,0,0,0,5,1,0,6,0,6
WWalton,Marietta,12,2,0,2,9,0,14,11,0,14,11,25
WWalton,Cumberland,82,9,0,17,45,0,99,54,0,91,62,153
WWalton,SCobb,16,2,0,4,16,0,20,18,0,18,20,38
WWalton,Chamblee,240,36,1,52,117,0,292,153,1,277,169,446
WWalton,NWDeKalb,315,53,1,94,315,0,409,368,1,369,409,778
WWalton,NEDeKalb,598,104,0,212,523,1,810,627,1,702,736,1438
WWalton,Atlanta-DeKalb,15,4,0,8,33,0,23,37,0,19,41,60
WWalton,Decatur,35,6,0,14,14,0,49,20,0,41,28,69
WWalton,SWDeKalb,111,20,0,31,105,0,142,125,0,131,136,267
WWalton,SEDeKalb,426,90,0,206,665,2,632,755,2,516,873,1389
WWalton,SDeKalb,216,52,0,126,260,2,342,312,2,268,388,656
WWalton,WDouglas,1,0,0,1,2,0,2,2,0,1,3,4
WWalton,EDouglas,6,1,0,1,1,0,7,2,0,7,2,9
WWalton,WFayette,1,0,0,1,0,0,2,0,0,1,1,2
WWalton,EFayette,12,2,0,2,31,0,14,33,0,14,33,47
WWalton,NGwinnett,762,116,0,227,551,0,989,667,0,878,778,1656
WWalton,CentGwinnett,1845,335,0,826,2110,2,2671,2445,2,2180,2938,5118
WWalton,EGwinnett,1228,207,0,1536,4754,0,2764,4961,0,1435,6290,7725
WWalton,Norcross,551,108,0,90,236,0,641,344,0,659,326,985
WWalton,Lilburn,495,77,0,202,653,0,697,730,0,572,855,1427
WWalton,Snellville,2253,423,1,2980,9434,0,5233,9857,1,2677,12414,15091
WWalton,NHenry,91,9,0,31,66,0,122,75,0,100,97,197
WWalton,EHenry,64,13,0,21,59,0,85,72,0,77,80,157
WWalton,SHenry,69,16,0,21,38,0,90,54,0,85,59,144
WWalton,SRockdale,187,31,0,76,280,0,263,311,0,218,356,574
WWalton,NRockdale,1233,220,0,668,2077,0,1901,2297,0,1453,2745,4198
WWalton,NBarrow,351,75,0,167,487,0,518,562,0,426,654,1080
WWalton,SBarrow,408,66,0,229,757,0,637,823,0,474,986,1460
WWalton,NWBartow,0,0,0,0,0,0,0,0,0,0,0,0
WWalton,NEBartow,0,0,0,0,0,0,0,0,0,0,0,0
WWalton,SWBartow,0,0,0,0,0,0,0,0,0,0,0,0
WWalton,Cartersville,0,0,0,0,36,0,0,36,0,0,36,36
WWalton,NECarroll,0,0,0,0,0,0,0,0,0,0,0,0
WWalton,WCarroll,0,0,0,0,0,0,0,0,0,0,0,0
WWalton,CentralCarroll,0,0,0,0,0,0,0,0,0,0,0,0
WWalton,SECarroll,0,0,0,0,0,0,0,0,0,0,0,0
WWalton,WCoweta,0,0,0,0,1,0,0,1,0,0,1,1
WWalton,NCoweta,1,1,0,2,1,0,3,2,0,2,3,5
WWalton,SCoweta,0,0,0,0,0,0,0,0,0,0,0,0
WWalton,SECoweta,0,0,0,0,1,0,0,1,0,0,1,1
WWalton,NForsyth,7,0,0,3,18,0,10,18,0,7,21,28
WWalton,Cumming,53,10,0,15,21,0,68,31,0,63,36,99
WWalton,SForsyth,92,9,0,17,78,0,109,87,0,101,95,196
WWalton,NHall,6,0,0,3,0,0,9,0,0,6,3,9
WWalton,Gainesville,86,14,0,17,20,0,103,34,0,100,37,137
WWalton,SHall,105,19,0,35,46,0,140,65,0,124,81,205
WWalton,WNewton,1488,283,0,1008,2436,0,2496,2719,0,1771,3444,5215
WWalton,ENewton,114,24,0,93,122,0,207,146,0,138,215,353
WWalton,NPaulding,0,0,0,0,0,0,0,0,0,0,0,0
WWalton,WPaulding,0,0,0,0,0,0,0,0,0,0,0,0
WWalton,EPaulding,2,0,0,0,0,0,2,0,0,2,0,2
WWalton,NSpalding,10,1,0,3,6,0,13,7,0,11,9,20
WWalton,SSpalding,3,1,0,4,3,0,7,4,0,4,7,11
WWalton,WWalton,6441,1200,0,14074,34797,0,20515,35997,0,7641,48871,56512
WWalton,EWalton,1959,357,0,1853,4951,0,3812,5308,0,2316,6804,9120
EWalton,NFulton,116,23,0,21,30,0,137,53,0,139,51,190
EWalton,Roswell,35,4,0,9,15,0,44,19,0,39,24,63
EWalton,SandySprings,56,13,0,15,26,0,71,39,0,69,41,110
EWalton,Buckhead,36,7,0,22,55,0,58,62,0,43,77,120
EWalton,NWAtlanta,15,3,0,3,18,0,18,21,0,18,21,39
EWalton,NEAtlanta,48,10,0,32,56,0,80,66,0,58,88,146
EWalton,SWAtlanta,8,2,0,12,14,0,20,16,0,10,26,36
EWalton,CBDAtlanta,18,5,2,21,56,0,39,61,2,25,77,102
EWalton,SEAtlanta,19,7,0,13,22,0,32,29,0,26,35,61
EWalton,SFulton,2,0,0,1,0,0,3,0,0,2,1,3
EWalton,Tri-Cities,25,3,0,7,1,0,32,4,0,28,8,36
EWalton,Shannon,1,1,0,3,7,0,4,8,0,2,10,12
EWalton,WCherokee,0,0,0,0,0,0,0,0,0,0,0,0
EWalton,NCherokee,0,0,0,0,9,0,0,9,0,0,9,9
EWalton,ECentCherokee,7,0,0,2,1,0,9,1,0,7,3,10
EWalton,Woodstock,2,1,0,2,0,0,4,1,0,3,2,5
EWalton,Airport,13,2,0,3,3,0,16,5,0,15,6,21
EWalton,NEClayton,40,5,0,8,27,0,48,32,0,45,35,80
EWalton,Riverdale,5,1,0,3,1,0,8,2,0,6,4,10
EWalton,SClayton,14,3,0,7,16,0,21,19,0,17,23,40
EWalton,NWCobb,3,1,0,3,4,0,6,5,0,4,7,11
EWalton,NECobb,9,5,0,5,8,0,14,13,0,14,13,27
EWalton,SWCobb,1,0,0,0,2,0,1,2,0,1,2,3
EWalton,Marietta,13,3,0,3,3,0,16,6,0,16,6,22
EWalton,Cumberland,25,2,0,6,21,0,31,23,0,27,27,54
EWalton,SCobb,7,1,0,3,3,0,10,4,0,8,6,14
EWalton,Chamblee,122,19,0,42,53,0,164,72,0,141,95,236
EWalton,NWDeKalb,91,16,0,44,164,0,135,180,0,107,208,315
EWalton,NEDeKalb,237,42,0,79,87,0,316,129,0,279,166,445
EWalton,Atlanta-DeKalb,6,4,0,5,21,0,11,25,0,10,26,36
EWalton,Decatur,13,1,0,7,5,0,20,6,0,14,12,26
EWalton,SWDeKalb,47,4,0,27,46,0,74,50,0,51,73,124
EWalton,SEDeKalb,142,22,0,38,88,0,180,110,0,164,126,290
EWalton,SDeKalb,102,19,0,39,89,0,141,108,0,121,128,249
EWalton,WDouglas,1,0,0,1,0,0,2,0,0,1,1,2
EWalton,EDouglas,1,1,0,2,4,0,3,5,0,2,6,8
EWalton,WFayette,3,0,0,0,1,0,3,1,0,3,1,4
EWalton,EFayette,5,0,0,1,1,0,6,1,0,5,2,7
EWalton,NGwinnett,604,136,0,144,395,0,748,531,0,740,539,1279
EWalton,CentGwinnett,963,168,0,269,611,0,1232,779,0,1131,880,2011
EWalton,EGwinnett,805,134,0,423,1099,0,1228,1233,0,939,1522,2461
EWalton,Norcross,276,50,0,53,125,0,329,175,0,326,178,504
EWalton,Lilburn,191,24,0,36,123,0,227,147,0,215,159,374
EWalton,Snellville,751,126,0,290,718,0,1041,844,0,877,1008,1885
EWalton,NHenry,40,9,0,15,11,0,55,20,0,49,26,75
EWalton,EHenry,70,11,0,18,17,0,88,28,0,81,35,116
EWalton,SHenry,81,14,0,28,14,0,109,28,0,95,42,137
EWalton,SRockdale,123,24,0,25,108,0,148,132,0,147,133,280
EWalton,NRockdale,594,94,0,156,279,0,750,373,0,688,435,1123
EWalton,NBarrow,792,177,0,414,1083,0,1206,1260,0,969,1497,2466
EWalton,SBarrow,1006,188,0,693,1874,0,1699,2062,0,1194,2567,3761
EWalton,NWBartow,0,0,0,0,0,0,0,0,0,0,0,0
EWalton,NEBartow,0,0,0,0,0,0,0,0,0,0,0,0
EWalton,SWBartow,0,0,0,0,0,0,0,0,0,0,0,0
EWalton,Cartersville,0,0,0,0,0,0,0,0,0,0,0,0
EWalton,NECarroll,0,0,0,0,0,0,0,0,0,0,0,0
EWalton,WCarroll,0,0,0,0,0,0,0,0,0,0,0,0
EWalton,CentralCarroll,0,0,0,0,0,0,0,0,0,0,0,0
EWalton,SECarroll,0,0,0,0,0,0,0,0,0,0,0,0
EWalton,WCoweta,0,0,0,0,0,0,0,0,0,0,0,0
EWalton,NCoweta,0,0,0,1,0,0,1,0,0,0,1,1
EWalton,SCoweta,0,0,0,0,0,0,0,0,0,0,0,0
EWalton,SECoweta,0,0,0,0,0,0,0,0,0,0,0,0
EWalton,NForsyth,12,1,0,4,1,0,16,2,0,13,5,18
EWalton,Cumming,36,3,0,20,21,0,56,24,0,39,41,80
EWalton,SForsyth,53,9,0,9,14,0,62,23,0,62,23,85
EWalton,NHall,5,2,0,4,4,0,9,6,0,7,8,15
EWalton,Gainesville,113,25,0,28,69,0,141,94,0,138,97,235
EWalton,SHall,120,22,0,50,64,0,170,86,0,142,114,256
EWalton,WNewton,1504,281,0,540,1301,0,2044,1582,0,1785,1841,3626
EWalton,ENewton,443,72,0,385,893,0,828,965,0,515,1278,1793
EWalton,NPaulding,0,0,0,0,0,0,0,0,0,0,0,0
EWalton,WPaulding,0,0,0,0,0,0,0,0,0,0,0,0
EWalton,EPaulding,0,0,0,0,0,0,0,0,0,0,0,0
EWalton,NSpalding,6,1,0,3,30,0,9,31,0,7,33,40
EWalton,SSpalding,3,0,0,1,4,0,4,4,0,3,5,8
EWalton,WWalton,1899,374,0,1864,4926,0,3763,5300,0,2273,6790,9063
EWalton,EWalton,15806,3063,0,24897,53118,0,40703,56181,0,18869,78015,96884
