FROM,TO,Work trips SOV,Work trips HOV,Work trips Transit,Non-work SOV,Non-work HOV,Non-work Transit,All SOV,All HOV,All Transit,Work trips All,Non-work All,All Trips
NFulton,NFulton,78465,14739,609,117481,200048,1068,195946,214787,1677,93813,318597,412410
NFulton,Roswell,17484,3378,176,20970,45064,262,38454,48442,438,21038,66296,87334
NFulton,SandySprings,7246,1238,282,2691,5842,149,9937,7080,431,8766,8682,17448
NFulton,Buckhead,2672,410,314,378,1102,61,3050,1512,375,3396,1541,4937
NFulton,NWAtlanta,406,83,50,58,123,6,464,206,56,539,187,726
NFulton,NEAtlanta,1454,249,283,217,633,96,1671,882,379,1986,946,2932
NFulton,SWAtlanta,264,44,62,72,112,13,336,156,75,370,197,567
NFulton,CBDAtlanta,826,180,525,126,407,71,952,587,596,1531,604,2135
NFulton,SEAtlanta,257,69,38,54,99,10,311,168,48,364,163,527
NFulton,SFulton,96,16,5,18,14,4,114,30,9,117,36,153
NFulton,Tri-Cities,254,65,38,34,105,6,288,170,44,357,145,502
NFulton,Shannon,68,21,10,25,32,3,93,53,13,99,60,159
NFulton,WCherokee,385,76,0,124,334,0,509,410,0,461,458,919
NFulton,NCherokee,316,53,0,95,346,0,411,399,0,369,441,810
NFulton,ECentCherokee,5457,1048,5,3074,8524,10,8531,9572,15,6510,11608,18118
NFulton,Woodstock,3184,591,5,1933,4621,4,5117,5212,9,3780,6558,10338
NFulton,Airport,67,17,20,9,17,2,76,34,22,104,28,132
NFulton,NEClayton,148,38,4,41,34,1,189,72,5,190,76,266
NFulton,Riverdale,85,34,10,18,37,1,103,71,11,129,56,185
NFulton,SClayton,64,18,3,17,29,0,81,47,3,85,46,131
NFulton,NWCobb,1543,283,5,490,926,32,2033,1209,37,1831,1448,3279
NFulton,NECobb,5406,1007,12,3131,8368,11,8537,9375,23,6425,11510,17935
NFulton,SWCobb,294,46,2,53,90,1,347,136,3,342,144,486
NFulton,Marietta,932,167,1,242,599,27,1174,766,28,1100,868,1968
NFulton,Cumberland,1881,345,26,362,804,9,2243,1149,35,2252,1175,3427
NFulton,SCobb,461,70,2,87,195,1,548,265,3,533,283,816
NFulton,Chamblee,4493,825,160,1524,3567,128,6017,4392,288,5478,5219,10697
NFulton,NWDeKalb,1068,202,50,230,719,17,1298,921,67,1320,966,2286
NFulton,NEDeKalb,1345,259,28,348,896,19,1693,1155,47,1632,1263,2895
NFulton,Atlanta-DeKalb,109,20,24,22,29,2,131,49,26,153,53,206
NFulton,Decatur,130,19,18,26,42,3,156,61,21,167,71,238
NFulton,SWDeKalb,303,67,31,56,157,6,359,224,37,401,219,620
NFulton,SEDeKalb,319,60,17,60,147,5,379,207,22,396,212,608
NFulton,SDeKalb,254,58,13,44,75,0,298,133,13,325,119,444
NFulton,WDouglas,54,10,1,14,66,0,68,76,1,65,80,145
NFulton,EDouglas,127,30,3,25,28,1,152,58,4,160,54,214
NFulton,WFayette,15,4,1,11,4,1,26,8,2,20,16,36
NFulton,EFayette,31,9,0,10,36,0,41,45,0,40,46,86
NFulton,NGwinnett,5068,993,1,2236,6058,10,7304,7051,11,6062,8304,14366
NFulton,CentGwinnett,9045,1755,14,7863,18135,48,16908,19890,62,10814,26046,36860
NFulton,EGwinnett,820,154,2,136,283,3,956,437,5,976,422,1398
NFulton,Norcross,7031,1434,34,4163,10396,61,11194,11830,95,8499,14620,23119
NFulton,Lilburn,849,180,3,328,707,4,1177,887,7,1032,1039,2071
NFulton,Snellville,878,149,1,196,479,11,1074,628,12,1028,686,1714
NFulton,NHenry,81,18,1,21,32,1,102,50,2,100,54,154
NFulton,EHenry,35,11,0,12,19,0,47,30,0,46,31,77
NFulton,SHenry,35,16,0,9,9,0,44,25,0,51,18,69
NFulton,SRockdale,61,10,1,7,10,0,68,20,1,72,17,89
NFulton,NRockdale,87,15,0,25,26,0,112,41,0,102,51,153
NFulton,NBarrow,321,44,0,47,66,0,368,110,0,365,113,478
NFulton,SBarrow,164,31,0,41,81,0,205,112,0,195,122,317
NFulton,NWBartow,41,6,0,14,36,0,55,42,0,47,50,97
NFulton,NEBartow,83,15,0,31,65,0,114,80,0,98,96,194
NFulton,SWBartow,51,11,0,28,65,0,79,76,0,62,93,155
NFulton,Cartersville,216,38,0,52,114,1,268,152,1,254,167,421
NFulton,NECarroll,10,3,0,4,1,0,14,4,0,13,5,18
NFulton,WCarroll,0,0,0,0,4,0,0,4,0,0,4,4
NFulton,CentralCarroll,5,0,0,1,1,0,6,1,0,5,2,7
NFulton,SECarroll,0,0,0,0,0,0,0,0,0,0,0,0
NFulton,WCoweta,2,0,0,2,0,0,4,0,0,2,2,4
NFulton,NCoweta,25,3,0,8,6,0,33,9,0,28,14,42
NFulton,SCoweta,1,0,0,0,0,0,1,0,0,1,0,1
NFulton,SECoweta,5,0,0,1,1,0,6,1,0,5,2,7
NFulton,NForsyth,2448,443,2,499,1397,1,2947,1840,3,2893,1897,4790
NFulton,Cumming,9617,1723,16,4230,11282,30,13847,13005,46,11356,15542,26898
NFulton,SForsyth,13898,2604,41,14877,30483,82,28775,33087,123,16543,45442,61985
NFulton,NHall,239,34,0,59,163,0,298,197,0,273,222,495
NFulton,Gainesville,696,152,0,102,254,0,798,406,0,848,356,1204
NFulton,SHall,836,141,0,159,358,0,995,499,0,977,517,1494
NFulton,WNewton,82,17,0,18,22,0,100,39,0,99,40,139
NFulton,ENewton,8,0,0,2,5,0,10,5,0,8,7,15
NFulton,NPaulding,118,23,0,28,56,0,146,79,0,141,84,225
NFulton,WPaulding,19,5,0,9,9,0,28,14,0,24,18,42
NFulton,EPaulding,236,40,0,43,105,0,279,145,0,276,148,424
NFulton,NSpalding,6,0,0,0,1,0,6,1,0,6,1,7
NFulton,SSpalding,0,0,0,0,0,0,0,0,0,0,0,0
NFulton,WWalton,191,26,0,34,99,0,225,125,0,217,133,350
NFulton,EWalton,96,16,0,31,36,0,127,52,0,112,67,179
Roswell,NFulton,17552,3399,179,21036,45646,305,38588,49045,484,21130,66987,88117
Roswell,Roswell,27313,5040,197,53793,104004,344,81106,109044,541,32550,158141,190691
Roswell,SandySprings,7326,1294,226,5975,13352,258,13301,14646,484,8846,19585,28431
Roswell,Buckhead,2318,382,279,457,1406,59,2775,1788,338,2979,1922,4901
Roswell,NWAtlanta,315,63,30,51,130,4,366,193,34,408,185,593
Roswell,NEAtlanta,1173,234,279,224,690,120,1397,924,399,1686,1034,2720
Roswell,SWAtlanta,212,43,23,60,158,13,272,201,36,278,231,509
Roswell,CBDAtlanta,772,176,655,104,306,141,876,482,796,1603,551,2154
Roswell,SEAtlanta,197,53,16,34,64,10,231,117,26,266,108,374
Roswell,SFulton,69,9,0,21,31,0,90,40,0,78,52,130
Roswell,Tri-Cities,219,57,22,24,53,6,243,110,28,298,83,381
Roswell,Shannon,70,15,6,13,32,0,83,47,6,91,45,136
Roswell,WCherokee,158,30,0,42,132,0,200,162,0,188,174,362
Roswell,NCherokee,88,21,0,33,92,0,121,113,0,109,125,234
Roswell,ECentCherokee,1892,348,2,939,2670,1,2831,3018,3,2242,3610,5852
Roswell,Woodstock,2330,432,2,1406,3596,4,3736,4028,6,2764,5006,7770
Roswell,Airport,77,15,43,6,9,0,83,24,43,135,15,150
Roswell,NEClayton,119,32,1,22,73,0,141,105,1,152,95,247
Roswell,Riverdale,61,21,2,19,35,0,80,56,2,84,54,138
Roswell,SClayton,54,11,1,9,26,0,63,37,1,66,35,101
Roswell,NWCobb,1261,262,2,453,1094,27,1714,1356,29,1525,1574,3099
Roswell,NECobb,6063,1095,8,6395,15794,12,12458,16889,20,7166,22201,29367
Roswell,SWCobb,209,41,1,57,80,0,266,121,1,251,137,388
Roswell,Marietta,827,153,4,393,846,29,1220,999,33,984,1268,2252
Roswell,Cumberland,1777,307,20,496,1155,17,2273,1462,37,2104,1668,3772
Roswell,SCobb,273,54,2,102,207,2,375,261,4,329,311,640
Roswell,Chamblee,3894,699,115,2305,6340,48,6199,7039,163,4708,8693,13401
Roswell,NWDeKalb,847,153,42,224,568,28,1071,721,70,1042,820,1862
Roswell,NEDeKalb,1012,203,7,453,1052,12,1465,1255,19,1222,1517,2739
Roswell,Atlanta-DeKalb,99,11,5,20,86,1,119,97,6,115,107,222
Roswell,Decatur,100,15,13,20,29,8,120,44,21,128,57,185
Roswell,SWDeKalb,192,44,11,36,87,2,228,131,13,247,125,372
Roswell,SEDeKalb,205,29,6,54,118,2,259,147,8,240,174,414
Roswell,SDeKalb,155,22,3,34,49,1,189,71,4,180,84,264
Roswell,WDouglas,44,5,0,7,24,0,51,29,0,49,31,80
Roswell,EDouglas,78,22,1,20,29,0,98,51,1,101,49,150
Roswell,WFayette,16,5,0,6,19,0,22,24,0,21,25,46
Roswell,EFayette,24,4,0,5,30,0,29,34,0,28,35,63
Roswell,NGwinnett,990,186,0,270,674,2,1260,860,2,1176,946,2122
Roswell,CentGwinnett,2307,431,1,1099,2818,6,3406,3249,7,2739,3923,6662
Roswell,EGwinnett,276,43,0,62,116,0,338,159,0,319,178,497
Roswell,Norcross,5065,939,22,3989,9587,16,9054,10526,38,6026,13592,19618
Roswell,Lilburn,454,76,1,209,569,2,663,645,3,531,780,1311
Roswell,Snellville,282,66,0,80,133,2,362,199,2,348,215,563
Roswell,NHenry,50,16,0,11,19,0,61,35,0,66,30,96
Roswell,EHenry,25,2,0,7,34,0,32,36,0,27,41,68
Roswell,SHenry,34,3,1,9,20,0,43,23,1,38,29,67
Roswell,SRockdale,33,6,0,9,11,0,42,17,0,39,20,59
Roswell,NRockdale,53,8,1,14,75,0,67,83,1,62,89,151
Roswell,NBarrow,67,14,0,15,49,0,82,63,0,81,64,145
Roswell,SBarrow,75,9,0,12,30,0,87,39,0,84,42,126
Roswell,NWBartow,24,6,0,10,13,0,34,19,0,30,23,53
Roswell,NEBartow,26,5,0,22,34,0,48,39,0,31,56,87
Roswell,SWBartow,47,9,0,24,41,0,71,50,0,56,65,121
Roswell,Cartersville,164,32,1,42,154,0,206,186,1,197,196,393
Roswell,NECarroll,18,3,0,0,7,0,18,10,0,21,7,28
Roswell,WCarroll,1,0,0,0,0,0,1,0,0,1,0,1
Roswell,CentralCarroll,0,1,0,0,5,0,0,6,0,1,5,6
Roswell,SECarroll,0,0,0,0,0,0,0,0,0,0,0,0
Roswell,WCoweta,3,1,0,0,0,0,3,1,0,4,0,4
Roswell,NCoweta,9,5,0,6,2,0,15,7,0,14,8,22
Roswell,SCoweta,0,0,0,1,0,0,1,0,0,0,1,1
Roswell,SECoweta,2,0,0,1,1,0,3,1,0,2,2,4
Roswell,NForsyth,603,92,0,137,325,1,740,417,1,695,463,1158
Roswell,Cumming,1955,404,1,530,1706,3,2485,2110,4,2360,2239,4599
Roswell,SForsyth,1965,377,1,982,2896,9,2947,3273,10,2343,3887,6230
Roswell,NHall,64,7,0,19,55,0,83,62,0,71,74,145
Roswell,Gainesville,152,34,0,37,41,0,189,75,0,186,78,264
Roswell,SHall,178,26,0,36,97,0,214,123,0,204,133,337
Roswell,WNewton,41,5,0,16,37,0,57,42,0,46,53,99
Roswell,ENewton,3,0,0,1,0,0,4,0,0,3,1,4
Roswell,NPaulding,100,22,0,19,38,0,119,60,0,122,57,179
Roswell,WPaulding,29,2,0,8,18,0,37,20,0,31,26,57
Roswell,EPaulding,189,39,0,32,73,0,221,112,0,228,105,333
Roswell,NSpalding,6,2,0,2,1,0,8,3,0,8,3,11
Roswell,SSpalding,2,0,0,2,5,0,4,5,0,2,7,9
Roswell,WWalton,74,14,1,18,69,0,92,83,1,89,87,176
Roswell,EWalton,33,3,0,5,17,0,38,20,0,36,22,58
SandySprings,NFulton,7313,1229,311,2814,5997,178,10127,7226,489,8853,8989,17842
SandySprings,Roswell,7779,1289,236,5962,13371,264,13741,14660,500,9304,19597,28901
SandySprings,SandySprings,44794,7244,1356,74599,89690,1444,119393,96934,2800,53394,165733,219127
SandySprings,Buckhead,10622,1617,1010,7519,11917,530,18141,13534,1540,13249,19966,33215
SandySprings,NWAtlanta,1618,277,328,511,821,53,2129,1098,381,2223,1385,3608
SandySprings,NEAtlanta,4679,769,1378,1374,2185,373,6053,2954,1751,6826,3932,10758
SandySprings,SWAtlanta,1378,260,437,237,558,72,1615,818,509,2075,867,2942
SandySprings,CBDAtlanta,2579,463,1994,491,1079,375,3070,1542,2369,5036,1945,6981
SandySprings,SEAtlanta,990,266,407,196,406,75,1186,672,482,1663,677,2340
SandySprings,SFulton,423,66,47,84,110,6,507,176,53,536,200,736
SandySprings,Tri-Cities,795,197,280,86,188,24,881,385,304,1272,298,1570
SandySprings,Shannon,532,118,99,55,149,7,587,267,106,749,211,960
SandySprings,WCherokee,150,18,0,36,142,1,186,160,1,168,179,347
SandySprings,NCherokee,74,15,0,20,21,0,94,36,0,89,41,130
SandySprings,ECentCherokee,1231,189,2,287,751,11,1518,940,13,1422,1049,2471
SandySprings,Woodstock,1845,281,19,363,896,8,2208,1177,27,2145,1267,3412
SandySprings,Airport,257,70,143,14,19,4,271,89,147,470,37,507
SandySprings,NEClayton,533,159,72,68,84,14,601,243,86,764,166,930
SandySprings,Riverdale,386,122,94,40,160,9,426,282,103,602,209,811
SandySprings,SClayton,322,88,29,36,97,5,358,185,34,439,138,577
SandySprings,NWCobb,2666,437,34,472,921,20,3138,1358,54,3137,1413,4550
SandySprings,NECobb,7572,1345,79,5560,12042,70,13132,13387,149,8996,17672,26668
SandySprings,SWCobb,874,139,14,168,338,5,1042,477,19,1027,511,1538
SandySprings,Marietta,1779,284,23,761,1135,28,2540,1419,51,2086,1924,4010
SandySprings,Cumberland,8253,1308,132,5976,7984,125,14229,9292,257,9693,14085,23778
SandySprings,SCobb,1931,330,60,594,1246,16,2525,1576,76,2321,1856,4177
SandySprings,Chamblee,19004,3155,708,24823,34170,487,43827,37325,1195,22867,59480,82347
SandySprings,NWDeKalb,3032,499,235,1111,1952,103,4143,2451,338,3766,3166,6932
SandySprings,NEDeKalb,3791,677,218,1417,2521,68,5208,3198,286,4686,4006,8692
SandySprings,Atlanta-DeKalb,489,84,146,98,117,43,587,201,189,719,258,977
SandySprings,Decatur,483,74,103,118,99,28,601,173,131,660,245,905
SandySprings,SWDeKalb,1087,237,272,149,250,41,1236,487,313,1596,440,2036
SandySprings,SEDeKalb,1193,240,146,164,288,34,1357,528,180,1579,486,2065
SandySprings,SDeKalb,921,210,87,109,157,14,1030,367,101,1218,280,1498
SandySprings,WDouglas,300,59,9,45,146,3,345,205,12,368,194,562
SandySprings,EDouglas,507,86,22,90,173,4,597,259,26,615,267,882
SandySprings,WFayette,91,20,11,23,19,0,114,39,11,122,42,164
SandySprings,EFayette,130,32,8,26,36,0,156,68,8,170,62,232
SandySprings,NGwinnett,1557,243,25,271,370,20,1828,613,45,1825,661,2486
SandySprings,CentGwinnett,3188,521,59,712,1299,60,3900,1820,119,3768,2071,5839
SandySprings,EGwinnett,540,100,3,94,192,4,634,292,7,643,290,933
SandySprings,Norcross,5646,1067,118,3645,6709,112,9291,7776,230,6831,10466,17297
SandySprings,Lilburn,1052,181,18,303,647,24,1355,828,42,1251,974,2225
SandySprings,Snellville,802,130,8,157,267,19,959,397,27,940,443,1383
SandySprings,NHenry,286,76,32,48,101,8,334,177,40,394,157,551
SandySprings,EHenry,153,29,3,27,78,3,180,107,6,185,108,293
SandySprings,SHenry,210,53,8,25,91,2,235,144,10,271,118,389
SandySprings,SRockdale,203,39,7,28,37,4,231,76,11,249,69,318
SandySprings,NRockdale,241,44,14,40,36,10,281,80,24,299,86,385
SandySprings,NBarrow,149,23,0,28,55,0,177,78,0,172,83,255
SandySprings,SBarrow,108,17,0,27,52,0,135,69,0,125,79,204
SandySprings,NWBartow,58,12,0,10,12,0,68,24,0,70,22,92
SandySprings,NEBartow,58,7,0,27,66,0,85,73,0,65,93,158
SandySprings,SWBartow,102,12,0,29,85,0,131,97,0,114,114,228
SandySprings,Cartersville,341,68,4,53,121,0,394,189,4,413,174,587
SandySprings,NECarroll,55,12,1,7,14,0,62,26,1,68,21,89
SandySprings,WCarroll,0,1,0,2,0,0,2,1,0,1,2,3
SandySprings,CentralCarroll,28,6,1,1,15,0,29,21,1,35,16,51
SandySprings,SECarroll,6,1,0,1,17,0,7,18,0,7,18,25
SandySprings,WCoweta,17,5,2,4,4,0,21,9,2,24,8,32
SandySprings,NCoweta,131,24,12,23,47,10,154,71,22,167,80,247
SandySprings,SCoweta,9,1,0,1,1,0,10,2,0,10,2,12
SandySprings,SECoweta,14,3,0,6,13,0,20,16,0,17,19,36
SandySprings,NForsyth,559,77,1,108,225,2,667,302,3,637,335,972
SandySprings,Cumming,1419,259,19,308,730,20,1727,989,39,1697,1058,2755
SandySprings,SForsyth,1244,216,22,322,769,20,1566,985,42,1482,1111,2593
SandySprings,NHall,42,8,0,13,26,0,55,34,0,50,39,89
SandySprings,Gainesville,123,23,0,39,78,0,162,101,0,146,117,263
SandySprings,SHall,260,45,0,48,70,0,308,115,0,305,118,423
SandySprings,WNewton,222,47,13,30,42,1,252,89,14,282,73,355
SandySprings,ENewton,12,0,0,11,15,0,23,15,0,12,26,38
SandySprings,NPaulding,242,49,0,29,44,0,271,93,0,291,73,364
SandySprings,WPaulding,43,7,0,16,20,0,59,27,0,50,36,86
SandySprings,EPaulding,601,106,5,98,228,7,699,334,12,712,333,1045
SandySprings,NSpalding,25,6,1,7,11,0,32,17,1,32,18,50
SandySprings,SSpalding,14,3,0,4,6,0,18,9,0,17,10,27
SandySprings,WWalton,139,27,0,34,64,0,173,91,0,166,98,264
SandySprings,EWalton,56,9,0,20,56,0,76,65,0,65,76,141
Buckhead,NFulton,2508,402,312,361,990,57,2869,1392,369,3222,1408,4630
Buckhead,Roswell,2270,360,272,442,1331,67,2712,1691,339,2902,1840,4742
Buckhead,SandySprings,10778,1621,1034,7553,12183,470,18331,13804,1504,13433,20206,33639
Buckhead,Buckhead,39730,5521,2111,67486,58558,2159,107216,64079,4270,47362,128203,175565
Buckhead,NWAtlanta,4675,766,474,5883,7214,303,10558,7980,777,5915,13400,19315
Buckhead,NEAtlanta,12831,1861,1488,14972,13833,1077,27803,15694,2565,16180,29882,46062
Buckhead,SWAtlanta,2591,483,819,1090,1948,374,3681,2431,1193,3893,3412,7305
Buckhead,CBDAtlanta,5845,918,2405,3132,3472,1091,8977,4390,3496,9168,7695,16863
Buckhead,SEAtlanta,1984,503,607,841,1691,323,2825,2194,930,3094,2855,5949
Buckhead,SFulton,656,125,60,175,425,11,831,550,71,841,611,1452
Buckhead,Tri-Cities,1716,382,559,237,756,114,1953,1138,673,2657,1107,3764
Buckhead,Shannon,971,240,202,118,350,31,1089,590,233,1413,499,1912
Buckhead,WCherokee,130,15,0,26,63,0,156,78,0,145,89,234
Buckhead,NCherokee,36,10,0,14,39,0,50,49,0,46,53,99
Buckhead,ECentCherokee,682,99,3,113,385,2,795,484,5,784,500,1284
Buckhead,Woodstock,1200,213,18,159,369,4,1359,582,22,1431,532,1963
Buckhead,Airport,598,108,363,53,77,22,651,185,385,1069,152,1221
Buckhead,NEClayton,1064,225,96,163,476,29,1227,701,125,1385,668,2053
Buckhead,Riverdale,777,190,147,97,304,13,874,494,160,1114,414,1528
Buckhead,SClayton,563,165,50,82,287,2,645,452,52,778,371,1149
Buckhead,NWCobb,2312,421,38,404,814,29,2716,1235,67,2771,1247,4018
Buckhead,NECobb,2883,490,87,1122,2322,19,4005,2812,106,3460,3463,6923
Buckhead,SWCobb,806,154,18,195,567,7,1001,721,25,978,769,1747
Buckhead,Marietta,1582,289,64,555,998,82,2137,1287,146,1935,1635,3570
Buckhead,Cumberland,8487,1294,254,7392,9033,206,15879,10327,460,10035,16631,26666
Buckhead,SCobb,2670,445,121,1092,2808,121,3762,3253,242,3236,4021,7257
Buckhead,Chamblee,11715,1849,1131,11142,18907,923,22857,20756,2054,14695,30972,45667
Buckhead,NWDeKalb,6182,1049,288,6178,7846,256,12360,8895,544,7519,14280,21799
Buckhead,NEDeKalb,4079,721,366,1608,3135,172,5687,3856,538,5166,4915,10081
Buckhead,Atlanta-DeKalb,971,157,181,619,878,80,1590,1035,261,1309,1577,2886
Buckhead,Decatur,808,122,152,392,603,65,1200,725,217,1082,1060,2142
Buckhead,SWDeKalb,1851,359,434,486,1283,186,2337,1642,620,2644,1955,4599
Buckhead,SEDeKalb,1699,318,333,260,698,74,1959,1016,407,2350,1032,3382
Buckhead,SDeKalb,1560,339,163,286,845,43,1846,1184,206,2062,1174,3236
Buckhead,WDouglas,425,68,18,106,251,2,531,319,20,511,359,870
Buckhead,EDouglas,748,131,53,218,538,10,966,669,63,932,766,1698
Buckhead,WFayette,214,36,11,47,63,0,261,99,11,261,110,371
Buckhead,EFayette,280,70,32,39,83,6,319,153,38,382,128,510
Buckhead,NGwinnett,1074,172,32,135,477,11,1209,649,43,1278,623,1901
Buckhead,CentGwinnett,2273,450,111,386,998,37,2659,1448,148,2834,1421,4255
Buckhead,EGwinnett,423,83,3,68,148,2,491,231,5,509,218,727
Buckhead,Norcross,3314,656,203,869,1922,124,4183,2578,327,4173,2915,7088
Buckhead,Lilburn,968,142,47,222,586,12,1190,728,59,1157,820,1977
Buckhead,Snellville,772,138,26,138,411,9,910,549,35,936,558,1494
Buckhead,NHenry,533,125,41,66,240,6,599,365,47,699,312,1011
Buckhead,EHenry,191,60,10,35,131,0,226,191,10,261,166,427
Buckhead,SHenry,403,92,22,60,253,0,463,345,22,517,313,830
Buckhead,SRockdale,275,57,17,38,94,5,313,151,22,349,137,486
Buckhead,NRockdale,281,53,21,36,107,1,317,160,22,355,144,499
Buckhead,NBarrow,90,26,1,22,65,0,112,91,1,117,87,204
Buckhead,SBarrow,72,17,0,17,28,1,89,45,1,89,46,135
Buckhead,NWBartow,45,3,0,19,21,0,64,24,0,48,40,88
Buckhead,NEBartow,49,10,0,20,43,0,69,53,0,59,63,122
Buckhead,SWBartow,110,15,0,36,116,0,146,131,0,125,152,277
Buckhead,Cartersville,277,54,2,75,116,0,352,170,2,333,191,524
Buckhead,NECarroll,83,16,1,24,87,0,107,103,1,100,111,211
Buckhead,WCarroll,6,0,0,6,27,0,12,27,0,6,33,39
Buckhead,CentralCarroll,56,5,0,17,37,0,73,42,0,61,54,115
Buckhead,SECarroll,18,0,0,6,32,0,24,32,0,18,38,56
Buckhead,WCoweta,33,11,2,14,18,0,47,29,2,46,32,78
Buckhead,NCoweta,284,59,15,47,134,7,331,193,22,358,188,546
Buckhead,SCoweta,21,3,1,7,26,0,28,29,1,25,33,58
Buckhead,SECoweta,27,9,2,9,35,0,36,44,2,38,44,82
Buckhead,NForsyth,156,22,0,50,204,1,206,226,1,178,255,433
Buckhead,Cumming,544,86,15,132,357,12,676,443,27,645,501,1146
Buckhead,SForsyth,398,62,29,72,221,15,470,283,44,489,308,797
Buckhead,NHall,17,3,0,11,24,0,28,27,0,20,35,55
Buckhead,Gainesville,45,11,0,23,30,0,68,41,0,56,53,109
Buckhead,SHall,152,32,4,37,94,0,189,126,4,188,131,319
Buckhead,WNewton,294,76,11,54,108,0,348,184,11,381,162,543
Buckhead,ENewton,23,2,0,6,25,0,29,27,0,25,31,56
Buckhead,NPaulding,174,34,0,35,108,0,209,142,0,208,143,351
Buckhead,WPaulding,61,6,0,16,64,0,77,70,0,67,80,147
Buckhead,EPaulding,550,99,7,98,244,2,648,343,9,656,344,1000
Buckhead,NSpalding,63,13,2,12,32,0,75,45,2,78,44,122
Buckhead,SSpalding,27,12,0,12,21,0,39,33,0,39,33,72
Buckhead,WWalton,139,19,0,40,94,1,179,113,1,158,135,293
Buckhead,EWalton,45,10,0,22,45,1,67,55,1,55,68,123
NWAtlanta,NFulton,407,86,49,53,124,9,460,210,58,542,186,728
NWAtlanta,Roswell,309,77,24,39,180,4,348,257,28,410,223,633
NWAtlanta,SandySprings,1695,309,338,517,728,50,2212,1037,388,2342,1295,3637
NWAtlanta,Buckhead,4570,848,479,5865,7132,287,10435,7980,766,5897,13284,19181
NWAtlanta,NWAtlanta,8360,1869,364,15547,23665,823,23907,25534,1187,10593,40035,50628
NWAtlanta,NEAtlanta,5942,1161,714,8878,11448,944,14820,12609,1658,7817,21270,29087
NWAtlanta,SWAtlanta,3484,807,266,5366,10610,648,8850,11417,914,4557,16624,21181
NWAtlanta,CBDAtlanta,4614,809,1495,5457,7371,1681,10071,8180,3176,6918,14509,21427
NWAtlanta,SEAtlanta,1394,333,159,1382,2565,176,2776,2898,335,1886,4123,6009
NWAtlanta,SFulton,817,137,22,442,742,17,1259,879,39,976,1201,2177
NWAtlanta,Tri-Cities,1352,270,185,644,1358,138,1996,1628,323,1807,2140,3947
NWAtlanta,Shannon,742,142,47,165,363,32,907,505,79,931,560,1491
NWAtlanta,WCherokee,51,6,0,7,60,0,58,66,0,57,67,124
NWAtlanta,NCherokee,9,2,0,4,8,0,13,10,0,11,12,23
NWAtlanta,ECentCherokee,267,50,1,46,84,0,313,134,1,318,130,448
NWAtlanta,Woodstock,414,70,1,47,109,0,461,179,1,485,156,641
NWAtlanta,Airport,522,112,313,88,159,30,610,271,343,947,277,1224
NWAtlanta,NEClayton,670,161,26,180,429,11,850,590,37,857,620,1477
NWAtlanta,Riverdale,485,98,21,102,215,7,587,313,28,604,324,928
NWAtlanta,SClayton,306,82,12,56,128,6,362,210,18,400,190,590
NWAtlanta,NWCobb,890,180,13,136,311,16,1026,491,29,1083,463,1546
NWAtlanta,NECobb,845,156,6,243,547,2,1088,703,8,1007,792,1799
NWAtlanta,SWCobb,730,147,1,177,461,4,907,608,5,878,642,1520
NWAtlanta,Marietta,695,150,19,292,587,21,987,737,40,864,900,1764
NWAtlanta,Cumberland,4283,836,155,4130,5933,102,8413,6769,257,5274,10165,15439
NWAtlanta,SCobb,2853,554,56,2435,5509,65,5288,6063,121,3463,8009,11472
NWAtlanta,Chamblee,1719,350,323,515,902,121,2234,1252,444,2392,1538,3930
NWAtlanta,NWDeKalb,1382,256,163,835,1310,72,2217,1566,235,1801,2217,4018
NWAtlanta,NEDeKalb,1014,219,120,245,361,53,1259,580,173,1353,659,2012
NWAtlanta,Atlanta-DeKalb,425,92,56,315,721,46,740,813,102,573,1082,1655
NWAtlanta,Decatur,299,51,82,122,147,108,421,198,190,432,377,809
NWAtlanta,SWDeKalb,792,182,123,300,606,65,1092,788,188,1097,971,2068
NWAtlanta,SEDeKalb,585,121,77,61,160,19,646,281,96,783,240,1023
NWAtlanta,SDeKalb,710,144,30,222,539,19,932,683,49,884,780,1664
NWAtlanta,WDouglas,554,94,3,96,257,3,650,351,6,651,356,1007
NWAtlanta,EDouglas,1116,186,16,406,918,13,1522,1104,29,1318,1337,2655
NWAtlanta,WFayette,198,26,1,32,44,0,230,70,1,225,76,301
NWAtlanta,EFayette,182,25,3,40,64,2,222,89,5,210,106,316
NWAtlanta,NGwinnett,271,54,0,36,69,4,307,123,4,325,109,434
NWAtlanta,CentGwinnett,537,110,14,66,287,12,603,397,26,661,365,1026
NWAtlanta,EGwinnett,136,29,1,19,66,2,155,95,3,166,87,253
NWAtlanta,Norcross,640,166,41,125,306,18,765,472,59,847,449,1296
NWAtlanta,Lilburn,245,52,4,39,141,5,284,193,9,301,185,486
NWAtlanta,Snellville,250,27,5,32,61,3,282,88,8,282,96,378
NWAtlanta,NHenry,329,66,4,51,114,1,380,180,5,399,166,565
NWAtlanta,EHenry,163,24,0,23,61,0,186,85,0,187,84,271
NWAtlanta,SHenry,315,54,3,41,67,0,356,121,3,372,108,480
NWAtlanta,SRockdale,137,32,3,22,96,2,159,128,5,172,120,292
NWAtlanta,NRockdale,158,29,0,18,48,2,176,77,2,187,68,255
NWAtlanta,NBarrow,31,6,0,4,10,0,35,16,0,37,14,51
NWAtlanta,SBarrow,24,1,0,10,5,0,34,6,0,25,15,40
NWAtlanta,NWBartow,18,2,0,3,4,0,21,6,0,20,7,27
NWAtlanta,NEBartow,17,2,0,9,20,0,26,22,0,19,29,48
NWAtlanta,SWBartow,41,7,0,8,49,0,49,56,0,48,57,105
NWAtlanta,Cartersville,131,29,0,15,35,0,146,64,0,160,50,210
NWAtlanta,NECarroll,172,23,0,27,16,0,199,39,0,195,43,238
NWAtlanta,WCarroll,17,3,0,3,17,0,20,20,0,20,20,40
NWAtlanta,CentralCarroll,98,17,0,22,29,0,120,46,0,115,51,166
NWAtlanta,SECarroll,9,2,0,8,18,0,17,20,0,11,26,37
NWAtlanta,WCoweta,46,11,1,12,24,0,58,35,1,58,36,94
NWAtlanta,NCoweta,315,45,5,38,106,1,353,151,6,365,145,510
NWAtlanta,SCoweta,24,7,0,6,8,1,30,15,1,31,15,46
NWAtlanta,SECoweta,26,2,0,8,16,0,34,18,0,28,24,52
NWAtlanta,NForsyth,33,2,0,7,15,0,40,17,0,35,22,57
NWAtlanta,Cumming,79,14,0,16,57,4,95,71,4,93,77,170
NWAtlanta,SForsyth,77,15,2,23,41,0,100,56,2,94,64,158
NWAtlanta,NHall,4,2,0,1,1,0,5,3,0,6,2,8
NWAtlanta,Gainesville,12,6,0,7,16,0,19,22,0,18,23,41
NWAtlanta,SHall,67,8,0,5,13,1,72,21,1,75,19,94
NWAtlanta,WNewton,177,32,2,26,46,2,203,78,4,211,74,285
NWAtlanta,ENewton,17,4,0,3,10,0,20,14,0,21,13,34
NWAtlanta,NPaulding,121,27,0,13,39,0,134,66,0,148,52,200
NWAtlanta,WPaulding,76,8,0,5,26,0,81,34,0,84,31,115
NWAtlanta,EPaulding,550,119,2,86,250,1,636,369,3,671,337,1008
NWAtlanta,NSpalding,56,10,0,13,13,0,69,23,0,66,26,92
NWAtlanta,SSpalding,29,3,0,9,6,0,38,9,0,32,15,47
NWAtlanta,WWalton,46,10,0,14,21,0,60,31,0,56,35,91
NWAtlanta,EWalton,10,6,0,6,5,0,16,11,0,16,11,27
NEAtlanta,NFulton,1408,226,283,207,714,87,1615,940,370,1917,1008,2925
NEAtlanta,Roswell,1137,206,267,212,530,114,1349,736,381,1610,856,2466
NEAtlanta,SandySprings,4693,724,1314,1351,2061,395,6044,2785,1709,6731,3807,10538
NEAtlanta,Buckhead,13158,1861,1508,15054,14026,1178,28212,15887,2686,16527,30258,46785
NEAtlanta,NWAtlanta,6400,1197,762,9034,11650,856,15434,12847,1618,8359,21540,29899
NEAtlanta,NEAtlanta,35005,4955,3295,59032,45297,4966,94037,50252,8261,43255,109295,152550
NEAtlanta,SWAtlanta,4714,923,1141,3332,6326,957,8046,7249,2098,6778,10615,17393
NEAtlanta,CBDAtlanta,16845,2607,3369,22739,17726,2929,39584,20333,6298,22821,43394,66215
NEAtlanta,SEAtlanta,4521,986,794,4919,8689,763,9440,9675,1557,6301,14371,20672
NEAtlanta,SFulton,1020,210,117,382,744,74,1402,954,191,1347,1200,2547
NEAtlanta,Tri-Cities,3176,617,919,1121,2026,461,4297,2643,1380,4712,3608,8320
NEAtlanta,Shannon,1785,392,447,375,892,173,2160,1284,620,2624,1440,4064
NEAtlanta,WCherokee,68,10,1,22,65,1,90,75,2,79,88,167
NEAtlanta,NCherokee,15,4,0,9,20,1,24,24,1,19,30,49
NEAtlanta,ECentCherokee,354,75,9,103,213,10,457,288,19,438,326,764
NEAtlanta,Woodstock,761,172,36,126,282,8,887,454,44,969,416,1385
NEAtlanta,Airport,1164,217,634,286,426,87,1450,643,721,2015,799,2814
NEAtlanta,NEClayton,2141,494,172,797,1960,110,2938,2454,282,2807,2867,5674
NEAtlanta,Riverdale,1606,353,284,355,846,166,1961,1199,450,2243,1367,3610
NEAtlanta,SClayton,976,231,70,259,604,39,1235,835,109,1277,902,2179
NEAtlanta,NWCobb,1634,347,87,248,554,31,1882,901,118,2068,833,2901
NEAtlanta,NECobb,1665,327,92,417,913,33,2082,1240,125,2084,1363,3447
NEAtlanta,SWCobb,624,136,15,213,536,36,837,672,51,775,785,1560
NEAtlanta,Marietta,1027,227,80,231,379,52,1258,606,132,1334,662,1996
NEAtlanta,Cumberland,4901,889,474,2045,2834,176,6946,3723,650,6264,5055,11319
NEAtlanta,SCobb,2592,461,214,944,2314,124,3536,2775,338,3267,3382,6649
NEAtlanta,Chamblee,6285,1050,1604,3198,5730,833,9483,6780,2437,8939,9761,18700
NEAtlanta,NWDeKalb,7969,1257,555,9234,10231,520,17203,11488,1075,9781,19985,29766
NEAtlanta,NEDeKalb,4387,773,724,1686,3460,369,6073,4233,1093,5884,5515,11399
NEAtlanta,Atlanta-DeKalb,2800,403,299,4388,6162,278,7188,6565,577,3502,10828,14330
NEAtlanta,Decatur,1520,211,292,1285,1856,179,2805,2067,471,2023,3320,5343
NEAtlanta,SWDeKalb,3248,681,631,2058,4438,373,5306,5119,1004,4560,6869,11429
NEAtlanta,SEDeKalb,2615,477,544,620,1452,245,3235,1929,789,3636,2317,5953
NEAtlanta,SDeKalb,2862,608,236,1227,2884,135,4089,3492,371,3706,4246,7952
NEAtlanta,WDouglas,553,99,35,155,384,19,708,483,54,687,558,1245
NEAtlanta,EDouglas,965,175,76,299,723,50,1264,898,126,1216,1072,2288
NEAtlanta,WFayette,305,67,22,112,153,11,417,220,33,394,276,670
NEAtlanta,EFayette,455,94,35,162,320,25,617,414,60,584,507,1091
NEAtlanta,NGwinnett,805,130,44,210,500,28,1015,630,72,979,738,1717
NEAtlanta,CentGwinnett,1818,363,132,420,1127,96,2238,1490,228,2313,1643,3956
NEAtlanta,EGwinnett,353,66,11,113,230,17,466,296,28,430,360,790
NEAtlanta,Norcross,2427,475,337,680,1891,298,3107,2366,635,3239,2869,6108
NEAtlanta,Lilburn,856,170,83,339,806,65,1195,976,148,1109,1210,2319
NEAtlanta,Snellville,837,140,49,344,605,80,1181,745,129,1026,1029,2055
NEAtlanta,NHenry,985,220,71,292,560,33,1277,780,104,1276,885,2161
NEAtlanta,EHenry,339,76,11,82,218,8,421,294,19,426,308,734
NEAtlanta,SHenry,743,151,38,172,316,22,915,467,60,932,510,1442
NEAtlanta,SRockdale,437,96,24,110,249,11,547,345,35,557,370,927
NEAtlanta,NRockdale,462,71,26,108,245,17,570,316,43,559,370,929
NEAtlanta,NBarrow,63,15,1,28,110,1,91,125,2,79,139,218
NEAtlanta,SBarrow,56,7,0,20,101,1,76,108,1,63,122,185
NEAtlanta,NWBartow,27,6,1,8,17,0,35,23,1,34,25,59
NEAtlanta,NEBartow,22,7,0,18,72,0,40,79,0,29,90,119
NEAtlanta,SWBartow,43,15,0,23,170,1,66,185,1,58,194,252
NEAtlanta,Cartersville,145,26,5,33,142,2,178,168,7,176,177,353
NEAtlanta,NECarroll,108,19,3,32,106,2,140,125,5,130,140,270
NEAtlanta,WCarroll,4,5,0,8,14,0,12,19,0,9,22,31
NEAtlanta,CentralCarroll,68,9,0,30,33,0,98,42,0,77,63,140
NEAtlanta,SECarroll,12,4,0,6,10,0,18,14,0,16,16,32
NEAtlanta,WCoweta,76,14,2,19,36,1,95,50,3,92,56,148
NEAtlanta,NCoweta,472,75,52,128,289,25,600,364,77,599,442,1041
NEAtlanta,SCoweta,30,4,0,16,39,0,46,43,0,34,55,89
NEAtlanta,SECoweta,56,16,3,24,83,1,80,99,4,75,108,183
NEAtlanta,NForsyth,65,8,2,35,159,1,100,167,3,75,195,270
NEAtlanta,Cumming,238,37,10,93,440,40,331,477,50,285,573,858
NEAtlanta,SForsyth,197,34,22,91,185,21,288,219,43,253,297,550
NEAtlanta,NHall,5,4,0,8,25,0,13,29,0,9,33,42
NEAtlanta,Gainesville,26,3,0,30,36,0,56,39,0,29,66,95
NEAtlanta,SHall,114,28,1,39,121,5,153,149,6,143,165,308
NEAtlanta,WNewton,525,74,15,117,251,6,642,325,21,614,374,988
NEAtlanta,ENewton,40,10,0,18,75,0,58,85,0,50,93,143
NEAtlanta,NPaulding,142,26,2,47,94,0,189,120,2,170,141,311
NEAtlanta,WPaulding,53,3,0,21,44,0,74,47,0,56,65,121
NEAtlanta,EPaulding,508,101,15,148,330,10,656,431,25,624,488,1112
NEAtlanta,NSpalding,109,14,4,21,47,1,130,61,5,127,69,196
NEAtlanta,SSpalding,62,6,0,20,18,0,82,24,0,68,38,106
NEAtlanta,WWalton,142,21,4,48,212,4,190,233,8,167,264,431
NEAtlanta,EWalton,40,5,0,26,60,0,66,65,0,45,86,131
SWAtlanta,NFulton,259,56,68,65,122,13,324,178,81,383,200,583
SWAtlanta,Roswell,195,38,25,58,104,11,253,142,36,258,173,431
SWAtlanta,SandySprings,1411,271,464,246,569,88,1657,840,552,2146,903,3049
SWAtlanta,Buckhead,2521,532,811,1035,2078,333,3556,2610,1144,3864,3446,7310
SWAtlanta,NWAtlanta,3306,749,274,5318,10811,605,8624,11560,879,4329,16734,21063
SWAtlanta,NEAtlanta,4447,871,1093,3207,5533,1008,7654,6404,2101,6411,9748,16159
SWAtlanta,SWAtlanta,10501,2318,684,26464,53178,2471,36965,55496,3155,13503,82113,95616
SWAtlanta,CBDAtlanta,5791,1093,2501,5252,8195,2604,11043,9288,5105,9385,16051,25436
SWAtlanta,SEAtlanta,2700,655,245,4323,9299,583,7023,9954,828,3600,14205,17805
SWAtlanta,SFulton,2800,572,34,3534,7950,56,6334,8522,90,3406,11540,14946
SWAtlanta,Tri-Cities,4053,964,249,6822,14798,538,10875,15762,787,5266,22158,27424
SWAtlanta,Shannon,1730,336,75,1218,3373,105,2948,3709,180,2141,4696,6837
SWAtlanta,WCherokee,23,2,0,7,19,0,30,21,0,25,26,51
SWAtlanta,NCherokee,8,3,0,1,12,0,9,15,0,11,13,24
SWAtlanta,ECentCherokee,88,15,0,33,116,0,121,131,0,103,149,252
SWAtlanta,Woodstock,220,50,2,38,67,1,258,117,3,272,106,378
SWAtlanta,Airport,1535,290,475,669,898,85,2204,1188,560,2300,1652,3952
SWAtlanta,NEClayton,1052,216,41,613,1045,40,1665,1261,81,1309,1698,3007
SWAtlanta,Riverdale,850,148,26,363,967,40,1213,1115,66,1024,1370,2394
SWAtlanta,SClayton,409,85,11,160,256,6,569,341,17,505,422,927
SWAtlanta,NWCobb,502,107,10,112,197,15,614,304,25,619,324,943
SWAtlanta,NECobb,453,86,9,148,360,5,601,446,14,548,513,1061
SWAtlanta,SWCobb,729,126,9,320,609,13,1049,735,22,864,942,1806
SWAtlanta,Marietta,507,99,22,245,424,25,752,523,47,628,694,1322
SWAtlanta,Cumberland,2840,542,190,1294,2649,94,4134,3191,284,3572,4037,7609
SWAtlanta,SCobb,3325,621,82,3496,7526,103,6821,8147,185,4028,11125,15153
SWAtlanta,Chamblee,1363,313,454,242,536,98,1605,849,552,2130,876,3006
SWAtlanta,NWDeKalb,1477,300,238,555,851,127,2032,1151,365,2015,1533,3548
SWAtlanta,NEDeKalb,913,207,172,253,362,105,1166,569,277,1292,720,2012
SWAtlanta,Atlanta-DeKalb,572,93,78,416,972,108,988,1065,186,743,1496,2239
SWAtlanta,Decatur,414,64,118,168,238,103,582,302,221,596,509,1105
SWAtlanta,SWDeKalb,968,207,152,515,902,122,1483,1109,274,1327,1539,2866
SWAtlanta,SEDeKalb,652,137,92,171,397,45,823,534,137,881,613,1494
SWAtlanta,SDeKalb,950,197,38,430,1024,51,1380,1221,89,1185,1505,2690
SWAtlanta,WDouglas,862,163,5,285,709,4,1147,872,9,1030,998,2028
SWAtlanta,EDouglas,1916,362,24,1199,2922,30,3115,3284,54,2302,4151,6453
SWAtlanta,WFayette,324,37,3,113,249,1,437,286,4,364,363,727
SWAtlanta,EFayette,311,69,2,148,327,7,459,396,9,382,482,864
SWAtlanta,NGwinnett,88,26,1,53,108,6,141,134,7,115,167,282
SWAtlanta,CentGwinnett,277,66,18,103,184,22,380,250,40,361,309,670
SWAtlanta,EGwinnett,47,17,2,19,34,3,66,51,5,66,56,122
SWAtlanta,Norcross,435,132,37,97,205,24,532,337,61,604,326,930
SWAtlanta,Lilburn,157,35,6,60,93,11,217,128,17,198,164,362
SWAtlanta,Snellville,162,39,2,74,119,17,236,158,19,203,210,413
SWAtlanta,NHenry,336,64,5,144,223,12,480,287,17,405,379,784
SWAtlanta,EHenry,144,29,1,50,58,2,194,87,3,174,110,284
SWAtlanta,SHenry,293,51,1,87,174,6,380,225,7,345,267,612
SWAtlanta,SRockdale,133,30,4,49,68,4,182,98,8,167,121,288
SWAtlanta,NRockdale,113,25,2,47,107,5,160,132,7,140,159,299
SWAtlanta,NBarrow,6,2,0,5,7,0,11,9,0,8,12,20
SWAtlanta,SBarrow,6,2,0,4,17,0,10,19,0,8,21,29
SWAtlanta,NWBartow,4,1,0,2,3,0,6,4,0,5,5,10
SWAtlanta,NEBartow,8,1,0,3,12,0,11,13,0,9,15,24
SWAtlanta,SWBartow,14,0,0,3,41,0,17,41,0,14,44,58
SWAtlanta,Cartersville,56,5,1,19,61,0,75,66,1,62,80,142
SWAtlanta,NECarroll,181,29,0,43,59,0,224,88,0,210,102,312
SWAtlanta,WCarroll,15,2,0,11,5,0,26,7,0,17,16,33
SWAtlanta,CentralCarroll,113,21,1,29,44,0,142,65,1,135,73,208
SWAtlanta,SECarroll,25,4,0,11,8,0,36,12,0,29,19,48
SWAtlanta,WCoweta,129,16,1,22,58,0,151,74,1,146,80,226
SWAtlanta,NCoweta,525,84,5,123,306,2,648,390,7,614,431,1045
SWAtlanta,SCoweta,35,5,0,10,20,0,45,25,0,40,30,70
SWAtlanta,SECoweta,60,8,0,19,35,0,79,43,0,68,54,122
SWAtlanta,NForsyth,13,3,0,8,27,0,21,30,0,16,35,51
SWAtlanta,Cumming,47,3,2,20,95,8,67,98,10,52,123,175
SWAtlanta,SForsyth,37,6,1,23,59,5,60,65,6,44,87,131
SWAtlanta,NHall,1,0,0,0,9,0,1,9,0,1,9,10
SWAtlanta,Gainesville,5,4,0,3,7,0,8,11,0,9,10,19
SWAtlanta,SHall,10,2,0,4,23,0,14,25,0,12,27,39
SWAtlanta,WNewton,144,27,3,23,50,1,167,77,4,174,74,248
SWAtlanta,ENewton,10,3,0,6,27,0,16,30,0,13,33,46
SWAtlanta,NPaulding,85,12,1,30,40,1,115,52,2,98,71,169
SWAtlanta,WPaulding,74,12,0,21,24,0,95,36,0,86,45,131
SWAtlanta,EPaulding,642,120,2,134,376,3,776,496,5,764,513,1277
SWAtlanta,NSpalding,50,6,0,21,11,0,71,17,0,56,32,88
SWAtlanta,SSpalding,35,4,0,8,13,0,43,17,0,39,21,60
SWAtlanta,WWalton,30,5,2,16,60,2,46,65,4,37,78,115
SWAtlanta,EWalton,13,0,0,5,7,0,18,7,0,13,12,25
CBDAtlanta,NFulton,739,162,496,109,379,70,848,541,566,1397,558,1955
CBDAtlanta,Roswell,696,132,644,103,293,138,799,425,782,1472,534,2006
CBDAtlanta,SandySprings,2364,423,1859,487,1084,355,2851,1507,2214,4646,1926,6572
CBDAtlanta,Buckhead,5375,887,2360,3035,3599,1098,8410,4486,3458,8622,7732,16354
CBDAtlanta,NWAtlanta,4697,891,1536,5516,7507,1742,10213,8398,3278,7124,14765,21889
CBDAtlanta,NEAtlanta,16314,2432,3464,22067,17293,3008,38381,19725,6472,22210,42368,64578
CBDAtlanta,SWAtlanta,6249,1195,2614,5303,8650,2496,11552,9845,5110,10058,16449,26507
CBDAtlanta,CBDAtlanta,21146,3502,4298,34929,22904,5587,56075,26406,9885,28946,63420,92366
CBDAtlanta,SEAtlanta,6459,1270,1961,7621,13016,2908,14080,14286,4869,9690,23545,33235
CBDAtlanta,SFulton,1151,201,384,425,886,147,1576,1087,531,1736,1458,3194
CBDAtlanta,Tri-Cities,3215,686,1993,1317,2973,1313,4532,3659,3306,5894,5603,11497
CBDAtlanta,Shannon,2258,487,1513,469,1426,508,2727,1913,2021,4258,2403,6661
CBDAtlanta,WCherokee,35,6,0,28,82,0,63,88,0,41,110,151
CBDAtlanta,NCherokee,14,4,2,5,45,1,19,49,3,20,51,71
CBDAtlanta,ECentCherokee,239,50,29,55,135,9,294,185,38,318,199,517
CBDAtlanta,Woodstock,518,122,96,74,207,18,592,329,114,736,299,1035
CBDAtlanta,Airport,883,197,491,366,443,232,1249,640,723,1571,1041,2612
CBDAtlanta,NEClayton,2453,554,599,848,2381,285,3301,2935,884,3606,3514,7120
CBDAtlanta,Riverdale,1939,484,1040,453,1234,316,2392,1718,1356,3463,2003,5466
CBDAtlanta,SClayton,1316,295,327,253,739,135,1569,1034,462,1938,1127,3065
CBDAtlanta,NWCobb,1158,270,286,101,332,15,1259,602,301,1714,448,2162
CBDAtlanta,NECobb,1293,290,345,213,633,49,1506,923,394,1928,895,2823
CBDAtlanta,SWCobb,726,112,151,193,313,44,919,425,195,989,550,1539
CBDAtlanta,Marietta,643,132,143,119,262,46,762,394,189,918,427,1345
CBDAtlanta,Cumberland,3073,599,744,1066,1498,284,4139,2097,1028,4416,2848,7264
CBDAtlanta,SCobb,2756,443,747,798,1942,301,3554,2385,1048,3946,3041,6987
CBDAtlanta,Chamblee,3064,693,3027,761,2113,1017,3825,2806,4044,6784,3891,10675
CBDAtlanta,NWDeKalb,3496,607,1057,2059,2723,514,5555,3330,1571,5160,5296,10456
CBDAtlanta,NEDeKalb,3147,566,2156,691,1408,675,3838,1974,2831,5869,2774,8643
CBDAtlanta,Atlanta-DeKalb,2242,397,705,2036,3146,529,4278,3543,1234,3344,5711,9055
CBDAtlanta,Decatur,1156,163,605,483,885,229,1639,1048,834,1924,1597,3521
CBDAtlanta,SWDeKalb,3682,725,1809,1509,4022,1003,5191,4747,2812,6216,6534,12750
CBDAtlanta,SEDeKalb,2699,518,2028,448,1141,510,3147,1659,2538,5245,2099,7344
CBDAtlanta,SDeKalb,3923,780,1041,1121,2765,464,5044,3545,1505,5744,4350,10094
CBDAtlanta,WDouglas,711,103,178,157,407,37,868,510,215,992,601,1593
CBDAtlanta,EDouglas,1380,246,364,351,997,118,1731,1243,482,1990,1466,3456
CBDAtlanta,WFayette,285,64,64,75,167,17,360,231,81,413,259,672
CBDAtlanta,EFayette,520,123,137,158,369,51,678,492,188,780,578,1358
CBDAtlanta,NGwinnett,550,131,126,105,342,32,655,473,158,807,479,1286
CBDAtlanta,CentGwinnett,1236,299,465,212,476,97,1448,775,562,2000,785,2785
CBDAtlanta,EGwinnett,251,68,44,62,121,24,313,189,68,363,207,570
CBDAtlanta,Norcross,1345,333,842,274,680,236,1619,1013,1078,2520,1190,3710
CBDAtlanta,Lilburn,718,124,321,164,401,95,882,525,416,1163,660,1823
CBDAtlanta,Snellville,760,122,258,183,377,85,943,499,343,1140,645,1785
CBDAtlanta,NHenry,1244,215,253,287,580,74,1531,795,327,1712,941,2653
CBDAtlanta,EHenry,350,75,49,73,205,13,423,280,62,474,291,765
CBDAtlanta,SHenry,886,173,145,167,324,27,1053,497,172,1204,518,1722
CBDAtlanta,SRockdale,513,88,95,92,230,22,605,318,117,696,344,1040
CBDAtlanta,NRockdale,483,103,116,91,194,27,574,297,143,702,312,1014
CBDAtlanta,NBarrow,35,11,2,10,42,2,45,53,4,48,54,102
CBDAtlanta,SBarrow,27,7,0,16,45,1,43,52,1,34,62,96
CBDAtlanta,NWBartow,12,5,0,9,9,0,21,14,0,17,18,35
CBDAtlanta,NEBartow,17,8,0,7,40,0,24,48,0,25,47,72
CBDAtlanta,SWBartow,31,7,0,13,108,0,44,115,0,38,121,159
CBDAtlanta,Cartersville,103,18,12,38,162,1,141,180,13,133,201,334
CBDAtlanta,NECarroll,113,27,5,34,56,0,147,83,5,145,90,235
CBDAtlanta,WCarroll,9,1,0,8,10,0,17,11,0,10,18,28
CBDAtlanta,CentralCarroll,76,8,2,29,24,0,105,32,2,86,53,139
CBDAtlanta,SECarroll,9,2,0,6,13,0,15,15,0,11,19,30
CBDAtlanta,WCoweta,81,17,10,22,60,3,103,77,13,108,85,193
CBDAtlanta,NCoweta,504,98,177,96,210,38,600,308,215,779,344,1123
CBDAtlanta,SCoweta,18,6,5,15,49,0,33,55,5,29,64,93
CBDAtlanta,SECoweta,68,13,9,28,67,0,96,80,9,90,95,185
CBDAtlanta,NForsyth,45,9,7,29,108,2,74,117,9,61,139,200
CBDAtlanta,Cumming,149,20,54,70,278,30,219,298,84,223,378,601
CBDAtlanta,SForsyth,144,31,55,30,163,53,174,194,108,230,246,476
CBDAtlanta,NHall,0,1,0,6,11,0,6,12,0,1,17,18
CBDAtlanta,Gainesville,15,0,0,4,27,0,19,27,0,15,31,46
CBDAtlanta,SHall,72,19,15,30,71,4,102,90,19,106,105,211
CBDAtlanta,WNewton,492,94,88,99,168,18,591,262,106,674,285,959
CBDAtlanta,ENewton,46,6,4,13,47,4,59,53,8,56,64,120
CBDAtlanta,NPaulding,80,17,5,27,59,0,107,76,5,102,86,188
CBDAtlanta,WPaulding,40,6,2,16,66,0,56,72,2,48,82,130
CBDAtlanta,EPaulding,683,105,96,113,273,20,796,378,116,884,406,1290
CBDAtlanta,NSpalding,135,20,10,20,31,2,155,51,12,165,53,218
CBDAtlanta,SSpalding,42,6,2,20,21,0,62,27,2,50,41,91
CBDAtlanta,WWalton,104,15,7,29,139,5,133,154,12,126,173,299
CBDAtlanta,EWalton,35,1,1,21,59,0,56,60,1,37,80,117
SEAtlanta,NFulton,269,86,44,45,112,17,314,198,61,399,174,573
SEAtlanta,Roswell,182,54,19,33,92,10,215,146,29,255,135,390
SEAtlanta,SandySprings,1011,282,435,183,318,74,1194,600,509,1728,575,2303
SEAtlanta,Buckhead,2000,531,613,845,1639,299,2845,2170,912,3144,2783,5927
SEAtlanta,NWAtlanta,1403,292,165,1380,2402,194,2783,2694,359,1860,3976,5836
SEAtlanta,NEAtlanta,4177,939,791,4863,8210,807,9040,9149,1598,5907,13880,19787
SEAtlanta,SWAtlanta,2800,641,262,4218,9368,519,7018,10009,781,3703,14105,17808
SEAtlanta,CBDAtlanta,5772,1122,1794,7739,13107,3001,13511,14229,4795,8688,23847,32535
SEAtlanta,SEAtlanta,7050,1826,401,16018,35781,1163,23068,37607,1564,9277,52962,62239
SEAtlanta,SFulton,687,148,9,423,994,19,1110,1142,28,844,1436,2280
SEAtlanta,Tri-Cities,3976,965,262,6332,12126,457,10308,13091,719,5203,18915,24118
SEAtlanta,Shannon,1352,260,51,726,1545,99,2078,1805,150,1663,2370,4033
SEAtlanta,WCherokee,8,4,0,2,15,0,10,19,0,12,17,29
SEAtlanta,NCherokee,2,0,0,0,2,0,2,2,0,2,2,4
SEAtlanta,ECentCherokee,61,16,0,20,33,0,81,49,0,77,53,130
SEAtlanta,Woodstock,116,33,2,24,64,1,140,97,3,151,89,240
SEAtlanta,Airport,1508,302,334,1079,1389,94,2587,1691,428,2144,2562,4706
SEAtlanta,NEClayton,3034,687,52,3346,8007,127,6380,8694,179,3773,11480,15253
SEAtlanta,Riverdale,1266,251,31,722,2005,65,1988,2256,96,1548,2792,4340
SEAtlanta,SClayton,981,201,19,388,995,20,1369,1196,39,1201,1403,2604
SEAtlanta,NWCobb,284,79,9,63,132,8,347,211,17,372,203,575
SEAtlanta,NECobb,276,78,5,71,134,4,347,212,9,359,209,568
SEAtlanta,SWCobb,212,40,1,69,109,5,281,149,6,253,183,436
SEAtlanta,Marietta,212,62,16,55,106,14,267,168,30,290,175,465
SEAtlanta,Cumberland,1090,323,158,333,545,54,1423,868,212,1571,932,2503
SEAtlanta,SCobb,780,130,29,374,861,19,1154,991,48,939,1254,2193
SEAtlanta,Chamblee,1134,352,355,288,674,89,1422,1026,444,1841,1051,2892
SEAtlanta,NWDeKalb,1499,352,164,1038,1844,97,2537,2196,261,2015,2979,4994
SEAtlanta,NEDeKalb,994,213,121,337,481,79,1331,694,200,1328,897,2225
SEAtlanta,Atlanta-DeKalb,944,203,62,1807,3443,168,2751,3646,230,1209,5418,6627
SEAtlanta,Decatur,391,75,76,289,635,83,680,710,159,542,1007,1549
SEAtlanta,SWDeKalb,1827,394,124,2019,4712,198,3846,5106,322,2345,6929,9274
SEAtlanta,SEDeKalb,904,172,52,272,560,50,1176,732,102,1128,882,2010
SEAtlanta,SDeKalb,1978,414,30,1531,3772,50,3509,4186,80,2422,5353,7775
SEAtlanta,WDouglas,283,47,2,101,221,3,384,268,5,332,325,657
SEAtlanta,EDouglas,478,97,6,173,505,7,651,602,13,581,685,1266
SEAtlanta,WFayette,295,59,0,92,141,7,387,200,7,354,240,594
SEAtlanta,EFayette,488,77,1,202,401,8,690,478,9,566,611,1177
SEAtlanta,NGwinnett,108,42,5,57,96,1,165,138,6,155,154,309
SEAtlanta,CentGwinnett,287,91,11,79,183,12,366,274,23,389,274,663
SEAtlanta,EGwinnett,66,20,1,23,21,1,89,41,2,87,45,132
SEAtlanta,Norcross,378,126,36,104,218,21,482,344,57,540,343,883
SEAtlanta,Lilburn,185,31,8,58,148,4,243,179,12,224,210,434
SEAtlanta,Snellville,211,40,4,72,157,6,283,197,10,255,235,490
SEAtlanta,NHenry,884,165,6,353,851,11,1237,1016,17,1055,1215,2270
SEAtlanta,EHenry,337,65,2,76,204,3,413,269,5,404,283,687
SEAtlanta,SHenry,694,110,0,164,263,6,858,373,6,804,433,1237
SEAtlanta,SRockdale,206,46,2,60,155,6,266,201,8,254,221,475
SEAtlanta,NRockdale,206,31,1,52,78,2,258,109,3,238,132,370
SEAtlanta,NBarrow,6,5,0,5,14,0,11,19,0,11,19,30
SEAtlanta,SBarrow,6,3,0,4,10,1,10,13,1,9,15,24
SEAtlanta,NWBartow,4,0,0,1,6,0,5,6,0,4,7,11
SEAtlanta,NEBartow,2,0,0,3,11,0,5,11,0,2,14,16
SEAtlanta,SWBartow,6,3,0,7,20,0,13,23,0,9,27,36
SEAtlanta,Cartersville,28,4,0,15,33,0,43,37,0,32,48,80
SEAtlanta,NECarroll,53,12,0,17,37,0,70,49,0,65,54,119
SEAtlanta,WCarroll,4,1,0,5,6,0,9,7,0,5,11,16
SEAtlanta,CentralCarroll,44,8,0,21,16,0,65,24,0,52,37,89
SEAtlanta,SECarroll,8,1,0,3,8,0,11,9,0,9,11,20
SEAtlanta,WCoweta,81,12,1,15,58,0,96,70,1,94,73,167
SEAtlanta,NCoweta,410,82,5,113,240,5,523,322,10,497,358,855
SEAtlanta,SCoweta,30,6,0,11,29,0,41,35,0,36,40,76
SEAtlanta,SECoweta,60,11,0,20,48,0,80,59,0,71,68,139
SEAtlanta,NForsyth,6,1,1,6,28,0,12,29,1,8,34,42
SEAtlanta,Cumming,41,13,0,27,102,4,68,115,4,54,133,187
SEAtlanta,SForsyth,28,10,1,23,23,4,51,33,5,39,50,89
SEAtlanta,NHall,4,0,0,1,4,0,5,4,0,4,5,9
SEAtlanta,Gainesville,1,2,0,3,3,0,4,5,0,3,6,9
SEAtlanta,SHall,27,4,0,7,12,0,34,16,0,31,19,50
SEAtlanta,WNewton,264,43,1,52,140,6,316,183,7,308,198,506
SEAtlanta,ENewton,22,7,0,8,15,0,30,22,0,29,23,52
SEAtlanta,NPaulding,25,8,0,14,25,0,39,33,0,33,39,72
SEAtlanta,WPaulding,26,7,0,8,30,0,34,37,0,33,38,71
SEAtlanta,EPaulding,203,31,2,71,151,0,274,182,2,236,222,458
SEAtlanta,NSpalding,102,21,1,23,30,0,125,51,1,124,53,177
SEAtlanta,SSpalding,59,13,0,15,19,0,74,32,0,72,34,106
SEAtlanta,WWalton,60,9,0,14,31,0,74,40,0,69,45,114
SEAtlanta,EWalton,19,1,0,7,28,0,26,29,0,20,35,55
SFulton,NFulton,109,16,5,22,21,4,131,37,9,130,47,177
SFulton,Roswell,76,12,0,15,22,0,91,34,0,88,37,125
SFulton,SandySprings,470,71,47,83,170,6,553,241,53,588,259,847
SFulton,Buckhead,699,115,60,170,517,10,869,632,70,874,697,1571
SFulton,NWAtlanta,768,142,20,400,735,12,1168,877,32,930,1147,2077
SFulton,NEAtlanta,1079,192,121,364,766,78,1443,958,199,1392,1208,2600
SFulton,SWAtlanta,2615,489,30,3476,7872,52,6091,8361,82,3134,11400,14534
SFulton,CBDAtlanta,1215,247,388,438,1010,156,1653,1257,544,1850,1604,3454
SFulton,SEAtlanta,697,139,14,428,914,16,1125,1053,30,850,1358,2208
SFulton,SFulton,6625,1258,11,12568,27498,7,19193,28756,18,7894,40073,47967
SFulton,Tri-Cities,1834,344,27,1600,4064,22,3434,4408,49,2205,5686,7891
SFulton,Shannon,2568,540,19,3039,9161,45,5607,9701,64,3127,12245,15372
SFulton,WCherokee,4,0,0,1,1,0,5,1,0,4,2,6
SFulton,NCherokee,2,0,0,0,0,0,2,0,0,2,0,2
SFulton,ECentCherokee,26,6,0,5,42,0,31,48,0,32,47,79
SFulton,Woodstock,84,16,0,12,37,0,96,53,0,100,49,149
SFulton,Airport,848,156,31,261,612,6,1109,768,37,1035,879,1914
SFulton,NEClayton,599,115,3,198,405,1,797,520,4,717,604,1321
SFulton,Riverdale,417,77,3,190,630,2,607,707,5,497,822,1319
SFulton,SClayton,276,50,0,71,158,0,347,208,0,326,229,555
SFulton,NWCobb,280,50,0,70,111,3,350,161,3,330,184,514
SFulton,NECobb,184,32,0,51,73,0,235,105,0,216,124,340
SFulton,SWCobb,565,115,0,214,425,0,779,540,0,680,639,1319
SFulton,Marietta,277,57,1,112,187,5,389,244,6,335,304,639
SFulton,Cumberland,1114,169,7,292,624,1,1406,793,8,1290,917,2207
SFulton,SCobb,1497,255,8,1204,2243,2,2701,2498,10,1760,3449,5209
SFulton,Chamblee,403,81,21,73,140,4,476,221,25,505,217,722
SFulton,NWDeKalb,402,85,13,122,285,3,524,370,16,500,410,910
SFulton,NEDeKalb,206,41,5,55,77,3,261,118,8,252,135,387
SFulton,Atlanta-DeKalb,127,13,2,41,103,2,168,116,4,142,146,288
SFulton,Decatur,70,11,11,27,56,2,97,67,13,92,85,177
SFulton,SWDeKalb,208,38,15,51,94,3,259,132,18,261,148,409
SFulton,SEDeKalb,116,28,1,24,49,0,140,77,1,145,73,218
SFulton,SDeKalb,220,50,2,80,175,1,300,225,3,272,256,528
SFulton,WDouglas,1293,237,1,635,1912,0,1928,2149,1,1531,2547,4078
SFulton,EDouglas,2331,438,7,2003,5261,3,4334,5699,10,2776,7267,10043
SFulton,WFayette,770,151,0,540,1272,0,1310,1423,0,921,1812,2733
SFulton,EFayette,432,70,0,191,579,0,623,649,0,502,770,1272
SFulton,NGwinnett,21,7,0,2,8,0,23,15,0,28,10,38
SFulton,CentGwinnett,65,17,0,19,34,0,84,51,0,82,53,135
SFulton,EGwinnett,11,2,0,3,2,0,14,4,0,13,5,18
SFulton,Norcross,142,35,3,26,39,0,168,74,3,180,65,245
SFulton,Lilburn,33,8,0,9,24,0,42,32,0,41,33,74
SFulton,Snellville,39,5,0,6,17,0,45,22,0,44,23,67
SFulton,NHenry,144,32,0,45,84,0,189,116,0,176,129,305
SFulton,EHenry,46,9,0,17,47,0,63,56,0,55,64,119
SFulton,SHenry,157,23,1,24,79,0,181,102,1,181,103,284
SFulton,SRockdale,29,5,0,3,4,0,32,9,0,34,7,41
SFulton,NRockdale,28,1,0,17,35,0,45,36,0,29,52,81
SFulton,NBarrow,3,1,0,0,1,0,3,2,0,4,1,5
SFulton,SBarrow,2,0,0,1,0,0,3,0,0,2,1,3
SFulton,NWBartow,3,0,0,2,0,0,5,0,0,3,2,5
SFulton,NEBartow,3,0,0,0,1,0,3,1,0,3,1,4
SFulton,SWBartow,8,0,0,1,3,0,9,3,0,8,4,12
SFulton,Cartersville,21,1,0,15,9,0,36,10,0,22,24,46
SFulton,NECarroll,226,35,0,41,113,0,267,148,0,261,154,415
SFulton,WCarroll,35,1,0,12,25,0,47,26,0,36,37,73
SFulton,CentralCarroll,287,65,0,83,97,0,370,162,0,352,180,532
SFulton,SECarroll,42,8,0,16,43,0,58,51,0,50,59,109
SFulton,WCoweta,228,40,0,93,267,0,321,307,0,268,360,628
SFulton,NCoweta,1413,261,0,1338,3082,4,2751,3343,4,1674,4424,6098
SFulton,SCoweta,60,12,0,22,54,0,82,66,0,72,76,148
SFulton,SECoweta,97,8,0,27,58,0,124,66,0,105,85,190
SFulton,NForsyth,3,1,0,0,9,0,3,10,0,4,9,13
SFulton,Cumming,15,1,0,0,43,0,15,44,0,16,43,59
SFulton,SForsyth,17,2,0,3,8,0,20,10,0,19,11,30
SFulton,NHall,1,0,0,0,0,0,1,0,0,1,0,1
SFulton,Gainesville,0,0,0,0,0,0,0,0,0,0,0,0
SFulton,SHall,0,1,0,0,0,0,0,1,0,1,0,1
SFulton,WNewton,40,10,0,3,23,0,43,33,0,50,26,76
SFulton,ENewton,4,0,0,0,0,0,4,0,0,4,0,4
SFulton,NPaulding,78,10,0,9,23,0,87,33,0,88,32,120
SFulton,WPaulding,56,11,0,5,21,0,61,32,0,67,26,93
SFulton,EPaulding,529,108,0,136,271,0,665,379,0,637,407,1044
SFulton,NSpalding,53,4,0,7,20,0,60,24,0,57,27,84
SFulton,SSpalding,23,6,0,6,5,0,29,11,0,29,11,40
SFulton,WWalton,10,2,0,2,1,0,12,3,0,12,3,15
SFulton,EWalton,3,1,0,1,1,0,4,2,0,4,2,6
Tri-Cities,NFulton,244,58,35,35,73,6,279,131,41,337,114,451
Tri-Cities,Roswell,224,43,26,23,45,2,247,88,28,293,70,363
Tri-Cities,SandySprings,823,200,292,75,226,22,898,426,314,1315,323,1638
Tri-Cities,Buckhead,1704,392,589,256,832,129,1960,1224,718,2685,1217,3902
Tri-Cities,NWAtlanta,1352,286,174,647,1278,96,1999,1564,270,1812,2021,3833
Tri-Cities,NEAtlanta,3046,617,904,1101,1951,441,4147,2568,1345,4567,3493,8060
Tri-Cities,SWAtlanta,4113,928,243,6787,14716,596,10900,15644,839,5284,22099,27383
Tri-Cities,CBDAtlanta,3113,663,1965,1245,2767,1215,4358,3430,3180,5741,5227,10968
Tri-Cities,SEAtlanta,3938,944,225,6247,11952,484,10185,12896,709,5107,18683,23790
Tri-Cities,SFulton,1976,319,32,1678,4180,21,3654,4499,53,2327,5879,8206
Tri-Cities,Tri-Cities,14417,3193,427,34297,58290,1271,48714,61483,1698,18037,93858,111895
Tri-Cities,Shannon,4601,924,100,3974,10785,205,8575,11709,305,5625,14964,20589
Tri-Cities,WCherokee,17,2,0,2,7,0,19,9,0,19,9,28
Tri-Cities,NCherokee,3,3,0,2,11,0,5,14,0,6,13,19
Tri-Cities,ECentCherokee,76,26,0,16,28,0,92,54,0,102,44,146
Tri-Cities,Woodstock,148,35,1,25,41,0,173,76,1,184,66,250
Tri-Cities,Airport,3616,664,357,5000,5369,217,8616,6033,574,4637,10586,15223
Tri-Cities,NEClayton,4177,863,47,2739,5788,74,6916,6651,121,5087,8601,13688
Tri-Cities,Riverdale,2675,502,49,1429,3766,75,4104,4268,124,3226,5270,8496
Tri-Cities,SClayton,1749,338,18,427,1122,9,2176,1460,27,2105,1558,3663
Tri-Cities,NWCobb,335,83,17,77,124,13,412,207,30,435,214,649
Tri-Cities,NECobb,327,95,2,52,82,0,379,177,2,424,134,558
Tri-Cities,SWCobb,308,51,4,51,166,3,359,217,7,363,220,583
Tri-Cities,Marietta,250,57,12,62,121,23,312,178,35,319,206,525
Tri-Cities,Cumberland,1308,286,101,241,588,20,1549,874,121,1695,849,2544
Tri-Cities,SCobb,1072,177,27,339,914,18,1411,1091,45,1276,1271,2547
Tri-Cities,Chamblee,935,238,280,95,252,47,1030,490,327,1453,394,1847
Tri-Cities,NWDeKalb,1111,259,155,227,568,52,1338,827,207,1525,847,2372
Tri-Cities,NEDeKalb,790,173,103,97,263,40,887,436,143,1066,400,1466
Tri-Cities,Atlanta-DeKalb,497,111,59,207,428,33,704,539,92,667,668,1335
Tri-Cities,Decatur,327,67,80,72,101,35,399,168,115,474,208,682
Tri-Cities,SWDeKalb,1002,215,108,298,858,36,1300,1073,144,1325,1192,2517
Tri-Cities,SEDeKalb,780,160,59,97,213,45,877,373,104,999,355,1354
Tri-Cities,SDeKalb,1352,282,26,512,1416,19,1864,1698,45,1660,1947,3607
Tri-Cities,WDouglas,571,99,0,110,324,0,681,423,0,670,434,1104
Tri-Cities,EDouglas,686,140,6,269,582,3,955,722,9,832,854,1686
Tri-Cities,WFayette,921,156,4,197,374,0,1118,530,4,1081,571,1652
Tri-Cities,EFayette,1049,208,5,387,870,4,1436,1078,9,1262,1261,2523
Tri-Cities,NGwinnett,124,48,4,24,51,3,148,99,7,176,78,254
Tri-Cities,CentGwinnett,333,95,20,49,74,4,382,169,24,448,127,575
Tri-Cities,EGwinnett,67,16,0,7,17,0,74,33,0,83,24,107
Tri-Cities,Norcross,367,111,40,50,114,4,417,225,44,518,168,686
Tri-Cities,Lilburn,158,37,4,22,18,0,180,55,4,199,40,239
Tri-Cities,Snellville,203,31,3,27,38,0,230,69,3,237,65,302
Tri-Cities,NHenry,1184,241,7,244,627,0,1428,868,7,1432,871,2303
Tri-Cities,EHenry,540,102,0,69,195,0,609,297,0,642,264,906
Tri-Cities,SHenry,1169,192,2,153,316,0,1322,508,2,1363,469,1832
Tri-Cities,SRockdale,271,43,2,32,79,2,303,122,4,316,113,429
Tri-Cities,NRockdale,204,31,7,22,32,0,226,63,7,242,54,296
Tri-Cities,NBarrow,12,2,0,1,2,0,13,4,0,14,3,17
Tri-Cities,SBarrow,8,2,0,1,0,0,9,2,0,10,1,11
Tri-Cities,NWBartow,3,1,0,0,1,0,3,2,0,4,1,5
Tri-Cities,NEBartow,3,2,0,3,2,0,6,4,0,5,5,10
Tri-Cities,SWBartow,8,3,0,4,9,0,12,12,0,11,13,24
Tri-Cities,Cartersville,32,13,0,5,23,0,37,36,0,45,28,73
Tri-Cities,NECarroll,79,17,0,10,19,0,89,36,0,96,29,125
Tri-Cities,WCarroll,10,4,0,4,5,0,14,9,0,14,9,23
Tri-Cities,CentralCarroll,116,14,0,22,31,0,138,45,0,130,53,183
Tri-Cities,SECarroll,21,4,0,3,23,0,24,27,0,25,26,51
Tri-Cities,WCoweta,250,37,1,25,58,0,275,95,1,288,83,371
Tri-Cities,NCoweta,1311,194,6,209,619,3,1520,813,9,1511,831,2342
Tri-Cities,SCoweta,79,19,1,24,86,0,103,105,1,99,110,209
Tri-Cities,SECoweta,159,27,1,30,67,0,189,94,1,187,97,284
Tri-Cities,NForsyth,9,1,0,5,32,0,14,33,0,10,37,47
Tri-Cities,Cumming,38,10,2,15,44,0,53,54,2,50,59,109
Tri-Cities,SForsyth,31,6,0,10,7,0,41,13,0,37,17,54
Tri-Cities,NHall,1,0,0,2,0,0,3,0,0,1,2,3
Tri-Cities,Gainesville,3,1,1,0,4,0,3,5,1,5,4,9
Tri-Cities,SHall,18,2,0,6,7,0,24,9,0,20,13,33
Tri-Cities,WNewton,305,51,2,46,49,0,351,100,2,358,95,453
Tri-Cities,ENewton,17,2,0,2,8,0,19,10,0,19,10,29
Tri-Cities,NPaulding,40,10,0,18,10,0,58,20,0,50,28,78
Tri-Cities,WPaulding,46,2,0,8,29,0,54,31,0,48,37,85
Tri-Cities,EPaulding,321,55,0,55,112,1,376,167,1,376,168,544
Tri-Cities,NSpalding,203,42,0,20,38,0,223,80,0,245,58,303
Tri-Cities,SSpalding,114,18,0,18,46,0,132,64,0,132,64,196
Tri-Cities,WWalton,80,15,0,12,28,1,92,43,1,95,41,136
Tri-Cities,EWalton,14,6,0,7,2,1,21,8,1,20,10,30
Shannon,NFulton,78,22,11,26,22,2,104,44,13,111,50,161
Shannon,Roswell,75,20,6,11,35,1,86,55,7,101,47,148
Shannon,SandySprings,527,133,108,58,119,9,585,252,117,768,186,954
Shannon,Buckhead,1082,257,214,120,323,23,1202,580,237,1553,466,2019
Shannon,NWAtlanta,763,138,47,160,428,32,923,566,79,948,620,1568
Shannon,NEAtlanta,1845,418,455,385,971,183,2230,1389,638,2718,1539,4257
Shannon,SWAtlanta,1592,330,74,1205,3162,100,2797,3492,174,1996,4467,6463
Shannon,CBDAtlanta,2315,500,1527,477,1542,545,2792,2042,2072,4342,2564,6906
Shannon,SEAtlanta,1216,237,44,690,1758,107,1906,1995,151,1497,2555,4052
Shannon,SFulton,2685,528,17,3102,9246,41,5787,9774,58,3230,12389,15619
Shannon,Tri-Cities,4108,816,82,3810,10907,167,7918,11723,249,5006,14884,19890
Shannon,Shannon,18032,3677,110,41783,94568,379,59815,98245,489,21819,136730,158549
Shannon,WCherokee,2,1,0,0,1,0,2,2,0,3,1,4
Shannon,NCherokee,1,0,0,1,5,0,2,5,0,1,6,7
Shannon,ECentCherokee,18,5,0,5,7,0,23,12,0,23,12,35
Shannon,Woodstock,39,7,0,15,20,0,54,27,0,46,35,81
Shannon,Airport,2913,576,137,2085,5056,61,4998,5632,198,3626,7202,10828
Shannon,NEClayton,1664,285,12,866,2050,16,2530,2335,28,1961,2932,4893
Shannon,Riverdale,2184,455,12,3070,8847,38,5254,9302,50,2651,11955,14606
Shannon,SClayton,1060,213,0,600,1654,3,1660,1867,3,1273,2257,3530
Shannon,NWCobb,150,26,2,64,70,8,214,96,10,178,142,320
Shannon,NECobb,160,41,0,33,96,0,193,137,0,201,129,330
Shannon,SWCobb,181,40,0,52,139,2,233,179,2,221,193,414
Shannon,Marietta,221,40,2,64,139,15,285,179,17,263,218,481
Shannon,Cumberland,1181,198,31,159,241,9,1340,439,40,1410,409,1819
Shannon,SCobb,613,107,5,194,607,0,807,714,5,725,801,1526
Shannon,Chamblee,544,128,94,66,152,12,610,280,106,766,230,996
Shannon,NWDeKalb,675,151,42,132,373,16,807,524,58,868,521,1389
Shannon,NEDeKalb,385,86,15,91,182,16,476,268,31,486,289,775
Shannon,Atlanta-DeKalb,189,21,25,45,216,6,234,237,31,235,267,502
Shannon,Decatur,131,34,23,22,58,15,153,92,38,188,95,283
Shannon,SWDeKalb,374,77,24,81,211,6,455,288,30,475,298,773
Shannon,SEDeKalb,204,52,5,45,60,3,249,112,8,261,108,369
Shannon,SDeKalb,507,107,3,188,426,4,695,533,7,617,618,1235
Shannon,WDouglas,658,120,1,227,486,0,885,606,1,779,713,1492
Shannon,EDouglas,767,160,1,352,1006,0,1119,1166,1,928,1358,2286
Shannon,WFayette,2498,460,2,1971,4669,10,4469,5129,12,2960,6650,9610
Shannon,EFayette,2173,392,6,2163,5077,8,4336,5469,14,2571,7248,9819
Shannon,NGwinnett,22,7,0,7,57,1,29,64,1,29,65,94
Shannon,CentGwinnett,88,28,3,26,61,1,114,89,4,119,88,207
Shannon,EGwinnett,16,2,0,3,20,0,19,22,0,18,23,41
Shannon,Norcross,182,68,8,25,98,1,207,166,9,258,124,382
Shannon,Lilburn,35,15,0,16,46,0,51,61,0,50,62,112
Shannon,Snellville,57,6,0,22,26,0,79,32,0,63,48,111
Shannon,NHenry,374,77,2,139,409,1,513,486,3,453,549,1002
Shannon,EHenry,175,28,0,44,101,0,219,129,0,203,145,348
Shannon,SHenry,429,97,1,125,265,1,554,362,2,527,391,918
Shannon,SRockdale,76,8,1,10,32,0,86,40,1,85,42,127
Shannon,NRockdale,63,15,1,11,27,0,74,42,1,79,38,117
Shannon,NBarrow,1,2,0,0,4,0,1,6,0,3,4,7
Shannon,SBarrow,1,0,0,0,5,0,1,5,0,1,5,6
Shannon,NWBartow,1,2,0,0,2,0,1,4,0,3,2,5
Shannon,NEBartow,0,0,0,0,0,0,0,0,0,0,0,0
Shannon,SWBartow,0,0,0,1,17,0,1,17,0,0,18,18
Shannon,Cartersville,13,2,0,3,1,0,16,3,0,15,4,19
Shannon,NECarroll,92,17,0,15,20,0,107,37,0,109,35,144
Shannon,WCarroll,21,3,0,5,22,0,26,25,0,24,27,51
Shannon,CentralCarroll,196,40,0,46,75,0,242,115,0,236,121,357
Shannon,SECarroll,41,5,0,12,18,0,53,23,0,46,30,76
Shannon,WCoweta,334,64,0,56,186,0,390,250,0,398,242,640
Shannon,NCoweta,2769,502,10,1051,2694,15,3820,3196,25,3281,3760,7041
Shannon,SCoweta,157,29,0,46,55,0,203,84,0,186,101,287
Shannon,SECoweta,262,42,0,77,152,0,339,194,0,304,229,533
Shannon,NForsyth,0,1,0,0,2,0,0,3,0,1,2,3
Shannon,Cumming,12,1,0,1,14,0,13,15,0,13,15,28
Shannon,SForsyth,12,6,0,3,4,0,15,10,0,18,7,25
Shannon,NHall,1,0,0,0,0,0,1,0,0,1,0,1
Shannon,Gainesville,0,1,0,3,0,0,3,1,0,1,3,4
Shannon,SHall,2,0,0,1,0,0,3,0,0,2,1,3
Shannon,WNewton,91,13,0,16,45,0,107,58,0,104,61,165
Shannon,ENewton,9,0,0,1,5,0,10,5,0,9,6,15
Shannon,NPaulding,26,1,0,13,3,0,39,4,0,27,16,43
Shannon,WPaulding,22,1,0,6,20,0,28,21,0,23,26,49
Shannon,EPaulding,207,41,0,50,157,0,257,198,0,248,207,455
Shannon,NSpalding,148,27,0,28,56,0,176,83,0,175,84,259
Shannon,SSpalding,108,20,0,20,28,0,128,48,0,128,48,176
Shannon,WWalton,11,6,0,3,30,0,14,36,0,17,33,50
Shannon,EWalton,7,2,0,0,16,0,7,18,0,9,16,25
WCherokee,NFulton,415,64,0,110,349,0,525,413,0,479,459,938
WCherokee,Roswell,158,37,0,51,126,0,209,163,0,195,177,372
WCherokee,SandySprings,163,28,0,41,84,1,204,112,1,191,126,317
WCherokee,Buckhead,131,24,0,36,81,0,167,105,0,155,117,272
WCherokee,NWAtlanta,42,7,0,6,33,0,48,40,0,49,39,88
WCherokee,NEAtlanta,55,19,1,19,71,1,74,90,2,75,91,166
WCherokee,SWAtlanta,20,1,0,7,9,0,27,10,0,21,16,37
WCherokee,CBDAtlanta,41,10,0,30,86,0,71,96,0,51,116,167
WCherokee,SEAtlanta,11,2,0,0,9,0,11,11,0,13,9,22
WCherokee,SFulton,7,0,0,1,1,0,8,1,0,7,2,9
WCherokee,Tri-Cities,12,3,0,3,24,0,15,27,0,15,27,42
WCherokee,Shannon,2,1,0,0,0,0,2,1,0,3,0,3
WCherokee,WCherokee,1879,344,0,4204,10195,0,6083,10539,0,2223,14399,16622
WCherokee,NCherokee,184,40,0,336,793,0,520,833,0,224,1129,1353
WCherokee,ECentCherokee,3045,506,2,4172,10529,7,7217,11035,9,3553,14708,18261
WCherokee,Woodstock,653,117,0,441,1405,0,1094,1522,0,770,1846,2616
WCherokee,Airport,5,1,0,1,9,0,6,10,0,6,10,16
WCherokee,NEClayton,9,1,0,4,1,0,13,2,0,10,5,15
WCherokee,Riverdale,4,0,0,0,0,0,4,0,0,4,0,4
WCherokee,SClayton,1,0,0,0,2,0,1,2,0,1,2,3
WCherokee,NWCobb,569,93,1,263,662,5,832,755,6,663,930,1593
WCherokee,NECobb,383,61,0,153,428,0,536,489,0,444,581,1025
WCherokee,SWCobb,22,5,0,13,15,0,35,20,0,27,28,55
WCherokee,Marietta,291,43,0,71,198,0,362,241,0,334,269,603
WCherokee,Cumberland,397,78,0,62,173,0,459,251,0,475,235,710
WCherokee,SCobb,45,10,0,23,43,0,68,53,0,55,66,121
WCherokee,Chamblee,92,16,0,31,87,0,123,103,0,108,118,226
WCherokee,NWDeKalb,30,6,0,17,32,0,47,38,0,36,49,85
WCherokee,NEDeKalb,23,3,0,10,9,0,33,12,0,26,19,45
WCherokee,Atlanta-DeKalb,3,0,0,2,1,0,5,1,0,3,3,6
WCherokee,Decatur,2,0,0,0,7,0,2,7,0,2,7,9
WCherokee,SWDeKalb,6,0,0,3,5,0,9,5,0,6,8,14
WCherokee,SEDeKalb,1,1,0,0,15,0,1,16,0,2,15,17
WCherokee,SDeKalb,5,0,0,1,3,0,6,3,0,5,4,9
WCherokee,WDouglas,3,1,0,2,8,0,5,9,0,4,10,14
WCherokee,EDouglas,13,4,0,10,7,0,23,11,0,17,17,34
WCherokee,WFayette,2,0,0,0,0,0,2,0,0,2,0,2
WCherokee,EFayette,1,0,0,1,0,0,2,0,0,1,1,2
WCherokee,NGwinnett,24,3,0,15,24,0,39,27,0,27,39,66
WCherokee,CentGwinnett,42,10,0,22,82,0,64,92,0,52,104,156
WCherokee,EGwinnett,2,0,0,0,5,0,2,5,0,2,5,7
WCherokee,Norcross,98,14,0,11,45,0,109,59,0,112,56,168
WCherokee,Lilburn,2,0,0,1,1,0,3,1,0,2,2,4
WCherokee,Snellville,1,1,0,2,4,0,3,5,0,2,6,8
WCherokee,NHenry,0,0,0,1,1,0,1,1,0,0,2,2
WCherokee,EHenry,0,0,0,0,0,0,0,0,0,0,0,0
WCherokee,SHenry,0,0,0,0,0,0,0,0,0,0,0,0
WCherokee,SRockdale,0,0,0,0,0,0,0,0,0,0,0,0
WCherokee,NRockdale,0,0,0,0,0,0,0,0,0,0,0,0
WCherokee,NBarrow,0,0,0,0,4,0,0,4,0,0,4,4
WCherokee,SBarrow,0,0,0,0,0,0,0,0,0,0,0,0
WCherokee,NWBartow,83,16,0,41,86,0,124,102,0,99,127,226
WCherokee,NEBartow,272,66,0,204,639,0,476,705,0,338,843,1181
WCherokee,SWBartow,29,5,0,15,41,0,44,46,0,34,56,90
WCherokee,Cartersville,708,123,0,340,826,0,1048,949,0,831,1166,1997
WCherokee,NECarroll,0,0,0,0,0,0,0,0,0,0,0,0
WCherokee,WCarroll,0,0,0,0,1,0,0,1,0,0,1,1
WCherokee,CentralCarroll,2,0,0,0,0,0,2,0,0,2,0,2
WCherokee,SECarroll,0,0,0,0,0,0,0,0,0,0,0,0
WCherokee,WCoweta,0,0,0,0,0,0,0,0,0,0,0,0
WCherokee,NCoweta,0,0,0,0,0,0,0,0,0,0,0,0
WCherokee,SCoweta,0,0,0,0,0,0,0,0,0,0,0,0
WCherokee,SECoweta,0,0,0,0,0,0,0,0,0,0,0,0
WCherokee,NForsyth,42,11,0,26,50,0,68,61,0,53,76,129
WCherokee,Cumming,174,29,0,90,139,0,264,168,0,203,229,432
WCherokee,SForsyth,155,23,0,29,36,0,184,59,0,178,65,243
WCherokee,NHall,2,0,0,1,0,0,3,0,0,2,1,3
WCherokee,Gainesville,20,1,0,8,15,0,28,16,0,21,23,44
WCherokee,SHall,6,1,0,3,11,0,9,12,0,7,14,21
WCherokee,WNewton,0,0,0,0,0,0,0,0,0,0,0,0
WCherokee,ENewton,0,0,0,0,0,0,0,0,0,0,0,0
WCherokee,NPaulding,27,9,0,13,11,0,40,20,0,36,24,60
WCherokee,WPaulding,2,1,0,1,1,0,3,2,0,3,2,5
WCherokee,EPaulding,38,6,0,15,39,0,53,45,0,44,54,98
WCherokee,NSpalding,0,0,0,0,0,0,0,0,0,0,0,0
WCherokee,SSpalding,0,0,0,0,0,0,0,0,0,0,0,0
WCherokee,WWalton,0,0,0,0,1,0,0,1,0,0,1,1
WCherokee,EWalton,0,0,0,0,10,0,0,10,0,0,10,10
NCherokee,NFulton,333,57,0,93,338,0,426,395,0,390,431,821
NCherokee,Roswell,98,21,0,28,86,0,126,107,0,119,114,233
NCherokee,SandySprings,74,13,0,20,33,0,94,46,0,87,53,140
NCherokee,Buckhead,38,10,0,16,35,0,54,45,0,48,51,99
NCherokee,NWAtlanta,17,3,0,5,3,0,22,6,0,20,8,28
NCherokee,NEAtlanta,16,4,0,14,54,1,30,58,1,20,69,89
NCherokee,SWAtlanta,7,1,0,1,42,0,8,43,0,8,43,51
NCherokee,CBDAtlanta,13,3,2,7,49,1,20,52,3,18,57,75
NCherokee,SEAtlanta,3,0,0,0,3,0,3,3,0,3,3,6
NCherokee,SFulton,2,1,0,0,0,0,2,1,0,3,0,3
NCherokee,Tri-Cities,4,2,0,2,27,0,6,29,0,6,29,35
NCherokee,Shannon,0,1,0,1,4,0,1,5,0,1,5,6
NCherokee,WCherokee,183,36,0,325,712,0,508,748,0,219,1037,1256
NCherokee,NCherokee,1160,205,0,2192,4982,0,3352,5187,0,1365,7174,8539
NCherokee,ECentCherokee,1431,253,2,1668,4360,2,3099,4613,4,1686,6030,7716
NCherokee,Woodstock,205,41,0,92,242,0,297,283,0,246,334,580
NCherokee,Airport,1,0,0,0,0,0,1,0,0,1,0,1
NCherokee,NEClayton,3,1,0,0,0,0,3,1,0,4,0,4
NCherokee,Riverdale,0,0,0,0,0,0,0,0,0,0,0,0
NCherokee,SClayton,0,0,0,1,0,0,1,0,0,0,1,1
NCherokee,NWCobb,187,44,0,96,172,0,283,216,0,231,268,499
NCherokee,NECobb,143,27,0,55,134,0,198,161,0,170,189,359
NCherokee,SWCobb,8,1,0,8,10,0,16,11,0,9,18,27
NCherokee,Marietta,115,16,0,31,87,0,146,103,0,131,118,249
NCherokee,Cumberland,126,19,0,22,68,0,148,87,0,145,90,235
NCherokee,SCobb,15,4,0,7,14,0,22,18,0,19,21,40
NCherokee,Chamblee,41,7,0,12,16,0,53,23,0,48,28,76
NCherokee,NWDeKalb,15,2,0,9,17,0,24,19,0,17,26,43
NCherokee,NEDeKalb,8,1,0,4,10,0,12,11,0,9,14,23
NCherokee,Atlanta-DeKalb,1,0,0,0,1,0,1,1,0,1,1,2
NCherokee,Decatur,1,0,0,0,2,0,1,2,0,1,2,3
NCherokee,SWDeKalb,3,0,0,0,1,0,3,1,0,3,1,4
NCherokee,SEDeKalb,1,0,0,0,0,0,1,0,0,1,0,1
NCherokee,SDeKalb,0,0,0,1,0,0,1,0,0,0,1,1
NCherokee,WDouglas,0,0,0,1,0,0,1,0,0,0,1,1
NCherokee,EDouglas,1,3,0,3,2,0,4,5,0,4,5,9
NCherokee,WFayette,0,0,0,0,0,0,0,0,0,0,0,0
NCherokee,EFayette,0,0,0,0,0,0,0,0,0,0,0,0
NCherokee,NGwinnett,47,8,0,15,64,0,62,72,0,55,79,134
NCherokee,CentGwinnett,43,9,0,22,22,0,65,31,0,52,44,96
NCherokee,EGwinnett,1,0,0,3,1,0,4,1,0,1,4,5
NCherokee,Norcross,55,8,0,17,42,0,72,50,0,63,59,122
NCherokee,Lilburn,1,1,0,2,4,0,3,5,0,2,6,8
NCherokee,Snellville,4,0,0,1,4,0,5,4,0,4,5,9
NCherokee,NHenry,0,0,0,0,0,0,0,0,0,0,0,0
NCherokee,EHenry,0,0,0,0,0,0,0,0,0,0,0,0
NCherokee,SHenry,1,0,0,0,0,0,1,0,0,1,0,1
NCherokee,SRockdale,0,0,0,0,0,0,0,0,0,0,0,0
NCherokee,NRockdale,0,0,0,0,0,0,0,0,0,0,0,0
NCherokee,NBarrow,3,0,0,1,0,0,4,0,0,3,1,4
NCherokee,SBarrow,1,0,0,0,0,0,1,0,0,1,0,1
NCherokee,NWBartow,17,3,0,2,2,0,19,5,0,20,4,24
NCherokee,NEBartow,31,4,0,13,40,0,44,44,0,35,53,88
NCherokee,SWBartow,10,3,0,1,0,0,11,3,0,13,1,14
NCherokee,Cartersville,68,12,0,27,66,0,95,78,0,80,93,173
NCherokee,NECarroll,0,0,0,0,0,0,0,0,0,0,0,0
NCherokee,WCarroll,0,0,0,0,0,0,0,0,0,0,0,0
NCherokee,CentralCarroll,0,0,0,0,0,0,0,0,0,0,0,0
NCherokee,SECarroll,0,0,0,0,0,0,0,0,0,0,0,0
NCherokee,WCoweta,0,0,0,0,0,0,0,0,0,0,0,0
NCherokee,NCoweta,0,0,0,0,0,0,0,0,0,0,0,0
NCherokee,SCoweta,0,0,0,0,0,0,0,0,0,0,0,0
NCherokee,SECoweta,0,0,0,0,0,0,0,0,0,0,0,0
NCherokee,NForsyth,117,20,0,76,142,0,193,162,0,137,218,355
NCherokee,Cumming,350,55,0,195,631,0,545,686,0,405,826,1231
NCherokee,SForsyth,175,25,0,41,100,0,216,125,0,200,141,341
NCherokee,NHall,9,1,0,1,0,0,10,1,0,10,1,11
NCherokee,Gainesville,40,3,0,12,26,0,52,29,0,43,38,81
NCherokee,SHall,16,4,0,7,2,0,23,6,0,20,9,29
NCherokee,WNewton,0,0,0,0,0,0,0,0,0,0,0,0
NCherokee,ENewton,0,0,0,0,0,0,0,0,0,0,0,0
NCherokee,NPaulding,2,0,0,2,0,0,4,0,0,2,2,4
NCherokee,WPaulding,0,0,0,0,0,0,0,0,0,0,0,0
NCherokee,EPaulding,2,1,0,2,15,0,4,16,0,3,17,20
NCherokee,NSpalding,0,0,0,0,0,0,0,0,0,0,0,0
NCherokee,SSpalding,0,0,0,0,0,0,0,0,0,0,0,0
NCherokee,WWalton,1,0,0,0,4,0,1,4,0,1,4,5
NCherokee,EWalton,0,0,0,0,0,0,0,0,0,0,0,0
ECentCherokee,NFulton,5337,994,5,3067,8541,10,8404,9535,15,6336,11618,17954
ECentCherokee,Roswell,1835,359,2,943,2627,1,2778,2986,3,2196,3571,5767
ECentCherokee,SandySprings,1244,213,2,286,915,11,1530,1128,13,1459,1212,2671
ECentCherokee,Buckhead,688,114,3,134,369,2,822,483,5,805,505,1310
ECentCherokee,NWAtlanta,264,44,1,38,80,0,302,124,1,309,118,427
ECentCherokee,NEAtlanta,360,83,9,109,249,10,469,332,19,452,368,820
ECentCherokee,SWAtlanta,84,21,0,29,95,0,113,116,0,105,124,229
ECentCherokee,CBDAtlanta,240,55,29,59,157,9,299,212,38,324,225,549
ECentCherokee,SEAtlanta,78,16,0,28,58,0,106,74,0,94,86,180
ECentCherokee,SFulton,31,7,0,4,7,0,35,14,0,38,11,49
ECentCherokee,Tri-Cities,95,14,0,21,31,0,116,45,0,109,52,161
ECentCherokee,Shannon,15,9,0,6,7,0,21,16,0,24,13,37
ECentCherokee,WCherokee,3204,554,2,4202,10680,7,7406,11234,9,3760,14889,18649
ECentCherokee,NCherokee,1501,257,2,1706,4373,2,3207,4630,4,1760,6081,7841
ECentCherokee,ECentCherokee,37833,6718,87,66172,141697,275,104005,148415,362,44638,208144,252782
ECentCherokee,Woodstock,5936,1084,3,6205,17457,1,12141,18541,4,7023,23663,30686
ECentCherokee,Airport,32,9,0,5,10,0,37,19,0,41,15,56
ECentCherokee,NEClayton,38,9,0,9,33,0,47,42,0,47,42,89
ECentCherokee,Riverdale,7,1,0,4,8,0,11,9,0,8,12,20
ECentCherokee,SClayton,13,4,0,4,5,0,17,9,0,17,9,26
ECentCherokee,NWCobb,3218,511,1,1744,3670,50,4962,4181,51,3730,5464,9194
ECentCherokee,NECobb,2738,473,0,1337,3602,0,4075,4075,0,3211,4939,8150
ECentCherokee,SWCobb,190,31,0,52,88,0,242,119,0,221,140,361
ECentCherokee,Marietta,1279,213,0,379,1029,5,1658,1242,5,1492,1413,2905
ECentCherokee,Cumberland,1786,287,0,224,524,1,2010,811,1,2073,749,2822
ECentCherokee,SCobb,307,53,0,84,233,0,391,286,0,360,317,677
ECentCherokee,Chamblee,672,106,2,135,298,5,807,404,7,780,438,1218
ECentCherokee,NWDeKalb,204,53,0,60,153,4,264,206,4,257,217,474
ECentCherokee,NEDeKalb,184,25,0,60,90,0,244,115,0,209,150,359
ECentCherokee,Atlanta-DeKalb,17,5,0,11,10,1,28,15,1,22,22,44
ECentCherokee,Decatur,19,4,0,9,15,0,28,19,0,23,24,47
ECentCherokee,SWDeKalb,25,8,0,13,39,0,38,47,0,33,52,85
ECentCherokee,SEDeKalb,12,3,0,11,8,0,23,11,0,15,19,34
ECentCherokee,SDeKalb,28,11,0,12,22,1,40,33,1,39,35,74
ECentCherokee,WDouglas,23,1,0,5,9,0,28,10,0,24,14,38
ECentCherokee,EDouglas,91,8,0,25,30,0,116,38,0,99,55,154
ECentCherokee,WFayette,2,0,0,0,3,0,2,3,0,2,3,5
ECentCherokee,EFayette,7,1,0,3,2,0,10,3,0,8,5,13
ECentCherokee,NGwinnett,418,56,0,112,165,0,530,221,0,474,277,751
ECentCherokee,CentGwinnett,501,98,0,138,310,0,639,408,0,599,448,1047
ECentCherokee,EGwinnett,30,4,0,13,7,0,43,11,0,34,20,54
ECentCherokee,Norcross,756,127,0,151,389,0,907,516,0,883,540,1423
ECentCherokee,Lilburn,41,2,0,15,14,0,56,16,0,43,29,72
ECentCherokee,Snellville,49,10,0,13,50,0,62,60,0,59,63,122
ECentCherokee,NHenry,3,0,0,4,19,0,7,19,0,3,23,26
ECentCherokee,EHenry,1,0,0,3,0,0,4,0,0,1,3,4
ECentCherokee,SHenry,2,3,0,2,6,0,4,9,0,5,8,13
ECentCherokee,SRockdale,2,1,0,0,2,0,2,3,0,3,2,5
ECentCherokee,NRockdale,3,0,0,1,7,0,4,7,0,3,8,11
ECentCherokee,NBarrow,17,2,0,6,32,0,23,34,0,19,38,57
ECentCherokee,SBarrow,7,1,0,3,0,0,10,1,0,8,3,11
ECentCherokee,NWBartow,186,48,0,48,76,0,234,124,0,234,124,358
ECentCherokee,NEBartow,440,76,0,180,419,0,620,495,0,516,599,1115
ECentCherokee,SWBartow,96,18,0,31,62,0,127,80,0,114,93,207
ECentCherokee,Cartersville,855,142,0,244,531,0,1099,673,0,997,775,1772
ECentCherokee,NECarroll,4,0,0,5,0,0,9,0,0,4,5,9
ECentCherokee,WCarroll,1,0,0,0,0,0,1,0,0,1,0,1
ECentCherokee,CentralCarroll,4,0,0,1,1,0,5,1,0,4,2,6
ECentCherokee,SECarroll,0,0,0,0,0,0,0,0,0,0,0,0
ECentCherokee,WCoweta,1,0,0,0,0,0,1,0,0,1,0,1
ECentCherokee,NCoweta,1,2,0,1,5,0,2,7,0,3,6,9
ECentCherokee,SCoweta,0,0,0,0,0,0,0,0,0,0,0,0
ECentCherokee,SECoweta,0,0,0,0,0,0,0,0,0,0,0,0
ECentCherokee,NForsyth,924,175,0,520,1476,0,1444,1651,0,1099,1996,3095
ECentCherokee,Cumming,2958,584,0,2373,6122,0,5331,6706,0,3542,8495,12037
ECentCherokee,SForsyth,1672,315,0,531,1260,0,2203,1575,0,1987,1791,3778
ECentCherokee,NHall,41,10,0,19,16,0,60,26,0,51,35,86
ECentCherokee,Gainesville,205,34,0,48,136,0,253,170,0,239,184,423
ECentCherokee,SHall,89,21,0,51,46,0,140,67,0,110,97,207
ECentCherokee,WNewton,2,0,0,0,6,0,2,6,0,2,6,8
ECentCherokee,ENewton,0,0,0,0,0,0,0,0,0,0,0,0
ECentCherokee,NPaulding,143,22,0,37,66,0,180,88,0,165,103,268
ECentCherokee,WPaulding,16,3,0,9,26,0,25,29,0,19,35,54
ECentCherokee,EPaulding,226,29,0,66,98,0,292,127,0,255,164,419
ECentCherokee,NSpalding,0,0,0,0,0,0,0,0,0,0,0,0
ECentCherokee,SSpalding,0,0,0,0,0,0,0,0,0,0,0,0
ECentCherokee,WWalton,4,0,0,4,4,0,8,4,0,4,8,12
ECentCherokee,EWalton,3,1,0,1,8,0,4,9,0,4,9,13
Woodstock,NFulton,3252,537,5,1913,4575,4,5165,5112,9,3794,6492,10286
Woodstock,Roswell,2205,428,2,1405,3438,4,3610,3866,6,2635,4847,7482
Woodstock,SandySprings,1844,277,19,360,844,8,2204,1121,27,2140,1212,3352
Woodstock,Buckhead,1183,232,18,144,385,4,1327,617,22,1433,533,1966
Woodstock,NWAtlanta,419,74,1,41,101,0,460,175,1,494,142,636
Woodstock,NEAtlanta,759,150,36,118,258,8,877,408,44,945,384,1329
Woodstock,SWAtlanta,228,47,3,37,89,1,265,136,4,278,127,405
Woodstock,CBDAtlanta,572,144,97,82,193,18,654,337,115,813,293,1106
Woodstock,SEAtlanta,115,30,2,24,53,1,139,83,3,147,78,225
Woodstock,SFulton,86,16,0,12,29,0,98,45,0,102,41,143
Woodstock,Tri-Cities,175,35,1,22,36,0,197,71,1,211,58,269
Woodstock,Shannon,46,6,0,10,21,0,56,27,0,52,31,83
Woodstock,WCherokee,677,119,0,435,1477,0,1112,1596,0,796,1912,2708
Woodstock,NCherokee,207,41,0,92,252,0,299,293,0,248,344,592
Woodstock,ECentCherokee,6321,1160,3,6311,17705,1,12632,18865,4,7484,24017,31501
Woodstock,Woodstock,26993,4837,0,56294,128595,2,83287,133432,2,31830,184891,216721
Woodstock,Airport,59,14,5,11,23,0,70,37,5,78,34,112
Woodstock,NEClayton,78,28,0,18,21,0,96,49,0,106,39,145
Woodstock,Riverdale,21,11,0,6,6,0,27,17,0,32,12,44
Woodstock,SClayton,18,4,0,8,40,0,26,44,0,22,48,70
Woodstock,NWCobb,10554,1959,41,12226,30717,242,22780,32676,283,12554,43185,55739
Woodstock,NECobb,6443,1243,1,7488,19106,3,13931,20349,4,7687,26597,34284
Woodstock,SWCobb,452,83,0,181,655,0,633,738,0,535,836,1371
Woodstock,Marietta,2800,468,8,1308,3406,29,4108,3874,37,3276,4743,8019
Woodstock,Cumberland,3076,492,9,533,1523,4,3609,2015,13,3577,2060,5637
Woodstock,SCobb,508,102,0,174,388,0,682,490,0,610,562,1172
Woodstock,Chamblee,1012,179,11,150,355,7,1162,534,18,1202,512,1714
Woodstock,NWDeKalb,333,69,5,54,146,3,387,215,8,407,203,610
Woodstock,NEDeKalb,250,53,1,50,62,2,300,115,3,304,114,418
Woodstock,Atlanta-DeKalb,30,9,3,7,15,0,37,24,3,42,22,64
Woodstock,Decatur,34,8,0,11,18,1,45,26,1,42,30,72
Woodstock,SWDeKalb,67,11,2,13,45,0,80,56,2,80,58,138
Woodstock,SEDeKalb,28,2,0,15,33,0,43,35,0,30,48,78
Woodstock,SDeKalb,59,16,0,28,71,1,87,87,1,75,100,175
Woodstock,WDouglas,67,13,0,12,30,0,79,43,0,80,42,122
Woodstock,EDouglas,166,31,0,48,78,0,214,109,0,197,126,323
Woodstock,WFayette,12,1,0,5,10,0,17,11,0,13,15,28
Woodstock,EFayette,13,1,0,6,19,0,19,20,0,14,25,39
Woodstock,NGwinnett,138,24,0,33,97,0,171,121,0,162,130,292
Woodstock,CentGwinnett,360,56,1,95,206,0,455,262,1,417,301,718
Woodstock,EGwinnett,17,5,0,13,44,0,30,49,0,22,57,79
Woodstock,Norcross,786,106,1,114,256,0,900,362,1,893,370,1263
Woodstock,Lilburn,66,6,0,25,31,0,91,37,0,72,56,128
Woodstock,Snellville,40,7,0,14,21,0,54,28,0,47,35,82
Woodstock,NHenry,17,2,0,1,28,0,18,30,0,19,29,48
Woodstock,EHenry,6,1,0,0,10,0,6,11,0,7,10,17
Woodstock,SHenry,6,0,0,6,7,0,12,7,0,6,13,19
Woodstock,SRockdale,4,5,0,2,11,0,6,16,0,9,13,22
Woodstock,NRockdale,6,0,0,0,15,0,6,15,0,6,15,21
Woodstock,NBarrow,6,0,0,2,0,0,8,0,0,6,2,8
Woodstock,SBarrow,6,0,0,0,1,0,6,1,0,6,1,7
Woodstock,NWBartow,170,36,0,43,121,0,213,157,0,206,164,370
Woodstock,NEBartow,171,21,0,67,190,0,238,211,0,192,257,449
Woodstock,SWBartow,267,41,0,96,321,0,363,362,0,308,417,725
Woodstock,Cartersville,1456,237,0,751,1841,0,2207,2078,0,1693,2592,4285
Woodstock,NECarroll,39,3,0,10,13,0,49,16,0,42,23,65
Woodstock,WCarroll,1,0,0,0,4,0,1,4,0,1,4,5
Woodstock,CentralCarroll,15,1,0,11,31,0,26,32,0,16,42,58
Woodstock,SECarroll,3,0,0,0,1,0,3,1,0,3,1,4
Woodstock,WCoweta,1,1,0,0,0,0,1,1,0,2,0,2
Woodstock,NCoweta,9,2,0,3,1,0,12,3,0,11,4,15
Woodstock,SCoweta,0,0,0,0,0,0,0,0,0,0,0,0
Woodstock,SECoweta,0,0,0,0,0,0,0,0,0,0,0,0
Woodstock,NForsyth,168,19,0,48,78,0,216,97,0,187,126,313
Woodstock,Cumming,515,84,0,128,308,0,643,392,0,599,436,1035
Woodstock,SForsyth,526,96,0,95,226,0,621,322,0,622,321,943
Woodstock,NHall,7,0,0,11,3,0,18,3,0,7,14,21
Woodstock,Gainesville,31,4,0,9,12,0,40,16,0,35,21,56
Woodstock,SHall,19,6,0,7,13,0,26,19,0,25,20,45
Woodstock,WNewton,5,0,0,0,0,0,5,0,0,5,0,5
Woodstock,ENewton,0,0,0,0,0,0,0,0,0,0,0,0
Woodstock,NPaulding,434,86,0,233,555,0,667,641,0,520,788,1308
Woodstock,WPaulding,53,6,0,10,84,0,63,90,0,59,94,153
Woodstock,EPaulding,512,83,0,117,435,0,629,518,0,595,552,1147
Woodstock,NSpalding,2,1,0,0,0,0,2,1,0,3,0,3
Woodstock,SSpalding,0,1,0,0,4,0,0,5,0,1,4,5
Woodstock,WWalton,2,0,0,1,2,0,3,2,0,2,3,5
Woodstock,EWalton,1,0,0,0,4,0,1,4,0,1,4,5
Airport,NFulton,64,15,21,11,15,2,75,30,23,100,28,128
Airport,Roswell,65,16,44,8,23,0,73,39,44,125,31,156
Airport,SandySprings,236,83,142,16,53,5,252,136,147,461,74,535
Airport,Buckhead,611,109,390,50,66,22,661,175,412,1110,138,1248
Airport,NWAtlanta,478,86,303,98,146,27,576,232,330,867,271,1138
Airport,NEAtlanta,1184,209,656,276,333,93,1460,542,749,2049,702,2751
Airport,SWAtlanta,1516,281,462,655,883,86,2171,1164,548,2259,1624,3883
Airport,CBDAtlanta,979,190,577,346,454,216,1325,644,793,1746,1016,2762
Airport,SEAtlanta,1680,293,343,1080,1401,98,2760,1694,441,2316,2579,4895
Airport,SFulton,827,155,33,246,590,5,1073,745,38,1015,841,1856
Airport,Tri-Cities,3734,692,364,4959,5258,191,8693,5950,555,4790,10408,15198
Airport,Shannon,3018,593,143,2091,5028,58,5109,5621,201,3754,7177,10931
Airport,WCherokee,3,3,0,0,8,0,3,11,0,6,8,14
Airport,NCherokee,1,0,0,0,0,0,1,0,0,1,0,1
Airport,ECentCherokee,32,6,0,6,7,0,38,13,0,38,13,51
Airport,Woodstock,51,11,5,12,27,0,63,38,5,67,39,106
Airport,Airport,5175,830,83,7822,7290,92,12997,8120,175,6088,15204,21292
Airport,NEClayton,3547,588,76,2661,4074,59,6208,4662,135,4211,6794,11005
Airport,Riverdale,3810,666,164,3133,6267,80,6943,6933,244,4640,9480,14120
Airport,SClayton,1482,273,57,418,795,6,1900,1068,63,1812,1219,3031
Airport,NWCobb,144,31,15,20,3,2,164,34,17,190,25,215
Airport,NECobb,136,31,28,15,44,1,151,75,29,195,60,255
Airport,SWCobb,150,26,18,10,64,0,160,90,18,194,74,268
Airport,Marietta,100,28,16,14,29,4,114,57,20,144,47,191
Airport,Cumberland,420,89,82,46,59,0,466,148,82,591,105,696
Airport,SCobb,601,84,104,50,81,2,651,165,106,789,133,922
Airport,Chamblee,346,75,285,23,23,7,369,98,292,706,53,759
Airport,NWDeKalb,440,91,161,58,69,7,498,160,168,692,134,826
Airport,NEDeKalb,479,82,189,46,54,10,525,136,199,750,110,860
Airport,Atlanta-DeKalb,292,39,156,42,60,8,334,99,164,487,110,597
Airport,Decatur,143,27,76,16,12,4,159,39,80,246,32,278
Airport,SWDeKalb,815,150,224,125,185,11,940,335,235,1189,321,1510
Airport,SEDeKalb,686,135,201,46,152,4,732,287,205,1022,202,1224
Airport,SDeKalb,1187,247,107,271,378,11,1458,625,118,1541,660,2201
Airport,WDouglas,295,43,25,37,80,0,332,123,25,363,117,480
Airport,EDouglas,431,55,59,31,81,1,462,136,60,545,113,658
Airport,WFayette,489,70,15,71,192,0,560,262,15,574,263,837
Airport,EFayette,824,134,15,355,706,3,1179,840,18,973,1064,2037
Airport,NGwinnett,47,10,16,8,19,0,55,29,16,73,27,100
Airport,CentGwinnett,140,46,41,15,23,0,155,69,41,227,38,265
Airport,EGwinnett,35,11,0,4,22,0,39,33,0,46,26,72
Airport,Norcross,132,56,64,17,26,0,149,82,64,252,43,295
Airport,Lilburn,107,17,25,10,30,0,117,47,25,149,40,189
Airport,Snellville,147,24,18,12,6,0,159,30,18,189,18,207
Airport,NHenry,1036,149,35,152,377,3,1188,526,38,1220,532,1752
Airport,EHenry,411,50,4,34,86,1,445,136,5,465,121,586
Airport,SHenry,928,129,23,84,222,0,1012,351,23,1080,306,1386
Airport,SRockdale,222,40,16,14,32,1,236,72,17,278,47,325
Airport,NRockdale,193,23,20,10,44,0,203,67,20,236,54,290
Airport,NBarrow,2,0,0,1,0,0,3,0,0,2,1,3
Airport,SBarrow,6,1,0,2,0,0,8,1,0,7,2,9
Airport,NWBartow,2,0,0,1,0,0,3,0,0,2,1,3
Airport,NEBartow,0,0,0,0,4,0,0,4,0,0,4,4
Airport,SWBartow,5,1,0,1,4,0,6,5,0,6,5,11
Airport,Cartersville,12,2,3,6,2,0,18,4,3,17,8,25
Airport,NECarroll,31,7,1,1,4,0,32,11,1,39,5,44
Airport,WCarroll,6,1,0,0,0,0,6,1,0,7,0,7
Airport,CentralCarroll,62,12,0,8,7,0,70,19,0,74,15,89
Airport,SECarroll,12,2,0,2,31,0,14,33,0,14,33,47
Airport,WCoweta,147,23,0,8,30,1,155,53,1,170,39,209
Airport,NCoweta,782,102,50,77,83,1,859,185,51,934,161,1095
Airport,SCoweta,54,8,0,7,12,0,61,20,0,62,19,81
Airport,SECoweta,98,16,0,10,8,0,108,24,0,114,18,132
Airport,NForsyth,5,1,1,2,2,0,7,3,1,7,4,11
Airport,Cumming,15,5,2,3,7,0,18,12,2,22,10,32
Airport,SForsyth,12,3,6,6,3,0,18,6,6,21,9,30
Airport,NHall,0,0,0,0,0,0,0,0,0,0,0,0
Airport,Gainesville,2,0,0,1,2,0,3,2,0,2,3,5
Airport,SHall,5,2,1,2,6,0,7,8,1,8,8,16
Airport,WNewton,235,37,19,18,30,0,253,67,19,291,48,339
Airport,ENewton,14,4,0,1,30,0,15,34,0,18,31,49
Airport,NPaulding,24,4,0,5,1,0,29,5,0,28,6,34
Airport,WPaulding,12,3,0,0,1,0,12,4,0,15,1,16
Airport,EPaulding,160,27,11,12,22,0,172,49,11,198,34,232
Airport,NSpalding,153,20,0,13,41,0,166,61,0,173,54,227
Airport,SSpalding,78,12,0,14,12,0,92,24,0,90,26,116
Airport,WWalton,40,8,2,4,9,0,44,17,2,50,13,63
Airport,EWalton,10,2,0,3,6,0,13,8,0,12,9,21
NEClayton,NFulton,170,38,5,31,73,1,201,111,6,213,105,318
NEClayton,Roswell,114,24,0,24,77,0,138,101,0,138,101,239
NEClayton,SandySprings,538,188,65,69,151,13,607,339,78,791,233,1024
NEClayton,Buckhead,1032,261,95,167,450,28,1199,711,123,1388,645,2033
NEClayton,NWAtlanta,685,147,25,164,345,15,849,492,40,857,524,1381
NEClayton,NEAtlanta,2139,460,176,778,1741,109,2917,2201,285,2775,2628,5403
NEClayton,SWAtlanta,1026,214,41,589,1037,36,1615,1251,77,1281,1662,2943
NEClayton,CBDAtlanta,2503,516,602,842,2620,314,3345,3136,916,3621,3776,7397
NEClayton,SEAtlanta,2835,558,38,3350,7675,137,6185,8233,175,3431,11162,14593
NEClayton,SFulton,573,126,3,207,374,0,780,500,3,702,581,1283
NEClayton,Tri-Cities,3943,795,54,2719,5791,70,6662,6586,124,4792,8580,13372
NEClayton,Shannon,1616,356,13,850,2194,17,2466,2550,30,1985,3061,5046
NEClayton,WCherokee,6,2,0,3,2,0,9,4,0,8,5,13
NEClayton,NCherokee,4,0,0,0,0,0,4,0,0,4,0,4
NEClayton,ECentCherokee,31,6,0,11,27,0,42,33,0,37,38,75
NEClayton,Woodstock,75,20,0,14,17,0,89,37,0,95,31,126
NEClayton,Airport,3331,588,78,2620,3897,54,5951,4485,132,3997,6571,10568
NEClayton,NEClayton,25954,5084,191,44884,94348,452,70838,99432,643,31229,139684,170913
NEClayton,Riverdale,5110,985,58,6012,15043,108,11122,16028,166,6153,21163,27316
NEClayton,SClayton,8132,1522,72,9570,22120,134,17702,23642,206,9726,31824,41550
NEClayton,NWCobb,187,69,2,31,71,6,218,140,8,258,108,366
NEClayton,NECobb,208,53,0,36,53,0,244,106,0,261,89,350
NEClayton,SWCobb,101,19,1,16,20,0,117,39,1,121,36,157
NEClayton,Marietta,163,48,0,43,41,8,206,89,8,211,92,303
NEClayton,Cumberland,660,218,10,95,222,7,755,440,17,888,324,1212
NEClayton,SCobb,349,77,2,66,147,0,415,224,2,428,213,641
NEClayton,Chamblee,686,187,45,102,237,8,788,424,53,918,347,1265
NEClayton,NWDeKalb,1018,199,14,366,979,10,1384,1178,24,1231,1355,2586
NEClayton,NEDeKalb,768,192,7,217,409,9,985,601,16,967,635,1602
NEClayton,Atlanta-DeKalb,339,69,13,289,611,9,628,680,22,421,909,1330
NEClayton,Decatur,279,47,17,112,330,12,391,377,29,343,454,797
NEClayton,SWDeKalb,1091,247,20,747,1916,17,1838,2163,37,1358,2680,4038
NEClayton,SEDeKalb,718,131,10,240,682,7,958,813,17,859,929,1788
NEClayton,SDeKalb,3120,623,14,2851,7388,29,5971,8011,43,3757,10268,14025
NEClayton,WDouglas,213,40,0,34,62,0,247,102,0,253,96,349
NEClayton,EDouglas,258,69,0,50,117,0,308,186,0,327,167,494
NEClayton,WFayette,709,116,1,166,347,3,875,463,4,826,516,1342
NEClayton,EFayette,1505,257,7,779,1598,5,2284,1855,12,1769,2382,4151
NEClayton,NGwinnett,77,16,1,28,35,0,105,51,1,94,63,157
NEClayton,CentGwinnett,230,48,1,63,109,2,293,157,3,279,174,453
NEClayton,EGwinnett,63,8,0,9,12,0,72,20,0,71,21,92
NEClayton,Norcross,328,70,4,49,166,2,377,236,6,402,217,619
NEClayton,Lilburn,177,35,0,36,79,1,213,114,1,212,116,328
NEClayton,Snellville,254,37,1,44,156,1,298,193,2,292,201,493
NEClayton,NHenry,5282,965,17,5291,14829,28,10573,15794,45,6264,20148,26412
NEClayton,EHenry,1423,271,2,593,1252,2,2016,1523,4,1696,1847,3543
NEClayton,SHenry,3320,533,2,1025,2415,7,4345,2948,9,3855,3447,7302
NEClayton,SRockdale,587,93,0,165,442,0,752,535,0,680,607,1287
NEClayton,NRockdale,404,57,1,84,126,5,488,183,6,462,215,677
NEClayton,NBarrow,9,2,0,3,2,0,12,4,0,11,5,16
NEClayton,SBarrow,13,0,0,2,4,0,15,4,0,13,6,19
NEClayton,NWBartow,0,0,0,1,9,0,1,9,0,0,10,10
NEClayton,NEBartow,2,0,0,1,3,0,3,3,0,2,4,6
NEClayton,SWBartow,1,2,0,0,3,0,1,5,0,3,3,6
NEClayton,Cartersville,15,3,0,3,4,0,18,7,0,18,7,25
NEClayton,NECarroll,29,4,0,10,18,0,39,22,0,33,28,61
NEClayton,WCarroll,6,2,0,3,5,0,9,7,0,8,8,16
NEClayton,CentralCarroll,52,9,0,9,27,0,61,36,0,61,36,97
NEClayton,SECarroll,14,2,0,1,7,0,15,9,0,16,8,24
NEClayton,WCoweta,134,16,0,20,23,0,154,39,0,150,43,193
NEClayton,NCoweta,624,93,0,103,114,3,727,207,3,717,220,937
NEClayton,SCoweta,45,6,0,11,39,0,56,45,0,51,50,101
NEClayton,SECoweta,142,22,0,40,53,0,182,75,0,164,93,257
NEClayton,NForsyth,2,3,0,2,4,0,4,7,0,5,6,11
NEClayton,Cumming,22,4,0,13,19,0,35,23,0,26,32,58
NEClayton,SForsyth,37,4,0,5,19,0,42,23,0,41,24,65
NEClayton,NHall,1,0,0,0,0,0,1,0,0,1,0,1
NEClayton,Gainesville,1,0,0,4,3,0,5,3,0,1,7,8
NEClayton,SHall,6,4,0,6,27,0,12,31,0,10,33,43
NEClayton,WNewton,563,115,2,126,230,2,689,345,4,680,358,1038
NEClayton,ENewton,41,8,0,5,14,0,46,22,0,49,19,68
NEClayton,NPaulding,24,2,0,5,5,0,29,7,0,26,10,36
NEClayton,WPaulding,10,2,0,4,8,0,14,10,0,12,12,24
NEClayton,EPaulding,129,18,0,16,49,0,145,67,0,147,65,212
NEClayton,NSpalding,472,86,1,86,156,1,558,242,2,559,243,802
NEClayton,SSpalding,280,48,0,32,96,0,312,144,0,328,128,456
NEClayton,WWalton,80,7,0,17,56,0,97,63,0,87,73,160
NEClayton,EWalton,29,5,0,24,8,0,53,13,0,34,32,66
Riverdale,NFulton,88,26,12,24,41,2,112,67,14,126,67,193
Riverdale,Roswell,67,17,1,10,36,0,77,53,1,85,46,131
Riverdale,SandySprings,420,121,99,46,136,9,466,257,108,640,191,831
Riverdale,Buckhead,798,215,161,102,342,9,900,557,170,1174,453,1627
Riverdale,NWAtlanta,479,107,18,90,262,7,569,369,25,604,359,963
Riverdale,NEAtlanta,1642,368,289,365,767,148,2007,1135,437,2299,1280,3579
Riverdale,SWAtlanta,817,136,28,385,777,45,1202,913,73,981,1207,2188
Riverdale,CBDAtlanta,1990,437,1024,451,1211,349,2441,1648,1373,3451,2011,5462
Riverdale,SEAtlanta,1107,225,24,686,1863,65,1793,2088,89,1356,2614,3970
Riverdale,SFulton,412,88,3,199,596,2,611,684,5,503,797,1300
Riverdale,Tri-Cities,2406,473,36,1375,3807,65,3781,4280,101,2915,5247,8162
Riverdale,Shannon,2166,470,12,3026,9046,37,5192,9516,49,2648,12109,14757
Riverdale,WCherokee,0,0,0,1,0,0,1,0,0,0,1,1
Riverdale,NCherokee,0,0,0,0,9,0,0,9,0,0,9,9
Riverdale,ECentCherokee,11,1,0,2,6,0,13,7,0,12,8,20
Riverdale,Woodstock,21,8,0,7,8,0,28,16,0,29,15,44
Riverdale,Airport,3628,623,156,3150,6155,86,6778,6778,242,4407,9391,13798
Riverdale,NEClayton,4946,973,55,5972,15191,103,10918,16164,158,5974,21266,27240
Riverdale,Riverdale,11107,2282,137,28242,66839,492,39349,69121,629,13526,95573,109099
Riverdale,SClayton,4227,866,40,5730,15441,130,9957,16307,170,5133,21301,26434
Riverdale,NWCobb,91,14,0,29,22,5,120,36,5,105,56,161
Riverdale,NECobb,93,33,0,27,59,0,120,92,0,126,86,212
Riverdale,SWCobb,57,15,0,11,70,0,68,85,0,72,81,153
Riverdale,Marietta,133,21,1,35,41,8,168,62,9,155,84,239
Riverdale,Cumberland,606,155,22,67,127,2,673,282,24,783,196,979
Riverdale,SCobb,252,46,2,57,195,1,309,241,3,300,253,553
Riverdale,Chamblee,446,145,67,64,148,9,510,293,76,658,221,879
Riverdale,NWDeKalb,545,120,29,89,250,10,634,370,39,694,349,1043
Riverdale,NEDeKalb,337,67,7,77,169,11,414,236,18,411,257,668
Riverdale,Atlanta-DeKalb,141,18,10,41,141,6,182,159,16,169,188,357
Riverdale,Decatur,111,18,16,20,93,5,131,111,21,145,118,263
Riverdale,SWDeKalb,323,74,12,126,287,1,449,361,13,409,414,823
Riverdale,SEDeKalb,186,36,5,48,133,1,234,169,6,227,182,409
Riverdale,SDeKalb,519,128,1,261,823,3,780,951,4,648,1087,1735
Riverdale,WDouglas,117,20,0,30,119,0,147,139,0,137,149,286
Riverdale,EDouglas,165,28,0,37,160,0,202,188,0,193,197,390
Riverdale,WFayette,719,140,0,381,1107,0,1100,1247,0,859,1488,2347
Riverdale,EFayette,2419,480,4,3111,8126,20,5530,8606,24,2903,11257,14160
Riverdale,NGwinnett,14,5,1,6,48,0,20,53,1,20,54,74
Riverdale,CentGwinnett,60,24,0,18,51,0,78,75,0,84,69,153
Riverdale,EGwinnett,14,2,0,3,31,0,17,33,0,16,34,50
Riverdale,Norcross,167,50,3,18,24,1,185,74,4,220,43,263
Riverdale,Lilburn,43,10,0,17,26,0,60,36,0,53,43,96
Riverdale,Snellville,49,13,0,11,20,0,60,33,0,62,31,93
Riverdale,NHenry,963,175,2,699,1949,2,1662,2124,4,1140,2650,3790
Riverdale,EHenry,296,47,0,106,381,1,402,428,1,343,488,831
Riverdale,SHenry,968,197,1,377,1133,1,1345,1330,2,1166,1511,2677
Riverdale,SRockdale,104,15,0,21,102,0,125,117,0,119,123,242
Riverdale,NRockdale,82,12,0,25,41,0,107,53,0,94,66,160
Riverdale,NBarrow,4,0,0,0,1,0,4,1,0,4,1,5
Riverdale,SBarrow,1,0,0,1,4,0,2,4,0,1,5,6
Riverdale,NWBartow,3,0,0,0,0,0,3,0,0,3,0,3
Riverdale,NEBartow,1,0,0,1,5,0,2,5,0,1,6,7
Riverdale,SWBartow,1,0,0,0,0,0,1,0,0,1,0,1
Riverdale,Cartersville,5,0,0,3,2,0,8,2,0,5,5,10
Riverdale,NECarroll,15,1,0,4,6,0,19,7,0,16,10,26
Riverdale,WCarroll,0,1,0,0,2,0,0,3,0,1,2,3
Riverdale,CentralCarroll,26,8,0,5,15,0,31,23,0,34,20,54
Riverdale,SECarroll,9,2,0,6,6,0,15,8,0,11,12,23
Riverdale,WCoweta,81,9,0,17,58,0,98,67,0,90,75,165
Riverdale,NCoweta,442,87,0,127,290,0,569,377,0,529,417,946
Riverdale,SCoweta,44,6,0,14,20,0,58,26,0,50,34,84
Riverdale,SECoweta,110,23,0,47,138,0,157,161,0,133,185,318
Riverdale,NForsyth,2,0,0,1,12,0,3,12,0,2,13,15
Riverdale,Cumming,10,1,0,4,19,0,14,20,0,11,23,34
Riverdale,SForsyth,13,3,0,2,7,0,15,10,0,16,9,25
Riverdale,NHall,0,0,0,0,0,0,0,0,0,0,0,0
Riverdale,Gainesville,2,0,0,0,4,0,2,4,0,2,4,6
Riverdale,SHall,2,0,0,0,1,0,2,1,0,2,1,3
Riverdale,WNewton,116,13,0,32,89,0,148,102,0,129,121,250
Riverdale,ENewton,8,1,0,3,2,0,11,3,0,9,5,14
Riverdale,NPaulding,7,0,0,2,5,0,9,5,0,7,7,14
Riverdale,WPaulding,4,1,0,2,23,0,6,24,0,5,25,30
Riverdale,EPaulding,40,11,0,13,30,0,53,41,0,51,43,94
Riverdale,NSpalding,196,31,0,69,216,0,265,247,0,227,285,512
Riverdale,SSpalding,120,32,0,24,63,0,144,95,0,152,87,239
Riverdale,WWalton,14,2,0,4,2,0,18,4,0,16,6,22
Riverdale,EWalton,10,2,0,1,3,0,11,5,0,12,4,16
SClayton,NFulton,80,20,3,15,32,0,95,52,3,103,47,150
SClayton,Roswell,55,16,1,8,34,0,63,50,1,72,42,114
SClayton,SandySprings,334,86,32,37,121,9,371,207,41,452,167,619
SClayton,Buckhead,580,204,52,88,283,2,668,487,54,836,373,1209
SClayton,NWAtlanta,346,87,11,58,137,4,404,224,15,444,199,643
SClayton,NEAtlanta,992,219,69,245,640,45,1237,859,114,1280,930,2210
SClayton,SWAtlanta,429,93,8,165,335,5,594,428,13,530,505,1035
SClayton,CBDAtlanta,1353,303,334,285,777,132,1638,1080,466,1990,1194,3184
SClayton,SEAtlanta,891,172,20,395,966,15,1286,1138,35,1083,1376,2459
SClayton,SFulton,266,40,0,85,144,0,351,184,0,306,229,535
SClayton,Tri-Cities,1628,337,17,435,1215,9,2063,1552,26,1982,1659,3641
SClayton,Shannon,1080,224,0,614,1670,3,1694,1894,3,1304,2287,3591
SClayton,WCherokee,1,0,0,0,2,0,1,2,0,1,2,3
SClayton,NCherokee,0,0,0,0,0,0,0,0,0,0,0,0
SClayton,ECentCherokee,11,3,0,4,0,0,15,3,0,14,4,18
SClayton,Woodstock,20,5,0,7,25,0,27,30,0,25,32,57
SClayton,Airport,1426,269,55,426,848,4,1852,1117,59,1750,1278,3028
SClayton,NEClayton,7705,1485,72,9364,21634,135,17069,23119,207,9262,31133,40395
SClayton,Riverdale,4093,854,42,5701,15502,132,9794,16356,174,4989,21335,26324
SClayton,SClayton,18245,3731,116,32418,71991,261,50663,75722,377,22092,104670,126762
SClayton,NWCobb,64,28,0,32,46,4,96,74,4,92,82,174
SClayton,NECobb,91,27,0,26,94,0,117,121,0,118,120,238
SClayton,SWCobb,38,12,0,7,25,0,45,37,0,50,32,82
SClayton,Marietta,109,21,0,24,20,2,133,41,2,130,46,176
SClayton,Cumberland,447,111,5,42,166,1,489,277,6,563,209,772
SClayton,SCobb,155,39,1,39,102,0,194,141,1,195,141,336
SClayton,Chamblee,341,118,26,47,112,4,388,230,30,485,163,648
SClayton,NWDeKalb,436,122,6,87,270,3,523,392,9,564,360,924
SClayton,NEDeKalb,322,79,2,69,170,5,391,249,7,403,244,647
SClayton,Atlanta-DeKalb,117,23,3,35,99,1,152,122,4,143,135,278
SClayton,Decatur,93,19,5,29,28,6,122,47,11,117,63,180
SClayton,SWDeKalb,334,72,4,92,255,1,426,327,5,410,348,758
SClayton,SEDeKalb,200,34,1,53,129,0,253,163,1,235,182,417
SClayton,SDeKalb,798,181,5,376,921,2,1174,1102,7,984,1299,2283
SClayton,WDouglas,82,17,0,25,25,0,107,42,0,99,50,149
SClayton,EDouglas,124,27,0,19,55,0,143,82,0,151,74,225
SClayton,WFayette,1292,245,1,515,1323,0,1807,1568,1,1538,1838,3376
SClayton,EFayette,3570,693,3,3554,9499,5,7124,10192,8,4266,13058,17324
SClayton,NGwinnett,22,4,0,2,5,0,24,9,0,26,7,33
SClayton,CentGwinnett,88,23,0,23,26,0,111,49,0,111,49,160
SClayton,EGwinnett,14,2,0,7,7,0,21,9,0,16,14,30
SClayton,Norcross,158,46,1,20,77,0,178,123,1,205,97,302
SClayton,Lilburn,63,13,0,16,18,0,79,31,0,76,34,110
SClayton,Snellville,72,12,0,15,26,0,87,38,0,84,41,125
SClayton,NHenry,3770,738,8,5133,12659,14,8903,13397,22,4516,17806,22322
SClayton,EHenry,903,194,2,452,1210,1,1355,1404,3,1099,1663,2762
SClayton,SHenry,4148,807,7,2934,7736,12,7082,8543,19,4962,10682,15644
SClayton,SRockdale,273,54,0,79,248,0,352,302,0,327,327,654
SClayton,NRockdale,206,33,0,44,70,0,250,103,0,239,114,353
SClayton,NBarrow,0,0,0,2,2,0,2,2,0,0,4,4
SClayton,SBarrow,5,0,0,0,0,0,5,0,0,5,0,5
SClayton,NWBartow,0,0,0,0,13,0,0,13,0,0,13,13
SClayton,NEBartow,0,0,0,0,0,0,0,0,0,0,0,0
SClayton,SWBartow,1,0,0,0,0,0,1,0,0,1,0,1
SClayton,Cartersville,3,3,0,1,2,0,4,5,0,6,3,9
SClayton,NECarroll,11,0,0,0,2,0,11,2,0,11,2,13
SClayton,WCarroll,1,1,0,1,10,0,2,11,0,2,11,13
SClayton,CentralCarroll,30,4,0,8,11,0,38,15,0,34,19,53
SClayton,SECarroll,3,0,0,3,2,0,6,2,0,3,5,8
SClayton,WCoweta,70,14,0,14,24,0,84,38,0,84,38,122
SClayton,NCoweta,466,93,0,103,259,0,569,352,0,559,362,921
SClayton,SCoweta,29,9,0,12,59,0,41,68,0,38,71,109
SClayton,SECoweta,206,25,0,81,131,0,287,156,0,231,212,443
SClayton,NForsyth,0,3,0,0,1,0,0,4,0,3,1,4
SClayton,Cumming,5,1,0,3,4,0,8,5,0,6,7,13
SClayton,SForsyth,21,4,0,4,4,0,25,8,0,25,8,33
SClayton,NHall,0,0,0,0,0,0,0,0,0,0,0,0
SClayton,Gainesville,1,0,0,0,0,0,1,0,0,1,0,1
SClayton,SHall,0,0,0,0,0,0,0,0,0,0,0,0
SClayton,WNewton,325,53,0,71,143,0,396,196,0,378,214,592
SClayton,ENewton,21,4,0,8,3,0,29,7,0,25,11,36
SClayton,NPaulding,7,0,0,0,1,0,7,1,0,7,1,8
SClayton,WPaulding,3,0,0,1,0,0,4,0,0,3,1,4
SClayton,EPaulding,29,9,0,6,32,0,35,41,0,38,38,76
SClayton,NSpalding,852,148,0,427,975,3,1279,1123,3,1000,1405,2405
SClayton,SSpalding,453,82,0,120,307,0,573,389,0,535,427,962
SClayton,WWalton,27,9,0,4,46,0,31,55,0,36,50,86
SClayton,EWalton,17,2,0,2,3,0,19,5,0,19,5,24
NWCobb,NFulton,1574,275,5,484,976,33,2058,1251,38,1854,1493,3347
NWCobb,Roswell,1285,248,2,459,1052,23,1744,1300,25,1535,1534,3069
NWCobb,SandySprings,2622,453,32,461,770,20,3083,1223,52,3107,1251,4358
NWCobb,Buckhead,2295,400,40,374,882,30,2669,1282,70,2735,1286,4021
NWCobb,NWAtlanta,887,155,13,135,189,12,1022,344,25,1055,336,1391
NWCobb,NEAtlanta,1662,345,85,250,598,29,1912,943,114,2092,877,2969
NWCobb,SWAtlanta,528,95,10,123,179,14,651,274,24,633,316,949
NWCobb,CBDAtlanta,1296,309,288,119,368,18,1415,677,306,1893,505,2398
NWCobb,SEAtlanta,291,73,8,64,126,6,355,199,14,372,196,568
NWCobb,SFulton,281,42,0,66,100,2,347,142,2,323,168,491
NWCobb,Tri-Cities,343,103,17,65,141,8,408,244,25,463,214,677
NWCobb,Shannon,154,25,1,64,56,7,218,81,8,180,127,307
NWCobb,WCherokee,586,95,1,280,703,5,866,798,6,682,988,1670
NWCobb,NCherokee,196,39,0,102,131,0,298,170,0,235,233,468
NWCobb,ECentCherokee,3285,550,1,1739,3585,50,5024,4135,51,3836,5374,9210
NWCobb,Woodstock,10844,2016,41,12421,30451,242,23265,32467,283,12901,43114,56015
NWCobb,Airport,159,32,16,25,11,2,184,43,18,207,38,245
NWCobb,NEClayton,201,69,2,34,43,7,235,112,9,272,84,356
NWCobb,Riverdale,94,14,0,29,30,6,123,44,6,108,65,173
NWCobb,SClayton,57,25,0,34,46,4,91,71,4,82,84,166
NWCobb,NWCobb,65319,11793,293,116880,234543,986,182199,246336,1279,77405,352409,429814
NWCobb,NECobb,11469,2049,27,12221,24134,237,23690,26183,264,13545,36592,50137
NWCobb,SWCobb,4203,780,5,5114,14126,37,9317,14906,42,4988,19277,24265
NWCobb,Marietta,11158,2068,97,11363,22146,239,22521,24214,336,13323,33748,47071
NWCobb,Cumberland,7554,1299,73,2260,4548,176,9814,5847,249,8926,6984,15910
NWCobb,SCobb,2249,466,17,1361,3411,26,3610,3877,43,2732,4798,7530
NWCobb,Chamblee,1598,301,24,235,412,24,1833,713,48,1923,671,2594
NWCobb,NWDeKalb,638,144,8,106,203,5,744,347,13,790,314,1104
NWCobb,NEDeKalb,466,79,1,104,109,10,570,188,11,546,223,769
NWCobb,Atlanta-DeKalb,71,18,4,16,42,8,87,60,12,93,66,159
NWCobb,Decatur,71,14,7,15,15,2,86,29,9,92,32,124
NWCobb,SWDeKalb,139,37,0,49,47,1,188,84,1,176,97,273
NWCobb,SEDeKalb,58,13,2,37,32,10,95,45,12,73,79,152
NWCobb,SDeKalb,142,39,0,48,69,3,190,108,3,181,120,301
NWCobb,WDouglas,510,76,0,120,286,6,630,362,6,586,412,998
NWCobb,EDouglas,1091,180,1,297,764,5,1388,944,6,1272,1066,2338
NWCobb,WFayette,51,7,0,19,24,0,70,31,0,58,43,101
NWCobb,EFayette,41,8,0,16,41,0,57,49,0,49,57,106
NWCobb,NGwinnett,120,13,0,74,92,3,194,105,3,133,169,302
NWCobb,CentGwinnett,318,50,1,117,113,16,435,163,17,369,246,615
NWCobb,EGwinnett,34,2,0,26,43,2,60,45,2,36,71,107
NWCobb,Norcross,794,111,2,160,190,20,954,301,22,907,370,1277
NWCobb,Lilburn,90,10,0,57,71,4,147,81,4,100,132,232
NWCobb,Snellville,57,10,0,60,47,2,117,57,2,67,109,176
NWCobb,NHenry,43,11,0,29,26,0,72,37,0,54,55,109
NWCobb,EHenry,12,3,0,5,29,1,17,32,1,15,35,50
NWCobb,SHenry,44,7,0,16,20,0,60,27,0,51,36,87
NWCobb,SRockdale,17,5,1,11,18,0,28,23,1,23,29,52
NWCobb,NRockdale,25,11,0,16,8,3,41,19,3,36,27,63
NWCobb,NBarrow,6,0,0,5,5,0,11,5,0,6,10,16
NWCobb,SBarrow,6,0,0,2,21,0,8,21,0,6,23,29
NWCobb,NWBartow,536,95,0,148,442,1,684,537,1,631,591,1222
NWCobb,NEBartow,499,106,0,217,478,2,716,584,2,605,697,1302
NWCobb,SWBartow,943,173,0,458,984,3,1401,1157,3,1116,1445,2561
NWCobb,Cartersville,4887,925,1,3445,8328,10,8332,9253,11,5813,11783,17596
NWCobb,NECarroll,235,58,0,58,117,0,293,175,0,293,175,468
NWCobb,WCarroll,20,3,0,6,4,0,26,7,0,23,10,33
NWCobb,CentralCarroll,106,33,0,46,44,0,152,77,0,139,90,229
NWCobb,SECarroll,13,0,0,6,14,0,19,14,0,13,20,33
NWCobb,WCoweta,18,1,0,9,33,0,27,34,0,19,42,61
NWCobb,NCoweta,50,9,0,26,35,1,76,44,1,59,62,121
NWCobb,SCoweta,1,1,1,0,1,0,1,2,1,3,1,4
NWCobb,SECoweta,7,1,0,2,9,0,9,10,0,8,11,19
NWCobb,NForsyth,127,26,0,59,112,2,186,138,2,153,173,326
NWCobb,Cumming,330,66,0,149,174,7,479,240,7,396,330,726
NWCobb,SForsyth,280,46,0,71,49,7,351,95,7,326,127,453
NWCobb,NHall,8,2,0,4,10,0,12,12,0,10,14,24
NWCobb,Gainesville,14,4,0,8,31,0,22,35,0,18,39,57
NWCobb,SHall,8,0,0,7,9,0,15,9,0,8,16,24
NWCobb,WNewton,16,3,0,10,21,1,26,24,1,19,32,51
NWCobb,ENewton,2,1,0,0,0,0,2,1,0,3,0,3
NWCobb,NPaulding,3528,586,0,3914,11110,5,7442,11696,5,4114,15029,19143
NWCobb,WPaulding,449,58,0,139,446,0,588,504,0,507,585,1092
NWCobb,EPaulding,4797,897,0,3413,9893,6,8210,10790,6,5694,13312,19006
NWCobb,NSpalding,4,0,0,1,9,0,5,9,0,4,10,14
NWCobb,SSpalding,1,1,0,1,6,0,2,7,0,2,7,9
NWCobb,WWalton,9,1,0,4,29,0,13,30,0,10,33,43
NWCobb,EWalton,2,0,0,2,1,0,4,1,0,2,3,5
NECobb,NFulton,5463,1043,12,3115,8416,11,8578,9459,23,6518,11542,18060
NECobb,Roswell,5858,1097,8,6451,16307,13,12309,17404,21,6963,22771,29734
NECobb,SandySprings,7455,1246,79,5552,11717,71,13007,12963,150,8780,17340,26120
NECobb,Buckhead,2971,487,89,1092,2347,20,4063,2834,109,3547,3459,7006
NECobb,NWAtlanta,850,146,6,228,623,2,1078,769,8,1002,853,1855
NECobb,NEAtlanta,1710,315,93,429,845,34,2139,1160,127,2118,1308,3426
NECobb,SWAtlanta,495,86,8,143,405,5,638,491,13,589,553,1142
NECobb,CBDAtlanta,1383,273,350,223,670,49,1606,943,399,2006,942,2948
NECobb,SEAtlanta,305,71,5,75,179,4,380,250,9,381,258,639
NECobb,SFulton,209,39,0,38,60,0,247,99,0,248,98,346
NECobb,Tri-Cities,390,97,2,53,99,0,443,196,2,489,152,641
NECobb,Shannon,165,39,0,39,60,0,204,99,0,204,99,303
NECobb,WCherokee,356,76,0,121,343,0,477,419,0,432,464,896
NECobb,NCherokee,156,25,0,52,176,0,208,201,0,181,228,409
NECobb,ECentCherokee,2749,506,0,1344,3699,0,4093,4205,0,3255,5043,8298
NECobb,Woodstock,6835,1262,1,7543,19481,3,14378,20743,4,8098,27027,35125
NECobb,Airport,155,30,28,16,47,1,171,77,29,213,64,277
NECobb,NEClayton,211,62,0,35,56,0,246,118,0,273,91,364
NECobb,Riverdale,98,27,0,25,62,0,123,89,0,125,87,212
NECobb,SClayton,79,21,0,21,66,0,100,87,0,100,87,187
NECobb,NWCobb,11838,2107,28,12411,24178,229,24249,26285,257,13973,36818,50791
NECobb,NECobb,40179,7010,23,85334,163301,36,125513,170311,59,47212,248671,295883
NECobb,SWCobb,1575,288,0,783,2046,0,2358,2334,0,1863,2829,4692
NECobb,Marietta,11032,1874,68,13125,23047,188,24157,24921,256,12974,36360,49334
NECobb,Cumberland,11797,1895,89,9534,19025,48,21331,20920,137,13781,28607,42388
NECobb,SCobb,1834,325,7,1137,2582,3,2971,2907,10,2166,3722,5888
NECobb,Chamblee,3177,549,31,1575,3391,13,4752,3940,44,3757,4979,8736
NECobb,NWDeKalb,795,147,4,238,471,4,1033,618,8,946,713,1659
NECobb,NEDeKalb,733,131,2,224,478,1,957,609,3,866,703,1569
NECobb,Atlanta-DeKalb,81,16,1,33,33,0,114,49,1,98,66,164
NECobb,Decatur,97,16,1,26,84,2,123,100,3,114,112,226
NECobb,SWDeKalb,162,40,3,46,98,0,208,138,3,205,144,349
NECobb,SEDeKalb,94,25,1,47,58,0,141,83,1,120,105,225
NECobb,SDeKalb,156,42,0,32,81,0,188,123,0,198,113,311
NECobb,WDouglas,242,38,0,38,73,0,280,111,0,280,111,391
NECobb,EDouglas,501,69,0,131,270,0,632,339,0,570,401,971
NECobb,WFayette,38,6,0,15,25,0,53,31,0,44,40,84
NECobb,EFayette,61,9,0,25,32,0,86,41,0,70,57,127
NECobb,NGwinnett,384,58,0,102,289,0,486,347,0,442,391,833
NECobb,CentGwinnett,857,113,1,188,352,1,1045,465,2,971,541,1512
NECobb,EGwinnett,124,12,0,22,62,0,146,74,0,136,84,220
NECobb,Norcross,1509,298,2,426,886,0,1935,1184,2,1809,1312,3121
NECobb,Lilburn,214,41,0,71,126,0,285,167,0,255,197,452
NECobb,Snellville,166,21,0,38,50,0,204,71,0,187,88,275
NECobb,NHenry,80,25,0,22,17,0,102,42,0,105,39,144
NECobb,EHenry,26,6,0,8,26,0,34,32,0,32,34,66
NECobb,SHenry,42,17,0,13,19,0,55,36,0,59,32,91
NECobb,SRockdale,30,10,0,9,3,0,39,13,0,40,12,52
NECobb,NRockdale,57,5,0,23,37,0,80,42,0,62,60,122
NECobb,NBarrow,28,1,0,10,8,0,38,9,0,29,18,47
NECobb,SBarrow,21,4,0,8,11,0,29,15,0,25,19,44
NECobb,NWBartow,165,30,0,45,114,0,210,144,0,195,159,354
NECobb,NEBartow,142,21,0,65,191,0,207,212,0,163,256,419
NECobb,SWBartow,235,45,0,89,275,0,324,320,0,280,364,644
NECobb,Cartersville,984,162,0,268,543,0,1252,705,0,1146,811,1957
NECobb,NECarroll,84,11,0,15,20,0,99,31,0,95,35,130
NECobb,WCarroll,7,0,0,3,1,0,10,1,0,7,4,11
NECobb,CentralCarroll,38,7,0,13,29,0,51,36,0,45,42,87
NECobb,SECarroll,3,1,0,2,1,0,5,2,0,4,3,7
NECobb,WCoweta,4,2,0,5,2,0,9,4,0,6,7,13
NECobb,NCoweta,67,11,0,25,30,0,92,41,0,78,55,133
NECobb,SCoweta,3,0,0,1,12,0,4,12,0,3,13,16
NECobb,SECoweta,6,1,0,2,2,0,8,3,0,7,4,11
NECobb,NForsyth,246,43,0,60,142,0,306,185,0,289,202,491
NECobb,Cumming,863,135,0,224,592,0,1087,727,0,998,816,1814
NECobb,SForsyth,707,134,0,192,484,0,899,618,0,841,676,1517
NECobb,NHall,19,1,0,9,6,0,28,7,0,20,15,35
NECobb,Gainesville,65,10,0,20,58,0,85,68,0,75,78,153
NECobb,SHall,72,6,0,29,66,0,101,72,0,78,95,173
NECobb,WNewton,49,11,0,15,16,0,64,27,0,60,31,91
NECobb,ENewton,4,1,0,3,0,0,7,1,0,5,3,8
NECobb,NPaulding,601,100,0,188,375,0,789,475,0,701,563,1264
NECobb,WPaulding,152,24,0,33,108,0,185,132,0,176,141,317
NECobb,EPaulding,1226,214,0,265,750,0,1491,964,0,1440,1015,2455
NECobb,NSpalding,13,3,0,5,5,0,18,8,0,16,10,26
NECobb,SSpalding,5,0,0,1,1,0,6,1,0,5,2,7
NECobb,WWalton,35,7,0,9,9,0,44,16,0,42,18,60
NECobb,EWalton,10,1,0,5,1,0,15,2,0,11,6,17
SWCobb,NFulton,317,45,2,43,117,1,360,162,3,364,161,525
SWCobb,Roswell,221,49,1,56,122,0,277,171,1,271,178,449
SWCobb,SandySprings,832,157,13,165,374,5,997,531,18,1002,544,1546
SWCobb,Buckhead,849,172,20,214,535,7,1063,707,27,1041,756,1797
SWCobb,NWAtlanta,688,127,1,207,468,2,895,595,3,816,677,1493
SWCobb,NEAtlanta,654,136,16,220,604,40,874,740,56,806,864,1670
SWCobb,SWAtlanta,669,130,10,306,678,17,975,808,27,809,1001,1810
SWCobb,CBDAtlanta,721,110,153,199,322,49,920,432,202,984,570,1554
SWCobb,SEAtlanta,212,52,1,76,109,4,288,161,5,265,189,454
SWCobb,SFulton,564,105,0,207,412,0,771,517,0,669,619,1288
SWCobb,Tri-Cities,360,62,3,60,153,2,420,215,5,425,215,640
SWCobb,Shannon,182,38,0,44,140,2,226,178,2,220,186,406
SWCobb,WCherokee,33,3,0,12,27,0,45,30,0,36,39,75
SWCobb,NCherokee,6,1,0,9,9,0,15,10,0,7,18,25
SWCobb,ECentCherokee,181,42,0,47,131,0,228,173,0,223,178,401
SWCobb,Woodstock,486,79,0,178,603,0,664,682,0,565,781,1346
SWCobb,Airport,179,31,18,12,57,0,191,88,18,228,69,297
SWCobb,NEClayton,103,28,1,16,38,0,119,66,1,132,54,186
SWCobb,Riverdale,53,10,0,9,79,0,62,89,0,63,88,151
SWCobb,SClayton,44,7,0,7,25,0,51,32,0,51,32,83
SWCobb,NWCobb,4314,826,5,5126,13994,36,9440,14820,41,5145,19156,24301
SWCobb,NECobb,1547,283,0,805,2039,0,2352,2322,0,1830,2844,4674
SWCobb,SWCobb,10111,1986,2,23994,56024,7,34105,58010,9,12099,80025,92124
SWCobb,Marietta,4027,734,21,3679,10418,43,7706,11152,64,4782,14140,18922
SWCobb,Cumberland,3964,688,22,1502,4092,11,5466,4780,33,4674,5605,10279
SWCobb,SCobb,4712,884,25,6992,18531,57,11704,19415,82,5621,25580,31201
SWCobb,Chamblee,502,97,4,86,301,6,588,398,10,603,393,996
SWCobb,NWDeKalb,260,61,3,74,162,3,334,223,6,324,239,563
SWCobb,NEDeKalb,202,24,2,56,56,2,258,80,4,228,114,342
SWCobb,Atlanta-DeKalb,42,8,3,12,40,0,54,48,3,53,52,105
SWCobb,Decatur,35,11,4,15,21,4,50,32,8,50,40,90
SWCobb,SWDeKalb,74,17,2,26,39,0,100,56,2,93,65,158
SWCobb,SEDeKalb,38,5,0,9,10,0,47,15,0,43,19,62
SWCobb,SDeKalb,101,21,0,33,60,0,134,81,0,122,93,215
SWCobb,WDouglas,756,142,0,318,961,0,1074,1103,0,898,1279,2177
SWCobb,EDouglas,3118,609,8,3418,7752,3,6536,8361,11,3735,11173,14908
SWCobb,WFayette,54,9,0,13,44,0,67,53,0,63,57,120
SWCobb,EFayette,50,5,0,11,19,0,61,24,0,55,30,85
SWCobb,NGwinnett,20,6,0,19,13,0,39,19,0,26,32,58
SWCobb,CentGwinnett,105,21,0,41,57,0,146,78,0,126,98,224
SWCobb,EGwinnett,7,1,0,1,8,0,8,9,0,8,9,17
SWCobb,Norcross,289,57,0,39,67,0,328,124,0,346,106,452
SWCobb,Lilburn,34,4,0,11,30,0,45,34,0,38,41,79
SWCobb,Snellville,24,3,0,5,14,0,29,17,0,27,19,46
SWCobb,NHenry,24,7,0,12,13,0,36,20,0,31,25,56
SWCobb,EHenry,9,1,0,2,5,0,11,6,0,10,7,17
SWCobb,SHenry,23,4,0,5,6,0,28,10,0,27,11,38
SWCobb,SRockdale,8,0,0,3,4,0,11,4,0,8,7,15
SWCobb,NRockdale,10,2,0,1,13,0,11,15,0,12,14,26
SWCobb,NBarrow,1,0,0,1,1,0,2,1,0,1,2,3
SWCobb,SBarrow,2,1,0,1,0,0,3,1,0,3,1,4
SWCobb,NWBartow,36,6,0,13,46,0,49,52,0,42,59,101
SWCobb,NEBartow,38,2,0,12,19,0,50,21,0,40,31,71
SWCobb,SWBartow,72,13,0,35,73,0,107,86,0,85,108,193
SWCobb,Cartersville,343,70,0,124,298,0,467,368,0,413,422,835
SWCobb,NECarroll,221,37,0,37,103,0,258,140,0,258,140,398
SWCobb,WCarroll,24,3,0,4,4,0,28,7,0,27,8,35
SWCobb,CentralCarroll,139,33,0,52,28,0,191,61,0,172,80,252
SWCobb,SECarroll,10,3,0,2,1,0,12,4,0,13,3,16
SWCobb,WCoweta,25,4,0,7,20,0,32,24,0,29,27,56
SWCobb,NCoweta,91,21,0,25,19,0,116,40,0,112,44,156
SWCobb,SCoweta,3,1,0,1,1,0,4,2,0,4,2,6
SWCobb,SECoweta,11,3,0,4,4,0,15,7,0,14,8,22
SWCobb,NForsyth,8,0,0,3,4,0,11,4,0,8,7,15
SWCobb,Cumming,28,7,0,11,51,0,39,58,0,35,62,97
SWCobb,SForsyth,49,9,0,13,21,0,62,30,0,58,34,92
SWCobb,NHall,0,0,0,0,0,0,0,0,0,0,0,0
SWCobb,Gainesville,1,0,0,1,1,0,2,1,0,1,2,3
SWCobb,SHall,4,0,0,4,1,0,8,1,0,4,5,9
SWCobb,WNewton,14,3,0,5,5,0,19,8,0,17,10,27
SWCobb,ENewton,0,0,0,0,0,0,0,0,0,0,0,0
SWCobb,NPaulding,637,95,0,404,1120,0,1041,1215,0,732,1524,2256
SWCobb,WPaulding,248,43,0,84,319,0,332,362,0,291,403,694
SWCobb,EPaulding,4348,855,0,4959,13574,1,9307,14429,1,5203,18534,23737
SWCobb,NSpalding,3,0,0,0,0,0,3,0,0,3,0,3
SWCobb,SSpalding,3,0,0,0,1,0,3,1,0,3,1,4
SWCobb,WWalton,1,0,0,1,4,0,2,4,0,1,5,6
SWCobb,EWalton,0,0,0,0,0,0,0,0,0,0,0,0
Marietta,NFulton,883,155,2,237,608,24,1120,763,26,1040,869,1909
Marietta,Roswell,832,163,2,388,913,28,1220,1076,30,997,1329,2326
Marietta,SandySprings,1661,295,23,758,1197,58,2419,1492,81,1979,2013,3992
Marietta,Buckhead,1619,265,59,561,982,59,2180,1247,118,1943,1602,3545
Marietta,NWAtlanta,712,128,19,334,558,19,1046,686,38,859,911,1770
Marietta,NEAtlanta,1067,234,66,243,465,60,1310,699,126,1367,768,2135
Marietta,SWAtlanta,550,93,26,230,335,21,780,428,47,669,586,1255
Marietta,CBDAtlanta,770,187,165,119,300,50,889,487,215,1122,469,1591
Marietta,SEAtlanta,231,68,20,67,95,17,298,163,37,319,179,498
Marietta,SFulton,269,52,1,99,149,5,368,201,6,322,253,575
Marietta,Tri-Cities,244,56,13,54,131,25,298,187,38,313,210,523
Marietta,Shannon,204,41,2,66,137,15,270,178,17,247,218,465
Marietta,WCherokee,258,48,0,79,182,0,337,230,0,306,261,567
Marietta,NCherokee,79,19,0,33,66,0,112,85,0,98,99,197
Marietta,ECentCherokee,1182,219,0,341,827,5,1523,1046,5,1401,1173,2574
Marietta,Woodstock,2625,469,8,1267,3308,29,3892,3777,37,3102,4604,7706
Marietta,Airport,120,21,18,11,12,3,131,33,21,159,26,185
Marietta,NEClayton,135,37,1,44,42,8,179,79,9,173,94,267
Marietta,Riverdale,109,23,2,38,37,9,147,60,11,134,84,218
Marietta,SClayton,105,17,0,28,17,2,133,34,2,122,47,169
Marietta,NWCobb,11658,2107,99,11290,22548,247,22948,24655,346,13864,34085,47949
Marietta,NECobb,11163,1880,66,13149,23050,178,24312,24930,244,13109,36377,49486
Marietta,SWCobb,4199,765,21,3622,10474,42,7821,11239,63,4985,14138,19123
Marietta,Marietta,24793,4818,420,41245,67999,960,66038,72817,1380,30031,110204,140235
Marietta,Cumberland,12146,2160,347,11059,19333,601,23205,21493,948,14653,30993,45646
Marietta,SCobb,5971,1131,133,6395,15674,284,12366,16805,417,7235,22353,29588
Marietta,Chamblee,1083,192,24,273,481,37,1356,673,61,1299,791,2090
Marietta,NWDeKalb,383,87,11,80,99,8,463,186,19,481,187,668
Marietta,NEDeKalb,312,60,5,115,96,12,427,156,17,377,223,600
Marietta,Atlanta-DeKalb,85,25,6,23,25,8,108,50,14,116,56,172
Marietta,Decatur,62,12,10,9,14,4,71,26,14,84,27,111
Marietta,SWDeKalb,159,44,13,37,42,9,196,86,22,216,88,304
Marietta,SEDeKalb,143,33,9,40,46,13,183,79,22,185,99,284
Marietta,SDeKalb,189,35,1,44,76,8,233,111,9,225,128,353
Marietta,WDouglas,447,64,1,109,165,4,556,229,5,512,278,790
Marietta,EDouglas,979,186,1,373,839,14,1352,1025,15,1166,1226,2392
Marietta,WFayette,64,12,1,18,34,1,82,46,2,77,53,130
Marietta,EFayette,60,14,0,24,21,0,84,35,0,74,45,119
Marietta,NGwinnett,194,19,0,80,98,6,274,117,6,213,184,397
Marietta,CentGwinnett,318,60,1,98,91,22,416,151,23,379,211,590
Marietta,EGwinnett,74,15,0,20,26,3,94,41,3,89,49,138
Marietta,Norcross,456,80,4,166,197,29,622,277,33,540,392,932
Marietta,Lilburn,106,18,0,68,52,8,174,70,8,124,128,252
Marietta,Snellville,95,16,0,52,37,6,147,53,6,111,95,206
Marietta,NHenry,82,14,1,24,22,1,106,36,2,97,47,144
Marietta,EHenry,31,10,0,10,33,0,41,43,0,41,43,84
Marietta,SHenry,58,21,0,22,23,1,80,44,1,79,46,125
Marietta,SRockdale,31,5,0,13,13,1,44,18,1,36,27,63
Marietta,NRockdale,38,8,1,14,9,4,52,17,5,47,27,74
Marietta,NBarrow,14,0,0,9,11,0,23,11,0,14,20,34
Marietta,SBarrow,7,2,0,7,3,0,14,5,0,9,10,19
Marietta,NWBartow,140,32,0,39,108,0,179,140,0,172,147,319
Marietta,NEBartow,119,32,0,38,73,0,157,105,0,151,111,262
Marietta,SWBartow,201,50,0,73,210,0,274,260,0,251,283,534
Marietta,Cartersville,790,144,0,187,429,0,977,573,0,934,616,1550
Marietta,NECarroll,139,31,0,25,53,0,164,84,0,170,78,248
Marietta,WCarroll,17,4,0,5,6,0,22,10,0,21,11,32
Marietta,CentralCarroll,61,10,0,23,10,0,84,20,0,71,33,104
Marietta,SECarroll,14,1,0,5,1,0,19,2,0,15,6,21
Marietta,WCoweta,19,5,0,6,11,0,25,16,0,24,17,41
Marietta,NCoweta,99,16,0,31,26,1,130,42,1,115,58,173
Marietta,SCoweta,6,1,0,1,0,0,7,1,0,7,1,8
Marietta,SECoweta,12,2,0,1,5,0,13,7,0,14,6,20
Marietta,NForsyth,92,18,0,34,74,0,126,92,0,110,108,218
Marietta,Cumming,172,36,0,78,94,5,250,130,5,208,177,385
Marietta,SForsyth,136,26,0,59,77,2,195,103,2,162,138,300
Marietta,NHall,3,1,0,1,2,0,4,3,0,4,3,7
Marietta,Gainesville,16,1,0,1,11,0,17,12,0,17,12,29
Marietta,SHall,27,8,0,4,6,0,31,14,0,35,10,45
Marietta,WNewton,34,4,0,7,34,0,41,38,0,38,41,79
Marietta,ENewton,5,1,0,1,0,0,6,1,0,6,1,7
Marietta,NPaulding,808,151,0,343,745,1,1151,896,1,959,1089,2048
Marietta,WPaulding,225,33,0,57,113,0,282,146,0,258,170,428
Marietta,EPaulding,2241,402,1,773,1894,3,3014,2296,4,2644,2670,5314
Marietta,NSpalding,9,3,0,3,5,0,12,8,0,12,8,20
Marietta,SSpalding,4,0,0,0,3,0,4,3,0,4,3,7
Marietta,WWalton,18,3,0,6,4,0,24,7,0,21,10,31
Marietta,EWalton,1,1,0,3,3,0,4,4,0,2,6,8
Cumberland,NFulton,1880,337,22,372,813,12,2252,1150,34,2239,1197,3436
Cumberland,Roswell,1724,296,16,513,1216,17,2237,1512,33,2036,1746,3782
Cumberland,SandySprings,8031,1222,143,5887,7744,117,13918,8966,260,9396,13748,23144
Cumberland,Buckhead,8037,1325,254,7399,8909,235,15436,10234,489,9616,16543,26159
Cumberland,NWAtlanta,4178,860,154,3997,5617,135,8175,6477,289,5192,9749,14941
Cumberland,NEAtlanta,4806,871,467,1962,2756,177,6768,3627,644,6144,4895,11039
Cumberland,SWAtlanta,2818,553,193,1363,2697,106,4181,3250,299,3564,4166,7730
Cumberland,CBDAtlanta,3271,624,802,1114,1404,289,4385,2028,1091,4697,2807,7504
Cumberland,SEAtlanta,1223,283,152,333,668,48,1556,951,200,1658,1049,2707
Cumberland,SFulton,1066,187,6,302,557,0,1368,744,6,1259,859,2118
Cumberland,Tri-Cities,1337,252,110,252,459,15,1589,711,125,1699,726,2425
Cumberland,Shannon,1096,201,26,158,399,8,1254,600,34,1323,565,1888
Cumberland,WCherokee,372,52,0,63,131,0,435,183,0,424,194,618
Cumberland,NCherokee,111,18,0,24,97,0,135,115,0,129,121,250
Cumberland,ECentCherokee,1757,285,0,239,520,1,1996,805,1,2042,760,2802
Cumberland,Woodstock,3209,522,9,537,1393,4,3746,1915,13,3740,1934,5674
Cumberland,Airport,474,84,87,35,80,2,509,164,89,645,117,762
Cumberland,NEClayton,686,204,8,98,263,5,784,467,13,898,366,1264
Cumberland,Riverdale,561,134,21,78,190,2,639,324,23,716,270,986
Cumberland,SClayton,409,106,4,43,201,2,452,307,6,519,246,765
Cumberland,NWCobb,7706,1379,74,2251,4815,174,9957,6194,248,9159,7240,16399
Cumberland,NECobb,12240,1991,86,9627,19454,66,21867,21445,152,14317,29147,43464
Cumberland,SWCobb,4186,714,23,1523,4045,12,5709,4759,35,4923,5580,10503
Cumberland,Marietta,12160,2269,344,11013,19169,591,23173,21438,935,14773,30773,45546
Cumberland,Cumberland,76466,11550,1758,110703,128942,2231,187169,140492,3989,89774,241876,331650
Cumberland,SCobb,13055,2311,195,11209,23607,193,24264,25918,388,15561,35009,50570
Cumberland,Chamblee,4576,766,213,1649,2720,48,6225,3486,261,5555,4417,9972
Cumberland,NWDeKalb,1692,305,64,433,658,21,2125,963,85,2061,1112,3173
Cumberland,NEDeKalb,1612,281,70,325,497,17,1937,778,87,1963,839,2802
Cumberland,Atlanta-DeKalb,411,75,60,114,142,11,525,217,71,546,267,813
Cumberland,Decatur,310,52,56,53,143,8,363,195,64,418,204,622
Cumberland,SWDeKalb,819,192,90,118,303,13,937,495,103,1101,434,1535
Cumberland,SEDeKalb,595,168,39,74,110,8,669,278,47,802,192,994
Cumberland,SDeKalb,818,209,24,103,279,8,921,488,32,1051,390,1441
Cumberland,WDouglas,986,170,0,131,362,1,1117,532,1,1156,494,1650
Cumberland,EDouglas,1946,315,8,520,1214,2,2466,1529,10,2269,1736,4005
Cumberland,WFayette,326,48,2,51,129,0,377,177,2,376,180,556
Cumberland,EFayette,331,46,3,61,43,1,392,89,4,380,105,485
Cumberland,NGwinnett,645,108,0,108,217,2,753,325,2,753,327,1080
Cumberland,CentGwinnett,1373,208,12,194,377,3,1567,585,15,1593,574,2167
Cumberland,EGwinnett,291,52,0,51,76,1,342,128,1,343,128,471
Cumberland,Norcross,1955,329,27,362,832,15,2317,1161,42,2311,1209,3520
Cumberland,Lilburn,520,81,5,86,187,2,606,268,7,606,275,881
Cumberland,Snellville,393,78,1,61,106,1,454,184,2,472,168,640
Cumberland,NHenry,379,81,2,55,160,0,434,241,2,462,215,677
Cumberland,EHenry,148,42,0,20,39,0,168,81,0,190,59,249
Cumberland,SHenry,291,75,2,40,65,0,331,140,2,368,105,473
Cumberland,SRockdale,154,37,1,21,33,1,175,70,2,192,55,247
Cumberland,NRockdale,179,45,1,31,25,3,210,70,4,225,59,284
Cumberland,NBarrow,59,11,0,16,30,0,75,41,0,70,46,116
Cumberland,SBarrow,63,11,0,12,67,0,75,78,0,74,79,153
Cumberland,NWBartow,157,32,0,37,66,0,194,98,0,189,103,292
Cumberland,NEBartow,143,21,0,36,103,0,179,124,0,164,139,303
Cumberland,SWBartow,283,46,0,72,242,0,355,288,0,329,314,643
Cumberland,Cartersville,894,148,1,136,283,1,1030,431,2,1043,420,1463
Cumberland,NECarroll,271,44,1,41,108,0,312,152,1,316,149,465
Cumberland,WCarroll,21,7,0,6,7,0,27,14,0,28,13,41
Cumberland,CentralCarroll,157,23,0,33,83,0,190,106,0,180,116,296
Cumberland,SECarroll,26,5,0,11,11,0,37,16,0,31,22,53
Cumberland,WCoweta,85,12,0,9,10,0,94,22,0,97,19,116
Cumberland,NCoweta,450,69,2,77,106,1,527,175,3,521,184,705
Cumberland,SCoweta,26,2,0,8,24,0,34,26,0,28,32,60
Cumberland,SECoweta,47,9,0,7,19,0,54,28,0,56,26,82
Cumberland,NForsyth,182,24,0,50,125,1,232,149,1,206,176,382
Cumberland,Cumming,523,71,3,97,201,2,620,272,5,597,300,897
Cumberland,SForsyth,311,55,1,71,131,3,382,186,4,367,205,572
Cumberland,NHall,16,4,0,4,24,0,20,28,0,20,28,48
Cumberland,Gainesville,50,16,0,20,32,0,70,48,0,66,52,118
Cumberland,SHall,117,12,1,15,92,0,132,104,1,130,107,237
Cumberland,WNewton,194,44,1,25,62,1,219,106,2,239,88,327
Cumberland,ENewton,14,5,0,6,17,0,20,22,0,19,23,42
Cumberland,NPaulding,735,121,0,139,301,1,874,422,1,856,441,1297
Cumberland,WPaulding,252,32,0,50,115,0,302,147,0,284,165,449
Cumberland,EPaulding,2295,400,1,426,867,3,2721,1267,4,2696,1296,3992
Cumberland,NSpalding,45,10,0,5,6,0,50,16,0,55,11,66
Cumberland,SSpalding,28,3,0,6,12,0,34,15,0,31,18,49
Cumberland,WWalton,77,8,0,10,27,0,87,35,0,85,37,122
Cumberland,EWalton,23,2,0,10,9,0,33,11,0,25,19,44
SCobb,NFulton,447,77,3,84,152,1,531,229,4,527,237,764
SCobb,Roswell,281,63,2,101,267,1,382,330,3,346,369,715
SCobb,SandySprings,1979,315,54,615,1260,12,2594,1575,66,2348,1887,4235
SCobb,Buckhead,2557,428,121,1126,2571,58,3683,2999,179,3106,3755,6861
SCobb,NWAtlanta,2602,510,55,2423,5578,68,5025,6088,123,3167,8069,11236
SCobb,NEAtlanta,2666,438,217,977,2282,153,3643,2720,370,3321,3412,6733
SCobb,SWAtlanta,3090,602,65,3405,7258,101,6495,7860,166,3757,10764,14521
SCobb,CBDAtlanta,2769,456,770,803,1835,328,3572,2291,1098,3995,2966,6961
SCobb,SEAtlanta,759,131,31,343,886,24,1102,1017,55,921,1253,2174
SCobb,SFulton,1458,249,7,1201,2346,2,2659,2595,9,1714,3549,5263
SCobb,Tri-Cities,1091,216,28,364,897,17,1455,1113,45,1335,1278,2613
SCobb,Shannon,638,100,5,212,588,1,850,688,6,743,801,1544
SCobb,WCherokee,54,11,0,20,47,0,74,58,0,65,67,132
SCobb,NCherokee,14,1,0,7,15,0,21,16,0,15,22,37
SCobb,ECentCherokee,267,49,0,85,188,0,352,237,0,316,273,589
SCobb,Woodstock,488,82,0,173,494,0,661,576,0,570,667,1237
SCobb,Airport,691,102,111,60,116,1,751,218,112,904,177,1081
SCobb,NEClayton,353,81,4,63,196,0,416,277,4,438,259,697
SCobb,Riverdale,278,54,3,54,166,0,332,220,3,335,220,555
SCobb,SClayton,136,30,1,44,108,0,180,138,1,167,152,319
SCobb,NWCobb,2432,437,20,1396,3284,36,3828,3721,56,2889,4716,7605
SCobb,NECobb,1830,303,8,1092,2684,3,2922,2987,11,2141,3779,5920
SCobb,SWCobb,5232,983,27,7200,18514,54,12432,19497,81,6242,25768,32010
SCobb,Marietta,5963,1130,125,6409,15432,287,12372,16562,412,7218,22128,29346
SCobb,Cumberland,12293,2103,203,10933,23471,228,23226,25574,431,14599,34632,49231
SCobb,SCobb,24040,4671,259,52087,111703,751,76127,116374,1010,28970,164541,193511
SCobb,Chamblee,1295,244,63,273,620,22,1568,864,85,1602,915,2517
SCobb,NWDeKalb,843,141,22,210,474,9,1053,615,31,1006,693,1699
SCobb,NEDeKalb,503,101,19,108,247,11,611,348,30,623,366,989
SCobb,Atlanta-DeKalb,184,45,13,69,157,1,253,202,14,242,227,469
SCobb,Decatur,183,27,32,42,78,15,225,105,47,242,135,377
SCobb,SWDeKalb,391,59,13,82,245,10,473,304,23,463,337,800
SCobb,SEDeKalb,187,31,5,39,65,4,226,96,9,223,108,331
SCobb,SDeKalb,348,71,3,77,186,3,425,257,6,422,266,688
SCobb,WDouglas,1375,245,0,501,1517,1,1876,1762,1,1620,2019,3639
SCobb,EDouglas,4790,885,18,5949,12843,46,10739,13728,64,5693,18838,24531
SCobb,WFayette,196,29,1,41,80,0,237,109,1,226,121,347
SCobb,EFayette,181,31,0,50,67,0,231,98,0,212,117,329
SCobb,NGwinnett,120,24,0,30,106,0,150,130,0,144,136,280
SCobb,CentGwinnett,268,55,0,79,123,0,347,178,0,323,202,525
SCobb,EGwinnett,50,6,0,11,32,0,61,38,0,56,43,99
SCobb,Norcross,450,83,8,83,194,0,533,277,8,541,277,818
SCobb,Lilburn,99,22,1,24,39,0,123,61,1,122,63,185
SCobb,Snellville,67,28,0,21,18,0,88,46,0,95,39,134
SCobb,NHenry,134,20,0,32,41,0,166,61,0,154,73,227
SCobb,EHenry,64,15,0,9,58,0,73,73,0,79,67,146
SCobb,SHenry,114,19,1,32,83,0,146,102,1,134,115,249
SCobb,SRockdale,60,13,1,11,67,0,71,80,1,74,78,152
SCobb,NRockdale,77,9,1,17,47,0,94,56,1,87,64,151
SCobb,NBarrow,7,2,0,5,4,0,12,6,0,9,9,18
SCobb,SBarrow,4,3,0,3,19,0,7,22,0,7,22,29
SCobb,NWBartow,32,2,0,11,10,0,43,12,0,34,21,55
SCobb,NEBartow,28,3,0,13,31,0,41,34,0,31,44,75
SCobb,SWBartow,69,5,0,18,92,0,87,97,0,74,110,184
SCobb,Cartersville,206,46,0,76,139,0,282,185,0,252,215,467
SCobb,NECarroll,315,58,0,56,148,0,371,206,0,373,204,577
SCobb,WCarroll,29,6,0,13,22,0,42,28,0,35,35,70
SCobb,CentralCarroll,201,37,0,58,120,0,259,157,0,238,178,416
SCobb,SECarroll,27,4,0,8,37,0,35,41,0,31,45,76
SCobb,WCoweta,75,6,0,14,36,0,89,42,0,81,50,131
SCobb,NCoweta,300,56,0,64,159,0,364,215,0,356,223,579
SCobb,SCoweta,17,2,0,9,24,0,26,26,0,19,33,52
SCobb,SECoweta,25,7,0,4,7,0,29,14,0,32,11,43
SCobb,NForsyth,25,5,0,9,50,0,34,55,0,30,59,89
SCobb,Cumming,74,6,0,35,82,0,109,88,0,80,117,197
SCobb,SForsyth,82,16,0,26,28,0,108,44,0,98,54,152
SCobb,NHall,2,1,0,0,3,0,2,4,0,3,3,6
SCobb,Gainesville,7,0,0,4,7,0,11,7,0,7,11,18
SCobb,SHall,12,7,0,8,19,0,20,26,0,19,27,46
SCobb,WNewton,73,12,0,25,40,0,98,52,0,85,65,150
SCobb,ENewton,5,0,0,3,4,0,8,4,0,5,7,12
SCobb,NPaulding,391,72,0,136,371,0,527,443,0,463,507,970
SCobb,WPaulding,248,42,0,77,205,0,325,247,0,290,282,572
SCobb,EPaulding,2351,441,1,1186,3596,4,3537,4037,5,2793,4786,7579
SCobb,NSpalding,25,2,0,6,11,0,31,13,0,27,17,44
SCobb,SSpalding,16,2,0,1,14,0,17,16,0,18,15,33
SCobb,WWalton,23,5,0,4,8,0,27,13,0,28,12,40
SCobb,EWalton,6,0,0,3,1,0,9,1,0,6,4,10
Chamblee,NFulton,4669,851,163,1516,3499,105,6185,4350,268,5683,5120,10803
Chamblee,Roswell,4090,758,111,2369,6420,47,6459,7178,158,4959,8836,13795
Chamblee,SandySprings,18751,3112,728,24739,34194,570,43490,37306,1298,22591,59503,82094
Chamblee,Buckhead,11321,1812,1037,11213,18420,889,22534,20232,1926,14170,30522,44692
Chamblee,NWAtlanta,1696,382,308,543,820,115,2239,1202,423,2386,1478,3864
Chamblee,NEAtlanta,6303,1167,1572,3160,5702,859,9463,6869,2431,9042,9721,18763
Chamblee,SWAtlanta,1327,306,431,260,482,107,1587,788,538,2064,849,2913
Chamblee,CBDAtlanta,3372,738,3164,767,2230,1025,4139,2968,4189,7274,4022,11296
Chamblee,SEAtlanta,1176,332,332,300,575,91,1476,907,423,1840,966,2806
Chamblee,SFulton,337,79,21,72,153,2,409,232,23,437,227,664
Chamblee,Tri-Cities,948,279,270,103,309,49,1051,588,319,1497,461,1958
Chamblee,Shannon,487,125,88,71,151,12,558,276,100,700,234,934
Chamblee,WCherokee,83,11,0,26,78,0,109,89,0,94,104,198
Chamblee,NCherokee,40,6,0,14,20,0,54,26,0,46,34,80
Chamblee,ECentCherokee,648,109,2,139,355,5,787,464,7,759,499,1258
Chamblee,Woodstock,1006,176,11,152,373,7,1158,549,18,1193,532,1725
Chamblee,Airport,326,82,314,29,25,4,355,107,318,722,58,780
Chamblee,NEClayton,657,197,43,100,216,10,757,413,53,897,326,1223
Chamblee,Riverdale,426,137,63,57,113,10,483,250,73,626,180,806
Chamblee,SClayton,321,95,27,36,93,4,357,188,31,443,133,576
Chamblee,NWCobb,1560,291,25,226,375,20,1786,666,45,1876,621,2497
Chamblee,NECobb,3218,549,32,1605,3473,12,4823,4022,44,3799,5090,8889
Chamblee,SWCobb,451,76,4,95,305,7,546,381,11,531,407,938
Chamblee,Marietta,1073,186,29,257,494,40,1330,680,69,1288,791,2079
Chamblee,Cumberland,4602,731,205,1662,2707,57,6264,3438,262,5538,4426,9964
Chamblee,SCobb,1257,230,60,289,642,20,1546,872,80,1547,951,2498
Chamblee,Chamblee,42135,7520,1370,74688,128330,2083,116823,135850,3453,51025,205101,256126
Chamblee,NWDeKalb,7307,1255,333,7703,14359,365,15010,15614,698,8895,22427,31322
Chamblee,NEDeKalb,8841,1660,181,9621,19683,213,18462,21343,394,10682,29517,40199
Chamblee,Atlanta-DeKalb,720,122,112,356,593,60,1076,715,172,954,1009,1963
Chamblee,Decatur,838,135,111,478,913,47,1316,1048,158,1084,1438,2522
Chamblee,SWDeKalb,1692,361,189,633,1456,73,2325,1817,262,2242,2162,4404
Chamblee,SEDeKalb,1798,381,94,441,1053,64,2239,1434,158,2273,1558,3831
Chamblee,SDeKalb,1343,248,56,292,777,23,1635,1025,79,1647,1092,2739
Chamblee,WDouglas,232,44,3,46,88,2,278,132,5,279,136,415
Chamblee,EDouglas,384,60,16,53,122,17,437,182,33,460,192,652
Chamblee,WFayette,107,22,7,21,86,1,128,108,8,136,108,244
Chamblee,EFayette,148,37,3,28,83,0,176,120,3,188,111,299
Chamblee,NGwinnett,2491,398,13,466,1089,16,2957,1487,29,2902,1571,4473
Chamblee,CentGwinnett,5880,1016,61,1869,4438,114,7749,5454,175,6957,6421,13378
Chamblee,EGwinnett,1031,157,0,194,396,7,1225,553,7,1188,597,1785
Chamblee,Norcross,11692,2201,180,11780,24491,278,23472,26692,458,14073,36549,50622
Chamblee,Lilburn,2010,360,23,966,2833,36,2976,3193,59,2393,3835,6228
Chamblee,Snellville,1324,239,8,297,615,16,1621,854,24,1571,928,2499
Chamblee,NHenry,447,90,11,73,160,1,520,250,12,548,234,782
Chamblee,EHenry,217,36,5,60,65,2,277,101,7,258,127,385
Chamblee,SHenry,284,68,12,50,123,3,334,191,15,364,176,540
Chamblee,SRockdale,293,53,7,43,162,1,336,215,8,353,206,559
Chamblee,NRockdale,343,65,7,57,98,2,400,163,9,415,157,572
Chamblee,NBarrow,240,42,0,52,126,0,292,168,0,282,178,460
Chamblee,SBarrow,189,40,0,52,127,0,241,167,0,229,179,408
Chamblee,NWBartow,26,7,0,7,19,0,33,26,0,33,26,59
Chamblee,NEBartow,34,3,0,7,38,0,41,41,0,37,45,82
Chamblee,SWBartow,74,11,0,24,28,0,98,39,0,85,52,137
Chamblee,Cartersville,191,32,2,32,83,0,223,115,2,225,115,340
Chamblee,NECarroll,49,10,1,24,31,0,73,41,1,60,55,115
Chamblee,WCarroll,1,0,0,2,3,0,3,3,0,1,5,6
Chamblee,CentralCarroll,15,5,0,8,5,0,23,10,0,20,13,33
Chamblee,SECarroll,2,0,0,4,6,0,6,6,0,2,10,12
Chamblee,WCoweta,16,3,1,3,19,0,19,22,1,20,22,42
Chamblee,NCoweta,141,36,9,34,42,3,175,78,12,186,79,265
Chamblee,SCoweta,3,2,0,3,20,0,6,22,0,5,23,28
Chamblee,SECoweta,13,9,0,11,17,0,24,26,0,22,28,50
Chamblee,NForsyth,303,34,0,81,241,1,384,275,1,337,323,660
Chamblee,Cumming,970,163,6,219,458,11,1189,621,17,1139,688,1827
Chamblee,SForsyth,898,176,10,296,668,5,1194,844,15,1084,969,2053
Chamblee,NHall,67,10,0,21,9,0,88,19,0,77,30,107
Chamblee,Gainesville,166,18,0,39,69,0,205,87,0,184,108,292
Chamblee,SHall,489,74,0,78,161,0,567,235,0,563,239,802
Chamblee,WNewton,369,76,5,82,97,0,451,173,5,450,179,629
Chamblee,ENewton,41,2,0,6,22,0,47,24,0,43,28,71
Chamblee,NPaulding,162,23,0,28,45,0,190,68,0,185,73,258
Chamblee,WPaulding,27,4,0,8,27,0,35,31,0,31,35,66
Chamblee,EPaulding,373,65,3,65,123,1,438,188,4,441,189,630
Chamblee,NSpalding,41,8,0,9,29,1,50,37,1,49,39,88
Chamblee,SSpalding,20,3,0,4,12,0,24,15,0,23,16,39
Chamblee,WWalton,254,49,0,58,104,1,312,153,1,303,163,466
Chamblee,EWalton,108,7,0,22,41,0,130,48,0,115,63,178
NWDeKalb,NFulton,1026,179,52,206,679,9,1232,858,61,1257,894,2151
NWDeKalb,Roswell,792,141,35,209,639,23,1001,780,58,968,871,1839
NWDeKalb,SandySprings,2976,475,229,1121,1854,104,4097,2329,333,3680,3079,6759
NWDeKalb,Buckhead,5903,928,279,6190,8211,249,12093,9139,528,7110,14650,21760
NWDeKalb,NWAtlanta,1315,265,169,831,1174,79,2146,1439,248,1749,2084,3833
NWDeKalb,NEAtlanta,7735,1190,565,9245,10609,498,16980,11799,1063,9490,20352,29842
NWDeKalb,SWAtlanta,1433,285,249,546,974,134,1979,1259,383,1967,1654,3621
NWDeKalb,CBDAtlanta,3525,604,1076,2036,2863,502,5561,3467,1578,5205,5401,10606
NWDeKalb,SEAtlanta,1557,313,166,1053,1802,113,2610,2115,279,2036,2968,5004
NWDeKalb,SFulton,371,72,11,112,254,2,483,326,13,454,368,822
NWDeKalb,Tri-Cities,1109,238,133,220,430,69,1329,668,202,1480,719,2199
NWDeKalb,Shannon,686,127,40,126,369,15,812,496,55,853,510,1363
NWDeKalb,WCherokee,23,8,0,12,21,0,35,29,0,31,33,64
NWDeKalb,NCherokee,13,3,0,5,12,0,18,15,0,16,17,33
NWDeKalb,ECentCherokee,180,36,0,58,189,4,238,225,4,216,251,467
NWDeKalb,Woodstock,311,71,4,44,148,3,355,219,7,386,195,581
NWDeKalb,Airport,426,75,174,59,73,6,485,148,180,675,138,813
NWDeKalb,NEClayton,1014,200,14,348,966,12,1362,1166,26,1228,1326,2554
NWDeKalb,Riverdale,477,119,27,94,169,9,571,288,36,623,272,895
NWDeKalb,SClayton,390,122,5,84,218,3,474,340,8,517,305,822
NWDeKalb,NWCobb,599,144,6,105,249,5,704,393,11,749,359,1108
NWDeKalb,NECobb,730,149,4,228,440,4,958,589,8,883,672,1555
NWDeKalb,SWCobb,235,55,3,64,129,3,299,184,6,293,196,489
NWDeKalb,Marietta,362,74,9,70,110,8,432,184,17,445,188,633
NWDeKalb,Cumberland,1652,310,60,411,705,19,2063,1015,79,2022,1135,3157
NWDeKalb,SCobb,780,141,16,206,400,7,986,541,23,937,613,1550
NWDeKalb,Chamblee,7436,1287,332,7751,14188,391,15187,15475,723,9055,22330,31385
NWDeKalb,NWDeKalb,27819,4415,1852,42011,52602,2321,69830,57017,4173,34086,96934,131020
NWDeKalb,NEDeKalb,10037,1771,428,10410,22561,674,20447,24332,1102,12236,33645,45881
NWDeKalb,Atlanta-DeKalb,1950,336,124,3138,4689,113,5088,5025,237,2410,7940,10350
NWDeKalb,Decatur,3451,567,243,6387,7650,450,9838,8217,693,4261,14487,18748
NWDeKalb,SWDeKalb,4262,853,295,5625,12070,485,9887,12923,780,5410,18180,23590
NWDeKalb,SEDeKalb,3739,676,134,2398,6961,210,6137,7637,344,4549,9569,14118
NWDeKalb,SDeKalb,2796,548,93,1442,3976,85,4238,4524,178,3437,5503,8940
NWDeKalb,WDouglas,227,39,3,68,131,2,295,170,5,269,201,470
NWDeKalb,EDouglas,352,69,15,82,169,9,434,238,24,436,260,696
NWDeKalb,WFayette,137,22,1,38,91,5,175,113,6,160,134,294
NWDeKalb,EFayette,182,50,4,56,187,3,238,237,7,236,246,482
NWDeKalb,NGwinnett,1026,167,2,252,677,9,1278,844,11,1195,938,2133
NWDeKalb,CentGwinnett,2259,399,21,619,2262,55,2878,2661,76,2679,2936,5615
NWDeKalb,EGwinnett,506,101,2,124,451,4,630,552,6,609,579,1188
NWDeKalb,Norcross,2848,536,43,1396,4714,152,4244,5250,195,3427,6262,9689
NWDeKalb,Lilburn,1684,291,20,915,3373,71,2599,3664,91,1995,4359,6354
NWDeKalb,Snellville,1478,304,5,588,2285,41,2066,2589,46,1787,2914,4701
NWDeKalb,NHenry,765,134,5,285,629,6,1050,763,11,904,920,1824
NWDeKalb,EHenry,304,70,3,94,218,2,398,288,5,377,314,691
NWDeKalb,SHenry,489,84,1,89,263,3,578,347,4,574,355,929
NWDeKalb,SRockdale,398,68,1,139,279,3,537,347,4,467,421,888
NWDeKalb,NRockdale,440,91,7,86,235,4,526,326,11,538,325,863
NWDeKalb,NBarrow,103,13,0,23,52,1,126,65,1,116,76,192
NWDeKalb,SBarrow,78,18,0,35,79,2,113,97,2,96,116,212
NWDeKalb,NWBartow,8,2,0,6,18,0,14,20,0,10,24,34
NWDeKalb,NEBartow,8,2,0,6,37,0,14,39,0,10,43,53
NWDeKalb,SWBartow,16,5,0,8,55,0,24,60,0,21,63,84
NWDeKalb,Cartersville,63,15,1,19,72,0,82,87,1,79,91,170
NWDeKalb,NECarroll,49,7,0,17,36,0,66,43,0,56,53,109
NWDeKalb,WCarroll,2,0,0,4,1,0,6,1,0,2,5,7
NWDeKalb,CentralCarroll,24,1,1,10,38,0,34,39,1,26,48,74
NWDeKalb,SECarroll,2,3,0,3,3,0,5,6,0,5,6,11
NWDeKalb,WCoweta,31,9,0,13,23,0,44,32,0,40,36,76
NWDeKalb,NCoweta,206,45,9,46,135,3,252,180,12,260,184,444
NWDeKalb,SCoweta,13,5,0,3,58,0,16,63,0,18,61,79
NWDeKalb,SECoweta,32,5,0,15,15,0,47,20,0,37,30,67
NWDeKalb,NForsyth,48,8,0,34,100,0,82,108,0,56,134,190
NWDeKalb,Cumming,214,32,2,87,268,5,301,300,7,248,360,608
NWDeKalb,SForsyth,187,36,3,61,171,6,248,207,9,226,238,464
NWDeKalb,NHall,13,0,0,8,54,0,21,54,0,13,62,75
NWDeKalb,Gainesville,55,10,0,20,60,0,75,70,0,65,80,145
NWDeKalb,SHall,165,30,0,47,138,0,212,168,0,195,185,380
NWDeKalb,WNewton,569,111,8,111,264,3,680,375,11,688,378,1066
NWDeKalb,ENewton,75,13,1,11,31,0,86,44,1,89,42,131
NWDeKalb,NPaulding,60,7,0,20,46,1,80,53,1,67,67,134
NWDeKalb,WPaulding,21,2,0,11,27,0,32,29,0,23,38,61
NWDeKalb,EPaulding,202,43,0,59,96,2,261,139,2,245,157,402
NWDeKalb,NSpalding,41,11,0,9,17,0,50,28,0,52,26,78
NWDeKalb,SSpalding,32,6,0,9,13,0,41,19,0,38,22,60
NWDeKalb,WWalton,253,52,1,88,195,0,341,247,1,306,283,589
NWDeKalb,EWalton,89,15,1,32,69,0,121,84,1,105,101,206
NEDeKalb,NFulton,1352,267,29,359,936,19,1711,1203,48,1648,1314,2962
NEDeKalb,Roswell,1026,194,13,452,1072,15,1478,1266,28,1233,1539,2772
NEDeKalb,SandySprings,3757,651,219,1427,2319,65,5184,2970,284,4627,3811,8438
NEDeKalb,Buckhead,4033,733,361,1544,2871,192,5577,3604,553,5127,4607,9734
NEDeKalb,NWAtlanta,1028,221,117,243,360,41,1271,581,158,1366,644,2010
NEDeKalb,NEAtlanta,4239,755,682,1719,3137,390,5958,3892,1072,5676,5246,10922
NEDeKalb,SWAtlanta,915,178,166,218,314,103,1133,492,269,1259,635,1894
NEDeKalb,CBDAtlanta,3357,552,2221,712,1520,704,4069,2072,2925,6130,2936,9066
NEDeKalb,SEAtlanta,1071,218,117,331,532,83,1402,750,200,1406,946,2352
NEDeKalb,SFulton,178,35,3,39,61,2,217,96,5,216,102,318
NEDeKalb,Tri-Cities,799,188,94,83,212,31,882,400,125,1081,326,1407
NEDeKalb,Shannon,383,78,19,79,191,9,462,269,28,480,279,759
NEDeKalb,WCherokee,15,6,0,4,17,0,19,23,0,21,21,42
NEDeKalb,NCherokee,6,2,0,2,18,0,8,20,0,8,20,28
NEDeKalb,ECentCherokee,163,23,0,60,79,0,223,102,0,186,139,325
NEDeKalb,Woodstock,240,53,1,57,86,2,297,139,3,294,145,439
NEDeKalb,Airport,459,106,200,45,55,11,504,161,211,765,111,876
NEDeKalb,NEClayton,803,156,13,210,441,9,1013,597,22,972,660,1632
NEDeKalb,Riverdale,325,58,7,65,148,6,390,206,13,390,219,609
NEDeKalb,SClayton,340,67,2,68,142,2,408,209,4,409,212,621
NEDeKalb,NWCobb,432,67,1,106,110,8,538,177,9,500,224,724
NEDeKalb,NECobb,697,121,2,205,462,1,902,583,3,820,668,1488
NEDeKalb,SWCobb,164,25,2,54,66,2,218,91,4,191,122,313
NEDeKalb,Marietta,335,54,7,90,172,12,425,226,19,396,274,670
NEDeKalb,Cumberland,1554,286,69,332,606,17,1886,892,86,1909,955,2864
NEDeKalb,SCobb,493,87,16,114,261,10,607,348,26,596,385,981
NEDeKalb,Chamblee,8609,1576,184,9642,19980,176,18251,21556,360,10369,29798,40167
NEDeKalb,NWDeKalb,9413,1689,425,10199,21579,665,19612,23268,1090,11527,32443,43970
NEDeKalb,NEDeKalb,36363,6849,1132,68002,120530,2241,104365,127379,3373,44344,190773,235117
NEDeKalb,Atlanta-DeKalb,737,119,46,590,956,63,1327,1075,109,902,1609,2511
NEDeKalb,Decatur,1342,243,70,1385,3745,212,2727,3988,282,1655,5342,6997
NEDeKalb,SWDeKalb,3703,747,170,4939,11928,413,8642,12675,583,4620,17280,21900
NEDeKalb,SEDeKalb,5620,1167,89,6958,20099,314,12578,21266,403,6876,27371,34247
NEDeKalb,SDeKalb,2479,506,30,1497,3965,51,3976,4471,81,3015,5513,8528
NEDeKalb,WDouglas,115,31,1,40,47,1,155,78,2,147,88,235
NEDeKalb,EDouglas,192,36,2,52,112,5,244,148,7,230,169,399
NEDeKalb,WFayette,100,14,0,26,56,3,126,70,3,114,85,199
NEDeKalb,EFayette,146,34,1,52,57,0,198,91,1,181,109,290
NEDeKalb,NGwinnett,2026,312,3,447,1027,10,2473,1339,13,2341,1484,3825
NEDeKalb,CentGwinnett,5195,928,8,2444,5892,57,7639,6820,65,6131,8393,14524
NEDeKalb,EGwinnett,1199,203,0,338,884,7,1537,1087,7,1402,1229,2631
NEDeKalb,Norcross,8544,1651,74,9629,21773,114,18173,23424,188,10269,31516,41785
NEDeKalb,Lilburn,7002,1238,64,7968,19727,110,14970,20965,174,8304,27805,36109
NEDeKalb,Snellville,3843,660,15,2324,7277,73,6167,7937,88,4518,9674,14192
NEDeKalb,NHenry,632,138,1,273,477,7,905,615,8,771,757,1528
NEDeKalb,EHenry,385,67,0,131,210,0,516,277,0,452,341,793
NEDeKalb,SHenry,410,79,0,110,202,3,520,281,3,489,315,804
NEDeKalb,SRockdale,595,101,3,199,403,6,794,504,9,699,608,1307
NEDeKalb,NRockdale,782,152,2,236,508,9,1018,660,11,936,753,1689
NEDeKalb,NBarrow,205,36,1,53,131,0,258,167,1,242,184,426
NEDeKalb,SBarrow,191,44,0,56,122,0,247,166,0,235,178,413
NEDeKalb,NWBartow,5,0,0,3,0,0,8,0,0,5,3,8
NEDeKalb,NEBartow,4,1,0,3,15,0,7,16,0,5,18,23
NEDeKalb,SWBartow,14,2,0,6,6,0,20,8,0,16,12,28
NEDeKalb,Cartersville,43,5,0,24,69,0,67,74,0,48,93,141
NEDeKalb,NECarroll,22,2,0,9,3,0,31,5,0,24,12,36
NEDeKalb,WCarroll,1,0,0,0,9,0,1,9,0,1,9,10
NEDeKalb,CentralCarroll,7,1,0,14,5,0,21,6,0,8,19,27
NEDeKalb,SECarroll,2,0,0,0,0,0,2,0,0,2,0,2
NEDeKalb,WCoweta,15,1,0,4,4,0,19,5,0,16,8,24
NEDeKalb,NCoweta,113,14,0,34,66,1,147,80,1,127,101,228
NEDeKalb,SCoweta,3,0,0,3,4,0,6,4,0,3,7,10
NEDeKalb,SECoweta,22,5,0,8,4,0,30,9,0,27,12,39
NEDeKalb,NForsyth,74,11,0,29,79,0,103,90,0,85,108,193
NEDeKalb,Cumming,242,35,0,73,183,1,315,218,1,277,257,534
NEDeKalb,SForsyth,328,63,0,98,312,3,426,375,3,391,413,804
NEDeKalb,NHall,46,4,0,21,43,0,67,47,0,50,64,114
NEDeKalb,Gainesville,145,18,0,34,48,0,179,66,0,163,82,245
NEDeKalb,SHall,401,59,0,89,118,1,490,177,1,460,208,668
NEDeKalb,WNewton,748,153,3,197,268,4,945,421,7,904,469,1373
NEDeKalb,ENewton,78,20,0,25,56,0,103,76,0,98,81,179
NEDeKalb,NPaulding,47,5,0,9,16,0,56,21,0,52,25,77
NEDeKalb,WPaulding,9,1,0,9,8,0,18,9,0,10,17,27
NEDeKalb,EPaulding,129,19,0,40,86,0,169,105,0,148,126,274
NEDeKalb,NSpalding,55,10,0,12,26,2,67,36,2,65,40,105
NEDeKalb,SSpalding,18,5,0,9,8,0,27,13,0,23,17,40
NEDeKalb,WWalton,655,110,0,213,544,0,868,654,0,765,757,1522
NEDeKalb,EWalton,230,42,0,71,117,0,301,159,0,272,188,460
Atlanta-DeKalb,NFulton,140,20,27,31,22,4,171,42,31,187,57,244
Atlanta-DeKalb,Roswell,92,11,8,14,22,2,106,33,10,111,38,149
Atlanta-DeKalb,SandySprings,494,71,150,106,154,33,600,225,183,715,293,1008
Atlanta-DeKalb,Buckhead,929,150,168,620,934,73,1549,1084,241,1247,1627,2874
Atlanta-DeKalb,NWAtlanta,410,79,54,337,693,76,747,772,130,543,1106,1649
Atlanta-DeKalb,NEAtlanta,2462,404,294,4314,5952,268,6776,6356,562,3160,10534,13694
Atlanta-DeKalb,SWAtlanta,544,121,75,401,984,101,945,1105,176,740,1486,2226
Atlanta-DeKalb,CBDAtlanta,2091,290,648,2067,3114,494,4158,3404,1142,3029,5675,8704
Atlanta-DeKalb,SEAtlanta,957,196,64,1825,3288,182,2782,3484,246,1217,5295,6512
Atlanta-DeKalb,SFulton,137,12,3,39,88,2,176,100,5,152,129,281
Atlanta-DeKalb,Tri-Cities,509,103,68,220,489,36,729,592,104,680,745,1425
Atlanta-DeKalb,Shannon,174,42,21,41,205,6,215,247,27,237,252,489
Atlanta-DeKalb,WCherokee,2,0,0,2,1,0,4,1,0,2,3,5
Atlanta-DeKalb,NCherokee,1,1,0,1,1,0,2,2,0,2,2,4
Atlanta-DeKalb,ECentCherokee,16,8,0,7,14,1,23,22,1,24,22,46
Atlanta-DeKalb,Woodstock,42,8,3,9,12,0,51,20,3,53,21,74
Atlanta-DeKalb,Airport,311,43,163,37,48,7,348,91,170,517,92,609
Atlanta-DeKalb,NEClayton,366,83,12,308,568,11,674,651,23,461,887,1348
Atlanta-DeKalb,Riverdale,130,48,9,48,113,4,178,161,13,187,165,352
Atlanta-DeKalb,SClayton,146,24,4,40,104,1,186,128,5,174,145,319
Atlanta-DeKalb,NWCobb,82,18,5,22,38,10,104,56,15,105,70,175
Atlanta-DeKalb,NECobb,71,12,1,34,45,0,105,57,1,84,79,163
Atlanta-DeKalb,SWCobb,33,10,3,12,32,1,45,42,4,46,45,91
Atlanta-DeKalb,Marietta,86,23,4,23,15,8,109,38,12,113,46,159
Atlanta-DeKalb,Cumberland,424,78,55,95,168,7,519,246,62,557,270,827
Atlanta-DeKalb,SCobb,178,32,16,71,198,5,249,230,21,226,274,500
Atlanta-DeKalb,Chamblee,679,134,109,340,552,62,1019,686,171,922,954,1876
Atlanta-DeKalb,NWDeKalb,1851,309,123,3124,4583,105,4975,4892,228,2283,7812,10095
Atlanta-DeKalb,NEDeKalb,790,117,56,605,1198,74,1395,1315,130,963,1877,2840
Atlanta-DeKalb,Atlanta-DeKalb,1356,240,56,4585,8210,164,5941,8450,220,1652,12959,14611
Atlanta-DeKalb,Decatur,728,126,45,1570,2618,88,2298,2744,133,899,4276,5175
Atlanta-DeKalb,SWDeKalb,1496,263,86,2768,6606,153,4264,6869,239,1845,9527,11372
Atlanta-DeKalb,SEDeKalb,546,119,31,328,998,38,874,1117,69,696,1364,2060
Atlanta-DeKalb,SDeKalb,884,160,19,930,2144,67,1814,2304,86,1063,3141,4204
Atlanta-DeKalb,WDouglas,54,6,0,23,67,1,77,73,1,60,91,151
Atlanta-DeKalb,EDouglas,99,19,3,39,70,1,138,89,4,121,110,231
Atlanta-DeKalb,WFayette,39,3,0,7,13,0,46,16,0,42,20,62
Atlanta-DeKalb,EFayette,57,5,2,17,25,0,74,30,2,64,42,106
Atlanta-DeKalb,NGwinnett,55,7,2,17,58,1,72,65,3,64,76,140
Atlanta-DeKalb,CentGwinnett,156,18,8,42,87,7,198,105,15,182,136,318
Atlanta-DeKalb,EGwinnett,38,6,0,13,38,0,51,44,0,44,51,95
Atlanta-DeKalb,Norcross,219,47,12,90,201,10,309,248,22,278,301,579
Atlanta-DeKalb,Lilburn,142,22,2,83,272,2,225,294,4,166,357,523
Atlanta-DeKalb,Snellville,130,17,1,53,139,3,183,156,4,148,195,343
Atlanta-DeKalb,NHenry,175,42,2,98,278,3,273,320,5,219,379,598
Atlanta-DeKalb,EHenry,62,15,0,20,65,0,82,80,0,77,85,162
Atlanta-DeKalb,SHenry,119,22,0,30,150,0,149,172,0,141,180,321
Atlanta-DeKalb,SRockdale,100,14,2,28,52,0,128,66,2,116,80,196
Atlanta-DeKalb,NRockdale,88,15,2,35,93,1,123,108,3,105,129,234
Atlanta-DeKalb,NBarrow,2,0,0,1,2,0,3,2,0,2,3,5
Atlanta-DeKalb,SBarrow,5,0,0,1,9,0,6,9,0,5,10,15
Atlanta-DeKalb,NWBartow,1,0,0,1,1,0,2,1,0,1,2,3
Atlanta-DeKalb,NEBartow,2,0,0,2,7,0,4,7,0,2,9,11
Atlanta-DeKalb,SWBartow,1,1,0,1,12,0,2,13,0,2,13,15
Atlanta-DeKalb,Cartersville,11,1,0,3,16,0,14,17,0,12,19,31
Atlanta-DeKalb,NECarroll,16,1,0,5,6,0,21,7,0,17,11,28
Atlanta-DeKalb,WCarroll,2,0,0,2,4,0,4,4,0,2,6,8
Atlanta-DeKalb,CentralCarroll,7,1,0,9,5,0,16,6,0,8,14,22
Atlanta-DeKalb,SECarroll,3,0,0,3,0,0,6,0,0,3,3,6
Atlanta-DeKalb,WCoweta,6,1,0,3,7,0,9,8,0,7,10,17
Atlanta-DeKalb,NCoweta,43,10,0,18,35,0,61,45,0,53,53,106
Atlanta-DeKalb,SCoweta,3,1,0,2,7,0,5,8,0,4,9,13
Atlanta-DeKalb,SECoweta,7,2,0,2,11,0,9,13,0,9,13,22
Atlanta-DeKalb,NForsyth,5,0,0,3,6,0,8,6,0,5,9,14
Atlanta-DeKalb,Cumming,13,2,0,5,39,2,18,41,2,15,46,61
Atlanta-DeKalb,SForsyth,16,6,0,7,18,0,23,24,0,22,25,47
Atlanta-DeKalb,NHall,0,0,0,1,1,0,1,1,0,0,2,2
Atlanta-DeKalb,Gainesville,1,0,1,4,6,0,5,6,1,2,10,12
Atlanta-DeKalb,SHall,10,3,0,4,15,1,14,18,1,13,20,33
Atlanta-DeKalb,WNewton,99,20,0,20,94,0,119,114,0,119,114,233
Atlanta-DeKalb,ENewton,9,2,0,3,10,0,12,12,0,11,13,24
Atlanta-DeKalb,NPaulding,7,0,0,2,6,0,9,6,0,7,8,15
Atlanta-DeKalb,WPaulding,5,0,0,1,5,0,6,5,0,5,6,11
Atlanta-DeKalb,EPaulding,61,11,0,8,36,0,69,47,0,72,44,116
Atlanta-DeKalb,NSpalding,14,4,0,2,11,0,16,15,0,18,13,31
Atlanta-DeKalb,SSpalding,8,0,0,3,2,0,11,2,0,8,5,13
Atlanta-DeKalb,WWalton,26,7,0,12,28,1,38,35,1,33,41,74
Atlanta-DeKalb,EWalton,10,0,0,6,23,0,16,23,0,10,29,39
Decatur,NFulton,137,24,19,28,48,2,165,72,21,180,78,258
Decatur,Roswell,101,14,14,25,48,8,126,62,22,129,81,210
Decatur,SandySprings,470,67,98,114,148,31,584,215,129,635,293,928
Decatur,Buckhead,770,111,143,368,550,66,1138,661,209,1024,984,2008
Decatur,NWAtlanta,291,55,63,121,206,43,412,261,106,409,370,779
Decatur,NEAtlanta,1432,215,271,1343,1911,157,2775,2126,428,1918,3411,5329
Decatur,SWAtlanta,367,66,121,156,196,174,523,262,295,554,526,1080
Decatur,CBDAtlanta,1109,150,573,494,711,203,1603,861,776,1832,1408,3240
Decatur,SEAtlanta,414,90,73,289,620,93,703,710,166,577,1002,1579
Decatur,SFulton,73,13,10,32,77,3,105,90,13,96,112,208
Decatur,Tri-Cities,310,55,77,74,105,39,384,160,116,442,218,660
Decatur,Shannon,141,22,26,29,48,24,170,70,50,189,101,290
Decatur,WCherokee,1,0,0,0,2,0,1,2,0,1,2,3
Decatur,NCherokee,0,0,0,1,0,0,1,0,0,0,1,1
Decatur,ECentCherokee,17,3,0,13,10,0,30,13,0,20,23,43
Decatur,Woodstock,30,8,0,6,12,1,36,20,1,38,19,57
Decatur,Airport,135,23,80,15,19,5,150,42,85,238,39,277
Decatur,NEClayton,288,43,17,108,249,14,396,292,31,348,371,719
Decatur,Riverdale,116,17,14,18,62,7,134,79,21,147,87,234
Decatur,SClayton,90,12,5,20,45,6,110,57,11,107,71,178
Decatur,NWCobb,58,22,7,17,17,3,75,39,10,87,37,124
Decatur,NECobb,100,15,1,17,93,2,117,108,3,116,112,228
Decatur,SWCobb,37,8,4,15,23,3,52,31,7,49,41,90
Decatur,Marietta,66,14,7,8,15,4,74,29,11,87,27,114
Decatur,Cumberland,302,54,47,63,83,12,365,137,59,403,158,561
Decatur,SCobb,163,32,29,35,59,15,198,91,44,224,109,333
Decatur,Chamblee,837,164,115,468,944,78,1305,1108,193,1116,1490,2606
Decatur,NWDeKalb,3316,524,241,6283,8075,420,9599,8599,661,4081,14778,18859
Decatur,NEDeKalb,1463,252,84,1378,3741,199,2841,3993,283,1799,5318,7117
Decatur,Atlanta-DeKalb,695,119,54,1531,2500,114,2226,2619,168,868,4145,5013
Decatur,Decatur,2134,381,162,5624,7530,251,7758,7911,413,2677,13405,16082
Decatur,SWDeKalb,1712,321,167,3372,8069,408,5084,8390,575,2200,11849,14049
Decatur,SEDeKalb,984,176,75,735,2523,242,1719,2699,317,1235,3500,4735
Decatur,SDeKalb,968,187,50,788,2060,99,1756,2247,149,1205,2947,4152
Decatur,WDouglas,36,5,4,13,10,3,49,15,7,45,26,71
Decatur,EDouglas,81,15,12,18,23,10,99,38,22,108,51,159
Decatur,WFayette,6,7,1,6,25,1,12,32,2,14,32,46
Decatur,EFayette,27,9,1,18,36,3,45,45,4,37,57,94
Decatur,NGwinnett,129,22,4,50,78,3,179,100,7,155,131,286
Decatur,CentGwinnett,264,37,7,94,211,27,358,248,34,308,332,640
Decatur,EGwinnett,62,15,1,17,59,2,79,74,3,78,78,156
Decatur,Norcross,340,57,12,186,436,34,526,493,46,409,656,1065
Decatur,Lilburn,242,40,3,168,545,24,410,585,27,285,737,1022
Decatur,Snellville,221,45,13,116,321,30,337,366,43,279,467,746
Decatur,NHenry,194,34,3,95,298,15,289,332,18,231,408,639
Decatur,EHenry,107,14,3,26,51,2,133,65,5,124,79,203
Decatur,SHenry,115,23,1,39,35,2,154,58,3,139,76,215
Decatur,SRockdale,110,13,2,41,125,7,151,138,9,125,173,298
Decatur,NRockdale,115,18,2,42,130,9,157,148,11,135,181,316
Decatur,NBarrow,10,0,0,5,24,0,15,24,0,10,29,39
Decatur,SBarrow,12,1,0,4,3,0,16,4,0,13,7,20
Decatur,NWBartow,1,0,0,0,0,0,1,0,0,1,0,1
Decatur,NEBartow,1,0,0,1,3,0,2,3,0,1,4,5
Decatur,SWBartow,1,0,0,1,3,0,2,3,0,1,4,5
Decatur,Cartersville,7,0,0,3,7,0,10,7,0,7,10,17
Decatur,NECarroll,6,3,1,3,4,0,9,7,1,10,7,17
Decatur,WCarroll,0,0,0,0,0,0,0,0,0,0,0,0
Decatur,CentralCarroll,5,1,0,6,4,0,11,5,0,6,10,16
Decatur,SECarroll,2,0,0,1,0,0,3,0,0,2,1,3
Decatur,WCoweta,4,3,1,1,1,0,5,4,1,8,2,10
Decatur,NCoweta,27,6,0,11,9,1,38,15,1,33,21,54
Decatur,SCoweta,0,1,0,1,1,0,1,2,0,1,2,3
Decatur,SECoweta,7,0,0,5,15,0,12,15,0,7,20,27
Decatur,NForsyth,6,2,0,1,5,0,7,7,0,8,6,14
Decatur,Cumming,14,4,1,8,18,0,22,22,1,19,26,45
Decatur,SForsyth,22,5,0,8,15,1,30,20,1,27,24,51
Decatur,NHall,1,0,0,2,2,0,3,2,0,1,4,5
Decatur,Gainesville,3,1,0,4,2,0,7,3,0,4,6,10
Decatur,SHall,15,2,0,13,6,0,28,8,0,17,19,36
Decatur,WNewton,115,35,1,38,44,4,153,79,5,151,86,237
Decatur,ENewton,11,3,1,5,10,0,16,13,1,15,15,30
Decatur,NPaulding,8,1,0,7,2,0,15,3,0,9,9,18
Decatur,WPaulding,5,0,0,4,0,0,9,0,0,5,4,9
Decatur,EPaulding,41,3,1,9,12,0,50,15,1,45,21,66
Decatur,NSpalding,13,2,0,4,1,0,17,3,0,15,5,20
Decatur,SSpalding,3,0,0,0,5,0,3,5,0,3,5,8
Decatur,WWalton,41,9,0,15,39,1,56,48,1,50,55,105
Decatur,EWalton,12,4,0,7,13,0,19,17,0,16,20,36
SWDeKalb,NFulton,315,70,30,37,143,7,352,213,37,415,187,602
SWDeKalb,Roswell,196,38,15,35,109,3,231,147,18,249,147,396
SWDeKalb,SandySprings,1132,259,285,164,282,35,1296,541,320,1676,481,2157
SWDeKalb,Buckhead,1858,398,416,460,1282,142,2318,1680,558,2672,1884,4556
SWDeKalb,NWAtlanta,812,179,129,265,586,96,1077,765,225,1120,947,2067
SWDeKalb,NEAtlanta,3113,553,619,1934,4331,346,5047,4884,965,4285,6611,10896
SWDeKalb,SWAtlanta,954,193,136,499,914,114,1453,1107,250,1283,1527,2810
SWDeKalb,CBDAtlanta,3495,714,1784,1553,4037,1009,5048,4751,2793,5993,6599,12592
SWDeKalb,SEAtlanta,1590,358,119,1964,4774,182,3554,5132,301,2067,6920,8987
SWDeKalb,SFulton,200,38,12,55,115,3,255,153,15,250,173,423
SWDeKalb,Tri-Cities,1052,232,105,312,697,32,1364,929,137,1389,1041,2430
SWDeKalb,Shannon,389,81,26,97,245,8,486,326,34,496,350,846
SWDeKalb,WCherokee,8,1,0,1,2,0,9,3,0,9,3,12
SWDeKalb,NCherokee,1,0,0,1,3,0,2,3,0,1,4,5
SWDeKalb,ECentCherokee,27,11,0,16,38,0,43,49,0,38,54,92
SWDeKalb,Woodstock,60,16,2,19,53,0,79,69,2,78,72,150
SWDeKalb,Airport,861,149,232,117,184,8,978,333,240,1242,309,1551
SWDeKalb,NEClayton,1136,269,21,749,2062,23,1885,2331,44,1426,2834,4260
SWDeKalb,Riverdale,322,72,11,123,340,4,445,412,15,405,467,872
SWDeKalb,SClayton,358,70,4,98,227,0,456,297,4,432,325,757
SWDeKalb,NWCobb,145,40,0,44,69,6,189,109,6,185,119,304
SWDeKalb,NECobb,145,40,3,51,110,0,196,150,3,188,161,349
SWDeKalb,SWCobb,82,12,2,23,27,0,105,39,2,96,50,146
SWDeKalb,Marietta,162,48,11,35,48,8,197,96,19,221,91,312
SWDeKalb,Cumberland,768,222,84,116,301,17,884,523,101,1074,434,1508
SWDeKalb,SCobb,361,63,16,90,354,8,451,417,24,440,452,892
SWDeKalb,Chamblee,1637,329,198,617,1413,79,2254,1742,277,2164,2109,4273
SWDeKalb,NWDeKalb,3864,809,283,5597,11858,461,9461,12667,744,4956,17916,22872
SWDeKalb,NEDeKalb,3717,753,174,4949,11956,438,8666,12709,612,4644,17343,21987
SWDeKalb,Atlanta-DeKalb,1247,230,71,2768,6551,182,4015,6781,253,1548,9501,11049
SWDeKalb,Decatur,1618,318,116,3344,7911,403,4962,8229,519,2052,11658,13710
SWDeKalb,SWDeKalb,7498,1617,375,21259,50356,1064,28757,51973,1439,9490,72679,82169
SWDeKalb,SEDeKalb,3402,658,150,5552,15944,363,8954,16602,513,4210,21859,26069
SWDeKalb,SDeKalb,4417,935,125,6827,19463,303,11244,20398,428,5477,26593,32070
SWDeKalb,WDouglas,102,23,2,22,65,0,124,88,2,127,87,214
SWDeKalb,EDouglas,182,51,4,55,71,1,237,122,5,237,127,364
SWDeKalb,WFayette,69,7,1,32,52,0,101,59,1,77,84,161
SWDeKalb,EFayette,101,27,0,55,95,0,156,122,0,128,150,278
SWDeKalb,NGwinnett,177,30,1,67,145,1,244,175,2,208,213,421
SWDeKalb,CentGwinnett,508,109,9,170,452,4,678,561,13,626,626,1252
SWDeKalb,EGwinnett,145,27,1,36,120,0,181,147,1,173,156,329
SWDeKalb,Norcross,765,163,22,335,757,10,1100,920,32,950,1102,2052
SWDeKalb,Lilburn,531,116,9,408,1202,19,939,1318,28,656,1629,2285
SWDeKalb,Snellville,598,119,6,261,1037,4,859,1156,10,723,1302,2025
SWDeKalb,NHenry,747,139,3,460,1343,7,1207,1482,10,889,1810,2699
SWDeKalb,EHenry,299,55,0,119,291,0,418,346,0,354,410,764
SWDeKalb,SHenry,409,72,1,101,246,0,510,318,1,482,347,829
SWDeKalb,SRockdale,374,76,1,166,546,6,540,622,7,451,718,1169
SWDeKalb,NRockdale,470,99,3,184,477,5,654,576,8,572,666,1238
SWDeKalb,NBarrow,14,2,0,6,11,0,20,13,0,16,17,33
SWDeKalb,SBarrow,17,2,0,6,5,0,23,7,0,19,11,30
SWDeKalb,NWBartow,1,1,0,0,5,0,1,6,0,2,5,7
SWDeKalb,NEBartow,2,0,0,0,4,0,2,4,0,2,4,6
SWDeKalb,SWBartow,1,2,0,1,6,0,2,8,0,3,7,10
SWDeKalb,Cartersville,13,2,0,3,19,0,16,21,0,15,22,37
SWDeKalb,NECarroll,12,0,0,3,21,0,15,21,0,12,24,36
SWDeKalb,WCarroll,1,0,0,1,0,0,2,0,0,1,1,2
SWDeKalb,CentralCarroll,8,1,0,5,10,0,13,11,0,9,15,24
SWDeKalb,SECarroll,2,0,0,2,4,0,4,4,0,2,6,8
SWDeKalb,WCoweta,25,5,0,4,11,0,29,16,0,30,15,45
SWDeKalb,NCoweta,124,24,2,34,109,0,158,133,2,150,143,293
SWDeKalb,SCoweta,5,0,0,2,10,0,7,10,0,5,12,17
SWDeKalb,SECoweta,15,1,0,4,19,0,19,20,0,16,23,39
SWDeKalb,NForsyth,8,1,0,3,10,0,11,11,0,9,13,22
SWDeKalb,Cumming,24,3,1,16,27,0,40,30,1,28,43,71
SWDeKalb,SForsyth,47,14,2,21,34,0,68,48,2,63,55,118
SWDeKalb,NHall,3,1,0,1,5,0,4,6,0,4,6,10
SWDeKalb,Gainesville,10,3,0,8,21,0,18,24,0,13,29,42
SWDeKalb,SHall,30,3,0,15,37,0,45,40,0,33,52,85
SWDeKalb,WNewton,453,86,4,115,346,1,568,432,5,543,462,1005
SWDeKalb,ENewton,44,10,0,19,54,0,63,64,0,54,73,127
SWDeKalb,NPaulding,13,3,0,11,5,0,24,8,0,16,16,32
SWDeKalb,WPaulding,6,0,0,2,4,0,8,4,0,6,6,12
SWDeKalb,EPaulding,104,10,0,26,59,0,130,69,0,114,85,199
SWDeKalb,NSpalding,53,5,1,12,9,0,65,14,1,59,21,80
SWDeKalb,SSpalding,22,4,0,9,15,0,31,19,0,26,24,50
SWDeKalb,WWalton,105,28,1,48,108,1,153,136,2,134,157,291
SWDeKalb,EWalton,34,11,1,25,59,0,59,70,1,46,84,130
SEDeKalb,NFulton,365,67,16,71,129,5,436,196,21,448,205,653
SEDeKalb,Roswell,204,28,7,47,117,3,251,145,10,239,167,406
SEDeKalb,SandySprings,1371,280,157,173,388,38,1544,668,195,1808,599,2407
SEDeKalb,Buckhead,1866,370,328,246,716,74,2112,1086,402,2564,1036,3600
SEDeKalb,NWAtlanta,614,121,75,61,195,20,675,316,95,810,276,1086
SEDeKalb,NEAtlanta,2649,545,551,582,1344,230,3231,1889,781,3745,2156,5901
SEDeKalb,SWAtlanta,653,146,94,158,325,46,811,471,140,893,529,1422
SEDeKalb,CBDAtlanta,2853,597,2039,435,1172,520,3288,1769,2559,5489,2127,7616
SEDeKalb,SEAtlanta,835,157,56,282,621,47,1117,778,103,1048,950,1998
SEDeKalb,SFulton,122,30,1,26,96,0,148,126,1,153,122,275
SEDeKalb,Tri-Cities,814,160,60,100,174,46,914,334,106,1034,320,1354
SEDeKalb,Shannon,224,44,5,48,62,2,272,106,7,273,112,385
SEDeKalb,WCherokee,0,0,0,1,10,0,1,10,0,0,11,11
SEDeKalb,NCherokee,0,0,0,0,0,0,0,0,0,0,0,0
SEDeKalb,ECentCherokee,5,3,0,12,5,0,17,8,0,8,17,25
SEDeKalb,Woodstock,30,6,0,14,14,0,44,20,0,36,28,64
SEDeKalb,Airport,736,143,206,48,149,4,784,292,210,1085,201,1286
SEDeKalb,NEClayton,696,142,12,254,723,7,950,865,19,850,984,1834
SEDeKalb,Riverdale,173,37,3,34,156,1,207,193,4,213,191,404
SEDeKalb,SClayton,191,39,1,62,174,0,253,213,1,231,236,467
SEDeKalb,NWCobb,65,21,2,37,43,9,102,64,11,88,89,177
SEDeKalb,NECobb,109,26,1,42,48,0,151,74,1,136,90,226
SEDeKalb,SWCobb,37,6,0,7,11,0,44,17,0,43,18,61
SEDeKalb,Marietta,140,36,7,43,53,11,183,89,18,183,107,290
SEDeKalb,Cumberland,696,172,43,68,116,8,764,288,51,911,192,1103
SEDeKalb,SCobb,190,33,6,46,98,2,236,131,8,229,146,375
SEDeKalb,Chamblee,1859,323,97,459,1165,62,2318,1488,159,2279,1686,3965
SEDeKalb,NWDeKalb,3508,667,135,2340,7377,234,5848,8044,369,4310,9951,14261
SEDeKalb,NEDeKalb,5299,1080,75,6927,19662,305,12226,20742,380,6454,26894,33348
SEDeKalb,Atlanta-DeKalb,534,84,30,356,962,37,890,1046,67,648,1355,2003
SEDeKalb,Decatur,920,162,89,764,2358,252,1684,2520,341,1171,3374,4545
SEDeKalb,SWDeKalb,2880,616,102,5427,16019,352,8307,16635,454,3598,21798,25396
SEDeKalb,SEDeKalb,15324,2944,319,36542,86423,925,51866,89367,1244,18587,123890,142477
SEDeKalb,SDeKalb,5453,1067,78,9395,25188,264,14848,26255,342,6598,34847,41445
SEDeKalb,WDouglas,38,8,0,16,33,0,54,41,0,46,49,95
SEDeKalb,EDouglas,103,13,0,30,70,0,133,83,0,116,100,216
SEDeKalb,WFayette,43,10,0,17,34,0,60,44,0,53,51,104
SEDeKalb,EFayette,58,12,0,34,80,0,92,92,0,70,114,184
SEDeKalb,NGwinnett,274,58,0,96,214,0,370,272,0,332,310,642
SEDeKalb,CentGwinnett,1090,185,4,500,1285,2,1590,1470,6,1279,1787,3066
SEDeKalb,EGwinnett,303,44,0,132,455,0,435,499,0,347,587,934
SEDeKalb,Norcross,1290,263,5,500,1434,9,1790,1697,14,1558,1943,3501
SEDeKalb,Lilburn,1553,312,5,2085,6384,9,3638,6696,14,1870,8478,10348
SEDeKalb,Snellville,2032,404,3,2244,7044,20,4276,7448,23,2439,9308,11747
SEDeKalb,NHenry,762,128,2,560,1514,5,1322,1642,7,892,2079,2971
SEDeKalb,EHenry,489,75,3,195,571,1,684,646,4,567,767,1334
SEDeKalb,SHenry,359,58,1,73,208,0,432,266,1,418,281,699
SEDeKalb,SRockdale,1254,228,10,1050,2915,13,2304,3143,23,1492,3978,5470
SEDeKalb,NRockdale,2173,420,10,1651,4475,24,3824,4895,34,2603,6150,8753
SEDeKalb,NBarrow,71,11,0,17,33,0,88,44,0,82,50,132
SEDeKalb,SBarrow,70,15,0,22,67,0,92,82,0,85,89,174
SEDeKalb,NWBartow,0,0,0,0,0,0,0,0,0,0,0,0
SEDeKalb,NEBartow,0,0,0,0,1,0,0,1,0,0,1,1
SEDeKalb,SWBartow,2,0,0,0,10,0,2,10,0,2,10,12
SEDeKalb,Cartersville,4,0,0,3,2,0,7,2,0,4,5,9
SEDeKalb,NECarroll,4,1,0,2,5,0,6,6,0,5,7,12
SEDeKalb,WCarroll,1,0,0,0,0,0,1,0,0,1,0,1
SEDeKalb,CentralCarroll,3,0,0,3,3,0,6,3,0,3,6,9
SEDeKalb,SECarroll,1,0,0,0,0,0,1,0,0,1,0,1
SEDeKalb,WCoweta,12,0,0,4,12,0,16,12,0,12,16,28
SEDeKalb,NCoweta,46,5,0,13,40,0,59,45,0,51,53,104
SEDeKalb,SCoweta,2,0,0,0,0,0,2,0,0,2,0,2
SEDeKalb,SECoweta,7,1,0,0,8,0,7,9,0,8,8,16
SEDeKalb,NForsyth,2,1,0,1,7,0,3,8,0,3,8,11
SEDeKalb,Cumming,18,4,0,12,56,1,30,60,1,22,69,91
SEDeKalb,SForsyth,61,4,1,26,38,1,87,42,2,66,65,131
SEDeKalb,NHall,0,0,0,2,1,0,2,1,0,0,3,3
SEDeKalb,Gainesville,23,2,0,9,14,0,32,16,0,25,23,48
SEDeKalb,SHall,47,10,0,17,27,0,64,37,0,57,44,101
SEDeKalb,WNewton,1153,229,5,341,921,3,1494,1150,8,1387,1265,2652
SEDeKalb,ENewton,106,15,0,36,100,0,142,115,0,121,136,257
SEDeKalb,NPaulding,4,1,0,3,1,0,7,2,0,5,4,9
SEDeKalb,WPaulding,3,0,0,1,0,0,4,0,0,3,1,4
SEDeKalb,EPaulding,26,9,0,16,17,1,42,26,1,35,34,69
SEDeKalb,NSpalding,27,5,0,12,17,0,39,22,0,32,29,61
SEDeKalb,SSpalding,23,5,0,5,10,0,28,15,0,28,15,43
SEDeKalb,WWalton,434,82,1,243,733,1,677,815,2,517,977,1494
SEDeKalb,EWalton,174,25,0,54,72,0,228,97,0,199,126,325
SDeKalb,NFulton,270,63,13,53,63,1,323,126,14,346,117,463
SDeKalb,Roswell,166,23,2,40,47,1,206,70,3,191,88,279
SDeKalb,SandySprings,1004,212,88,122,200,12,1126,412,100,1304,334,1638
SDeKalb,Buckhead,1608,389,158,298,837,39,1906,1226,197,2155,1174,3329
SDeKalb,NWAtlanta,708,154,36,233,504,22,941,658,58,898,759,1657
SDeKalb,NEAtlanta,2939,569,226,1227,2747,132,4166,3316,358,3734,4106,7840
SDeKalb,SWAtlanta,910,175,39,420,941,51,1330,1116,90,1124,1412,2536
SDeKalb,CBDAtlanta,3927,812,1045,1159,2847,450,5086,3659,1495,5784,4456,10240
SDeKalb,SEAtlanta,1797,372,32,1506,3795,48,3303,4167,80,2201,5349,7550
SDeKalb,SFulton,240,44,2,72,166,1,312,210,3,286,239,525
SDeKalb,Tri-Cities,1395,292,19,503,1233,17,1898,1525,36,1706,1753,3459
SDeKalb,Shannon,523,111,2,189,473,5,712,584,7,636,667,1303
SDeKalb,WCherokee,1,3,0,0,6,0,1,9,0,4,6,10
SDeKalb,NCherokee,0,0,0,0,0,0,0,0,0,0,0,0
SDeKalb,ECentCherokee,29,8,0,12,22,1,41,30,1,37,35,72
SDeKalb,Woodstock,62,12,0,25,74,1,87,86,1,74,100,174
SDeKalb,Airport,1255,216,97,254,384,13,1509,600,110,1568,651,2219
SDeKalb,NEClayton,3203,655,16,2912,7349,27,6115,8004,43,3874,10288,14162
SDeKalb,Riverdale,541,112,1,319,764,1,860,876,2,654,1084,1738
SDeKalb,SClayton,812,142,5,363,977,2,1175,1119,7,959,1342,2301
SDeKalb,NWCobb,134,26,1,52,83,1,186,109,2,161,136,297
SDeKalb,NECobb,159,37,0,44,114,0,203,151,0,196,158,354
SDeKalb,SWCobb,91,19,0,28,34,0,119,53,0,110,62,172
SDeKalb,Marietta,210,41,2,43,108,8,253,149,10,253,159,412
SDeKalb,Cumberland,844,219,22,109,292,9,953,511,31,1085,410,1495
SDeKalb,SCobb,360,76,2,80,136,3,440,212,5,438,219,657
SDeKalb,Chamblee,1357,249,59,267,806,19,1624,1055,78,1665,1092,2757
SDeKalb,NWDeKalb,2714,572,92,1486,3919,93,4200,4491,185,3378,5498,8876
SDeKalb,NEDeKalb,2491,493,40,1532,3851,52,4023,4344,92,3024,5435,8459
SDeKalb,Atlanta-DeKalb,730,156,12,924,2175,47,1654,2331,59,898,3146,4044
SDeKalb,Decatur,889,149,45,775,2194,107,1664,2343,152,1083,3076,4159
SDeKalb,SWDeKalb,3900,846,111,6619,19302,335,10519,20148,446,4857,26256,31113
SDeKalb,SEDeKalb,5460,1056,68,9424,25234,257,14884,26290,325,6584,34915,41499
SDeKalb,SDeKalb,15686,3309,223,38378,100158,642,54064,103467,865,19218,139178,158396
SDeKalb,WDouglas,117,10,0,26,52,0,143,62,0,127,78,205
SDeKalb,EDouglas,181,40,1,48,114,0,229,154,1,222,162,384
SDeKalb,WFayette,195,31,0,54,87,2,249,118,2,226,143,369
SDeKalb,EFayette,243,54,0,88,265,0,331,319,0,297,353,650
SDeKalb,NGwinnett,177,37,0,62,124,3,239,161,3,214,189,403
SDeKalb,CentGwinnett,603,101,1,185,313,6,788,414,7,705,504,1209
SDeKalb,EGwinnett,154,29,0,57,137,2,211,166,2,183,196,379
SDeKalb,Norcross,815,145,9,201,497,4,1016,642,13,969,702,1671
SDeKalb,Lilburn,571,115,0,348,905,2,919,1020,2,686,1255,1941
SDeKalb,Snellville,839,178,1,497,1396,7,1336,1574,8,1018,1900,2918
SDeKalb,NHenry,2487,441,9,2940,9581,25,5427,10022,34,2937,12546,15483
SDeKalb,EHenry,852,164,0,523,1502,5,1375,1666,5,1016,2030,3046
SDeKalb,SHenry,1048,174,1,337,846,1,1385,1020,2,1223,1184,2407
SDeKalb,SRockdale,1414,273,4,1688,5128,17,3102,5401,21,1691,6833,8524
SDeKalb,NRockdale,1858,371,5,1467,4420,7,3325,4791,12,2234,5894,8128
SDeKalb,NBarrow,17,7,0,14,52,0,31,59,0,24,66,90
SDeKalb,SBarrow,45,4,0,14,44,0,59,48,0,49,58,107
SDeKalb,NWBartow,1,0,0,0,0,0,1,0,0,1,0,1
SDeKalb,NEBartow,2,0,0,2,1,0,4,1,0,2,3,5
SDeKalb,SWBartow,2,1,0,0,22,0,2,23,0,3,22,25
SDeKalb,Cartersville,13,5,0,4,4,0,17,9,0,18,8,26
SDeKalb,NECarroll,21,2,0,3,15,0,24,17,0,23,18,41
SDeKalb,WCarroll,1,1,0,1,1,0,2,2,0,2,2,4
SDeKalb,CentralCarroll,12,2,0,3,3,0,15,5,0,14,6,20
SDeKalb,SECarroll,5,0,0,1,4,0,6,4,0,5,5,10
SDeKalb,WCoweta,35,7,0,12,22,0,47,29,0,42,34,76
SDeKalb,NCoweta,196,34,0,46,92,1,242,126,1,230,139,369
SDeKalb,SCoweta,16,1,0,6,11,0,22,12,0,17,17,34
SDeKalb,SECoweta,32,7,0,12,47,0,44,54,0,39,59,98
SDeKalb,NForsyth,4,1,0,5,13,0,9,14,0,5,18,23
SDeKalb,Cumming,22,4,0,9,51,0,31,55,0,26,60,86
SDeKalb,SForsyth,55,8,0,21,18,0,76,26,0,63,39,102
SDeKalb,NHall,3,0,0,0,0,0,3,0,0,3,0,3
SDeKalb,Gainesville,14,2,0,5,6,0,19,8,0,16,11,27
SDeKalb,SHall,40,4,0,14,15,0,54,19,0,44,29,73
SDeKalb,WNewton,1140,234,1,478,1049,5,1618,1283,6,1375,1532,2907
SDeKalb,ENewton,101,17,0,44,68,0,145,85,0,118,112,230
SDeKalb,NPaulding,9,4,0,5,9,0,14,13,0,13,14,27
SDeKalb,WPaulding,3,3,0,3,6,0,6,9,0,6,9,15
SDeKalb,EPaulding,73,12,0,24,57,1,97,69,1,85,82,167
SDeKalb,NSpalding,116,15,0,35,57,0,151,72,0,131,92,223
SDeKalb,SSpalding,58,14,0,15,21,0,73,35,0,72,36,108
SDeKalb,WWalton,257,47,0,114,311,1,371,358,1,304,426,730
SDeKalb,EWalton,135,23,0,34,77,0,169,100,0,158,111,269
WDouglas,NFulton,62,13,1,13,33,0,75,46,1,76,46,122
WDouglas,Roswell,58,5,0,10,15,0,68,20,0,63,25,88
WDouglas,SandySprings,339,65,9,51,102,3,390,167,12,413,156,569
WDouglas,Buckhead,470,91,18,120,319,2,590,410,20,579,441,1020
WDouglas,NWAtlanta,549,84,3,88,218,2,637,302,5,636,308,944
WDouglas,NEAtlanta,569,96,35,149,425,18,718,521,53,700,592,1292
WDouglas,SWAtlanta,832,143,5,303,648,4,1135,791,9,980,955,1935
WDouglas,CBDAtlanta,752,112,179,176,411,40,928,523,219,1043,627,1670
WDouglas,SEAtlanta,301,44,3,97,319,3,398,363,6,348,419,767
WDouglas,SFulton,1241,214,1,646,2059,0,1887,2273,1,1456,2705,4161
WDouglas,Tri-Cities,562,101,0,110,375,0,672,476,0,663,485,1148
WDouglas,Shannon,668,123,1,217,447,0,885,570,1,792,664,1456
WDouglas,WCherokee,2,0,0,1,6,0,3,6,0,2,7,9
WDouglas,NCherokee,1,0,0,1,0,0,2,0,0,1,1,2
WDouglas,ECentCherokee,25,2,0,5,11,0,30,13,0,27,16,43
WDouglas,Woodstock,69,9,0,14,41,0,83,50,0,78,55,133
WDouglas,Airport,329,51,25,33,77,0,362,128,25,405,110,515
WDouglas,NEClayton,248,48,0,46,57,0,294,105,0,296,103,399
WDouglas,Riverdale,90,23,0,32,87,0,122,110,0,113,119,232
WDouglas,SClayton,90,18,0,23,31,0,113,49,0,108,54,162
WDouglas,NWCobb,493,88,0,116,208,6,609,296,6,581,330,911
WDouglas,NECobb,254,36,0,43,132,0,297,168,0,290,175,465
WDouglas,SWCobb,711,123,0,324,1028,0,1035,1151,0,834,1352,2186
WDouglas,Marietta,481,77,1,119,182,4,600,259,5,559,305,864
WDouglas,Cumberland,1012,167,0,140,413,1,1152,580,1,1179,554,1733
WDouglas,SCobb,1305,234,0,464,1334,1,1769,1568,1,1539,1799,3338
WDouglas,Chamblee,259,47,3,46,105,1,305,152,4,309,152,461
WDouglas,NWDeKalb,247,52,3,73,133,2,320,185,5,302,208,510
WDouglas,NEDeKalb,119,26,1,36,66,1,155,92,2,146,103,249
WDouglas,Atlanta-DeKalb,55,10,0,26,63,1,81,73,1,65,90,155
WDouglas,Decatur,39,6,4,14,13,2,53,19,6,49,29,78
WDouglas,SWDeKalb,96,18,2,24,31,0,120,49,2,116,55,171
WDouglas,SEDeKalb,35,6,0,16,44,0,51,50,0,41,60,101
WDouglas,SDeKalb,104,17,0,25,47,0,129,64,0,121,72,193
WDouglas,WDouglas,16244,2962,0,32957,76353,0,49201,79315,0,19206,109310,128516
WDouglas,EDouglas,6636,1275,7,9801,23321,8,16437,24596,15,7918,33130,41048
WDouglas,WFayette,297,65,0,83,155,0,380,220,0,362,238,600
WDouglas,EFayette,191,33,0,43,132,0,234,165,0,224,175,399
WDouglas,NGwinnett,7,1,0,6,14,0,13,15,0,8,20,28
WDouglas,CentGwinnett,34,8,0,14,12,0,48,20,0,42,26,68
WDouglas,EGwinnett,3,3,0,0,1,0,3,4,0,6,1,7
WDouglas,Norcross,93,24,1,29,62,0,122,86,1,118,91,209
WDouglas,Lilburn,19,4,0,7,3,0,26,7,0,23,10,33
WDouglas,Snellville,20,0,0,6,16,0,26,16,0,20,22,42
WDouglas,NHenry,40,7,0,19,44,0,59,51,0,47,63,110
WDouglas,EHenry,13,1,0,2,44,0,15,45,0,14,46,60
WDouglas,SHenry,33,7,0,10,8,0,43,15,0,40,18,58
WDouglas,SRockdale,10,3,0,5,6,0,15,9,0,13,11,24
WDouglas,NRockdale,10,3,0,8,2,0,18,5,0,13,10,23
WDouglas,NBarrow,1,0,0,0,0,0,1,0,0,1,0,1
WDouglas,SBarrow,0,0,0,0,0,0,0,0,0,0,0,0
WDouglas,NWBartow,7,2,0,2,3,0,9,5,0,9,5,14
WDouglas,NEBartow,12,2,0,0,18,0,12,20,0,14,18,32
WDouglas,SWBartow,25,9,0,12,27,0,37,36,0,34,39,73
WDouglas,Cartersville,104,17,0,23,54,0,127,71,0,121,77,198
WDouglas,NECarroll,2443,470,0,2359,5777,0,4802,6247,0,2913,8136,11049
WDouglas,WCarroll,230,48,0,48,100,0,278,148,0,278,148,426
WDouglas,CentralCarroll,1813,330,0,977,2401,0,2790,2731,0,2143,3378,5521
WDouglas,SECarroll,206,34,0,122,259,0,328,293,0,240,381,621
WDouglas,WCoweta,247,50,0,68,273,0,315,323,0,297,341,638
WDouglas,NCoweta,650,116,0,193,361,0,843,477,0,766,554,1320
WDouglas,SCoweta,37,5,0,11,4,0,48,9,0,42,15,57
WDouglas,SECoweta,27,1,0,11,12,0,38,13,0,28,23,51
WDouglas,NForsyth,1,0,0,0,0,0,1,0,0,1,0,1
WDouglas,Cumming,5,1,0,2,6,0,7,7,0,6,8,14
WDouglas,SForsyth,7,1,0,5,11,0,12,12,0,8,16,24
WDouglas,NHall,0,0,0,0,0,0,0,0,0,0,0,0
WDouglas,Gainesville,0,0,0,0,0,0,0,0,0,0,0,0
WDouglas,SHall,0,0,0,0,0,0,0,0,0,0,0,0
WDouglas,WNewton,4,1,0,5,12,0,9,13,0,5,17,22
WDouglas,ENewton,0,0,0,0,0,0,0,0,0,0,0,0
WDouglas,NPaulding,201,37,0,47,111,0,248,148,0,238,158,396
WDouglas,WPaulding,344,61,0,215,605,0,559,666,0,405,820,1225
WDouglas,EPaulding,2540,505,0,2182,5983,0,4722,6488,0,3045,8165,11210
WDouglas,NSpalding,15,3,0,5,9,0,20,12,0,18,14,32
WDouglas,SSpalding,8,1,0,2,1,0,10,2,0,9,3,12
WDouglas,WWalton,0,0,0,0,6,0,0,6,0,0,6,6
WDouglas,EWalton,0,0,0,0,0,0,0,0,0,0,0,0
EDouglas,NFulton,143,24,3,27,51,1,170,75,4,170,79,249
EDouglas,Roswell,89,13,1,15,35,0,104,48,1,103,50,153
EDouglas,SandySprings,538,99,21,85,169,4,623,268,25,658,258,916
EDouglas,Buckhead,785,132,52,210,514,9,995,646,61,969,733,1702
EDouglas,NWAtlanta,1004,198,17,393,993,9,1397,1191,26,1219,1395,2614
EDouglas,NEAtlanta,1002,167,75,334,676,53,1336,843,128,1244,1063,2307
EDouglas,SWAtlanta,1751,337,20,1200,2868,29,2951,3205,49,2108,4097,6205
EDouglas,CBDAtlanta,1471,210,372,363,1050,121,1834,1260,493,2053,1534,3587
EDouglas,SEAtlanta,424,82,3,174,512,7,598,594,10,509,693,1202
EDouglas,SFulton,2282,435,7,2014,5185,3,4296,5620,10,2724,7202,9926
EDouglas,Tri-Cities,734,140,6,256,553,2,990,693,8,880,811,1691
EDouglas,Shannon,732,142,1,342,1062,0,1074,1204,1,875,1404,2279
EDouglas,WCherokee,8,1,0,11,5,0,19,6,0,9,16,25
EDouglas,NCherokee,2,2,0,3,2,0,5,4,0,4,5,9
EDouglas,ECentCherokee,68,9,0,22,27,0,90,36,0,77,49,126
EDouglas,Woodstock,173,33,0,36,73,0,209,106,0,206,109,315
EDouglas,Airport,447,50,59,41,83,1,488,133,60,556,125,681
EDouglas,NEClayton,274,47,0,54,125,0,328,172,0,321,179,500
EDouglas,Riverdale,151,34,0,38,221,0,189,255,0,185,259,444
EDouglas,SClayton,112,25,0,17,82,0,129,107,0,137,99,236
EDouglas,NWCobb,1067,192,1,299,739,4,1366,931,5,1260,1042,2302
EDouglas,NECobb,493,74,0,126,324,0,619,398,0,567,450,1017
EDouglas,SWCobb,3113,623,8,3419,7724,1,6532,8347,9,3744,11144,14888
EDouglas,Marietta,1012,179,3,390,781,18,1402,960,21,1194,1189,2383
EDouglas,Cumberland,1927,334,8,530,1152,4,2457,1486,12,2269,1686,3955
EDouglas,SCobb,4440,841,18,5900,12835,33,10340,13676,51,5299,18768,24067
EDouglas,Chamblee,372,88,16,68,128,18,440,216,34,476,214,690
EDouglas,NWDeKalb,363,80,14,89,150,9,452,230,23,457,248,705
EDouglas,NEDeKalb,213,34,2,55,112,5,268,146,7,249,172,421
EDouglas,Atlanta-DeKalb,104,22,2,37,48,1,141,70,3,128,86,214
EDouglas,Decatur,85,15,12,15,44,9,100,59,21,112,68,180
EDouglas,SWDeKalb,186,40,4,47,57,1,233,97,5,230,105,335
EDouglas,SEDeKalb,109,9,0,31,54,0,140,63,0,118,85,203
EDouglas,SDeKalb,187,36,1,38,110,1,225,146,2,224,149,373
EDouglas,WDouglas,7018,1309,7,9836,23490,8,16854,24799,15,8334,33334,41668
EDouglas,EDouglas,20559,4072,16,40355,79275,37,60914,83347,53,24647,119667,144314
EDouglas,WFayette,289,49,0,70,174,0,359,223,0,338,244,582
EDouglas,EFayette,181,39,0,44,109,0,225,148,0,220,153,373
EDouglas,NGwinnett,16,2,0,13,21,0,29,23,0,18,34,52
EDouglas,CentGwinnett,80,13,0,30,29,0,110,42,0,93,59,152
EDouglas,EGwinnett,18,2,0,4,6,0,22,8,0,20,10,30
EDouglas,Norcross,175,35,0,34,29,0,209,64,0,210,63,273
EDouglas,Lilburn,31,7,0,13,11,0,44,18,0,38,24,62
EDouglas,Snellville,40,7,0,14,23,0,54,30,0,47,37,84
EDouglas,NHenry,86,10,0,21,54,0,107,64,0,96,75,171
EDouglas,EHenry,36,3,0,5,9,0,41,12,0,39,14,53
EDouglas,SHenry,69,10,0,24,59,0,93,69,0,79,83,162
EDouglas,SRockdale,30,3,0,8,29,0,38,32,0,33,37,70
EDouglas,NRockdale,48,6,0,14,20,0,62,26,0,54,34,88
EDouglas,NBarrow,2,0,0,1,0,0,3,0,0,2,1,3
EDouglas,SBarrow,0,0,0,1,2,0,1,2,0,0,3,3
EDouglas,NWBartow,23,3,0,11,7,0,34,10,0,26,18,44
EDouglas,NEBartow,18,1,0,8,12,0,26,13,0,19,20,39
EDouglas,SWBartow,38,11,0,20,39,0,58,50,0,49,59,108
EDouglas,Cartersville,140,27,0,49,47,0,189,74,0,167,96,263
EDouglas,NECarroll,1034,194,0,332,914,1,1366,1108,1,1228,1247,2475
EDouglas,WCarroll,113,28,0,24,27,0,137,55,0,141,51,192
EDouglas,CentralCarroll,736,124,0,181,421,0,917,545,0,860,602,1462
EDouglas,SECarroll,85,15,0,38,61,0,123,76,0,100,99,199
EDouglas,WCoweta,143,23,0,36,27,0,179,50,0,166,63,229
EDouglas,NCoweta,569,113,0,141,239,0,710,352,0,682,380,1062
EDouglas,SCoweta,33,2,0,12,10,0,45,12,0,35,22,57
EDouglas,SECoweta,65,10,0,12,25,0,77,35,0,75,37,112
EDouglas,NForsyth,5,0,0,0,1,0,5,1,0,5,1,6
EDouglas,Cumming,13,3,0,7,29,0,20,32,0,16,36,52
EDouglas,SForsyth,27,4,0,8,6,0,35,10,0,31,14,45
EDouglas,NHall,1,0,0,0,1,0,1,1,0,1,1,2
EDouglas,Gainesville,0,0,0,0,2,0,0,2,0,0,2,2
EDouglas,SHall,3,4,0,3,0,0,6,4,0,7,3,10
EDouglas,WNewton,26,3,0,15,20,0,41,23,0,29,35,64
EDouglas,ENewton,2,0,0,0,0,0,2,0,0,2,0,2
EDouglas,NPaulding,359,56,0,92,191,0,451,247,0,415,283,698
EDouglas,WPaulding,319,51,0,128,299,0,447,350,0,370,427,797
EDouglas,EPaulding,4141,754,10,3003,8704,8,7144,9458,18,4905,11715,16620
EDouglas,NSpalding,20,2,0,5,1,0,25,3,0,22,6,28
EDouglas,SSpalding,7,3,0,3,5,0,10,8,0,10,8,18
EDouglas,WWalton,6,0,0,4,1,0,10,1,0,6,5,11
EDouglas,EWalton,0,1,0,2,0,0,2,1,0,1,2,3
WFayette,NFulton,14,6,1,11,5,1,25,11,2,21,17,38
WFayette,Roswell,17,6,0,8,14,0,25,20,0,23,22,45
WFayette,SandySprings,94,25,11,25,44,0,119,69,11,130,69,199
WFayette,Buckhead,215,42,11,38,51,0,253,93,11,268,89,357
WFayette,NWAtlanta,195,33,1,29,24,0,224,57,1,229,53,282
WFayette,NEAtlanta,318,63,22,93,166,11,411,229,33,403,270,673
WFayette,SWAtlanta,282,52,3,99,231,1,381,283,4,337,331,668
WFayette,CBDAtlanta,275,50,64,81,175,17,356,225,81,389,273,662
WFayette,SEAtlanta,304,49,0,103,113,7,407,162,7,353,223,576
WFayette,SFulton,779,140,0,521,1327,0,1300,1467,0,919,1848,2767
WFayette,Tri-Cities,898,138,4,209,418,0,1107,556,4,1040,627,1667
WFayette,Shannon,2305,450,2,1901,4742,10,4206,5192,12,2757,6653,9410
WFayette,WCherokee,0,0,0,1,1,0,1,1,0,0,2,2
WFayette,NCherokee,0,0,0,0,0,0,0,0,0,0,0,0
WFayette,ECentCherokee,1,0,0,1,3,0,2,3,0,1,4,5
WFayette,Woodstock,17,0,0,4,10,0,21,10,0,17,14,31
WFayette,Airport,496,76,15,71,195,0,567,271,15,587,266,853
WFayette,NEClayton,757,125,1,187,308,3,944,433,4,883,498,1381
WFayette,Riverdale,682,131,0,356,1039,0,1038,1170,0,813,1395,2208
WFayette,SClayton,1325,245,1,540,1289,0,1865,1534,1,1571,1829,3400
WFayette,NWCobb,43,4,0,21,13,0,64,17,0,47,34,81
WFayette,NECobb,53,4,0,9,37,0,62,41,0,57,46,103
WFayette,SWCobb,47,8,0,9,45,0,56,53,0,55,54,109
WFayette,Marietta,71,16,1,18,38,1,89,54,2,88,57,145
WFayette,Cumberland,365,63,2,53,109,0,418,172,2,430,162,592
WFayette,SCobb,198,31,1,44,77,0,242,108,1,230,121,351
WFayette,Chamblee,117,32,7,28,84,1,145,116,8,156,113,269
WFayette,NWDeKalb,176,25,1,39,101,5,215,126,6,202,145,347
WFayette,NEDeKalb,110,24,0,27,51,3,137,75,3,134,81,215
WFayette,Atlanta-DeKalb,36,14,0,15,14,0,51,28,0,50,29,79
WFayette,Decatur,11,6,1,11,25,1,22,31,2,18,37,55
WFayette,SWDeKalb,82,15,1,23,50,0,105,65,1,98,73,171
WFayette,SEDeKalb,51,2,0,20,61,0,71,63,0,53,81,134
WFayette,SDeKalb,172,29,0,55,146,2,227,175,2,201,203,404
WFayette,WDouglas,300,58,0,81,194,0,381,252,0,358,275,633
WFayette,EDouglas,297,48,0,65,189,0,362,237,0,345,254,599
WFayette,WFayette,24399,4170,0,44823,88578,0,69222,92748,0,28569,133401,161970
WFayette,EFayette,4328,726,0,4145,10191,0,8473,10917,0,5054,14336,19390
WFayette,NGwinnett,3,1,0,2,0,0,5,1,0,4,2,6
WFayette,CentGwinnett,27,4,0,16,10,0,43,14,0,31,26,57
WFayette,EGwinnett,1,0,0,0,0,0,1,0,0,1,0,1
WFayette,Norcross,58,15,0,16,21,0,74,36,0,73,37,110
WFayette,Lilburn,15,1,0,7,3,0,22,4,0,16,10,26
WFayette,Snellville,14,3,0,8,1,0,22,4,0,17,9,26
WFayette,NHenry,297,67,0,79,213,0,376,280,0,364,292,656
WFayette,EHenry,152,31,0,37,71,0,189,102,0,183,108,291
WFayette,SHenry,846,163,0,168,377,0,1014,540,0,1009,545,1554
WFayette,SRockdale,35,3,0,6,21,0,41,24,0,38,27,65
WFayette,NRockdale,22,3,0,6,24,0,28,27,0,25,30,55
WFayette,NBarrow,0,0,0,0,0,0,0,0,0,0,0,0
WFayette,SBarrow,0,0,0,0,0,0,0,0,0,0,0,0
WFayette,NWBartow,0,0,0,0,0,0,0,0,0,0,0,0
WFayette,NEBartow,0,0,0,0,20,0,0,20,0,0,20,20
WFayette,SWBartow,0,0,0,0,0,0,0,0,0,0,0,0
WFayette,Cartersville,1,0,0,1,2,0,2,2,0,1,3,4
WFayette,NECarroll,59,13,0,21,31,0,80,44,0,72,52,124
WFayette,WCarroll,17,4,0,10,21,0,27,25,0,21,31,52
WFayette,CentralCarroll,201,25,0,112,61,0,313,86,0,226,173,399
WFayette,SECarroll,47,8,0,17,69,0,64,77,0,55,86,141
WFayette,WCoweta,638,104,0,155,290,0,793,394,0,742,445,1187
WFayette,NCoweta,5605,977,0,3926,10279,0,9531,11256,0,6582,14205,20787
WFayette,SCoweta,413,75,0,150,384,0,563,459,0,488,534,1022
WFayette,SECoweta,2042,391,0,2145,5341,0,4187,5732,0,2433,7486,9919
WFayette,NForsyth,0,0,0,0,0,0,0,0,0,0,0,0
WFayette,Cumming,0,0,0,1,0,0,1,0,0,0,1,1
WFayette,SForsyth,0,0,0,2,0,0,2,0,0,0,2,2
WFayette,NHall,0,0,0,0,0,0,0,0,0,0,0,0
WFayette,Gainesville,0,0,0,0,0,0,0,0,0,0,0,0
WFayette,SHall,0,0,0,0,0,0,0,0,0,0,0,0
WFayette,WNewton,56,7,0,14,40,0,70,47,0,63,54,117
WFayette,ENewton,4,0,0,1,0,0,5,0,0,4,1,5
WFayette,NPaulding,9,2,0,1,2,0,10,4,0,11,3,14
WFayette,WPaulding,12,1,0,2,0,0,14,1,0,13,2,15
WFayette,EPaulding,87,22,0,18,33,0,105,55,0,109,51,160
WFayette,NSpalding,606,112,0,200,290,0,806,402,0,718,490,1208
WFayette,SSpalding,607,119,0,194,363,0,801,482,0,726,557,1283
WFayette,WWalton,2,1,0,3,10,0,5,11,0,3,13,16
WFayette,EWalton,0,2,0,1,0,0,1,2,0,2,1,3
EFayette,NFulton,36,9,0,13,31,0,49,40,0,45,44,89
EFayette,Roswell,27,9,0,8,30,0,35,39,0,36,38,74
EFayette,SandySprings,158,36,8,22,31,0,180,67,8,202,53,255
EFayette,Buckhead,292,66,32,46,118,6,338,184,38,390,170,560
EFayette,NWAtlanta,190,27,3,48,49,2,238,76,5,220,99,319
EFayette,NEAtlanta,477,97,35,161,334,25,638,431,60,609,520,1129
EFayette,SWAtlanta,323,53,2,146,274,7,469,327,9,378,427,805
EFayette,CBDAtlanta,555,118,137,162,402,52,717,520,189,810,616,1426
EFayette,SEAtlanta,421,80,1,184,331,8,605,411,9,502,523,1025
EFayette,SFulton,418,87,0,206,521,0,624,608,0,505,727,1232
EFayette,Tri-Cities,1088,169,5,375,818,3,1463,987,8,1262,1196,2458
EFayette,Shannon,2049,413,6,2122,5029,7,4171,5442,13,2468,7158,9626
EFayette,WCherokee,2,0,0,0,1,0,2,1,0,2,1,3
EFayette,NCherokee,0,0,0,0,0,0,0,0,0,0,0,0
EFayette,ECentCherokee,4,0,0,3,2,0,7,2,0,4,5,9
EFayette,Woodstock,14,1,0,5,17,0,19,18,0,15,22,37
EFayette,Airport,837,141,15,367,742,3,1204,883,18,993,1112,2105
EFayette,NEClayton,1481,258,7,804,1592,5,2285,1850,12,1746,2401,4147
EFayette,Riverdale,2248,444,4,3083,8089,19,5331,8533,23,2696,11191,13887
EFayette,SClayton,3532,726,3,3492,9464,5,7024,10190,8,4261,12961,17222
EFayette,NWCobb,37,6,0,15,27,0,52,33,0,43,42,85
EFayette,NECobb,60,14,0,24,40,0,84,54,0,74,64,138
EFayette,SWCobb,48,6,0,13,18,0,61,24,0,54,31,85
EFayette,Marietta,79,16,0,31,20,0,110,36,0,95,51,146
EFayette,Cumberland,379,50,3,68,75,1,447,125,4,432,144,576
EFayette,SCobb,168,38,0,46,89,0,214,127,0,206,135,341
EFayette,Chamblee,151,32,3,36,82,0,187,114,3,186,118,304
EFayette,NWDeKalb,213,39,4,64,124,3,277,163,7,256,191,447
EFayette,NEDeKalb,146,36,1,46,60,0,192,96,1,183,106,289
EFayette,Atlanta-DeKalb,46,10,2,13,21,0,59,31,2,58,34,92
EFayette,Decatur,29,10,1,12,29,3,41,39,4,40,44,84
EFayette,SWDeKalb,101,26,0,44,112,0,145,138,0,127,156,283
EFayette,SEDeKalb,76,11,0,33,77,0,109,88,0,87,110,197
EFayette,SDeKalb,244,49,0,95,259,0,339,308,0,293,354,647
EFayette,WDouglas,199,33,0,44,124,0,243,157,0,232,168,400
EFayette,EDouglas,184,38,0,47,129,0,231,167,0,222,176,398
EFayette,WFayette,4401,802,0,4205,10235,0,8606,11037,0,5203,14440,19643
EFayette,EFayette,15258,2625,0,30372,57588,0,45630,60213,0,17883,87960,105843
EFayette,NGwinnett,12,2,0,1,7,0,13,9,0,14,8,22
EFayette,CentGwinnett,41,9,0,10,17,0,51,26,0,50,27,77
EFayette,EGwinnett,6,2,0,2,9,0,8,11,0,8,11,19
EFayette,Norcross,78,18,0,19,20,0,97,38,0,96,39,135
EFayette,Lilburn,28,8,0,9,61,0,37,69,0,36,70,106
EFayette,Snellville,23,5,0,8,8,0,31,13,0,28,16,44
EFayette,NHenry,701,111,0,295,719,0,996,830,0,812,1014,1826
EFayette,EHenry,287,30,0,74,122,0,361,152,0,317,196,513
EFayette,SHenry,1619,306,0,629,1486,0,2248,1792,0,1925,2115,4040
EFayette,SRockdale,66,10,0,18,31,0,84,41,0,76,49,125
EFayette,NRockdale,58,7,0,16,14,0,74,21,0,65,30,95
EFayette,NBarrow,0,0,0,0,0,0,0,0,0,0,0,0
EFayette,SBarrow,0,0,0,0,0,0,0,0,0,0,0,0
EFayette,NWBartow,1,0,0,0,0,0,1,0,0,1,0,1
EFayette,NEBartow,0,0,0,0,0,0,0,0,0,0,0,0
EFayette,SWBartow,0,1,0,1,0,0,1,1,0,1,1,2
EFayette,Cartersville,1,1,0,2,0,0,3,1,0,2,2,4
EFayette,NECarroll,28,4,0,10,17,0,38,21,0,32,27,59
EFayette,WCarroll,4,0,0,3,2,0,7,2,0,4,5,9
EFayette,CentralCarroll,65,11,0,35,21,0,100,32,0,76,56,132
EFayette,SECarroll,14,2,0,7,2,0,21,4,0,16,9,25
EFayette,WCoweta,146,28,0,33,73,0,179,101,0,174,106,280
EFayette,NCoweta,1352,230,0,470,1322,0,1822,1552,0,1582,1792,3374
EFayette,SCoweta,95,17,0,34,74,0,129,91,0,112,108,220
EFayette,SECoweta,697,107,0,439,1176,0,1136,1283,0,804,1615,2419
EFayette,NForsyth,0,0,0,0,0,0,0,0,0,0,0,0
EFayette,Cumming,4,0,0,3,0,0,7,0,0,4,3,7
EFayette,SForsyth,3,2,0,0,3,0,3,5,0,5,3,8
EFayette,NHall,0,0,0,0,0,0,0,0,0,0,0,0
EFayette,Gainesville,0,0,0,0,0,0,0,0,0,0,0,0
EFayette,SHall,0,0,0,0,1,0,0,1,0,0,1,1
EFayette,WNewton,116,32,0,17,76,0,133,108,0,148,93,241
EFayette,ENewton,9,2,0,2,4,0,11,6,0,11,6,17
EFayette,NPaulding,4,1,0,2,9,0,6,10,0,5,11,16
EFayette,WPaulding,3,2,0,4,10,0,7,12,0,5,14,19
EFayette,EPaulding,50,11,0,13,17,0,63,28,0,61,30,91
EFayette,NSpalding,879,148,0,484,888,0,1363,1036,0,1027,1372,2399
EFayette,SSpalding,670,137,0,336,692,0,1006,829,0,807,1028,1835
EFayette,WWalton,11,3,0,3,4,0,14,7,0,14,7,21
EFayette,EWalton,3,0,0,1,6,0,4,6,0,3,7,10
NGwinnett,NFulton,5035,945,1,2281,6138,10,7316,7083,11,5981,8429,14410
NGwinnett,Roswell,1055,192,0,274,601,2,1329,793,2,1247,877,2124
NGwinnett,SandySprings,1682,263,25,283,543,20,1965,806,45,1970,846,2816
NGwinnett,Buckhead,1128,167,32,153,448,11,1281,615,43,1327,612,1939
NGwinnett,NWAtlanta,287,57,0,39,116,4,326,173,4,344,159,503
NGwinnett,NEAtlanta,853,150,44,209,592,28,1062,742,72,1047,829,1876
NGwinnett,SWAtlanta,106,24,1,56,90,6,162,114,7,131,152,283
NGwinnett,CBDAtlanta,609,134,126,120,383,32,729,517,158,869,535,1404
NGwinnett,SEAtlanta,119,41,5,58,114,1,177,155,6,165,173,338
NGwinnett,SFulton,31,4,0,6,9,0,37,13,0,35,15,50
NGwinnett,Tri-Cities,163,58,4,30,57,3,193,115,7,225,90,315
NGwinnett,Shannon,26,5,0,9,37,1,35,42,1,31,47,78
NGwinnett,WCherokee,18,6,0,17,19,0,35,25,0,24,36,60
NGwinnett,NCherokee,49,9,0,13,33,0,62,42,0,58,46,104
NGwinnett,ECentCherokee,399,75,0,100,177,0,499,252,0,474,277,751
NGwinnett,Woodstock,151,23,0,35,70,0,186,93,0,174,105,279
NGwinnett,Airport,47,13,16,10,32,0,57,45,16,76,42,118
NGwinnett,NEClayton,80,15,1,29,33,0,109,48,1,96,62,158
NGwinnett,Riverdale,9,4,1,5,41,0,14,45,1,14,46,60
NGwinnett,SClayton,19,4,0,7,8,0,26,12,0,23,15,38
NGwinnett,NWCobb,121,17,0,74,90,3,195,107,3,138,167,305
NGwinnett,NECobb,402,55,0,89,292,0,491,347,0,457,381,838
NGwinnett,SWCobb,24,6,0,15,27,0,39,33,0,30,42,72
NGwinnett,Marietta,205,22,0,79,43,7,284,65,7,227,129,356
NGwinnett,Cumberland,692,119,0,108,233,1,800,352,1,811,342,1153
NGwinnett,SCobb,117,18,0,34,82,0,151,100,0,135,116,251
NGwinnett,Chamblee,2605,391,12,473,1094,16,3078,1485,28,3008,1583,4591
NGwinnett,NWDeKalb,1083,181,2,251,666,11,1334,847,13,1266,928,2194
NGwinnett,NEDeKalb,1981,312,3,454,1126,10,2435,1438,13,2296,1590,3886
NGwinnett,Atlanta-DeKalb,52,6,2,14,57,1,66,63,3,60,72,132
NGwinnett,Decatur,115,18,4,57,74,3,172,92,7,137,134,271
NGwinnett,SWDeKalb,194,40,1,61,133,1,255,173,2,235,195,430
NGwinnett,SEDeKalb,278,56,0,87,218,0,365,274,0,334,305,639
NGwinnett,SDeKalb,204,38,0,64,106,3,268,144,3,242,173,415
NGwinnett,WDouglas,5,2,0,2,11,0,7,13,0,7,13,20
NGwinnett,EDouglas,14,5,0,15,23,0,29,28,0,19,38,57
NGwinnett,WFayette,1,2,0,4,1,0,5,3,0,3,5,8
NGwinnett,EFayette,7,2,0,0,2,0,7,4,0,9,2,11
NGwinnett,NGwinnett,71374,13376,4,120679,278908,9,192053,292284,13,84754,399596,484350
NGwinnett,CentGwinnett,27089,4773,43,25258,62027,57,52347,66800,100,31905,87342,119247
NGwinnett,EGwinnett,7649,1394,3,7077,19112,6,14726,20506,9,9046,26195,35241
NGwinnett,Norcross,6678,1044,8,1600,3954,5,8278,4998,13,7730,5559,13289
NGwinnett,Lilburn,1329,205,0,553,1344,1,1882,1549,1,1534,1898,3432
NGwinnett,Snellville,2477,455,2,1230,3007,0,3707,3462,2,2934,4237,7171
NGwinnett,NHenry,46,12,0,14,53,0,60,65,0,58,67,125
NGwinnett,EHenry,38,6,0,11,4,0,49,10,0,44,15,59
NGwinnett,SHenry,25,2,0,10,33,0,35,35,0,27,43,70
NGwinnett,SRockdale,96,15,0,32,45,0,128,60,0,111,77,188
NGwinnett,NRockdale,278,53,0,64,142,0,342,195,0,331,206,537
NGwinnett,NBarrow,3360,602,0,2288,6267,0,5648,6869,0,3962,8555,12517
NGwinnett,SBarrow,1762,313,0,691,1930,0,2453,2243,0,2075,2621,4696
NGwinnett,NWBartow,1,0,0,1,2,0,2,2,0,1,3,4
NGwinnett,NEBartow,1,0,0,3,2,0,4,2,0,1,5,6
NGwinnett,SWBartow,3,0,0,1,0,0,4,0,0,3,1,4
NGwinnett,Cartersville,5,0,0,5,7,0,10,7,0,5,12,17
NGwinnett,NECarroll,1,0,0,0,0,0,1,0,0,1,0,1
NGwinnett,WCarroll,0,0,0,0,0,0,0,0,0,0,0,0
NGwinnett,CentralCarroll,0,0,0,1,0,0,1,0,0,0,1,1
NGwinnett,SECarroll,0,0,0,0,0,0,0,0,0,0,0,0
NGwinnett,WCoweta,0,0,0,0,0,0,0,0,0,0,0,0
NGwinnett,NCoweta,6,1,0,2,4,0,8,5,0,7,6,13
NGwinnett,SCoweta,0,0,0,0,0,0,0,0,0,0,0,0
NGwinnett,SECoweta,0,0,0,0,4,0,0,4,0,0,4,4
NGwinnett,NForsyth,793,153,0,268,803,0,1061,956,0,946,1071,2017
NGwinnett,Cumming,4338,728,0,2665,7088,0,7003,7816,0,5066,9753,14819
NGwinnett,SForsyth,3771,677,0,2497,7092,0,6268,7769,0,4448,9589,14037
NGwinnett,NHall,579,107,0,107,289,0,686,396,0,686,396,1082
NGwinnett,Gainesville,3941,726,1,719,1935,0,4660,2661,1,4668,2654,7322
NGwinnett,SHall,8505,1601,1,7449,18810,1,15954,20411,2,10107,26260,36367
NGwinnett,WNewton,342,48,0,74,200,1,416,248,1,390,275,665
NGwinnett,ENewton,42,8,0,18,23,0,60,31,0,50,41,91
NGwinnett,NPaulding,6,0,0,2,3,0,8,3,0,6,5,11
NGwinnett,WPaulding,0,0,0,0,0,0,0,0,0,0,0,0
NGwinnett,EPaulding,16,1,0,4,11,0,20,12,0,17,15,32
NGwinnett,NSpalding,1,1,0,1,0,0,2,1,0,2,1,3
NGwinnett,SSpalding,1,0,0,0,0,0,1,0,0,1,0,1
NGwinnett,WWalton,844,138,0,236,678,0,1080,816,0,982,914,1896
NGwinnett,EWalton,714,120,0,172,371,0,886,491,0,834,543,1377
CentGwinnett,NFulton,9032,1825,15,7805,18231,50,16837,20056,65,10872,26086,36958
CentGwinnett,Roswell,2264,419,0,1123,2851,4,3387,3270,4,2683,3978,6661
CentGwinnett,SandySprings,3246,518,65,718,1407,62,3964,1925,127,3829,2187,6016
CentGwinnett,Buckhead,2292,423,109,374,780,37,2666,1203,146,2824,1191,4015
CentGwinnett,NWAtlanta,546,101,14,61,239,12,607,340,26,661,312,973
CentGwinnett,NEAtlanta,1840,339,136,404,1136,105,2244,1475,241,2315,1645,3960
CentGwinnett,SWAtlanta,269,76,19,99,149,24,368,225,43,364,272,636
CentGwinnett,CBDAtlanta,1253,313,464,232,491,109,1485,804,573,2030,832,2862
CentGwinnett,SEAtlanta,318,90,10,74,134,11,392,224,21,418,219,637
CentGwinnett,SFulton,70,20,0,13,50,0,83,70,0,90,63,153
CentGwinnett,Tri-Cities,358,96,19,49,63,4,407,159,23,473,116,589
CentGwinnett,Shannon,90,26,4,24,93,0,114,119,4,120,117,237
CentGwinnett,WCherokee,39,7,0,17,43,0,56,50,0,46,60,106
CentGwinnett,NCherokee,47,2,0,19,26,0,66,28,0,49,45,94
CentGwinnett,ECentCherokee,485,79,0,138,282,0,623,361,0,564,420,984
CentGwinnett,Woodstock,318,52,1,104,213,0,422,265,1,371,317,688
CentGwinnett,Airport,159,48,41,15,28,0,174,76,41,248,43,291
CentGwinnett,NEClayton,245,55,1,67,123,2,312,178,3,301,192,493
CentGwinnett,Riverdale,72,22,0,20,49,0,92,71,0,94,69,163
CentGwinnett,SClayton,98,21,0,21,36,0,119,57,0,119,57,176
CentGwinnett,NWCobb,316,61,1,118,159,16,434,220,17,378,293,671
CentGwinnett,NECobb,827,110,1,183,359,1,1010,469,2,938,543,1481
CentGwinnett,SWCobb,91,16,0,38,60,0,129,76,0,107,98,205
CentGwinnett,Marietta,330,54,1,118,95,21,448,149,22,385,234,619
CentGwinnett,Cumberland,1373,232,11,212,371,3,1585,603,14,1616,586,2202
CentGwinnett,SCobb,264,48,0,81,108,0,345,156,0,312,189,501
CentGwinnett,Chamblee,5729,913,58,1839,4308,109,7568,5221,167,6700,6256,12956
CentGwinnett,NWDeKalb,2159,404,20,626,2302,56,2785,2706,76,2583,2984,5567
CentGwinnett,NEDeKalb,5071,869,7,2381,5603,52,7452,6472,59,5947,8036,13983
CentGwinnett,Atlanta-DeKalb,137,21,8,33,83,3,170,104,11,166,119,285
CentGwinnett,Decatur,258,37,7,105,274,25,363,311,32,302,404,706
CentGwinnett,SWDeKalb,537,93,9,179,374,3,716,467,12,639,556,1195
CentGwinnett,SEDeKalb,1093,201,4,472,1304,1,1565,1505,5,1298,1777,3075
CentGwinnett,SDeKalb,548,113,1,174,416,4,722,529,5,662,594,1256
CentGwinnett,WDouglas,28,7,0,17,24,0,45,31,0,35,41,76
CentGwinnett,EDouglas,81,21,0,28,57,0,109,78,0,102,85,187
CentGwinnett,WFayette,18,3,0,14,6,0,32,9,0,21,20,41
CentGwinnett,EFayette,36,8,0,15,15,0,51,23,0,44,30,74
CentGwinnett,NGwinnett,28002,5059,41,25513,63144,55,53515,68203,96,33102,88712,121814
CentGwinnett,CentGwinnett,119140,22374,650,178098,354424,1185,297238,376798,1835,142164,533707,675871
CentGwinnett,EGwinnett,12872,2409,27,12547,34778,62,25419,37187,89,15308,47387,62695
CentGwinnett,Norcross,21515,3999,141,17181,36850,186,38696,40849,327,25655,54217,79872
CentGwinnett,Lilburn,7345,1360,23,7915,20543,44,15260,21903,67,8728,28502,37230
CentGwinnett,Snellville,10436,2034,12,11013,29278,19,21449,31312,31,12482,40310,52792
CentGwinnett,NHenry,175,29,0,55,93,0,230,122,0,204,148,352
CentGwinnett,EHenry,141,24,0,43,70,0,184,94,0,165,113,278
CentGwinnett,SHenry,104,11,0,44,68,0,148,79,0,115,112,227
CentGwinnett,SRockdale,281,53,0,79,156,0,360,209,0,334,235,569
CentGwinnett,NRockdale,767,143,0,186,509,0,953,652,0,910,695,1605
CentGwinnett,NBarrow,2030,350,0,600,1353,0,2630,1703,0,2380,1953,4333
CentGwinnett,SBarrow,1617,316,0,576,1280,0,2193,1596,0,1933,1856,3789
CentGwinnett,NWBartow,2,0,0,2,0,0,4,0,0,2,2,4
CentGwinnett,NEBartow,2,3,0,3,2,0,5,5,0,5,5,10
CentGwinnett,SWBartow,8,1,0,1,10,0,9,11,0,9,11,20
CentGwinnett,Cartersville,33,6,0,10,10,0,43,16,0,39,20,59
CentGwinnett,NECarroll,4,1,0,3,2,0,7,3,0,5,5,10
CentGwinnett,WCarroll,0,0,0,0,0,0,0,0,0,0,0,0
CentGwinnett,CentralCarroll,4,0,0,1,0,0,5,0,0,4,1,5
CentGwinnett,SECarroll,1,0,0,0,0,0,1,0,0,1,0,1
CentGwinnett,WCoweta,2,1,0,2,1,0,4,2,0,3,3,6
CentGwinnett,NCoweta,16,5,0,9,38,0,25,43,0,21,47,68
CentGwinnett,SCoweta,1,0,0,0,1,0,1,1,0,1,1,2
CentGwinnett,SECoweta,4,0,0,2,0,0,6,0,0,4,2,6
CentGwinnett,NForsyth,629,101,0,183,503,0,812,604,0,730,686,1416
CentGwinnett,Cumming,2202,419,0,769,2023,0,2971,2442,0,2621,2792,5413
CentGwinnett,SForsyth,3492,691,3,2213,5761,2,5705,6452,5,4186,7976,12162
CentGwinnett,NHall,300,42,0,91,194,0,391,236,0,342,285,627
CentGwinnett,Gainesville,1265,268,0,242,509,0,1507,777,0,1533,751,2284
CentGwinnett,SHall,2837,487,0,914,2116,0,3751,2603,0,3324,3030,6354
CentGwinnett,WNewton,790,146,0,175,441,2,965,587,2,936,618,1554
CentGwinnett,ENewton,115,13,0,40,75,0,155,88,0,128,115,243
CentGwinnett,NPaulding,30,5,0,5,15,0,35,20,0,35,20,55
CentGwinnett,WPaulding,5,2,0,3,2,0,8,4,0,7,5,12
CentGwinnett,EPaulding,74,6,0,24,51,0,98,57,0,80,75,155
CentGwinnett,NSpalding,6,2,0,3,0,0,9,2,0,8,3,11
CentGwinnett,SSpalding,7,0,0,1,7,0,8,7,0,7,8,15
CentGwinnett,WWalton,1998,354,0,883,2264,1,2881,2618,1,2352,3148,5500
CentGwinnett,EWalton,1020,193,0,250,665,0,1270,858,0,1213,915,2128
EGwinnett,NFulton,887,181,2,155,240,3,1042,421,5,1070,398,1468
EGwinnett,Roswell,297,45,0,57,139,0,354,184,0,342,196,538
EGwinnett,SandySprings,651,100,3,94,206,4,745,306,7,754,304,1058
EGwinnett,Buckhead,443,70,3,68,224,1,511,294,4,516,293,809
EGwinnett,NWAtlanta,159,36,1,20,57,2,179,93,3,196,79,275
EGwinnett,NEAtlanta,382,70,11,125,245,16,507,315,27,463,386,849
EGwinnett,SWAtlanta,65,16,2,23,67,3,88,83,5,83,93,176
EGwinnett,CBDAtlanta,327,62,44,68,168,24,395,230,68,433,260,693
EGwinnett,SEAtlanta,76,19,1,21,44,1,97,63,2,96,66,162
EGwinnett,SFulton,15,2,0,2,2,0,17,4,0,17,4,21
EGwinnett,Tri-Cities,63,21,0,6,25,0,69,46,0,84,31,115
EGwinnett,Shannon,14,3,0,3,21,0,17,24,0,17,24,41
EGwinnett,WCherokee,2,0,0,1,4,0,3,4,0,2,5,7
EGwinnett,NCherokee,1,0,0,2,1,0,3,1,0,1,3,4
EGwinnett,ECentCherokee,38,3,0,10,7,0,48,10,0,41,17,58
EGwinnett,Woodstock,17,5,0,11,19,0,28,24,0,22,30,52
EGwinnett,Airport,43,11,0,4,18,0,47,29,0,54,22,76
EGwinnett,NEClayton,73,14,0,8,13,0,81,27,0,87,21,108
EGwinnett,Riverdale,15,3,0,0,22,0,15,25,0,18,22,40
EGwinnett,SClayton,21,2,0,7,3,0,28,5,0,23,10,33
EGwinnett,NWCobb,32,3,0,23,29,2,55,32,2,35,54,89
EGwinnett,NECobb,141,13,0,22,99,0,163,112,0,154,121,275
EGwinnett,SWCobb,11,1,0,3,7,0,14,8,0,12,10,22
EGwinnett,Marietta,91,13,0,23,33,3,114,46,3,104,59,163
EGwinnett,Cumberland,370,51,0,47,75,1,417,126,1,421,123,544
EGwinnett,SCobb,44,9,0,13,14,0,57,23,0,53,27,80
EGwinnett,Chamblee,1093,175,0,195,499,7,1288,674,7,1268,701,1969
EGwinnett,NWDeKalb,538,86,2,122,402,4,660,488,6,626,528,1154
EGwinnett,NEDeKalb,1216,199,0,351,861,7,1567,1060,7,1415,1219,2634
EGwinnett,Atlanta-DeKalb,27,8,0,11,39,0,38,47,0,35,50,85
EGwinnett,Decatur,71,11,1,17,72,2,88,83,3,83,91,174
EGwinnett,SWDeKalb,130,24,1,34,99,0,164,123,1,155,133,288
EGwinnett,SEDeKalb,309,49,0,136,389,0,445,438,0,358,525,883
EGwinnett,SDeKalb,163,35,0,56,156,2,219,191,2,198,214,412
EGwinnett,WDouglas,5,2,0,0,0,0,5,2,0,7,0,7
EGwinnett,EDouglas,20,3,0,4,1,0,24,4,0,23,5,28
EGwinnett,WFayette,4,0,0,1,9,0,5,9,0,4,10,14
EGwinnett,EFayette,5,0,0,2,11,0,7,11,0,5,13,18
EGwinnett,NGwinnett,7466,1383,3,7079,18982,4,14545,20365,7,8852,26065,34917
EGwinnett,CentGwinnett,12043,2174,26,12503,33702,63,24546,35876,89,14243,46268,60511
EGwinnett,EGwinnett,13311,2504,0,28764,72388,0,42075,74892,0,15815,101152,116967
EGwinnett,Norcross,2519,380,0,397,1240,1,2916,1620,1,2899,1638,4537
EGwinnett,Lilburn,1047,170,1,601,1756,0,1648,1926,1,1218,2357,3575
EGwinnett,Snellville,4485,876,0,6586,18548,0,11071,19424,0,5361,25134,30495
EGwinnett,NHenry,47,9,0,12,41,0,59,50,0,56,53,109
EGwinnett,EHenry,38,4,0,19,36,0,57,40,0,42,55,97
EGwinnett,SHenry,35,4,0,9,12,0,44,16,0,39,21,60
EGwinnett,SRockdale,106,20,0,30,74,0,136,94,0,126,104,230
EGwinnett,NRockdale,544,90,0,122,348,0,666,438,0,634,470,1104
EGwinnett,NBarrow,1679,328,0,1240,3418,0,2919,3746,0,2007,4658,6665
EGwinnett,SBarrow,1520,263,0,1298,3744,0,2818,4007,0,1783,5042,6825
EGwinnett,NWBartow,0,0,0,0,0,0,0,0,0,0,0,0
EGwinnett,NEBartow,0,0,0,0,0,0,0,0,0,0,0,0
EGwinnett,SWBartow,1,0,0,0,0,0,1,0,0,1,0,1
EGwinnett,Cartersville,3,0,0,3,0,0,6,0,0,3,3,6
EGwinnett,NECarroll,0,0,0,0,1,0,0,1,0,0,1,1
EGwinnett,WCarroll,0,0,0,0,0,0,0,0,0,0,0,0
EGwinnett,CentralCarroll,0,0,0,0,0,0,0,0,0,0,0,0
EGwinnett,SECarroll,0,0,0,0,0,0,0,0,0,0,0,0
EGwinnett,WCoweta,1,0,0,0,0,0,1,0,0,1,0,1
EGwinnett,NCoweta,0,0,0,2,0,0,2,0,0,0,2,2
EGwinnett,SCoweta,0,0,0,0,0,0,0,0,0,0,0,0
EGwinnett,SECoweta,0,0,0,0,0,0,0,0,0,0,0,0
EGwinnett,NForsyth,55,13,0,13,25,0,68,38,0,68,38,106
EGwinnett,Cumming,302,36,0,78,219,0,380,255,0,338,297,635
EGwinnett,SForsyth,392,74,0,82,141,0,474,215,0,466,223,689
EGwinnett,NHall,46,11,0,8,33,0,54,44,0,57,41,98
EGwinnett,Gainesville,505,87,0,71,88,0,576,175,0,592,159,751
EGwinnett,SHall,685,115,0,346,562,0,1031,677,0,800,908,1708
EGwinnett,WNewton,415,93,0,109,274,0,524,367,0,508,383,891
EGwinnett,ENewton,40,7,0,26,17,0,66,24,0,47,43,90
EGwinnett,NPaulding,1,0,0,0,0,0,1,0,0,1,0,1
EGwinnett,WPaulding,0,0,0,0,0,0,0,0,0,0,0,0
EGwinnett,EPaulding,3,0,0,4,14,0,7,14,0,3,18,21
EGwinnett,NSpalding,1,1,0,1,1,0,2,2,0,2,2,4
EGwinnett,SSpalding,1,1,0,0,0,0,1,1,0,2,0,2
EGwinnett,WWalton,1519,297,0,1732,5053,0,3251,5350,0,1816,6785,8601
EGwinnett,EWalton,1016,181,0,432,1241,0,1448,1422,0,1197,1673,2870
Norcross,NFulton,7227,1421,34,4262,10237,40,11489,11658,74,8682,14539,23221
Norcross,Roswell,5180,958,22,4040,9730,12,9220,10688,34,6160,13782,19942
Norcross,SandySprings,5635,1054,113,3650,6946,103,9285,8000,216,6802,10699,17501
Norcross,Buckhead,3269,627,209,858,1950,116,4127,2577,325,4105,2924,7029
Norcross,NWAtlanta,645,158,34,108,251,14,753,409,48,837,373,1210
Norcross,NEAtlanta,2451,492,341,678,2146,333,3129,2638,674,3284,3157,6441
Norcross,SWAtlanta,388,125,40,110,170,24,498,295,64,553,304,857
Norcross,CBDAtlanta,1419,379,875,308,740,234,1727,1119,1109,2673,1282,3955
Norcross,SEAtlanta,376,123,35,100,248,21,476,371,56,534,369,903
Norcross,SFulton,141,36,3,26,39,1,167,75,4,180,66,246
Norcross,Tri-Cities,396,132,42,46,107,7,442,239,49,570,160,730
Norcross,Shannon,160,62,10,27,100,1,187,162,11,232,128,360
Norcross,WCherokee,93,10,0,15,29,0,108,39,0,103,44,147
Norcross,NCherokee,46,8,0,19,39,0,65,47,0,54,58,112
Norcross,ECentCherokee,649,106,0,138,338,0,787,444,0,755,476,1231
Norcross,Woodstock,698,103,1,111,279,0,809,382,1,802,390,1192
Norcross,Airport,141,53,65,13,27,0,154,80,65,259,40,299
Norcross,NEClayton,312,60,4,48,149,1,360,209,5,376,198,574
Norcross,Riverdale,154,52,2,26,37,1,180,89,3,208,64,272
Norcross,SClayton,156,36,1,20,37,0,176,73,1,193,57,250
Norcross,NWCobb,751,118,3,187,182,20,938,300,23,872,389,1261
Norcross,NECobb,1498,272,2,436,812,0,1934,1084,2,1772,1248,3020
Norcross,SWCobb,250,54,0,37,92,0,287,146,0,304,129,433
Norcross,Marietta,461,88,4,184,170,28,645,258,32,553,382,935
Norcross,Cumberland,1991,336,23,370,734,16,2361,1070,39,2350,1120,3470
Norcross,SCobb,465,96,8,79,181,0,544,277,8,569,260,829
Norcross,Chamblee,11174,2127,176,11681,24255,245,22855,26382,421,13477,36181,49658
Norcross,NWDeKalb,2807,523,44,1393,4474,215,4200,4997,259,3374,6082,9456
Norcross,NEDeKalb,8267,1665,73,9518,21688,119,17785,23353,192,10005,31325,41330
Norcross,Atlanta-DeKalb,224,38,13,74,197,6,298,235,19,275,277,552
Norcross,Decatur,350,56,13,170,472,32,520,528,45,419,674,1093
Norcross,SWDeKalb,788,150,21,329,734,10,1117,884,31,959,1073,2032
Norcross,SEDeKalb,1340,269,6,506,1388,10,1846,1657,16,1615,1904,3519
Norcross,SDeKalb,779,156,7,190,492,5,969,648,12,942,687,1629
Norcross,WDouglas,80,22,1,21,60,0,101,82,1,103,81,184
Norcross,EDouglas,159,33,0,35,20,0,194,53,0,192,55,247
Norcross,WFayette,40,14,0,10,20,0,50,34,0,54,30,84
Norcross,EFayette,70,18,0,16,20,0,86,38,0,88,36,124
Norcross,NGwinnett,6797,1047,8,1533,3675,5,8330,4722,13,7852,5213,13065
Norcross,CentGwinnett,22591,4106,157,17301,37398,208,39892,41504,365,26854,54907,81761
Norcross,EGwinnett,2488,387,0,434,1222,1,2922,1609,1,2875,1657,4532
Norcross,Norcross,63402,12020,502,88198,158541,823,151600,170561,1325,75924,247562,323486
Norcross,Lilburn,8692,1612,43,9084,23647,102,17776,25259,145,10347,32833,43180
Norcross,Snellville,3318,650,8,1126,3167,5,4444,3817,13,3976,4298,8274
Norcross,NHenry,315,53,1,59,184,0,374,237,1,369,243,612
Norcross,EHenry,200,28,0,30,43,0,230,71,0,228,73,301
Norcross,SHenry,175,21,0,35,71,0,210,92,0,196,106,302
Norcross,SRockdale,246,56,0,35,68,0,281,124,0,302,103,405
Norcross,NRockdale,360,71,0,62,148,0,422,219,0,431,210,641
Norcross,NBarrow,609,84,0,76,145,0,685,229,0,693,221,914
Norcross,SBarrow,524,75,0,62,185,0,586,260,0,599,247,846
Norcross,NWBartow,11,1,0,3,5,0,14,6,0,12,8,20
Norcross,NEBartow,20,3,0,8,6,0,28,9,0,23,14,37
Norcross,SWBartow,22,6,0,9,11,0,31,17,0,28,20,48
Norcross,Cartersville,85,12,0,16,22,0,101,34,0,97,38,135
Norcross,NECarroll,10,3,0,4,6,0,14,9,0,13,10,23
Norcross,WCarroll,0,0,0,0,0,0,0,0,0,0,0,0
Norcross,CentralCarroll,9,1,0,4,1,0,13,2,0,10,5,15
Norcross,SECarroll,2,0,0,0,0,0,2,0,0,2,0,2
Norcross,WCoweta,4,4,0,0,0,0,4,4,0,8,0,8
Norcross,NCoweta,43,13,0,15,12,0,58,25,0,56,27,83
Norcross,SCoweta,2,1,0,2,1,0,4,2,0,3,3,6
Norcross,SECoweta,9,1,0,1,4,0,10,5,0,10,5,15
Norcross,NForsyth,471,78,0,90,163,0,561,241,0,549,253,802
Norcross,Cumming,1434,251,1,280,878,0,1714,1129,1,1686,1158,2844
Norcross,SForsyth,2063,382,4,735,1921,1,2798,2303,5,2449,2657,5106
Norcross,NHall,134,34,0,32,52,0,166,86,0,168,84,252
Norcross,Gainesville,446,82,0,69,161,0,515,243,0,528,230,758
Norcross,SHall,1124,186,0,163,466,0,1287,652,0,1310,629,1939
Norcross,WNewton,388,70,0,51,90,1,439,160,1,458,142,600
Norcross,ENewton,50,6,0,13,21,0,63,27,0,56,34,90
Norcross,NPaulding,74,9,0,15,10,0,89,19,0,83,25,108
Norcross,WPaulding,19,1,0,5,13,0,24,14,0,20,18,38
Norcross,EPaulding,196,30,0,30,46,0,226,76,0,226,76,302
Norcross,NSpalding,28,8,0,3,3,0,31,11,0,36,6,42
Norcross,SSpalding,4,2,0,2,6,0,6,8,0,6,8,14
Norcross,WWalton,630,109,0,114,267,0,744,376,0,739,381,1120
Norcross,EWalton,282,46,0,43,82,0,325,128,0,328,125,453
Lilburn,NFulton,881,161,3,365,782,4,1246,943,7,1045,1151,2196
Lilburn,Roswell,436,79,1,207,629,1,643,708,2,516,837,1353
Lilburn,SandySprings,1050,165,18,337,626,23,1387,791,41,1233,986,2219
Lilburn,Buckhead,981,164,47,209,546,14,1190,710,61,1192,769,1961
Lilburn,NWAtlanta,237,47,4,45,145,5,282,192,9,288,195,483
Lilburn,NEAtlanta,902,179,82,318,846,67,1220,1025,149,1163,1231,2394
Lilburn,SWAtlanta,153,34,6,61,116,11,214,150,17,193,188,381
Lilburn,CBDAtlanta,756,128,321,159,390,92,915,518,413,1205,641,1846
Lilburn,SEAtlanta,171,34,8,59,91,4,230,125,12,213,154,367
Lilburn,SFulton,34,8,0,4,11,0,38,19,0,42,15,57
Lilburn,Tri-Cities,169,39,4,21,34,0,190,73,4,212,55,267
Lilburn,Shannon,35,3,0,10,35,0,45,38,0,38,45,83
Lilburn,WCherokee,3,0,0,1,0,0,4,0,0,3,1,4
Lilburn,NCherokee,2,0,0,2,2,0,4,2,0,2,4,6
Lilburn,ECentCherokee,41,8,0,19,13,0,60,21,0,49,32,81
Lilburn,Woodstock,70,9,0,17,39,0,87,48,0,79,56,135
Lilburn,Airport,110,17,25,9,28,0,119,45,25,152,37,189
Lilburn,NEClayton,183,40,0,33,102,2,216,142,2,223,137,360
Lilburn,Riverdale,40,7,0,10,20,0,50,27,0,47,30,77
Lilburn,SClayton,69,15,0,16,13,0,85,28,0,84,29,113
Lilburn,NWCobb,100,11,0,46,50,4,146,61,4,111,100,211
Lilburn,NECobb,216,38,0,60,172,0,276,210,0,254,232,486
Lilburn,SWCobb,34,3,0,18,7,0,52,10,0,37,25,62
Lilburn,Marietta,118,18,0,65,44,8,183,62,8,136,117,253
Lilburn,Cumberland,529,78,5,85,192,2,614,270,7,612,279,891
Lilburn,SCobb,103,20,1,28,12,0,131,32,1,124,40,164
Lilburn,Chamblee,1992,356,22,976,2646,34,2968,3002,56,2370,3656,6026
Lilburn,NWDeKalb,1688,274,20,902,3865,79,2590,4139,99,1982,4846,6828
Lilburn,NEDeKalb,6473,1189,65,7893,18998,107,14366,20187,172,7727,26998,34725
Lilburn,Atlanta-DeKalb,120,21,2,88,287,3,208,308,5,143,378,521
Lilburn,Decatur,209,40,3,169,571,25,378,611,28,252,765,1017
Lilburn,SWDeKalb,523,111,9,413,1387,19,936,1498,28,643,1819,2462
Lilburn,SEDeKalb,1649,314,5,2179,6388,9,3828,6702,14,1968,8576,10544
Lilburn,SDeKalb,611,101,0,374,971,2,985,1072,2,712,1347,2059
Lilburn,WDouglas,22,5,0,5,2,0,27,7,0,27,7,34
Lilburn,EDouglas,34,9,0,16,6,0,50,15,0,43,22,65
Lilburn,WFayette,16,3,0,6,4,0,22,7,0,19,10,29
Lilburn,EFayette,27,5,0,9,50,0,36,55,0,32,59,91
Lilburn,NGwinnett,1315,235,0,558,1380,1,1873,1615,1,1550,1939,3489
Lilburn,CentGwinnett,7420,1430,27,7988,20571,49,15408,22001,76,8877,28608,37485
Lilburn,EGwinnett,1057,200,1,597,1620,0,1654,1820,1,1258,2217,3475
Lilburn,Norcross,8382,1507,47,9053,23554,97,17435,25061,144,9936,32704,42640
Lilburn,Lilburn,14717,2558,53,32768,68458,106,47485,71016,159,17328,101332,118660
Lilburn,Snellville,4767,902,1,6403,18060,8,11170,18962,9,5670,24471,30141
Lilburn,NHenry,141,36,0,52,125,0,193,161,0,177,177,354
Lilburn,EHenry,126,16,0,30,54,0,156,70,0,142,84,226
Lilburn,SHenry,91,22,0,28,21,0,119,43,0,113,49,162
Lilburn,SRockdale,237,50,0,110,289,0,347,339,0,287,399,686
Lilburn,NRockdale,627,120,0,261,813,1,888,933,1,747,1075,1822
Lilburn,NBarrow,140,23,0,48,134,0,188,157,0,163,182,345
Lilburn,SBarrow,154,29,0,45,97,0,199,126,0,183,142,325
Lilburn,NWBartow,0,0,0,1,0,0,1,0,0,0,1,1
Lilburn,NEBartow,0,0,0,0,0,0,0,0,0,0,0,0
Lilburn,SWBartow,1,1,0,3,16,0,4,17,0,2,19,21
Lilburn,Cartersville,7,1,0,7,6,0,14,7,0,8,13,21
Lilburn,NECarroll,4,0,0,1,23,0,5,23,0,4,24,28
Lilburn,WCarroll,0,0,0,0,0,0,0,0,0,0,0,0
Lilburn,CentralCarroll,2,0,0,0,0,0,2,0,0,2,0,2
Lilburn,SECarroll,0,0,0,0,0,0,0,0,0,0,0,0
Lilburn,WCoweta,2,0,0,0,0,0,2,0,0,2,0,2
Lilburn,NCoweta,9,2,0,5,11,0,14,13,0,11,16,27
Lilburn,SCoweta,0,0,0,1,0,0,1,0,0,0,1,1
Lilburn,SECoweta,2,0,0,1,0,0,3,0,0,2,1,3
Lilburn,NForsyth,32,5,0,14,66,0,46,71,0,37,80,117
Lilburn,Cumming,152,32,0,54,148,0,206,180,0,184,202,386
Lilburn,SForsyth,250,42,0,96,282,0,346,324,0,292,378,670
Lilburn,NHall,18,7,0,12,21,0,30,28,0,25,33,58
Lilburn,Gainesville,111,14,0,28,43,0,139,57,0,125,71,196
Lilburn,SHall,199,23,0,62,135,0,261,158,0,222,197,419
Lilburn,WNewton,387,67,0,106,186,0,493,253,0,454,292,746
Lilburn,ENewton,41,10,0,15,41,0,56,51,0,51,56,107
Lilburn,NPaulding,6,0,0,4,2,0,10,2,0,6,6,12
Lilburn,WPaulding,1,0,0,2,0,0,3,0,0,1,2,3
Lilburn,EPaulding,20,3,0,16,22,0,36,25,0,23,38,61
Lilburn,NSpalding,7,0,0,1,2,0,8,2,0,7,3,10
Lilburn,SSpalding,6,0,0,3,0,0,9,0,0,6,3,9
Lilburn,WWalton,526,98,0,210,671,0,736,769,0,624,881,1505
Lilburn,EWalton,201,36,0,52,121,0,253,157,0,237,173,410
Snellville,NFulton,918,192,1,194,466,11,1112,658,12,1111,671,1782
Snellville,Roswell,301,56,0,80,126,2,381,182,2,357,208,565
Snellville,SandySprings,814,148,9,162,292,18,976,440,27,971,472,1443
Snellville,Buckhead,825,154,26,149,324,9,974,478,35,1005,482,1487
Snellville,NWAtlanta,256,35,5,29,115,3,285,150,8,296,147,443
Snellville,NEAtlanta,881,149,50,355,710,78,1236,859,128,1080,1143,2223
Snellville,SWAtlanta,177,42,2,71,98,16,248,140,18,221,185,406
Snellville,CBDAtlanta,818,131,261,181,369,90,999,500,351,1210,640,1850
Snellville,SEAtlanta,211,49,4,78,152,4,289,201,8,264,234,498
Snellville,SFulton,41,6,0,7,18,0,48,24,0,47,25,72
Snellville,Tri-Cities,229,35,2,34,81,0,263,116,2,266,115,381
Snellville,Shannon,67,11,0,23,39,0,90,50,0,78,62,140
Snellville,WCherokee,1,0,0,2,15,0,3,15,0,1,17,18
Snellville,NCherokee,4,2,0,1,9,0,5,11,0,6,10,16
Snellville,ECentCherokee,50,8,0,13,59,0,63,67,0,58,72,130
Snellville,Woodstock,46,3,0,16,11,0,62,14,0,49,27,76
Snellville,Airport,156,34,19,10,11,1,166,45,20,209,22,231
Snellville,NEClayton,274,49,1,46,122,1,320,171,2,324,169,493
Snellville,Riverdale,49,13,0,16,15,0,65,28,0,62,31,93
Snellville,SClayton,84,15,0,16,30,0,100,45,0,99,46,145
Snellville,NWCobb,59,12,0,73,52,2,132,64,2,71,127,198
Snellville,NECobb,166,22,0,36,59,0,202,81,0,188,95,283
Snellville,SWCobb,23,4,0,7,14,0,30,18,0,27,21,48
Snellville,Marietta,108,28,0,52,46,6,160,74,6,136,104,240
Snellville,Cumberland,432,74,1,57,121,1,489,195,2,507,179,686
Snellville,SCobb,88,26,0,20,26,0,108,52,0,114,46,160
Snellville,Chamblee,1319,264,8,276,544,16,1595,808,24,1591,836,2427
Snellville,NWDeKalb,1431,278,5,604,2403,41,2035,2681,46,1714,3048,4762
Snellville,NEDeKalb,3606,665,15,2280,7089,72,5886,7754,87,4286,9441,13727
Snellville,Atlanta-DeKalb,113,24,1,55,132,1,168,156,2,138,188,326
Snellville,Decatur,218,44,12,117,389,28,335,433,40,274,534,808
Snellville,SWDeKalb,582,102,5,273,824,5,855,926,10,689,1102,1791
Snellville,SEDeKalb,1916,366,3,2254,6982,18,4170,7348,21,2285,9254,11539
Snellville,SDeKalb,854,155,1,526,1385,7,1380,1540,8,1010,1918,2928
Snellville,WDouglas,14,1,0,7,4,0,21,5,0,15,11,26
Snellville,EDouglas,52,6,0,14,37,0,66,43,0,58,51,109
Snellville,WFayette,12,3,0,5,1,0,17,4,0,15,6,21
Snellville,EFayette,25,3,0,9,9,0,34,12,0,28,18,46
Snellville,NGwinnett,2480,443,2,1214,3035,0,3694,3478,2,2925,4249,7174
Snellville,CentGwinnett,10301,2022,12,10994,29802,18,21295,31824,30,12335,40814,53149
Snellville,EGwinnett,4582,862,0,6614,18373,0,11196,19235,0,5444,24987,30431
Snellville,Norcross,3359,646,8,1140,3020,6,4499,3666,14,4013,4166,8179
Snellville,Lilburn,4276,868,1,6364,17795,7,10640,18663,8,5145,24166,29311
Snellville,Snellville,27148,5088,0,62320,148947,5,89468,154035,5,32236,211272,243508
Snellville,NHenry,225,39,0,63,170,0,288,209,0,264,233,497
Snellville,EHenry,167,33,0,56,164,0,223,197,0,200,220,420
Snellville,SHenry,158,27,0,58,76,0,216,103,0,185,134,319
Snellville,SRockdale,455,106,0,273,766,0,728,872,0,561,1039,1600
Snellville,NRockdale,2271,401,0,1290,3676,0,3561,4077,0,2672,4966,7638
Snellville,NBarrow,408,87,0,121,308,0,529,395,0,495,429,924
Snellville,SBarrow,460,80,0,166,522,0,626,602,0,540,688,1228
Snellville,NWBartow,0,0,0,0,0,0,0,0,0,0,0,0
Snellville,NEBartow,0,0,0,0,0,0,0,0,0,0,0,0
Snellville,SWBartow,1,0,0,1,0,0,2,0,0,1,1,2
Snellville,Cartersville,3,1,0,2,10,0,5,11,0,4,12,16
Snellville,NECarroll,1,0,0,1,5,0,2,5,0,1,6,7
Snellville,WCarroll,0,0,0,0,0,0,0,0,0,0,0,0
Snellville,CentralCarroll,0,0,0,1,1,0,1,1,0,0,2,2
Snellville,SECarroll,0,0,0,0,0,0,0,0,0,0,0,0
Snellville,WCoweta,0,0,0,0,0,0,0,0,0,0,0,0
Snellville,NCoweta,5,1,0,7,25,0,12,26,0,6,32,38
Snellville,SCoweta,0,0,0,2,0,0,2,0,0,0,2,2
Snellville,SECoweta,0,1,0,2,4,0,2,5,0,1,6,7
Snellville,NForsyth,38,0,0,13,32,0,51,32,0,38,45,83
Snellville,Cumming,183,39,0,45,87,0,228,126,0,222,132,354
Snellville,SForsyth,309,47,0,57,176,0,366,223,0,356,233,589
Snellville,NHall,23,4,0,14,23,0,37,27,0,27,37,64
Snellville,Gainesville,211,38,0,43,87,0,254,125,0,249,130,379
Snellville,SHall,279,41,0,124,154,0,403,195,0,320,278,598
Snellville,WNewton,1186,226,0,375,943,0,1561,1169,0,1412,1318,2730
Snellville,ENewton,128,18,0,64,64,0,192,82,0,146,128,274
Snellville,NPaulding,2,0,0,0,0,0,2,0,0,2,0,2
Snellville,WPaulding,0,0,0,3,1,0,3,1,0,0,4,4
Snellville,EPaulding,13,3,0,7,4,0,20,7,0,16,11,27
Snellville,NSpalding,19,3,0,4,9,0,23,12,0,22,13,35
Snellville,SSpalding,11,0,0,0,1,0,11,1,0,11,1,12
Snellville,WWalton,2809,541,0,3499,9792,0,6308,10333,0,3350,13291,16641
Snellville,EWalton,901,161,0,304,846,0,1205,1007,0,1062,1150,2212
NHenry,NFulton,93,21,1,29,35,1,122,56,2,115,65,180
NHenry,Roswell,64,13,0,11,27,0,75,40,0,77,38,115
NHenry,SandySprings,348,72,32,53,84,8,401,156,40,452,145,597
NHenry,Buckhead,570,151,42,79,242,6,649,393,48,763,327,1090
NHenry,NWAtlanta,351,69,3,61,102,2,412,171,5,423,165,588
NHenry,NEAtlanta,949,208,71,303,549,34,1252,757,105,1228,886,2114
NHenry,SWAtlanta,329,60,5,120,308,12,449,368,17,394,440,834
NHenry,CBDAtlanta,1199,240,255,293,662,75,1492,902,330,1694,1030,2724
NHenry,SEAtlanta,818,147,6,351,810,9,1169,957,15,971,1170,2141
NHenry,SFulton,146,27,0,38,76,0,184,103,0,173,114,287
NHenry,Tri-Cities,1157,241,7,257,590,0,1414,831,7,1405,847,2252
NHenry,Shannon,360,71,2,148,368,1,508,439,3,433,517,950
NHenry,WCherokee,1,0,0,1,1,0,2,1,0,1,2,3
NHenry,NCherokee,0,0,0,0,0,0,0,0,0,0,0,0
NHenry,ECentCherokee,5,1,0,3,15,0,8,16,0,6,18,24
NHenry,Woodstock,19,2,0,1,28,0,20,30,0,21,29,50
NHenry,Airport,1030,166,34,149,313,3,1179,479,37,1230,465,1695
NHenry,NEClayton,4958,942,17,5270,14784,28,10228,15726,45,5917,20082,25999
NHenry,Riverdale,922,188,1,671,2067,3,1593,2255,4,1111,2741,3852
NHenry,SClayton,3632,710,8,5083,12754,11,8715,13464,19,4350,17848,22198
NHenry,NWCobb,51,18,0,25,34,0,76,52,0,69,59,128
NHenry,NECobb,96,28,0,19,20,0,115,48,0,124,39,163
NHenry,SWCobb,29,10,0,13,10,0,42,20,0,39,23,62
NHenry,Marietta,96,23,1,38,53,1,134,76,2,120,92,212
NHenry,Cumberland,406,100,2,45,173,0,451,273,2,508,218,726
NHenry,SCobb,159,26,0,26,46,0,185,72,0,185,72,257
NHenry,Chamblee,485,97,12,84,142,1,569,239,13,594,227,821
NHenry,NWDeKalb,757,141,5,273,705,6,1030,846,11,903,984,1887
NHenry,NEDeKalb,663,119,1,268,542,7,931,661,8,783,817,1600
NHenry,Atlanta-DeKalb,158,35,3,105,283,3,263,318,6,196,391,587
NHenry,Decatur,211,31,2,92,232,15,303,263,17,244,339,583
NHenry,SWDeKalb,702,125,4,426,1424,7,1128,1549,11,831,1857,2688
NHenry,SEDeKalb,719,114,2,565,1530,5,1284,1644,7,835,2100,2935
NHenry,SDeKalb,2271,421,8,2878,9206,28,5149,9627,36,2700,12112,14812
NHenry,WDouglas,34,8,0,21,26,0,55,34,0,42,47,89
NHenry,EDouglas,84,16,0,21,39,0,105,55,0,100,60,160
NHenry,WFayette,340,46,0,73,182,0,413,228,0,386,255,641
NHenry,EFayette,715,126,0,313,669,0,1028,795,0,841,982,1823
NHenry,NGwinnett,43,12,0,16,43,0,59,55,0,55,59,114
NHenry,CentGwinnett,206,32,0,55,163,0,261,195,0,238,218,456
NHenry,EGwinnett,45,7,0,12,39,0,57,46,0,52,51,103
NHenry,Norcross,352,58,1,47,164,0,399,222,1,411,211,622
NHenry,Lilburn,156,26,0,63,93,0,219,119,0,182,156,338
NHenry,Snellville,203,46,0,77,169,0,280,215,0,249,246,495
NHenry,NHenry,14928,2920,2,34815,71552,3,49743,74472,5,17850,106370,124220
NHenry,EHenry,2818,519,0,3348,8294,0,6166,8813,0,3337,11642,14979
NHenry,SHenry,5138,1019,0,5076,12715,1,10214,13734,1,6157,17792,23949
NHenry,SRockdale,887,167,0,660,2221,0,1547,2388,0,1054,2881,3935
NHenry,NRockdale,714,146,0,257,756,0,971,902,0,860,1013,1873
NHenry,NBarrow,5,0,0,4,14,0,9,14,0,5,18,23
NHenry,SBarrow,10,2,0,3,12,0,13,14,0,12,15,27
NHenry,NWBartow,0,0,0,0,0,0,0,0,0,0,0,0
NHenry,NEBartow,0,0,0,0,4,0,0,4,0,0,4,4
NHenry,SWBartow,2,1,0,0,1,0,2,2,0,3,1,4
NHenry,Cartersville,3,0,0,2,0,0,5,0,0,3,2,5
NHenry,NECarroll,4,1,0,0,1,0,4,2,0,5,1,6
NHenry,WCarroll,1,1,0,1,0,0,2,1,0,2,1,3
NHenry,CentralCarroll,9,2,0,5,2,0,14,4,0,11,7,18
NHenry,SECarroll,4,0,0,2,0,0,6,0,0,4,2,6
NHenry,WCoweta,24,3,0,5,1,0,29,4,0,27,6,33
NHenry,NCoweta,134,20,0,40,74,0,174,94,0,154,114,268
NHenry,SCoweta,7,0,0,2,6,0,9,6,0,7,8,15
NHenry,SECoweta,57,9,0,16,36,0,73,45,0,66,52,118
NHenry,NForsyth,2,0,0,1,0,0,3,0,0,2,1,3
NHenry,Cumming,3,3,0,3,4,0,6,7,0,6,7,13
NHenry,SForsyth,19,2,0,3,25,0,22,27,0,21,28,49
NHenry,NHall,0,0,0,0,0,0,0,0,0,0,0,0
NHenry,Gainesville,2,0,0,2,1,0,4,1,0,2,3,5
NHenry,SHall,6,1,0,2,9,0,8,10,0,7,11,18
NHenry,WNewton,896,181,0,299,784,0,1195,965,0,1077,1083,2160
NHenry,ENewton,52,9,0,25,22,0,77,31,0,61,47,108
NHenry,NPaulding,2,1,0,1,1,0,3,2,0,3,2,5
NHenry,WPaulding,1,0,0,0,1,0,1,1,0,1,1,2
NHenry,EPaulding,14,3,0,7,17,0,21,20,0,17,24,41
NHenry,NSpalding,357,63,0,110,241,0,467,304,0,420,351,771
NHenry,SSpalding,216,34,0,41,76,0,257,110,0,250,117,367
NHenry,WWalton,109,11,0,22,62,0,131,73,0,120,84,204
NHenry,EWalton,57,14,0,23,26,0,80,40,0,71,49,120
EHenry,NFulton,41,8,0,11,26,0,52,34,0,49,37,86
EHenry,Roswell,36,2,0,8,30,0,44,32,0,38,38,76
EHenry,SandySprings,164,36,3,39,86,3,203,122,6,203,128,331
EHenry,Buckhead,216,62,10,40,133,0,256,195,10,288,173,461
EHenry,NWAtlanta,161,36,0,16,41,0,177,77,0,197,57,254
EHenry,NEAtlanta,364,80,11,94,220,8,458,300,19,455,322,777
EHenry,SWAtlanta,149,26,1,46,71,2,195,97,3,176,119,295
EHenry,CBDAtlanta,393,85,49,88,222,13,481,307,62,527,323,850
EHenry,SEAtlanta,339,63,2,78,199,3,417,262,5,404,280,684
EHenry,SFulton,54,9,0,16,53,0,70,62,0,63,69,132
EHenry,Tri-Cities,581,117,0,58,172,0,639,289,0,698,230,928
EHenry,Shannon,191,33,0,42,154,0,233,187,0,224,196,420
EHenry,WCherokee,0,0,0,0,0,0,0,0,0,0,0,0
EHenry,NCherokee,0,0,0,0,0,0,0,0,0,0,0,0
EHenry,ECentCherokee,1,0,0,3,0,0,4,0,0,1,3,4
EHenry,Woodstock,6,2,0,0,1,0,6,3,0,8,1,9
EHenry,Airport,413,75,4,29,83,1,442,158,5,492,113,605
EHenry,NEClayton,1399,237,2,590,1150,2,1989,1387,4,1638,1742,3380
EHenry,Riverdale,278,59,0,105,402,1,383,461,1,337,508,845
EHenry,SClayton,905,188,2,430,1137,1,1335,1325,3,1095,1568,2663
EHenry,NWCobb,17,3,0,9,46,1,26,49,1,20,56,76
EHenry,NECobb,29,12,0,8,37,0,37,49,0,41,45,86
EHenry,SWCobb,8,0,0,0,5,0,8,5,0,8,5,13
EHenry,Marietta,34,8,0,16,23,0,50,31,0,42,39,81
EHenry,Cumberland,180,41,0,17,67,0,197,108,0,221,84,305
EHenry,SCobb,69,16,0,10,60,0,79,76,0,85,70,155
EHenry,Chamblee,246,44,5,53,83,2,299,127,7,295,138,433
EHenry,NWDeKalb,337,59,3,98,229,2,435,288,5,399,329,728
EHenry,NEDeKalb,426,64,0,133,262,0,559,326,0,490,395,885
EHenry,Atlanta-DeKalb,71,8,0,24,39,0,95,47,0,79,63,142
EHenry,Decatur,80,15,3,33,41,2,113,56,5,98,76,174
EHenry,SWDeKalb,280,51,0,105,285,0,385,336,0,331,390,721
EHenry,SEDeKalb,434,83,3,197,461,1,631,544,4,520,659,1179
EHenry,SDeKalb,838,145,0,538,1476,5,1376,1621,5,983,2019,3002
EHenry,WDouglas,10,2,0,2,42,0,12,44,0,12,44,56
EHenry,EDouglas,47,4,0,7,7,0,54,11,0,51,14,65
EHenry,WFayette,176,34,0,33,68,0,209,102,0,210,101,311
EHenry,EFayette,289,54,0,65,174,0,354,228,0,343,239,582
EHenry,NGwinnett,42,7,0,12,8,0,54,15,0,49,20,69
EHenry,CentGwinnett,163,23,0,41,81,0,204,104,0,186,122,308
EHenry,EGwinnett,36,3,0,14,39,0,50,42,0,39,53,92
EHenry,Norcross,226,31,0,32,71,0,258,102,0,257,103,360
EHenry,Lilburn,127,22,0,36,82,0,163,104,0,149,118,267
EHenry,Snellville,183,32,0,57,196,0,240,228,0,215,253,468
EHenry,NHenry,2632,460,0,3267,8341,0,5899,8801,0,3092,11608,14700
EHenry,EHenry,5793,1062,0,13898,34560,0,19691,35622,0,6855,48458,55313
EHenry,SHenry,6078,1138,0,8069,21344,0,14147,22482,0,7216,29413,36629
EHenry,SRockdale,712,135,0,833,2337,0,1545,2472,0,847,3170,4017
EHenry,NRockdale,1133,227,0,542,1373,0,1675,1600,0,1360,1915,3275
EHenry,NBarrow,8,3,0,2,6,0,10,9,0,11,8,19
EHenry,SBarrow,6,0,0,4,7,0,10,7,0,6,11,17
EHenry,NWBartow,0,0,0,0,0,0,0,0,0,0,0,0
EHenry,NEBartow,0,0,0,0,0,0,0,0,0,0,0,0
EHenry,SWBartow,0,0,0,0,0,0,0,0,0,0,0,0
EHenry,Cartersville,1,0,0,0,0,0,1,0,0,1,0,1
EHenry,NECarroll,0,0,0,3,0,0,3,0,0,0,3,3
EHenry,WCarroll,0,0,0,0,0,0,0,0,0,0,0,0
EHenry,CentralCarroll,1,1,0,2,0,0,3,1,0,2,2,4
EHenry,SECarroll,0,0,0,0,0,0,0,0,0,0,0,0
EHenry,WCoweta,0,0,0,2,1,0,2,1,0,0,3,3
EHenry,NCoweta,27,7,0,11,39,0,38,46,0,34,50,84
EHenry,SCoweta,0,0,0,0,5,0,0,5,0,0,5,5
EHenry,SECoweta,17,4,0,4,1,0,21,5,0,21,5,26
EHenry,NForsyth,0,0,0,0,0,0,0,0,0,0,0,0
EHenry,Cumming,3,4,0,0,0,0,3,4,0,7,0,7
EHenry,SForsyth,8,1,0,2,2,0,10,3,0,9,4,13
EHenry,NHall,0,0,0,0,0,0,0,0,0,0,0,0
EHenry,Gainesville,4,0,0,2,0,0,6,0,0,4,2,6
EHenry,SHall,2,0,0,2,0,0,4,0,0,2,2,4
EHenry,WNewton,1717,331,0,1409,3870,0,3126,4201,0,2048,5279,7327
EHenry,ENewton,95,17,0,63,99,0,158,116,0,112,162,274
EHenry,NPaulding,2,0,0,0,1,0,2,1,0,2,1,3
EHenry,WPaulding,0,0,0,0,0,0,0,0,0,0,0,0
EHenry,EPaulding,6,1,0,1,3,0,7,4,0,7,4,11
EHenry,NSpalding,419,79,0,159,234,0,578,313,0,498,393,891
EHenry,SSpalding,253,45,0,52,95,0,305,140,0,298,147,445
EHenry,WWalton,89,14,0,24,49,0,113,63,0,103,73,176
EHenry,EWalton,87,11,0,19,70,0,106,81,0,98,89,187
SHenry,NFulton,52,12,0,11,16,0,63,28,0,64,27,91
SHenry,Roswell,36,9,1,13,23,0,49,32,1,46,36,82
SHenry,SandySprings,253,64,8,33,84,2,286,148,10,325,119,444
SHenry,Buckhead,439,101,22,55,269,0,494,370,22,562,324,886
SHenry,NWAtlanta,333,74,3,43,102,0,376,176,3,410,145,555
SHenry,NEAtlanta,771,158,37,189,297,23,960,455,60,966,509,1475
SHenry,SWAtlanta,290,54,1,107,157,6,397,211,7,345,270,615
SHenry,CBDAtlanta,910,183,145,186,428,26,1096,611,171,1238,640,1878
SHenry,SEAtlanta,642,114,0,179,243,5,821,357,5,756,427,1183
SHenry,SFulton,156,29,1,24,57,0,180,86,1,186,81,267
SHenry,Tri-Cities,1221,219,2,156,345,0,1377,564,2,1442,501,1943
SHenry,Shannon,466,94,1,118,222,1,584,316,2,561,341,902
SHenry,WCherokee,0,0,0,0,0,0,0,0,0,0,0,0
SHenry,NCherokee,1,0,0,0,0,0,1,0,0,1,0,1
SHenry,ECentCherokee,3,2,0,3,6,0,6,8,0,5,9,14
SHenry,Woodstock,9,1,0,6,8,0,15,9,0,10,14,24
SHenry,Airport,1021,136,23,75,170,0,1096,306,23,1180,245,1425
SHenry,NEClayton,2978,569,2,1013,2433,7,3991,3002,9,3549,3453,7002
SHenry,Riverdale,868,175,1,381,1073,1,1249,1248,2,1044,1455,2499
SHenry,SClayton,3897,719,7,2918,7654,14,6815,8373,21,4623,10586,15209
SHenry,NWCobb,40,10,0,18,20,0,58,30,0,50,38,88
SHenry,NECobb,63,15,0,15,62,0,78,77,0,78,77,155
SHenry,SWCobb,24,5,0,4,6,0,28,11,0,29,10,39
SHenry,Marietta,80,22,0,30,29,1,110,51,1,102,60,162
SHenry,Cumberland,348,94,2,39,81,0,387,175,2,444,120,564
SHenry,SCobb,134,29,1,32,89,0,166,118,1,164,121,285
SHenry,Chamblee,317,81,12,56,124,3,373,205,15,410,183,593
SHenry,NWDeKalb,500,102,1,104,278,3,604,380,4,603,385,988
SHenry,NEDeKalb,412,84,0,104,199,3,516,283,3,496,306,802
SHenry,Atlanta-DeKalb,118,26,0,25,145,0,143,171,0,144,170,314
SHenry,Decatur,102,17,1,35,30,2,137,47,3,120,67,187
SHenry,SWDeKalb,407,80,1,99,218,0,506,298,1,488,317,805
SHenry,SEDeKalb,343,66,1,78,257,0,421,323,1,410,335,745
SHenry,SDeKalb,1012,161,1,316,871,1,1328,1032,2,1174,1188,2362
SHenry,WDouglas,22,10,0,12,7,0,34,17,0,32,19,51
SHenry,EDouglas,72,8,0,27,102,0,99,110,0,80,129,209
SHenry,WFayette,860,157,0,177,507,0,1037,664,0,1017,684,1701
SHenry,EFayette,1584,281,0,635,1405,0,2219,1686,0,1865,2040,3905
SHenry,NGwinnett,20,3,0,8,7,0,28,10,0,23,15,38
SHenry,CentGwinnett,114,14,0,39,66,0,153,80,0,128,105,233
SHenry,EGwinnett,35,4,0,9,13,0,44,17,0,39,22,61
SHenry,Norcross,219,32,0,39,83,0,258,115,0,251,122,373
SHenry,Lilburn,77,17,0,31,42,0,108,59,0,94,73,167
SHenry,Snellville,164,24,0,69,83,0,233,107,0,188,152,340
SHenry,NHenry,4933,1003,0,5017,12395,1,9950,13398,1,5936,17413,23349
SHenry,EHenry,6392,1134,0,8048,21477,0,14440,22611,0,7526,29525,37051
SHenry,SHenry,41442,7995,0,70692,152550,0,112134,160545,0,49437,223242,272679
SHenry,SRockdale,798,144,0,332,821,0,1130,965,0,942,1153,2095
SHenry,NRockdale,710,127,0,185,334,0,895,461,0,837,519,1356
SHenry,NBarrow,4,0,0,4,1,0,8,1,0,4,5,9
SHenry,SBarrow,15,0,0,3,9,0,18,9,0,15,12,27
SHenry,NWBartow,0,0,0,0,0,0,0,0,0,0,0,0
SHenry,NEBartow,0,0,0,0,0,0,0,0,0,0,0,0
SHenry,SWBartow,1,0,0,0,0,0,1,0,0,1,0,1
SHenry,Cartersville,0,0,0,1,1,0,1,1,0,0,2,2
SHenry,NECarroll,2,1,0,1,1,0,3,2,0,3,2,5
SHenry,WCarroll,0,0,0,0,1,0,0,1,0,0,1,1
SHenry,CentralCarroll,10,2,0,6,2,0,16,4,0,12,8,20
SHenry,SECarroll,1,1,0,0,1,0,1,2,0,2,1,3
SHenry,WCoweta,25,4,0,2,4,0,27,8,0,29,6,35
SHenry,NCoweta,259,25,0,59,72,0,318,97,0,284,131,415
SHenry,SCoweta,18,4,0,7,8,0,25,12,0,22,15,37
SHenry,SECoweta,175,26,0,51,115,0,226,141,0,201,166,367
SHenry,NForsyth,0,0,0,0,0,0,0,0,0,0,0,0
SHenry,Cumming,0,1,0,4,0,0,4,1,0,1,4,5
SHenry,SForsyth,8,5,0,1,3,0,9,8,0,13,4,17
SHenry,NHall,0,0,0,0,0,0,0,0,0,0,0,0
SHenry,Gainesville,0,0,0,0,0,0,0,0,0,0,0,0
SHenry,SHall,0,0,0,0,0,0,0,0,0,0,0,0
SHenry,WNewton,1952,372,0,672,1529,0,2624,1901,0,2324,2201,4525
SHenry,ENewton,126,27,0,54,69,0,180,96,0,153,123,276
SHenry,NPaulding,0,0,0,1,0,0,1,0,0,0,1,1
SHenry,WPaulding,1,0,0,0,0,0,1,0,0,1,0,1
SHenry,EPaulding,7,2,0,7,18,0,14,20,0,9,25,34
SHenry,NSpalding,3329,642,0,2371,6063,0,5700,6705,0,3971,8434,12405
SHenry,SSpalding,1668,296,0,533,1341,0,2201,1637,0,1964,1874,3838
SHenry,WWalton,82,26,0,28,40,0,110,66,0,108,68,176
SHenry,EWalton,71,15,0,17,55,0,88,70,0,86,72,158
SRockdale,NFulton,69,3,1,11,18,0,80,21,1,73,29,102
SRockdale,Roswell,35,4,0,7,11,0,42,15,0,39,18,57
SRockdale,SandySprings,237,45,7,31,41,4,268,86,11,289,76,365
SRockdale,Buckhead,311,47,17,28,84,4,339,131,21,375,116,491
SRockdale,NWAtlanta,132,29,2,23,131,2,155,160,4,163,156,319
SRockdale,NEAtlanta,445,92,24,128,248,11,573,340,35,561,387,948
SRockdale,SWAtlanta,129,23,4,42,56,4,171,79,8,156,102,258
SRockdale,CBDAtlanta,500,96,95,108,218,22,608,314,117,691,348,1039
SRockdale,SEAtlanta,220,58,2,56,214,6,276,272,8,280,276,556
SRockdale,SFulton,34,4,0,3,5,0,37,9,0,38,8,46
SRockdale,Tri-Cities,297,48,2,27,70,1,324,118,3,347,98,445
SRockdale,Shannon,66,11,1,15,36,0,81,47,1,78,51,129
SRockdale,WCherokee,0,0,0,0,0,0,0,0,0,0,0,0
SRockdale,NCherokee,0,0,0,0,0,0,0,0,0,0,0,0
SRockdale,ECentCherokee,2,1,0,1,1,0,3,2,0,3,2,5
SRockdale,Woodstock,5,5,0,2,1,0,7,6,0,10,3,13
SRockdale,Airport,255,41,16,15,17,1,270,58,17,312,33,345
SRockdale,NEClayton,585,97,0,170,455,0,755,552,0,682,625,1307
SRockdale,Riverdale,93,15,0,25,97,0,118,112,0,108,122,230
SRockdale,SClayton,275,49,0,74,196,0,349,245,0,324,270,594
SRockdale,NWCobb,19,3,1,10,15,0,29,18,1,23,25,48
SRockdale,NECobb,44,10,0,12,15,0,56,25,0,54,27,81
SRockdale,SWCobb,9,2,0,4,4,0,13,6,0,11,8,19
SRockdale,Marietta,33,12,0,13,21,1,46,33,1,45,35,80
SRockdale,Cumberland,183,46,1,25,40,1,208,86,2,230,66,296
SRockdale,SCobb,69,15,1,13,70,0,82,85,1,85,83,168
SRockdale,Chamblee,340,53,7,55,141,1,395,194,8,400,197,597
SRockdale,NWDeKalb,409,69,1,137,245,4,546,314,5,479,386,865
SRockdale,NEDeKalb,569,86,3,175,392,6,744,478,9,658,573,1231
SRockdale,Atlanta-DeKalb,77,7,2,18,52,0,95,59,2,86,70,156
SRockdale,Decatur,103,19,1,39,132,7,142,151,8,123,178,301
SRockdale,SWDeKalb,347,63,1,194,549,6,541,612,7,411,749,1160
SRockdale,SEDeKalb,1132,230,10,1057,2871,12,2189,3101,22,1372,3940,5312
SRockdale,SDeKalb,1342,239,4,1680,5086,18,3022,5325,22,1585,6784,8369
SRockdale,WDouglas,9,4,0,6,15,0,15,19,0,13,21,34
SRockdale,EDouglas,39,1,0,5,35,0,44,36,0,40,40,80
SRockdale,WFayette,44,6,0,8,19,0,52,25,0,50,27,77
SRockdale,EFayette,75,20,0,14,22,0,89,42,0,95,36,131
SRockdale,NGwinnett,115,18,0,32,42,0,147,60,0,133,74,207
SRockdale,CentGwinnett,303,63,0,88,196,0,391,259,0,366,284,650
SRockdale,EGwinnett,103,18,0,32,81,0,135,99,0,121,113,234
SRockdale,Norcross,275,56,0,41,56,0,316,112,0,331,97,428
SRockdale,Lilburn,271,54,0,98,327,0,369,381,0,325,425,750
SRockdale,Snellville,471,91,0,272,770,0,743,861,0,562,1042,1604
SRockdale,NHenry,810,144,0,692,2147,0,1502,2291,0,954,2839,3793
SRockdale,EHenry,745,146,0,779,2292,0,1524,2438,0,891,3071,3962
SRockdale,SHenry,768,151,0,321,836,0,1089,987,0,919,1157,2076
SRockdale,SRockdale,3446,706,0,9423,23236,0,12869,23942,0,4152,32659,36811
SRockdale,NRockdale,3906,849,0,6264,16463,0,10170,17312,0,4755,22727,27482
SRockdale,NBarrow,21,0,0,8,23,0,29,23,0,21,31,52
SRockdale,SBarrow,22,5,0,2,15,0,24,20,0,27,17,44
SRockdale,NWBartow,0,0,0,0,0,0,0,0,0,0,0,0
SRockdale,NEBartow,0,0,0,0,0,0,0,0,0,0,0,0
SRockdale,SWBartow,0,0,0,0,0,0,0,0,0,0,0,0
SRockdale,Cartersville,1,1,0,0,0,0,1,1,0,2,0,2
SRockdale,NECarroll,4,0,0,1,0,0,5,0,0,4,1,5
SRockdale,WCarroll,0,0,0,0,0,0,0,0,0,0,0,0
SRockdale,CentralCarroll,0,0,0,1,0,0,1,0,0,0,1,1
SRockdale,SECarroll,0,0,0,0,1,0,0,1,0,0,1,1
SRockdale,WCoweta,0,0,0,0,1,0,0,1,0,0,1,1
SRockdale,NCoweta,8,3,0,5,1,0,13,4,0,11,6,17
SRockdale,SCoweta,0,0,0,0,0,0,0,0,0,0,0,0
SRockdale,SECoweta,2,0,0,1,2,0,3,2,0,2,3,5
SRockdale,NForsyth,1,0,0,1,0,0,2,0,0,1,1,2
SRockdale,Cumming,4,1,0,2,6,0,6,7,0,5,8,13
SRockdale,SForsyth,10,1,0,3,0,0,13,1,0,11,3,14
SRockdale,NHall,1,0,0,0,0,0,1,0,0,1,0,1
SRockdale,Gainesville,4,0,0,1,3,0,5,3,0,4,4,8
SRockdale,SHall,6,2,0,4,15,0,10,17,0,8,19,27
SRockdale,WNewton,2004,417,1,2533,6826,0,4537,7243,1,2422,9359,11781
SRockdale,ENewton,90,23,0,58,69,0,148,92,0,113,127,240
SRockdale,NPaulding,1,1,0,0,0,0,1,1,0,2,0,2
SRockdale,WPaulding,0,0,0,1,0,0,1,0,0,0,1,1
SRockdale,EPaulding,4,2,0,5,1,0,9,3,0,6,6,12
SRockdale,NSpalding,67,15,0,16,16,0,83,31,0,82,32,114
SRockdale,SSpalding,42,4,0,6,2,0,48,6,0,46,8,54
SRockdale,WWalton,186,52,0,81,211,0,267,263,0,238,292,530
SRockdale,EWalton,133,21,0,33,95,0,166,116,0,154,128,282
NRockdale,NFulton,100,18,0,24,34,0,124,52,0,118,58,176
NRockdale,Roswell,52,12,1,14,55,0,66,67,1,65,69,134
NRockdale,SandySprings,247,48,14,35,30,10,282,78,24,309,75,384
NRockdale,Buckhead,309,58,21,42,106,0,351,164,21,388,148,536
NRockdale,NWAtlanta,145,31,0,21,53,2,166,84,2,176,76,252
NRockdale,NEAtlanta,468,78,26,104,261,16,572,339,42,572,381,953
NRockdale,SWAtlanta,132,25,2,53,90,5,185,115,7,159,148,307
NRockdale,CBDAtlanta,475,96,116,107,172,29,582,268,145,687,308,995
NRockdale,SEAtlanta,190,34,1,53,101,2,243,135,3,225,156,381
NRockdale,SFulton,33,3,0,10,39,0,43,42,0,36,49,85
NRockdale,Tri-Cities,213,46,7,20,65,0,233,111,7,266,85,351
NRockdale,Shannon,72,12,1,11,37,0,83,49,1,85,48,133
NRockdale,WCherokee,0,0,0,0,0,0,0,0,0,0,0,0
NRockdale,NCherokee,0,0,0,0,0,0,0,0,0,0,0,0
NRockdale,ECentCherokee,4,1,0,0,7,0,4,8,0,5,7,12
NRockdale,Woodstock,9,2,0,1,14,0,10,16,0,11,15,26
NRockdale,Airport,199,29,20,11,48,0,210,77,20,248,59,307
NRockdale,NEClayton,363,68,1,83,182,4,446,250,5,432,269,701
NRockdale,Riverdale,80,25,0,23,33,0,103,58,0,105,56,161
NRockdale,SClayton,216,37,0,44,54,0,260,91,0,253,98,351
NRockdale,NWCobb,30,8,0,16,16,3,46,24,3,38,35,73
NRockdale,NECobb,57,7,0,18,52,0,75,59,0,64,70,134
NRockdale,SWCobb,14,2,0,2,5,0,16,7,0,16,7,23
NRockdale,Marietta,38,8,1,11,11,4,49,19,5,47,26,73
NRockdale,Cumberland,181,56,1,27,29,3,208,85,4,238,59,297
NRockdale,SCobb,69,15,1,12,51,0,81,66,1,85,63,148
NRockdale,Chamblee,333,79,7,57,124,2,390,203,9,419,183,602
NRockdale,NWDeKalb,453,87,7,112,272,4,565,359,11,547,388,935
NRockdale,NEDeKalb,716,158,2,235,497,9,951,655,11,876,741,1617
NRockdale,Atlanta-DeKalb,99,16,2,29,75,1,128,91,3,117,105,222
NRockdale,Decatur,105,18,2,51,59,8,156,77,10,125,118,243
NRockdale,SWDeKalb,409,88,3,170,570,6,579,658,9,500,746,1246
NRockdale,SEDeKalb,2082,395,10,1574,4463,24,3656,4858,34,2487,6061,8548
NRockdale,SDeKalb,1726,359,5,1527,4249,7,3253,4608,12,2090,5783,7873
NRockdale,WDouglas,8,3,0,8,1,0,16,4,0,11,9,20
NRockdale,EDouglas,40,9,0,18,18,0,58,27,0,49,36,85
NRockdale,WFayette,21,5,0,7,29,0,28,34,0,26,36,62
NRockdale,EFayette,59,13,0,17,12,0,76,25,0,72,29,101
NRockdale,NGwinnett,257,48,0,59,147,0,316,195,0,305,206,511
NRockdale,CentGwinnett,831,151,0,197,550,0,1028,701,0,982,747,1729
NRockdale,EGwinnett,514,81,0,112,308,0,626,389,0,595,420,1015
NRockdale,Norcross,418,74,0,67,107,0,485,181,0,492,174,666
NRockdale,Lilburn,564,122,0,260,784,1,824,906,1,686,1045,1731
NRockdale,Snellville,2156,409,0,1271,3799,0,3427,4208,0,2565,5070,7635
NRockdale,NHenry,679,143,0,265,797,0,944,940,0,822,1062,1884
NRockdale,EHenry,1082,190,0,562,1320,0,1644,1510,0,1272,1882,3154
NRockdale,SHenry,687,118,0,177,319,0,864,437,0,805,496,1301
NRockdale,SRockdale,3959,849,0,6287,16305,0,10246,17154,0,4808,22592,27400
NRockdale,NRockdale,21383,4516,0,39504,74676,0,60887,79192,0,25899,114180,140079
NRockdale,NBarrow,122,21,0,20,42,0,142,63,0,143,62,205
NRockdale,SBarrow,152,28,0,22,72,0,174,100,0,180,94,274
NRockdale,NWBartow,0,0,0,0,0,0,0,0,0,0,0,0
NRockdale,NEBartow,0,0,0,0,4,0,0,4,0,0,4,4
NRockdale,SWBartow,0,0,0,0,0,0,0,0,0,0,0,0
NRockdale,Cartersville,0,0,0,1,0,0,1,0,0,0,1,1
NRockdale,NECarroll,3,0,0,0,0,0,3,0,0,3,0,3
NRockdale,WCarroll,0,0,0,2,0,0,2,0,0,0,2,2
NRockdale,CentralCarroll,1,0,0,0,1,0,1,1,0,1,1,2
NRockdale,SECarroll,0,0,0,0,0,0,0,0,0,0,0,0
NRockdale,WCoweta,2,0,0,0,1,0,2,1,0,2,1,3
NRockdale,NCoweta,19,1,0,5,14,0,24,15,0,20,19,39
NRockdale,SCoweta,0,0,0,1,0,0,1,0,0,0,1,1
NRockdale,SECoweta,5,0,0,2,0,0,7,0,0,5,2,7
NRockdale,NForsyth,1,0,0,0,0,0,1,0,0,1,0,1
NRockdale,Cumming,14,4,0,7,4,0,21,8,0,18,11,29
NRockdale,SForsyth,31,8,0,11,21,0,42,29,0,39,32,71
NRockdale,NHall,3,0,0,2,1,0,5,1,0,3,3,6
NRockdale,Gainesville,15,2,0,10,12,0,25,14,0,17,22,39
NRockdale,SHall,45,5,0,13,6,0,58,11,0,50,19,69
NRockdale,WNewton,7379,1385,0,6412,15682,0,13791,17067,0,8764,22094,30858
NRockdale,ENewton,512,83,0,229,603,0,741,686,0,595,832,1427
NRockdale,NPaulding,1,0,0,1,0,0,2,0,0,1,1,2
NRockdale,WPaulding,0,0,0,0,0,0,0,0,0,0,0,0
NRockdale,EPaulding,11,4,0,5,4,0,16,8,0,15,9,24
NRockdale,NSpalding,62,8,0,16,21,0,78,29,0,70,37,107
NRockdale,SSpalding,41,5,0,4,8,0,45,13,0,46,12,58
NRockdale,WWalton,1424,299,0,779,2007,0,2203,2306,0,1723,2786,4509
NRockdale,EWalton,658,125,0,146,362,0,804,487,0,783,508,1291
NBarrow,NFulton,314,63,0,51,69,0,365,132,0,377,120,497
NBarrow,Roswell,65,8,0,15,52,0,80,60,0,73,67,140
NBarrow,SandySprings,153,19,0,28,42,0,181,61,0,172,70,242
NBarrow,Buckhead,99,22,1,26,57,0,125,79,1,122,83,205
NBarrow,NWAtlanta,28,4,0,3,12,0,31,16,0,32,15,47
NBarrow,NEAtlanta,67,19,1,34,135,1,101,154,2,87,170,257
NBarrow,SWAtlanta,9,4,0,6,10,0,15,14,0,13,16,29
NBarrow,CBDAtlanta,27,19,2,10,49,2,37,68,4,48,61,109
NBarrow,SEAtlanta,15,3,0,6,6,0,21,9,0,18,12,30
NBarrow,SFulton,2,1,0,0,1,0,2,2,0,3,1,4
NBarrow,Tri-Cities,12,5,0,4,2,0,16,7,0,17,6,23
NBarrow,Shannon,1,0,0,0,0,0,1,0,0,1,0,1
NBarrow,WCherokee,0,0,0,1,4,0,1,4,0,0,5,5
NBarrow,NCherokee,3,0,0,1,0,0,4,0,0,3,1,4
NBarrow,ECentCherokee,15,2,0,7,32,0,22,34,0,17,39,56
NBarrow,Woodstock,5,0,0,4,1,0,9,1,0,5,5,10
NBarrow,Airport,3,0,0,3,0,0,6,0,0,3,3,6
NBarrow,NEClayton,12,2,0,2,6,0,14,8,0,14,8,22
NBarrow,Riverdale,4,0,0,0,1,0,4,1,0,4,1,5
NBarrow,SClayton,0,0,0,0,2,0,0,2,0,0,2,2
NBarrow,NWCobb,7,2,0,6,9,0,13,11,0,9,15,24
NBarrow,NECobb,34,2,0,10,13,0,44,15,0,36,23,59
NBarrow,SWCobb,2,0,0,1,6,0,3,6,0,2,7,9
NBarrow,Marietta,17,2,0,8,15,0,25,17,0,19,23,42
NBarrow,Cumberland,79,12,0,17,23,0,96,35,0,91,40,131
NBarrow,SCobb,13,1,0,6,1,0,19,2,0,14,7,21
NBarrow,Chamblee,275,44,0,57,124,0,332,168,0,319,181,500
NBarrow,NWDeKalb,108,19,0,26,96,1,134,115,1,127,123,250
NBarrow,NEDeKalb,216,45,1,46,138,0,262,183,1,262,184,446
NBarrow,Atlanta-DeKalb,6,0,0,3,3,0,9,3,0,6,6,12
NBarrow,Decatur,8,1,0,5,6,0,13,7,0,9,11,20
NBarrow,SWDeKalb,15,5,0,6,17,0,21,22,0,20,23,43
NBarrow,SEDeKalb,72,19,0,19,32,0,91,51,0,91,51,142
NBarrow,SDeKalb,35,6,0,10,66,0,45,72,0,41,76,117
NBarrow,WDouglas,0,1,0,0,0,0,0,1,0,1,0,1
NBarrow,EDouglas,0,0,0,0,1,0,0,1,0,0,1,1
NBarrow,WFayette,0,0,0,0,0,0,0,0,0,0,0,0
NBarrow,EFayette,0,0,0,0,0,0,0,0,0,0,0,0
NBarrow,NGwinnett,3319,602,0,2293,6338,0,5612,6940,0,3921,8631,12552
NBarrow,CentGwinnett,1978,355,0,619,1391,0,2597,1746,0,2333,2010,4343
NBarrow,EGwinnett,1548,274,0,1175,3217,0,2723,3491,0,1822,4392,6214
NBarrow,Norcross,627,87,0,86,194,0,713,281,0,714,280,994
NBarrow,Lilburn,156,25,0,45,172,0,201,197,0,181,217,398
NBarrow,Snellville,425,86,0,127,291,0,552,377,0,511,418,929
NBarrow,NHenry,4,1,0,5,5,0,9,6,0,5,10,15
NBarrow,EHenry,6,0,0,2,9,0,8,9,0,6,11,17
NBarrow,SHenry,8,0,0,2,2,0,10,2,0,8,4,12
NBarrow,SRockdale,18,1,0,9,20,0,27,21,0,19,29,48
NBarrow,NRockdale,137,19,0,22,66,0,159,85,0,156,88,244
NBarrow,NBarrow,15618,3127,0,27601,58201,0,43219,61328,0,18745,85802,104547
NBarrow,SBarrow,3599,734,0,4855,12420,0,8454,13154,0,4333,17275,21608
NBarrow,NWBartow,0,0,0,0,0,0,0,0,0,0,0,0
NBarrow,NEBartow,0,0,0,0,0,0,0,0,0,0,0,0
NBarrow,SWBartow,0,0,0,0,0,0,0,0,0,0,0,0
NBarrow,Cartersville,0,0,0,0,0,0,0,0,0,0,0,0
NBarrow,NECarroll,0,0,0,0,0,0,0,0,0,0,0,0
NBarrow,WCarroll,0,0,0,0,0,0,0,0,0,0,0,0
NBarrow,CentralCarroll,0,0,0,0,0,0,0,0,0,0,0,0
NBarrow,SECarroll,0,0,0,0,0,0,0,0,0,0,0,0
NBarrow,WCoweta,0,0,0,0,0,0,0,0,0,0,0,0
NBarrow,NCoweta,0,0,0,0,0,0,0,0,0,0,0,0
NBarrow,SCoweta,0,0,0,0,0,0,0,0,0,0,0,0
NBarrow,SECoweta,0,0,0,0,0,0,0,0,0,0,0,0
NBarrow,NForsyth,43,8,0,17,23,0,60,31,0,51,40,91
NBarrow,Cumming,195,33,0,40,57,0,235,90,0,228,97,325
NBarrow,SForsyth,182,31,0,23,37,0,205,68,0,213,60,273
NBarrow,NHall,79,12,0,21,37,0,100,49,0,91,58,149
NBarrow,Gainesville,822,156,0,183,404,0,1005,560,0,978,587,1565
NBarrow,SHall,1247,244,0,995,2608,0,2242,2852,0,1491,3603,5094
NBarrow,WNewton,147,20,0,32,67,0,179,87,0,167,99,266
NBarrow,ENewton,26,4,0,8,7,0,34,11,0,30,15,45
NBarrow,NPaulding,0,0,0,0,0,0,0,0,0,0,0,0
NBarrow,WPaulding,0,0,0,0,0,0,0,0,0,0,0,0
NBarrow,EPaulding,0,0,0,0,0,0,0,0,0,0,0,0
NBarrow,NSpalding,0,0,0,0,0,0,0,0,0,0,0,0
NBarrow,SSpalding,0,0,0,0,0,0,0,0,0,0,0,0
NBarrow,WWalton,424,79,0,150,431,0,574,510,0,503,581,1084
NBarrow,EWalton,927,170,0,424,1275,0,1351,1445,0,1097,1699,2796
SBarrow,NFulton,197,34,0,40,78,0,237,112,0,231,118,349
SBarrow,Roswell,86,8,0,14,18,0,100,26,0,94,32,126
SBarrow,SandySprings,121,19,0,32,80,0,153,99,0,140,112,252
SBarrow,Buckhead,70,18,0,22,32,1,92,50,1,88,55,143
SBarrow,NWAtlanta,33,6,0,8,55,0,41,61,0,39,63,102
SBarrow,NEAtlanta,61,9,0,27,117,1,88,126,1,70,145,215
SBarrow,SWAtlanta,10,1,0,5,18,0,15,19,0,11,23,34
SBarrow,CBDAtlanta,33,8,0,16,69,1,49,77,1,41,86,127
SBarrow,SEAtlanta,7,0,0,5,16,1,12,16,1,7,22,29
SBarrow,SFulton,2,0,0,1,0,0,3,0,0,2,1,3
SBarrow,Tri-Cities,9,4,0,3,3,0,12,7,0,13,6,19
SBarrow,Shannon,1,1,0,1,6,0,2,7,0,2,7,9
SBarrow,WCherokee,0,0,0,0,0,0,0,0,0,0,0,0
SBarrow,NCherokee,0,0,0,0,0,0,0,0,0,0,0,0
SBarrow,ECentCherokee,7,4,0,2,1,0,9,5,0,11,3,14
SBarrow,Woodstock,4,0,0,0,0,0,4,0,0,4,0,4
SBarrow,Airport,5,1,0,1,1,0,6,2,0,6,2,8
SBarrow,NEClayton,10,1,0,2,3,0,12,4,0,11,5,16
SBarrow,Riverdale,2,0,0,1,0,0,3,0,0,2,1,3
SBarrow,SClayton,3,0,0,0,0,0,3,0,0,3,0,3
SBarrow,NWCobb,6,0,0,2,19,0,8,19,0,6,21,27
SBarrow,NECobb,25,2,0,9,7,0,34,9,0,27,16,43
SBarrow,SWCobb,2,0,0,1,4,0,3,4,0,2,5,7
SBarrow,Marietta,11,1,0,7,3,0,18,4,0,12,10,22
SBarrow,Cumberland,69,12,0,18,23,0,87,35,0,81,41,122
SBarrow,SCobb,10,1,0,5,14,0,15,15,0,11,19,30
SBarrow,Chamblee,225,39,0,61,111,0,286,150,0,264,172,436
SBarrow,NWDeKalb,91,12,0,38,99,2,129,111,2,103,139,242
SBarrow,NEDeKalb,207,35,0,45,133,0,252,168,0,242,178,420
SBarrow,Atlanta-DeKalb,7,0,0,1,2,0,8,2,0,7,3,10
SBarrow,Decatur,9,2,0,3,5,0,12,7,0,11,8,19
SBarrow,SWDeKalb,18,2,0,9,33,0,27,35,0,20,42,62
SBarrow,SEDeKalb,80,15,0,24,51,0,104,66,0,95,75,170
SBarrow,SDeKalb,45,5,0,15,48,0,60,53,0,50,63,113
SBarrow,WDouglas,0,0,0,0,0,0,0,0,0,0,0,0
SBarrow,EDouglas,0,0,0,2,1,0,2,1,0,0,3,3
SBarrow,WFayette,0,0,0,1,0,0,1,0,0,0,1,1
SBarrow,EFayette,0,0,0,0,0,0,0,0,0,0,0,0
SBarrow,NGwinnett,1736,260,0,710,1733,0,2446,1993,0,1996,2443,4439
SBarrow,CentGwinnett,1546,302,0,554,1473,0,2100,1775,0,1848,2027,3875
SBarrow,EGwinnett,1384,262,0,1330,3631,0,2714,3893,0,1646,4961,6607
SBarrow,Norcross,576,85,0,69,192,0,645,277,0,661,261,922
SBarrow,Lilburn,159,19,0,39,108,0,198,127,0,178,147,325
SBarrow,Snellville,455,93,0,173,463,0,628,556,0,548,636,1184
SBarrow,NHenry,9,5,0,4,5,0,13,10,0,14,9,23
SBarrow,EHenry,7,0,0,5,7,0,12,7,0,7,12,19
SBarrow,SHenry,13,5,0,2,10,0,15,15,0,18,12,30
SBarrow,SRockdale,20,5,0,4,16,0,24,21,0,25,20,45
SBarrow,NRockdale,160,28,0,27,75,0,187,103,0,188,102,290
SBarrow,NBarrow,3570,712,0,4872,12378,0,8442,13090,0,4282,17250,21532
SBarrow,SBarrow,7318,1299,0,12563,29930,0,19881,31229,0,8617,42493,51110
SBarrow,NWBartow,0,0,0,0,0,0,0,0,0,0,0,0
SBarrow,NEBartow,0,0,0,0,0,0,0,0,0,0,0,0
SBarrow,SWBartow,0,0,0,0,0,0,0,0,0,0,0,0
SBarrow,Cartersville,0,0,0,0,0,0,0,0,0,0,0,0
SBarrow,NECarroll,0,0,0,0,0,0,0,0,0,0,0,0
SBarrow,WCarroll,0,0,0,0,0,0,0,0,0,0,0,0
SBarrow,CentralCarroll,0,0,0,0,0,0,0,0,0,0,0,0
SBarrow,SECarroll,0,0,0,0,0,0,0,0,0,0,0,0
SBarrow,WCoweta,0,0,0,0,0,0,0,0,0,0,0,0
SBarrow,NCoweta,0,0,0,0,0,0,0,0,0,0,0,0
SBarrow,SCoweta,0,0,0,0,0,0,0,0,0,0,0,0
SBarrow,SECoweta,0,0,0,0,0,0,0,0,0,0,0,0
SBarrow,NForsyth,25,2,0,5,5,0,30,7,0,27,10,37
SBarrow,Cumming,99,18,0,21,49,0,120,67,0,117,70,187
SBarrow,SForsyth,114,12,0,18,27,0,132,39,0,126,45,171
SBarrow,NHall,20,3,0,5,6,0,25,9,0,23,11,34
SBarrow,Gainesville,353,71,0,52,137,0,405,208,0,424,189,613
SBarrow,SHall,415,57,0,184,259,0,599,316,0,472,443,915
SBarrow,WNewton,150,29,0,35,74,0,185,103,0,179,109,288
SBarrow,ENewton,16,3,0,13,7,0,29,10,0,19,20,39
SBarrow,NPaulding,0,0,0,0,0,0,0,0,0,0,0,0
SBarrow,WPaulding,0,0,0,0,0,0,0,0,0,0,0,0
SBarrow,EPaulding,0,0,0,1,0,0,1,0,0,0,1,1
SBarrow,NSpalding,3,0,0,0,0,0,3,0,0,3,0,3
SBarrow,SSpalding,0,0,0,0,0,0,0,0,0,0,0,0
SBarrow,WWalton,464,107,0,276,767,0,740,874,0,571,1043,1614
SBarrow,EWalton,1233,216,0,708,1874,0,1941,2090,0,1449,2582,4031
NWBartow,NFulton,54,3,0,14,31,0,68,34,0,57,45,102
NWBartow,Roswell,30,5,0,12,24,0,42,29,0,35,36,71
NWBartow,SandySprings,66,11,0,14,23,0,80,34,0,77,37,114
NWBartow,Buckhead,47,6,0,17,23,0,64,29,0,53,40,93
NWBartow,NWAtlanta,17,2,0,6,0,0,23,2,0,19,6,25
NWBartow,NEAtlanta,24,5,1,13,20,0,37,25,1,30,33,63
NWBartow,SWAtlanta,10,0,0,6,2,0,16,2,0,10,8,18
NWBartow,CBDAtlanta,16,2,0,13,18,0,29,20,0,18,31,49
NWBartow,SEAtlanta,3,1,0,3,2,0,6,3,0,4,5,9
NWBartow,SFulton,4,0,0,2,1,0,6,1,0,4,3,7
NWBartow,Tri-Cities,2,0,0,1,1,0,3,1,0,2,2,4
NWBartow,Shannon,2,1,0,3,0,0,5,1,0,3,3,6
NWBartow,WCherokee,82,18,0,39,46,0,121,64,0,100,85,185
NWBartow,NCherokee,18,2,0,4,1,0,22,3,0,20,5,25
NWBartow,ECentCherokee,199,51,0,45,85,0,244,136,0,250,130,380
NWBartow,Woodstock,171,35,0,49,200,0,220,235,0,206,249,455
NWBartow,Airport,0,0,0,0,0,0,0,0,0,0,0,0
NWBartow,NEClayton,1,3,0,2,10,0,3,13,0,4,12,16
NWBartow,Riverdale,2,1,0,0,0,0,2,1,0,3,0,3
NWBartow,SClayton,1,0,0,0,9,0,1,9,0,1,9,10
NWBartow,NWCobb,555,100,0,174,396,1,729,496,1,655,571,1226
NWBartow,NECobb,181,33,0,46,69,0,227,102,0,214,115,329
NWBartow,SWCobb,44,6,0,12,44,0,56,50,0,50,56,106
NWBartow,Marietta,170,33,0,39,166,0,209,199,0,203,205,408
NWBartow,Cumberland,160,31,0,30,91,0,190,122,0,191,121,312
NWBartow,SCobb,28,6,0,8,13,0,36,19,0,34,21,55
NWBartow,Chamblee,27,5,0,11,12,0,38,17,0,32,23,55
NWBartow,NWDeKalb,11,0,0,5,13,0,16,13,0,11,18,29
NWBartow,NEDeKalb,8,0,0,2,2,0,10,2,0,8,4,12
NWBartow,Atlanta-DeKalb,0,0,0,1,5,0,1,5,0,0,6,6
NWBartow,Decatur,2,0,0,1,0,0,3,0,0,2,1,3
NWBartow,SWDeKalb,1,0,0,1,5,0,2,5,0,1,6,7
NWBartow,SEDeKalb,0,0,0,0,1,0,0,1,0,0,1,1
NWBartow,SDeKalb,1,0,0,0,0,0,1,0,0,1,0,1
NWBartow,WDouglas,11,0,0,2,1,0,13,1,0,11,3,14
NWBartow,EDouglas,24,3,0,11,3,0,35,6,0,27,14,41
NWBartow,WFayette,2,0,0,0,0,0,2,0,0,2,0,2
NWBartow,EFayette,0,0,0,0,0,0,0,0,0,0,0,0
NWBartow,NGwinnett,1,0,0,0,2,0,1,2,0,1,2,3
NWBartow,CentGwinnett,0,1,0,1,1,0,1,2,0,1,2,3
NWBartow,EGwinnett,0,0,0,0,0,0,0,0,0,0,0,0
NWBartow,Norcross,14,1,0,3,7,0,17,8,0,15,10,25
NWBartow,Lilburn,0,0,0,0,1,0,0,1,0,0,1,1
NWBartow,Snellville,0,0,0,0,0,0,0,0,0,0,0,0
NWBartow,NHenry,0,0,0,0,0,0,0,0,0,0,0,0
NWBartow,EHenry,0,0,0,0,0,0,0,0,0,0,0,0
NWBartow,SHenry,0,0,0,0,0,0,0,0,0,0,0,0
NWBartow,SRockdale,0,0,0,0,0,0,0,0,0,0,0,0
NWBartow,NRockdale,0,0,0,0,0,0,0,0,0,0,0,0
NWBartow,NBarrow,0,0,0,0,0,0,0,0,0,0,0,0
NWBartow,SBarrow,0,0,0,0,0,0,0,0,0,0,0,0
NWBartow,NWBartow,5837,1053,0,9746,22141,0,15583,23194,0,6890,31887,38777
NWBartow,NEBartow,569,102,0,472,1334,0,1041,1436,0,671,1806,2477
NWBartow,SWBartow,337,73,0,246,621,0,583,694,0,410,867,1277
NWBartow,Cartersville,2798,544,0,1952,5688,0,4750,6232,0,3342,7640,10982
NWBartow,NECarroll,4,1,0,2,0,0,6,1,0,5,2,7
NWBartow,WCarroll,0,0,0,0,0,0,0,0,0,0,0,0
NWBartow,CentralCarroll,8,1,0,1,4,0,9,5,0,9,5,14
NWBartow,SECarroll,0,0,0,0,0,0,0,0,0,0,0,0
NWBartow,WCoweta,0,0,0,0,0,0,0,0,0,0,0,0
NWBartow,NCoweta,0,0,0,0,0,0,0,0,0,0,0,0
NWBartow,SCoweta,0,0,0,0,0,0,0,0,0,0,0,0
NWBartow,SECoweta,0,0,0,0,0,0,0,0,0,0,0,0
NWBartow,NForsyth,7,2,0,2,0,0,9,2,0,9,2,11
NWBartow,Cumming,18,3,0,7,11,0,25,14,0,21,18,39
NWBartow,SForsyth,15,3,0,5,3,0,20,6,0,18,8,26
NWBartow,NHall,0,0,0,0,1,0,0,1,0,0,1,1
NWBartow,Gainesville,0,0,0,1,0,0,1,0,0,0,1,1
NWBartow,SHall,0,0,0,0,0,0,0,0,0,0,0,0
NWBartow,WNewton,0,0,0,0,0,0,0,0,0,0,0,0
NWBartow,ENewton,0,0,0,0,0,0,0,0,0,0,0,0
NWBartow,NPaulding,115,18,0,21,18,0,136,36,0,133,39,172
NWBartow,WPaulding,6,2,0,5,1,0,11,3,0,8,6,14
NWBartow,EPaulding,92,13,0,34,75,0,126,88,0,105,109,214
NWBartow,NSpalding,0,0,0,0,0,0,0,0,0,0,0,0
NWBartow,SSpalding,0,0,0,0,0,0,0,0,0,0,0,0
NWBartow,WWalton,0,0,0,0,0,0,0,0,0,0,0,0
NWBartow,EWalton,0,0,0,0,0,0,0,0,0,0,0,0
NEBartow,NFulton,87,13,0,47,77,0,134,90,0,100,124,224
NEBartow,Roswell,36,4,0,15,32,0,51,36,0,40,47,87
NEBartow,SandySprings,65,8,0,21,31,0,86,39,0,73,52,125
NEBartow,Buckhead,52,10,0,26,93,0,78,103,0,62,119,181
NEBartow,NWAtlanta,23,3,0,10,10,0,33,13,0,26,20,46
NEBartow,NEAtlanta,28,4,0,22,78,0,50,82,0,32,100,132
NEBartow,SWAtlanta,8,0,0,2,18,0,10,18,0,8,20,28
NEBartow,CBDAtlanta,9,7,0,10,67,0,19,74,0,16,77,93
NEBartow,SEAtlanta,3,2,0,2,19,0,5,21,0,5,21,26
NEBartow,SFulton,4,0,0,1,2,0,5,2,0,4,3,7
NEBartow,Tri-Cities,4,2,0,0,3,0,4,5,0,6,3,9
NEBartow,Shannon,1,0,0,0,1,0,1,1,0,1,1,2
NEBartow,WCherokee,277,57,0,188,637,0,465,694,0,334,825,1159
NEBartow,NCherokee,33,6,0,11,40,0,44,46,0,39,51,90
NEBartow,ECentCherokee,428,70,0,210,443,0,638,513,0,498,653,1151
NEBartow,Woodstock,155,27,0,62,136,0,217,163,0,182,198,380
NEBartow,Airport,0,0,0,0,4,0,0,4,0,0,4,4
NEBartow,NEClayton,0,0,0,3,1,0,3,1,0,0,4,4
NEBartow,Riverdale,0,0,0,1,5,0,1,5,0,0,6,6
NEBartow,SClayton,2,0,0,0,0,0,2,0,0,2,0,2
NEBartow,NWCobb,477,89,0,186,457,2,663,546,2,566,645,1211
NEBartow,NECobb,142,32,0,60,212,0,202,244,0,174,272,446
NEBartow,SWCobb,33,4,0,13,19,0,46,23,0,37,32,69
NEBartow,Marietta,158,15,0,42,64,0,200,79,0,173,106,279
NEBartow,Cumberland,154,30,0,49,82,0,203,112,0,184,131,315
NEBartow,SCobb,33,3,0,15,37,0,48,40,0,36,52,88
NEBartow,Chamblee,36,5,0,8,33,0,44,38,0,41,41,82
NEBartow,NWDeKalb,9,2,0,8,36,0,17,38,0,11,44,55
NEBartow,NEDeKalb,4,2,0,3,12,0,7,14,0,6,15,21
NEBartow,Atlanta-DeKalb,1,0,0,2,2,0,3,2,0,1,4,5
NEBartow,Decatur,0,0,0,0,3,0,0,3,0,0,3,3
NEBartow,SWDeKalb,3,0,0,1,7,0,4,7,0,3,8,11
NEBartow,SEDeKalb,0,0,0,0,0,0,0,0,0,0,0,0
NEBartow,SDeKalb,2,0,0,0,5,0,2,5,0,2,5,7
NEBartow,WDouglas,14,0,0,3,23,0,17,23,0,14,26,40
NEBartow,EDouglas,21,1,0,11,11,0,32,12,0,22,22,44
NEBartow,WFayette,0,0,0,0,20,0,0,20,0,0,20,20
NEBartow,EFayette,0,0,0,0,0,0,0,0,0,0,0,0
NEBartow,NGwinnett,2,0,0,5,3,0,7,3,0,2,8,10
NEBartow,CentGwinnett,4,0,0,5,9,0,9,9,0,4,14,18
NEBartow,EGwinnett,0,0,0,0,0,0,0,0,0,0,0,0
NEBartow,Norcross,17,0,0,5,22,0,22,22,0,17,27,44
NEBartow,Lilburn,1,0,0,1,0,0,2,0,0,1,1,2
NEBartow,Snellville,0,0,0,0,0,0,0,0,0,0,0,0
NEBartow,NHenry,0,0,0,0,4,0,0,4,0,0,4,4
NEBartow,EHenry,0,0,0,0,0,0,0,0,0,0,0,0
NEBartow,SHenry,0,0,0,0,0,0,0,0,0,0,0,0
NEBartow,SRockdale,0,0,0,0,0,0,0,0,0,0,0,0
NEBartow,NRockdale,0,0,0,0,4,0,0,4,0,0,4,4
NEBartow,NBarrow,0,0,0,0,4,0,0,4,0,0,4,4
NEBartow,SBarrow,0,0,0,0,0,0,0,0,0,0,0,0
NEBartow,NWBartow,591,105,0,460,1316,0,1051,1421,0,696,1776,2472
NEBartow,NEBartow,2809,507,0,3626,7817,0,6435,8324,0,3316,11443,14759
NEBartow,SWBartow,149,24,0,49,138,0,198,162,0,173,187,360
NEBartow,Cartersville,2135,398,0,2295,5542,0,4430,5940,0,2533,7837,10370
NEBartow,NECarroll,5,1,0,2,1,0,7,2,0,6,3,9
NEBartow,WCarroll,0,0,0,1,0,0,1,0,0,0,1,1
NEBartow,CentralCarroll,2,1,0,1,2,0,3,3,0,3,3,6
NEBartow,SECarroll,0,0,0,0,0,0,0,0,0,0,0,0
NEBartow,WCoweta,0,0,0,0,0,0,0,0,0,0,0,0
NEBartow,NCoweta,0,0,0,0,0,0,0,0,0,0,0,0
NEBartow,SCoweta,0,0,0,0,0,0,0,0,0,0,0,0
NEBartow,SECoweta,0,0,0,0,0,0,0,0,0,0,0,0
NEBartow,NForsyth,11,4,0,2,1,0,13,5,0,15,3,18
NEBartow,Cumming,32,8,0,16,14,0,48,22,0,40,30,70
NEBartow,SForsyth,34,6,0,11,16,0,45,22,0,40,27,67
NEBartow,NHall,0,0,0,1,0,0,1,0,0,0,1,1
NEBartow,Gainesville,7,1,0,3,1,0,10,2,0,8,4,12
NEBartow,SHall,2,0,0,1,0,0,3,0,0,2,1,3
NEBartow,WNewton,0,0,0,0,0,0,0,0,0,0,0,0
NEBartow,ENewton,0,0,0,0,0,0,0,0,0,0,0,0
NEBartow,NPaulding,67,14,0,18,68,0,85,82,0,81,86,167
NEBartow,WPaulding,7,2,0,2,0,0,9,2,0,9,2,11
NEBartow,EPaulding,84,20,0,32,52,0,116,72,0,104,84,188
NEBartow,NSpalding,0,0,0,0,0,0,0,0,0,0,0,0
NEBartow,SSpalding,0,0,0,0,0,0,0,0,0,0,0,0
NEBartow,WWalton,0,0,0,0,0,0,0,0,0,0,0,0
NEBartow,EWalton,0,0,0,0,0,0,0,0,0,0,0,0
SWBartow,NFulton,65,10,0,25,99,0,90,109,0,75,124,199
SWBartow,Roswell,50,6,0,16,98,0,66,104,0,56,114,170
SWBartow,SandySprings,107,10,0,36,77,0,143,87,0,117,113,230
SWBartow,Buckhead,99,21,0,34,127,0,133,148,0,120,161,281
SWBartow,NWAtlanta,50,3,0,9,35,0,59,38,0,53,44,97
SWBartow,NEAtlanta,57,15,0,22,142,1,79,157,1,72,165,237
SWBartow,SWAtlanta,9,2,0,4,25,0,13,27,0,11,29,40
SWBartow,CBDAtlanta,27,5,0,22,143,0,49,148,0,32,165,197
SWBartow,SEAtlanta,6,4,0,10,21,0,16,25,0,10,31,41
SWBartow,SFulton,8,2,0,3,6,0,11,8,0,10,9,19
SWBartow,Tri-Cities,15,5,0,4,6,0,19,11,0,20,10,30
SWBartow,Shannon,0,0,0,1,27,0,1,27,0,0,28,28
SWBartow,WCherokee,25,4,0,16,51,0,41,55,0,29,67,96
SWBartow,NCherokee,11,3,0,2,0,0,13,3,0,14,2,16
SWBartow,ECentCherokee,114,26,0,25,116,0,139,142,0,140,141,281
SWBartow,Woodstock,246,52,0,111,288,0,357,340,0,298,399,697
SWBartow,Airport,2,0,0,1,0,0,3,0,0,2,1,3
SWBartow,NEClayton,1,2,0,1,1,0,2,3,0,3,2,5
SWBartow,Riverdale,0,1,0,0,1,0,0,2,0,1,1,2
SWBartow,SClayton,1,0,0,0,0,0,1,0,0,1,0,1
SWBartow,NWCobb,956,156,0,424,1000,3,1380,1156,3,1112,1427,2539
SWBartow,NECobb,239,49,0,106,282,0,345,331,0,288,388,676
SWBartow,SWCobb,73,17,0,27,85,0,100,102,0,90,112,202
SWBartow,Marietta,220,58,0,86,173,0,306,231,0,278,259,537
SWBartow,Cumberland,297,48,0,64,160,0,361,208,0,345,224,569
SWBartow,SCobb,66,12,0,21,65,0,87,77,0,78,86,164
SWBartow,Chamblee,82,10,0,23,39,0,105,49,0,92,62,154
SWBartow,NWDeKalb,17,2,0,7,95,0,24,97,0,19,102,121
SWBartow,NEDeKalb,17,2,0,6,24,0,23,26,0,19,30,49
SWBartow,Atlanta-DeKalb,0,1,0,1,33,0,1,34,0,1,34,35
SWBartow,Decatur,0,0,0,1,4,0,1,4,0,0,5,5
SWBartow,SWDeKalb,2,1,0,1,15,0,3,16,0,3,16,19
SWBartow,SEDeKalb,1,0,0,0,11,0,1,11,0,1,11,12
SWBartow,SDeKalb,0,1,0,1,24,0,1,25,0,1,25,26
SWBartow,WDouglas,34,7,0,11,30,0,45,37,0,41,41,82
SWBartow,EDouglas,51,8,0,15,43,0,66,51,0,59,58,117
SWBartow,WFayette,0,0,0,0,0,0,0,0,0,0,0,0
SWBartow,EFayette,0,0,0,0,1,0,0,1,0,0,1,1
SWBartow,NGwinnett,1,0,0,1,0,0,2,0,0,1,1,2
SWBartow,CentGwinnett,11,1,0,1,12,0,12,13,0,12,13,25
SWBartow,EGwinnett,1,0,0,0,0,0,1,0,0,1,0,1
SWBartow,Norcross,30,5,0,9,9,0,39,14,0,35,18,53
SWBartow,Lilburn,1,2,0,0,1,0,1,3,0,3,1,4
SWBartow,Snellville,1,0,0,2,0,0,3,0,0,1,2,3
SWBartow,NHenry,2,1,0,0,0,0,2,1,0,3,0,3
SWBartow,EHenry,0,0,0,0,0,0,0,0,0,0,0,0
SWBartow,SHenry,1,0,0,0,0,0,1,0,0,1,0,1
SWBartow,SRockdale,0,0,0,0,0,0,0,0,0,0,0,0
SWBartow,NRockdale,1,0,0,0,0,0,1,0,0,1,0,1
SWBartow,NBarrow,0,0,0,0,0,0,0,0,0,0,0,0
SWBartow,SBarrow,0,0,0,0,0,0,0,0,0,0,0,0
SWBartow,NWBartow,321,63,0,243,658,0,564,721,0,384,901,1285
SWBartow,NEBartow,152,25,0,61,174,0,213,199,0,177,235,412
SWBartow,SWBartow,3588,682,0,5278,12690,0,8866,13372,0,4270,17968,22238
SWBartow,Cartersville,3311,636,0,3634,10004,0,6945,10640,0,3947,13638,17585
SWBartow,NECarroll,18,5,0,8,9,0,26,14,0,23,17,40
SWBartow,WCarroll,3,0,0,0,0,0,3,0,0,3,0,3
SWBartow,CentralCarroll,11,0,0,13,18,0,24,18,0,11,31,42
SWBartow,SECarroll,0,0,0,1,0,0,1,0,0,0,1,1
SWBartow,WCoweta,0,0,0,0,0,0,0,0,0,0,0,0
SWBartow,NCoweta,0,0,0,1,0,0,1,0,0,0,1,1
SWBartow,SCoweta,0,0,0,0,0,0,0,0,0,0,0,0
SWBartow,SECoweta,0,0,0,0,0,0,0,0,0,0,0,0
SWBartow,NForsyth,5,0,0,1,0,0,6,0,0,5,1,6
SWBartow,Cumming,13,2,0,1,14,0,14,16,0,15,15,30
SWBartow,SForsyth,13,2,0,4,42,0,17,44,0,15,46,61
SWBartow,NHall,0,0,0,0,0,0,0,0,0,0,0,0
SWBartow,Gainesville,0,0,0,0,0,0,0,0,0,0,0,0
SWBartow,SHall,0,0,0,0,0,0,0,0,0,0,0,0
SWBartow,WNewton,0,0,0,0,0,0,0,0,0,0,0,0
SWBartow,ENewton,0,0,0,0,0,0,0,0,0,0,0,0
SWBartow,NPaulding,367,70,0,189,559,0,556,629,0,437,748,1185
SWBartow,WPaulding,39,4,0,6,18,0,45,22,0,43,24,67
SWBartow,EPaulding,286,51,0,107,358,0,393,409,0,337,465,802
SWBartow,NSpalding,0,0,0,0,0,0,0,0,0,0,0,0
SWBartow,SSpalding,0,0,0,0,0,0,0,0,0,0,0,0
SWBartow,WWalton,0,0,0,0,0,0,0,0,0,0,0,0
SWBartow,EWalton,0,0,0,0,0,0,0,0,0,0,0,0
Cartersville,NFulton,252,33,0,49,93,1,301,126,1,285,143,428
Cartersville,Roswell,157,38,1,44,116,0,201,154,1,196,160,356
Cartersville,SandySprings,343,63,4,50,120,0,393,183,4,410,170,580
Cartersville,Buckhead,288,63,2,73,131,0,361,194,2,353,204,557
Cartersville,NWAtlanta,132,22,0,12,37,0,144,59,0,154,49,203
Cartersville,NEAtlanta,156,24,5,38,189,2,194,213,7,185,229,414
Cartersville,SWAtlanta,62,10,1,24,42,0,86,52,1,73,66,139
Cartersville,CBDAtlanta,96,26,12,30,191,1,126,217,13,134,222,356
Cartersville,SEAtlanta,28,5,0,15,27,0,43,32,0,33,42,75
Cartersville,SFulton,22,1,0,11,8,0,33,9,0,23,19,42
Cartersville,Tri-Cities,33,14,0,7,34,0,40,48,0,47,41,88
Cartersville,Shannon,13,0,0,2,2,0,15,2,0,13,4,17
Cartersville,WCherokee,706,116,0,343,838,0,1049,954,0,822,1181,2003
Cartersville,NCherokee,67,11,0,21,57,0,88,68,0,78,78,156
Cartersville,ECentCherokee,795,132,0,239,572,0,1034,704,0,927,811,1738
Cartersville,Woodstock,1376,232,0,735,1868,0,2111,2100,0,1608,2603,4211
Cartersville,Airport,13,6,3,4,1,0,17,7,3,22,5,27
Cartersville,NEClayton,16,7,0,5,8,0,21,15,0,23,13,36
Cartersville,Riverdale,4,0,0,3,2,0,7,2,0,4,5,9
Cartersville,SClayton,6,0,0,0,2,0,6,2,0,6,2,8
Cartersville,NWCobb,4607,871,1,3434,8014,10,8041,8885,11,5479,11458,16937
Cartersville,NECobb,988,182,0,263,510,0,1251,692,0,1170,773,1943
Cartersville,SWCobb,334,57,0,124,297,0,458,354,0,391,421,812
Cartersville,Marietta,865,162,0,201,519,0,1066,681,0,1027,720,1747
Cartersville,Cumberland,917,156,1,130,378,1,1047,534,2,1074,509,1583
Cartersville,SCobb,186,29,0,71,114,0,257,143,0,215,185,400
Cartersville,Chamblee,214,40,2,34,89,0,248,129,2,256,123,379
Cartersville,NWDeKalb,74,16,1,22,89,0,96,105,1,91,111,202
Cartersville,NEDeKalb,55,4,0,21,60,0,76,64,0,59,81,140
Cartersville,Atlanta-DeKalb,6,0,0,2,21,0,8,21,0,6,23,29
Cartersville,Decatur,13,3,0,3,8,0,16,11,0,16,11,27
Cartersville,SWDeKalb,14,1,0,4,14,0,18,15,0,15,18,33
Cartersville,SEDeKalb,5,0,0,5,1,0,10,1,0,5,6,11
Cartersville,SDeKalb,15,1,0,6,5,0,21,6,0,16,11,27
Cartersville,WDouglas,113,12,0,25,32,0,138,44,0,125,57,182
Cartersville,EDouglas,148,26,0,43,52,0,191,78,0,174,95,269
Cartersville,WFayette,1,0,0,1,1,0,2,1,0,1,2,3
Cartersville,EFayette,2,0,0,2,0,0,4,0,0,2,2,4
Cartersville,NGwinnett,5,3,0,3,9,0,8,12,0,8,12,20
Cartersville,CentGwinnett,23,8,0,14,15,0,37,23,0,31,29,60
Cartersville,EGwinnett,1,0,0,2,1,0,3,1,0,1,3,4
Cartersville,Norcross,92,18,0,14,28,0,106,46,0,110,42,152
Cartersville,Lilburn,6,0,0,8,8,0,14,8,0,6,16,22
Cartersville,Snellville,3,1,0,2,5,0,5,6,0,4,7,11
Cartersville,NHenry,4,0,0,2,2,0,6,2,0,4,4,8
Cartersville,EHenry,1,0,0,0,0,0,1,0,0,1,0,1
Cartersville,SHenry,0,0,0,1,2,0,1,2,0,0,3,3
Cartersville,SRockdale,0,1,0,0,0,0,0,1,0,1,0,1
Cartersville,NRockdale,0,1,0,0,0,0,0,1,0,1,0,1
Cartersville,NBarrow,0,0,0,0,0,0,0,0,0,0,0,0
Cartersville,SBarrow,0,0,0,0,0,0,0,0,0,0,0,0
Cartersville,NWBartow,2936,572,0,1994,5724,0,4930,6296,0,3508,7718,11226
Cartersville,NEBartow,2182,405,0,2287,5526,0,4469,5931,0,2587,7813,10400
Cartersville,SWBartow,3417,644,0,3679,10100,0,7096,10744,0,4061,13779,17840
Cartersville,Cartersville,33274,6200,0,49475,97290,0,82749,103490,0,39474,146765,186239
Cartersville,NECarroll,59,9,0,14,46,0,73,55,0,68,60,128
Cartersville,WCarroll,2,1,0,0,1,0,2,2,0,3,1,4
Cartersville,CentralCarroll,37,6,0,17,7,0,54,13,0,43,24,67
Cartersville,SECarroll,1,0,0,1,0,0,2,0,0,1,1,2
Cartersville,WCoweta,1,0,0,1,0,0,2,0,0,1,1,2
Cartersville,NCoweta,3,0,0,0,2,0,3,2,0,3,2,5
Cartersville,SCoweta,0,0,0,0,0,0,0,0,0,0,0,0
Cartersville,SECoweta,0,0,0,0,0,0,0,0,0,0,0,0
Cartersville,NForsyth,27,4,0,17,18,0,44,22,0,31,35,66
Cartersville,Cumming,59,20,0,31,58,0,90,78,0,79,89,168
Cartersville,SForsyth,72,8,0,12,20,0,84,28,0,80,32,112
Cartersville,NHall,0,0,0,1,0,0,1,0,0,0,1,1
Cartersville,Gainesville,6,0,0,1,4,0,7,4,0,6,5,11
Cartersville,SHall,1,0,0,1,1,0,2,1,0,1,2,3
Cartersville,WNewton,0,0,0,0,0,0,0,0,0,0,0,0
Cartersville,ENewton,0,0,0,0,0,0,0,0,0,0,0,0
Cartersville,NPaulding,1386,246,0,827,2078,0,2213,2324,0,1632,2905,4537
Cartersville,WPaulding,170,24,0,42,144,0,212,168,0,194,186,380
Cartersville,EPaulding,868,149,0,283,575,0,1151,724,0,1017,858,1875
Cartersville,NSpalding,0,0,0,0,0,0,0,0,0,0,0,0
Cartersville,SSpalding,0,0,0,0,0,0,0,0,0,0,0,0
Cartersville,WWalton,1,0,0,0,0,0,1,0,0,1,0,1
Cartersville,EWalton,0,0,0,0,0,0,0,0,0,0,0,0
NECarroll,NFulton,9,5,0,3,2,0,12,7,0,14,5,19
NECarroll,Roswell,12,0,0,3,5,0,15,5,0,12,8,20
NECarroll,SandySprings,66,8,1,11,33,0,77,41,1,75,44,119
NECarroll,Buckhead,103,14,1,29,87,0,132,101,1,118,116,234
NECarroll,NWAtlanta,151,29,0,26,25,0,177,54,0,180,51,231
NECarroll,NEAtlanta,109,15,3,36,83,2,145,98,5,127,121,248
NECarroll,SWAtlanta,158,34,0,34,68,0,192,102,0,192,102,294
NECarroll,CBDAtlanta,120,26,5,31,77,0,151,103,5,151,108,259
NECarroll,SEAtlanta,47,7,0,18,27,0,65,34,0,54,45,99
NECarroll,SFulton,222,43,0,48,111,0,270,154,0,265,159,424
NECarroll,Tri-Cities,89,13,0,12,23,0,101,36,0,102,35,137
NECarroll,Shannon,92,18,0,15,24,0,107,42,0,110,39,149
NECarroll,WCherokee,0,0,0,0,0,0,0,0,0,0,0,0
NECarroll,NCherokee,0,0,0,0,0,0,0,0,0,0,0,0
NECarroll,ECentCherokee,9,2,0,4,5,0,13,7,0,11,9,20
NECarroll,Woodstock,33,3,0,11,11,0,44,14,0,36,22,58
NECarroll,Airport,34,5,1,4,8,0,38,13,1,40,12,52
NECarroll,NEClayton,33,4,0,5,11,0,38,15,0,37,16,53
NECarroll,Riverdale,14,0,0,4,7,0,18,7,0,14,11,25
NECarroll,SClayton,9,1,0,1,1,0,10,2,0,10,2,12
NECarroll,NWCobb,273,51,0,55,149,0,328,200,0,324,204,528
NECarroll,NECobb,84,10,0,19,9,0,103,19,0,94,28,122
NECarroll,SWCobb,230,30,0,37,126,0,267,156,0,260,163,423
NECarroll,Marietta,153,29,0,32,58,0,185,87,0,182,90,272
NECarroll,Cumberland,318,46,1,37,98,0,355,144,1,365,135,500
NECarroll,SCobb,328,69,0,62,136,0,390,205,0,397,198,595
NECarroll,Chamblee,58,9,1,15,66,0,73,75,1,68,81,149
NECarroll,NWDeKalb,53,7,0,21,58,0,74,65,0,60,79,139
NECarroll,NEDeKalb,27,3,0,10,13,0,37,16,0,30,23,53
NECarroll,Atlanta-DeKalb,11,1,0,5,22,0,16,23,0,12,27,39
NECarroll,Decatur,11,2,1,5,3,0,16,5,1,14,8,22
NECarroll,SWDeKalb,17,1,0,7,50,0,24,51,0,18,57,75
NECarroll,SEDeKalb,5,2,0,0,2,0,5,4,0,7,2,9
NECarroll,SDeKalb,26,1,0,5,18,0,31,19,0,27,23,50
NECarroll,WDouglas,2316,456,0,2321,5856,0,4637,6312,0,2772,8177,10949
NECarroll,EDouglas,1014,172,0,319,808,1,1333,980,1,1186,1128,2314
NECarroll,WFayette,67,9,0,21,34,0,88,43,0,76,55,131
NECarroll,EFayette,26,9,0,11,20,0,37,29,0,35,31,66
NECarroll,NGwinnett,1,0,0,0,0,0,1,0,0,1,0,1
NECarroll,CentGwinnett,5,2,0,3,0,0,8,2,0,7,3,10
NECarroll,EGwinnett,2,0,0,0,0,0,2,0,0,2,0,2
NECarroll,Norcross,12,2,0,6,17,0,18,19,0,14,23,37
NECarroll,Lilburn,3,0,0,1,22,0,4,22,0,3,23,26
NECarroll,Snellville,1,0,0,2,4,0,3,4,0,1,6,7
NECarroll,NHenry,5,1,0,2,1,0,7,2,0,6,3,9
NECarroll,EHenry,0,0,0,2,1,0,2,1,0,0,3,3
NECarroll,SHenry,1,1,0,0,5,0,1,6,0,2,5,7
NECarroll,SRockdale,5,0,0,1,1,0,6,1,0,5,2,7
NECarroll,NRockdale,3,0,0,0,1,0,3,1,0,3,1,4
NECarroll,NBarrow,1,0,0,0,0,0,1,0,0,1,0,1
NECarroll,SBarrow,0,0,0,0,0,0,0,0,0,0,0,0
NECarroll,NWBartow,4,1,0,4,2,0,8,3,0,5,6,11
NECarroll,NEBartow,5,1,0,3,0,0,8,1,0,6,3,9
NECarroll,SWBartow,20,2,0,10,10,0,30,12,0,22,20,42
NECarroll,Cartersville,70,13,0,16,16,0,86,29,0,83,32,115
NECarroll,NECarroll,10723,2154,0,19364,42924,0,30087,45078,0,12877,62288,75165
NECarroll,WCarroll,523,98,0,184,432,0,707,530,0,621,616,1237
NECarroll,CentralCarroll,3159,605,3,2348,5931,4,5507,6536,7,3767,8283,12050
NECarroll,SECarroll,116,28,0,68,183,0,184,211,0,144,251,395
NECarroll,WCoweta,120,12,0,27,45,0,147,57,0,132,72,204
NECarroll,NCoweta,208,43,0,43,95,0,251,138,0,251,138,389
NECarroll,SCoweta,14,1,0,8,4,0,22,5,0,15,12,27
NECarroll,SECoweta,9,2,0,1,5,0,10,7,0,11,6,17
NECarroll,NForsyth,0,0,0,0,0,0,0,0,0,0,0,0
NECarroll,Cumming,2,0,0,1,0,0,3,0,0,2,1,3
NECarroll,SForsyth,2,0,0,1,0,0,3,0,0,2,1,3
NECarroll,NHall,0,0,0,0,0,0,0,0,0,0,0,0
NECarroll,Gainesville,0,0,0,0,0,0,0,0,0,0,0,0
NECarroll,SHall,0,0,0,0,0,0,0,0,0,0,0,0
NECarroll,WNewton,2,0,0,0,0,0,2,0,0,2,0,2
NECarroll,ENewton,0,0,0,0,0,0,0,0,0,0,0,0
NECarroll,NPaulding,137,29,0,28,62,0,165,91,0,166,90,256
NECarroll,WPaulding,743,135,0,780,2198,0,1523,2333,0,878,2978,3856
NECarroll,EPaulding,1369,290,0,749,2296,0,2118,2586,0,1659,3045,4704
NECarroll,NSpalding,0,0,0,1,0,0,1,0,0,0,1,1
NECarroll,SSpalding,1,0,0,1,0,0,2,0,0,1,1,2
NECarroll,WWalton,1,0,0,0,0,0,1,0,0,1,0,1
NECarroll,EWalton,0,0,0,0,0,0,0,0,0,0,0,0
WCarroll,NFulton,0,0,0,0,0,0,0,0,0,0,0,0
WCarroll,Roswell,2,0,0,0,4,0,2,4,0,2,4,6
WCarroll,SandySprings,6,1,0,0,0,0,6,1,0,7,0,7
WCarroll,Buckhead,6,3,0,6,46,0,12,49,0,9,52,61
WCarroll,NWAtlanta,15,2,0,6,26,0,21,28,0,17,32,49
WCarroll,NEAtlanta,9,4,0,6,7,0,15,11,0,13,13,26
WCarroll,SWAtlanta,17,4,0,7,2,0,24,6,0,21,9,30
WCarroll,CBDAtlanta,7,1,0,13,15,0,20,16,0,8,28,36
WCarroll,SEAtlanta,4,2,0,4,5,0,8,7,0,6,9,15
WCarroll,SFulton,37,3,0,9,38,0,46,41,0,40,47,87
WCarroll,Tri-Cities,11,0,0,1,5,0,12,5,0,11,6,17
WCarroll,Shannon,20,4,0,6,21,0,26,25,0,24,27,51
WCarroll,WCherokee,0,0,0,0,1,0,0,1,0,0,1,1
WCarroll,NCherokee,0,0,0,0,0,0,0,0,0,0,0,0
WCarroll,ECentCherokee,1,0,0,0,0,0,1,0,0,1,0,1
WCarroll,Woodstock,1,0,0,0,0,0,1,0,0,1,0,1
WCarroll,Airport,9,1,0,0,0,0,9,1,0,10,0,10
WCarroll,NEClayton,8,1,0,1,4,0,9,5,0,9,5,14
WCarroll,Riverdale,3,1,0,1,2,0,4,3,0,4,3,7
WCarroll,SClayton,5,0,0,2,10,0,7,10,0,5,12,17
WCarroll,NWCobb,25,2,0,7,14,0,32,16,0,27,21,48
WCarroll,NECobb,8,0,0,2,2,0,10,2,0,8,4,12
WCarroll,SWCobb,24,3,0,7,3,0,31,6,0,27,10,37
WCarroll,Marietta,10,2,0,3,6,0,13,8,0,12,9,21
WCarroll,Cumberland,19,6,0,8,7,0,27,13,0,25,15,40
WCarroll,SCobb,33,1,0,14,19,0,47,20,0,34,33,67
WCarroll,Chamblee,2,1,0,2,1,0,4,2,0,3,3,6
WCarroll,NWDeKalb,1,1,0,3,0,0,4,1,0,2,3,5
WCarroll,NEDeKalb,1,0,0,1,9,0,2,9,0,1,10,11
WCarroll,Atlanta-DeKalb,1,1,0,1,4,0,2,5,0,2,5,7
WCarroll,Decatur,0,0,0,0,0,0,0,0,0,0,0,0
WCarroll,SWDeKalb,0,0,0,1,4,0,1,4,0,0,5,5
WCarroll,SEDeKalb,1,0,0,1,1,0,2,1,0,1,2,3
WCarroll,SDeKalb,1,1,0,1,1,0,2,2,0,2,2,4
WCarroll,WDouglas,223,35,0,48,89,0,271,124,0,258,137,395
WCarroll,EDouglas,122,22,0,30,30,0,152,52,0,144,60,204
WCarroll,WFayette,30,3,0,10,4,0,40,7,0,33,14,47
WCarroll,EFayette,3,0,0,3,0,0,6,0,0,3,3,6
WCarroll,NGwinnett,0,0,0,0,0,0,0,0,0,0,0,0
WCarroll,CentGwinnett,0,0,0,0,0,0,0,0,0,0,0,0
WCarroll,EGwinnett,0,0,0,0,0,0,0,0,0,0,0,0
WCarroll,Norcross,2,0,0,0,0,0,2,0,0,2,0,2
WCarroll,Lilburn,0,0,0,0,0,0,0,0,0,0,0,0
WCarroll,Snellville,0,0,0,0,0,0,0,0,0,0,0,0
WCarroll,NHenry,1,0,0,0,1,0,1,1,0,1,1,2
WCarroll,EHenry,0,0,0,0,0,0,0,0,0,0,0,0
WCarroll,SHenry,0,0,0,0,1,0,0,1,0,0,1,1
WCarroll,SRockdale,0,0,0,0,0,0,0,0,0,0,0,0
WCarroll,NRockdale,0,0,0,1,1,0,1,1,0,0,2,2
WCarroll,NBarrow,0,0,0,0,0,0,0,0,0,0,0,0
WCarroll,SBarrow,0,0,0,0,0,0,0,0,0,0,0,0
WCarroll,NWBartow,0,0,0,0,0,0,0,0,0,0,0,0
WCarroll,NEBartow,0,0,0,1,0,0,1,0,0,0,1,1
WCarroll,SWBartow,2,0,0,0,0,0,2,0,0,2,0,2
WCarroll,Cartersville,3,0,0,0,0,0,3,0,0,3,0,3
WCarroll,NECarroll,495,107,0,187,465,0,682,572,0,602,652,1254
WCarroll,WCarroll,4734,943,0,6871,12994,0,11605,13937,0,5677,19865,25542
WCarroll,CentralCarroll,3530,638,16,2578,5969,16,6108,6607,32,4184,8563,12747
WCarroll,SECarroll,218,48,0,153,495,0,371,543,0,266,648,914
WCarroll,WCoweta,83,15,0,21,36,0,104,51,0,98,57,155
WCarroll,NCoweta,112,20,0,36,60,0,148,80,0,132,96,228
WCarroll,SCoweta,7,2,0,4,3,0,11,5,0,9,7,16
WCarroll,SECoweta,6,1,0,1,0,0,7,1,0,7,1,8
WCarroll,NForsyth,0,0,0,0,0,0,0,0,0,0,0,0
WCarroll,Cumming,0,0,0,0,0,0,0,0,0,0,0,0
WCarroll,SForsyth,0,0,0,0,0,0,0,0,0,0,0,0
WCarroll,NHall,0,0,0,0,0,0,0,0,0,0,0,0
WCarroll,Gainesville,0,0,0,0,0,0,0,0,0,0,0,0
WCarroll,SHall,0,0,0,0,0,0,0,0,0,0,0,0
WCarroll,WNewton,0,0,0,0,0,0,0,0,0,0,0,0
WCarroll,ENewton,0,0,0,0,0,0,0,0,0,0,0,0
WCarroll,NPaulding,15,2,0,2,0,0,17,2,0,17,2,19
WCarroll,WPaulding,66,17,0,20,37,0,86,54,0,83,57,140
WCarroll,EPaulding,118,22,0,23,43,0,141,65,0,140,66,206
WCarroll,NSpalding,0,0,0,0,0,0,0,0,0,0,0,0
WCarroll,SSpalding,0,0,0,0,0,0,0,0,0,0,0,0
WCarroll,WWalton,0,0,0,0,0,0,0,0,0,0,0,0
WCarroll,EWalton,0,0,0,0,0,0,0,0,0,0,0,0
CentralCarroll,NFulton,6,1,0,3,3,0,9,4,0,7,6,13
CentralCarroll,Roswell,0,0,0,0,5,0,0,5,0,0,5,5
CentralCarroll,SandySprings,37,3,1,4,7,0,41,10,1,41,11,52
CentralCarroll,Buckhead,58,9,0,19,27,0,77,36,0,67,46,113
CentralCarroll,NWAtlanta,96,13,0,24,18,0,120,31,0,109,42,151
CentralCarroll,NEAtlanta,64,8,0,22,39,0,86,47,0,72,61,133
CentralCarroll,SWAtlanta,119,24,1,31,54,0,150,78,1,144,85,229
CentralCarroll,CBDAtlanta,65,14,2,31,35,0,96,49,2,81,66,147
CentralCarroll,SEAtlanta,50,9,0,22,16,0,72,25,0,59,38,97
CentralCarroll,SFulton,291,61,0,81,95,0,372,156,0,352,176,528
CentralCarroll,Tri-Cities,126,20,0,24,55,0,150,75,0,146,79,225
CentralCarroll,Shannon,205,32,0,49,84,0,254,116,0,237,133,370
CentralCarroll,WCherokee,1,0,0,0,0,0,1,0,0,1,0,1
CentralCarroll,NCherokee,0,0,0,0,0,0,0,0,0,0,0,0
CentralCarroll,ECentCherokee,4,0,0,0,0,0,4,0,0,4,0,4
CentralCarroll,Woodstock,16,0,0,9,34,0,25,34,0,16,43,59
CentralCarroll,Airport,73,10,0,5,9,0,78,19,0,83,14,97
CentralCarroll,NEClayton,51,14,0,15,32,0,66,46,0,65,47,112
CentralCarroll,Riverdale,32,7,0,13,22,0,45,29,0,39,35,74
CentralCarroll,SClayton,30,5,0,5,13,0,35,18,0,35,18,53
CentralCarroll,NWCobb,126,31,0,41,37,0,167,68,0,157,78,235
CentralCarroll,NECobb,35,8,0,13,34,0,48,42,0,43,47,90
CentralCarroll,SWCobb,142,14,0,46,41,0,188,55,0,156,87,243
CentralCarroll,Marietta,73,8,0,20,11,0,93,19,0,81,31,112
CentralCarroll,Cumberland,176,32,0,37,69,0,213,101,0,208,106,314
CentralCarroll,SCobb,217,40,0,54,105,0,271,145,0,257,159,416
CentralCarroll,Chamblee,21,6,0,11,6,0,32,12,0,27,17,44
CentralCarroll,NWDeKalb,27,7,1,18,20,0,45,27,1,35,38,73
CentralCarroll,NEDeKalb,8,4,0,5,20,0,13,24,0,12,25,37
CentralCarroll,Atlanta-DeKalb,5,1,0,8,4,0,13,5,0,6,12,18
CentralCarroll,Decatur,6,2,0,6,4,0,12,6,0,8,10,18
CentralCarroll,SWDeKalb,7,1,0,8,13,0,15,14,0,8,21,29
CentralCarroll,SEDeKalb,2,0,0,3,1,0,5,1,0,2,4,6
CentralCarroll,SDeKalb,12,2,0,5,4,0,17,6,0,14,9,23
CentralCarroll,WDouglas,1764,354,0,971,2354,0,2735,2708,0,2118,3325,5443
CentralCarroll,EDouglas,671,121,0,181,369,0,852,490,0,792,550,1342
CentralCarroll,WFayette,207,24,0,108,86,0,315,110,0,231,194,425
CentralCarroll,EFayette,66,11,0,33,17,0,99,28,0,77,50,127
CentralCarroll,NGwinnett,0,0,0,0,1,0,0,1,0,0,1,1
CentralCarroll,CentGwinnett,3,0,0,2,1,0,5,1,0,3,3,6
CentralCarroll,EGwinnett,0,0,0,0,0,0,0,0,0,0,0,0
CentralCarroll,Norcross,10,1,0,4,2,0,14,3,0,11,6,17
CentralCarroll,Lilburn,1,0,0,1,1,0,2,1,0,1,2,3
CentralCarroll,Snellville,0,0,0,2,0,0,2,0,0,0,2,2
CentralCarroll,NHenry,5,3,0,5,1,0,10,4,0,8,6,14
CentralCarroll,EHenry,1,0,0,1,0,0,2,0,0,1,1,2
CentralCarroll,SHenry,11,1,0,7,1,0,18,2,0,12,8,20
CentralCarroll,SRockdale,0,0,0,1,0,0,1,0,0,0,1,1
CentralCarroll,NRockdale,0,0,0,1,0,0,1,0,0,0,1,1
CentralCarroll,NBarrow,0,0,0,0,0,0,0,0,0,0,0,0
CentralCarroll,SBarrow,0,0,0,0,0,0,0,0,0,0,0,0
CentralCarroll,NWBartow,4,2,0,1,1,0,5,3,0,6,2,8
CentralCarroll,NEBartow,1,0,0,2,7,0,3,7,0,1,9,10
CentralCarroll,SWBartow,10,0,0,10,16,0,20,16,0,10,26,36
CentralCarroll,Cartersville,36,8,0,12,11,0,48,19,0,44,23,67
CentralCarroll,NECarroll,3170,612,3,2341,6031,4,5511,6643,7,3785,8376,12161
CentralCarroll,WCarroll,3494,664,16,2596,6003,16,6090,6667,32,4174,8615,12789
CentralCarroll,CentralCarroll,39594,7457,219,49490,97180,546,89084,104637,765,47270,147216,194486
CentralCarroll,SECarroll,1844,381,6,1640,4098,1,3484,4479,7,2231,5739,7970
CentralCarroll,WCoweta,871,152,0,409,642,6,1280,794,6,1023,1057,2080
CentralCarroll,NCoweta,1072,180,0,468,529,0,1540,709,0,1252,997,2249
CentralCarroll,SCoweta,99,27,0,75,58,0,174,85,0,126,133,259
CentralCarroll,SECoweta,76,12,0,49,38,0,125,50,0,88,87,175
CentralCarroll,NForsyth,0,0,0,0,0,0,0,0,0,0,0,0
CentralCarroll,Cumming,0,0,0,0,0,0,0,0,0,0,0,0
CentralCarroll,SForsyth,0,0,0,0,0,0,0,0,0,0,0,0
CentralCarroll,NHall,0,0,0,0,0,0,0,0,0,0,0,0
CentralCarroll,Gainesville,0,0,0,0,0,0,0,0,0,0,0,0
CentralCarroll,SHall,0,0,0,0,0,0,0,0,0,0,0,0
CentralCarroll,WNewton,0,0,0,0,0,0,0,0,0,0,0,0
CentralCarroll,ENewton,0,0,0,0,0,0,0,0,0,0,0,0
CentralCarroll,NPaulding,95,12,0,42,17,0,137,29,0,107,59,166
CentralCarroll,WPaulding,383,64,0,186,288,0,569,352,0,447,474,921
CentralCarroll,EPaulding,750,130,0,298,330,0,1048,460,0,880,628,1508
CentralCarroll,NSpalding,4,0,0,3,1,0,7,1,0,4,4,8
CentralCarroll,SSpalding,4,2,0,2,0,0,6,2,0,6,2,8
CentralCarroll,WWalton,0,0,0,0,0,0,0,0,0,0,0,0
CentralCarroll,EWalton,0,0,0,0,0,0,0,0,0,0,0,0
SECarroll,NFulton,0,0,0,0,0,0,0,0,0,0,0,0
SECarroll,Roswell,0,0,0,0,0,0,0,0,0,0,0,0
SECarroll,SandySprings,8,0,0,1,19,0,9,19,0,8,20,28
SECarroll,Buckhead,13,1,0,5,38,0,18,39,0,14,43,57
SECarroll,NWAtlanta,12,4,0,6,8,0,18,12,0,16,14,30
SECarroll,NEAtlanta,10,2,0,11,14,0,21,16,0,12,25,37
SECarroll,SWAtlanta,30,5,0,7,11,0,37,16,0,35,18,53
SECarroll,CBDAtlanta,11,1,0,10,18,0,21,19,0,12,28,40
SECarroll,SEAtlanta,5,2,0,3,14,0,8,16,0,7,17,24
SECarroll,SFulton,42,10,0,13,46,0,55,56,0,52,59,111
SECarroll,Tri-Cities,26,7,0,7,7,0,33,14,0,33,14,47
SECarroll,Shannon,41,8,0,16,30,0,57,38,0,49,46,95
SECarroll,WCherokee,0,0,0,0,1,0,0,1,0,0,1,1
SECarroll,NCherokee,0,0,0,0,0,0,0,0,0,0,0,0
SECarroll,ECentCherokee,1,0,0,0,0,0,1,0,0,1,0,1
SECarroll,Woodstock,0,0,0,2,0,0,2,0,0,0,2,2
SECarroll,Airport,15,2,0,3,26,0,18,28,0,17,29,46
SECarroll,NEClayton,15,3,0,2,11,0,17,14,0,18,13,31
SECarroll,Riverdale,4,2,0,3,16,0,7,18,0,6,19,25
SECarroll,SClayton,6,1,0,1,5,0,7,6,0,7,6,13
SECarroll,NWCobb,14,0,0,8,14,0,22,14,0,14,22,36
SECarroll,NECobb,3,1,0,2,1,0,5,2,0,4,3,7
SECarroll,SWCobb,13,1,0,2,1,0,15,2,0,14,3,17
SECarroll,Marietta,16,2,0,4,2,0,20,4,0,18,6,24
SECarroll,Cumberland,41,5,0,9,10,0,50,15,0,46,19,65
SECarroll,SCobb,24,3,0,16,38,0,40,41,0,27,54,81
SECarroll,Chamblee,5,0,0,4,4,0,9,4,0,5,8,13
SECarroll,NWDeKalb,3,1,0,5,3,0,8,4,0,4,8,12
SECarroll,NEDeKalb,0,1,0,2,0,0,2,1,0,1,2,3
SECarroll,Atlanta-DeKalb,1,1,0,2,1,0,3,2,0,2,3,5
SECarroll,Decatur,0,0,0,1,0,0,1,0,0,0,1,1
SECarroll,SWDeKalb,1,0,0,1,0,0,2,0,0,1,1,2
SECarroll,SEDeKalb,0,0,0,1,0,0,1,0,0,0,1,1
SECarroll,SDeKalb,2,0,0,1,0,0,3,0,0,2,1,3
SECarroll,WDouglas,167,39,0,111,242,0,278,281,0,206,353,559
SECarroll,EDouglas,104,12,0,31,61,0,135,73,0,116,92,208
SECarroll,WFayette,56,3,0,18,59,0,74,62,0,59,77,136
SECarroll,EFayette,10,1,0,9,7,0,19,8,0,11,16,27
SECarroll,NGwinnett,0,0,0,0,0,0,0,0,0,0,0,0
SECarroll,CentGwinnett,1,0,0,0,0,0,1,0,0,1,0,1
SECarroll,EGwinnett,0,0,0,0,0,0,0,0,0,0,0,0
SECarroll,Norcross,3,0,0,0,0,0,3,0,0,3,0,3
SECarroll,Lilburn,1,0,0,0,0,0,1,0,0,1,0,1
SECarroll,Snellville,0,0,0,0,0,0,0,0,0,0,0,0
SECarroll,NHenry,3,0,0,3,0,0,6,0,0,3,3,6
SECarroll,EHenry,0,0,0,0,0,0,0,0,0,0,0,0
SECarroll,SHenry,2,0,0,0,0,0,2,0,0,2,0,2
SECarroll,SRockdale,0,0,0,0,1,0,0,1,0,0,1,1
SECarroll,NRockdale,0,0,0,1,0,0,1,0,0,0,1,1
SECarroll,NBarrow,0,0,0,0,0,0,0,0,0,0,0,0
SECarroll,SBarrow,0,0,0,0,0,0,0,0,0,0,0,0
SECarroll,NWBartow,0,0,0,0,0,0,0,0,0,0,0,0
SECarroll,NEBartow,0,0,0,0,0,0,0,0,0,0,0,0
SECarroll,SWBartow,0,0,0,1,0,0,1,0,0,0,1,1
SECarroll,Cartersville,4,0,0,0,10,0,4,10,0,4,10,14
SECarroll,NECarroll,127,27,0,70,164,0,197,191,0,154,234,388
SECarroll,WCarroll,223,48,0,160,498,0,383,546,0,271,658,929
SECarroll,CentralCarroll,1808,391,6,1615,4113,1,3423,4504,7,2205,5729,7934
SECarroll,SECarroll,1156,269,0,2079,4152,0,3235,4421,0,1425,6231,7656
SECarroll,WCoweta,210,34,0,207,445,0,417,479,0,244,652,896
SECarroll,NCoweta,355,55,0,192,532,0,547,587,0,410,724,1134
SECarroll,SCoweta,18,9,0,4,17,0,22,26,0,27,21,48
SECarroll,SECoweta,12,0,0,5,19,0,17,19,0,12,24,36
SECarroll,NForsyth,0,0,0,0,0,0,0,0,0,0,0,0
SECarroll,Cumming,0,0,0,0,0,0,0,0,0,0,0,0
SECarroll,SForsyth,0,0,0,0,0,0,0,0,0,0,0,0
SECarroll,NHall,0,0,0,0,0,0,0,0,0,0,0,0
SECarroll,Gainesville,0,0,0,0,0,0,0,0,0,0,0,0
SECarroll,SHall,0,0,0,0,0,0,0,0,0,0,0,0
SECarroll,WNewton,0,0,0,0,0,0,0,0,0,0,0,0
SECarroll,ENewton,0,0,0,0,0,0,0,0,0,0,0,0
SECarroll,NPaulding,3,0,0,0,0,0,3,0,0,3,0,3
SECarroll,WPaulding,8,1,0,2,29,0,10,30,0,9,31,40
SECarroll,EPaulding,44,5,0,19,66,0,63,71,0,49,85,134
SECarroll,NSpalding,4,2,0,1,4,0,5,6,0,6,5,11
SECarroll,SSpalding,1,0,0,0,0,0,1,0,0,1,0,1
SECarroll,WWalton,0,0,0,0,0,0,0,0,0,0,0,0
SECarroll,EWalton,0,0,0,0,0,0,0,0,0,0,0,0
WCoweta,NFulton,2,0,0,1,1,0,3,1,0,2,2,4
WCoweta,Roswell,1,1,0,0,0,0,1,1,0,2,0,2
WCoweta,SandySprings,26,2,2,2,23,0,28,25,2,30,25,55
WCoweta,Buckhead,43,15,2,10,32,0,53,47,2,60,42,102
WCoweta,NWAtlanta,54,15,1,8,3,0,62,18,1,70,11,81
WCoweta,NEAtlanta,82,11,2,25,51,1,107,62,3,95,77,172
WCoweta,SWAtlanta,131,18,1,22,73,0,153,91,1,150,95,245
WCoweta,CBDAtlanta,82,10,10,36,52,3,118,62,13,102,91,193
WCoweta,SEAtlanta,64,10,1,13,69,0,77,79,1,75,82,157
WCoweta,SFulton,236,44,0,82,215,0,318,259,0,280,297,577
WCoweta,Tri-Cities,270,33,1,26,51,0,296,84,1,304,77,381
WCoweta,Shannon,337,68,0,49,161,0,386,229,0,405,210,615
WCoweta,WCherokee,0,0,0,0,0,0,0,0,0,0,0,0
WCoweta,NCherokee,0,0,0,0,0,0,0,0,0,0,0,0
WCoweta,ECentCherokee,0,0,0,0,0,0,0,0,0,0,0,0
WCoweta,Woodstock,1,0,0,0,0,0,1,0,0,1,0,1
WCoweta,Airport,169,22,0,8,29,1,177,51,1,191,38,229
WCoweta,NEClayton,163,17,0,15,29,0,178,46,0,180,44,224
WCoweta,Riverdale,70,7,0,19,61,0,89,68,0,77,80,157
WCoweta,SClayton,83,19,0,14,14,0,97,33,0,102,28,130
WCoweta,NWCobb,13,2,0,9,34,0,22,36,0,15,43,58
WCoweta,NECobb,7,3,0,11,5,0,18,8,0,10,16,26
WCoweta,SWCobb,24,3,0,7,12,0,31,15,0,27,19,46
WCoweta,Marietta,19,4,0,4,14,0,23,18,0,23,18,41
WCoweta,Cumberland,104,18,0,13,12,0,117,30,0,122,25,147
WCoweta,SCobb,92,12,0,14,26,0,106,38,0,104,40,144
WCoweta,Chamblee,18,3,1,4,7,0,22,10,1,22,11,33
WCoweta,NWDeKalb,37,5,0,13,21,0,50,26,0,42,34,76
WCoweta,NEDeKalb,16,5,0,5,4,0,21,9,0,21,9,30
WCoweta,Atlanta-DeKalb,9,2,0,3,7,0,12,9,0,11,10,21
WCoweta,Decatur,5,1,1,1,6,0,6,7,1,7,7,14
WCoweta,SWDeKalb,23,8,0,6,3,0,29,11,0,31,9,40
WCoweta,SEDeKalb,4,1,0,5,12,0,9,13,0,5,17,22
WCoweta,SDeKalb,34,3,0,9,19,0,43,22,0,37,28,65
WCoweta,WDouglas,223,49,0,77,267,0,300,316,0,272,344,616
WCoweta,EDouglas,175,27,0,40,69,0,215,96,0,202,109,311
WCoweta,WFayette,642,128,0,147,316,0,789,444,0,770,463,1233
WCoweta,EFayette,144,28,0,35,51,0,179,79,0,172,86,258
WCoweta,NGwinnett,0,0,0,1,0,0,1,0,0,0,1,1
WCoweta,CentGwinnett,1,1,0,1,2,0,2,3,0,2,3,5
WCoweta,EGwinnett,0,0,0,0,0,0,0,0,0,0,0,0
WCoweta,Norcross,5,0,0,1,4,0,6,4,0,5,5,10
WCoweta,Lilburn,2,0,0,0,0,0,2,0,0,2,0,2
WCoweta,Snellville,1,0,0,0,0,0,1,0,0,1,0,1
WCoweta,NHenry,22,3,0,6,2,0,28,5,0,25,8,33
WCoweta,EHenry,3,0,0,1,1,0,4,1,0,3,2,5
WCoweta,SHenry,18,3,0,3,4,0,21,7,0,21,7,28
WCoweta,SRockdale,1,0,0,1,1,0,2,1,0,1,2,3
WCoweta,NRockdale,4,0,0,1,2,0,5,2,0,4,3,7
WCoweta,NBarrow,0,0,0,0,0,0,0,0,0,0,0,0
WCoweta,SBarrow,0,0,0,0,0,0,0,0,0,0,0,0
WCoweta,NWBartow,0,0,0,0,0,0,0,0,0,0,0,0
WCoweta,NEBartow,0,0,0,0,0,0,0,0,0,0,0,0
WCoweta,SWBartow,0,0,0,0,0,0,0,0,0,0,0,0
WCoweta,Cartersville,3,0,0,0,0,0,3,0,0,3,0,3
WCoweta,NECarroll,120,18,0,23,39,0,143,57,0,138,62,200
WCoweta,WCarroll,61,15,0,21,24,0,82,39,0,76,45,121
WCoweta,CentralCarroll,897,147,0,417,645,6,1314,792,6,1044,1068,2112
WCoweta,SECarroll,242,42,0,200,499,0,442,541,0,284,699,983
WCoweta,WCoweta,6033,1143,0,11234,22886,0,17267,24029,0,7176,34120,41296
WCoweta,NCoweta,6141,1131,0,8303,17640,0,14444,18771,0,7272,25943,33215
WCoweta,SCoweta,494,101,0,514,1109,0,1008,1210,0,595,1623,2218
WCoweta,SECoweta,159,23,0,115,272,0,274,295,0,182,387,569
WCoweta,NForsyth,0,0,0,0,0,0,0,0,0,0,0,0
WCoweta,Cumming,0,0,0,0,0,0,0,0,0,0,0,0
WCoweta,SForsyth,0,0,0,0,0,0,0,0,0,0,0,0
WCoweta,NHall,0,0,0,0,0,0,0,0,0,0,0,0
WCoweta,Gainesville,0,0,0,0,0,0,0,0,0,0,0,0
WCoweta,SHall,0,0,0,0,0,0,0,0,0,0,0,0
WCoweta,WNewton,1,0,0,0,0,0,1,0,0,1,0,1
WCoweta,ENewton,0,0,0,0,0,0,0,0,0,0,0,0
WCoweta,NPaulding,2,0,0,0,1,0,2,1,0,2,1,3
WCoweta,WPaulding,6,3,0,0,50,0,6,53,0,9,50,59
WCoweta,EPaulding,52,9,0,18,42,0,70,51,0,61,60,121
WCoweta,NSpalding,39,3,0,16,10,0,55,13,0,42,26,68
WCoweta,SSpalding,38,6,0,10,4,0,48,10,0,44,14,58
WCoweta,WWalton,0,0,0,0,0,0,0,0,0,0,0,0
WCoweta,EWalton,0,0,0,0,0,0,0,0,0,0,0,0
NCoweta,NFulton,21,3,0,6,7,0,27,10,0,24,13,37
NCoweta,Roswell,15,6,0,8,1,0,23,7,0,21,9,30
NCoweta,SandySprings,148,30,12,29,74,10,177,104,22,190,113,303
NCoweta,Buckhead,294,61,15,49,165,7,343,226,22,370,221,591
NCoweta,NWAtlanta,305,57,5,35,94,1,340,151,6,367,130,497
NCoweta,NEAtlanta,467,93,52,136,271,25,603,364,77,612,432,1044
NCoweta,SWAtlanta,534,86,5,138,322,3,672,408,8,625,463,1088
NCoweta,CBDAtlanta,504,87,177,119,308,38,623,395,215,768,465,1233
NCoweta,SEAtlanta,411,75,5,121,219,5,532,294,10,491,345,836
NCoweta,SFulton,1344,243,0,1320,3049,3,2664,3292,3,1587,4372,5959
NCoweta,Tri-Cities,1306,198,6,178,538,3,1484,736,9,1510,719,2229
NCoweta,Shannon,2588,481,10,1057,2687,14,3645,3168,24,3079,3758,6837
NCoweta,WCherokee,0,0,0,0,0,0,0,0,0,0,0,0
NCoweta,NCherokee,0,0,0,0,0,0,0,0,0,0,0,0
NCoweta,ECentCherokee,1,0,0,1,4,0,2,4,0,1,5,6
NCoweta,Woodstock,9,0,0,3,2,0,12,2,0,9,5,14
NCoweta,Airport,810,115,51,70,81,1,880,196,52,976,152,1128
NCoweta,NEClayton,653,108,0,95,122,3,748,230,3,761,220,981
NCoweta,Riverdale,438,79,0,116,274,0,554,353,0,517,390,907
NCoweta,SClayton,464,86,0,110,249,0,574,335,0,550,359,909
NCoweta,NWCobb,60,8,0,24,39,1,84,47,1,68,64,132
NCoweta,NECobb,80,10,0,23,25,0,103,35,0,90,48,138
NCoweta,SWCobb,104,21,0,28,21,0,132,42,0,125,49,174
NCoweta,Marietta,116,19,0,37,23,1,153,42,1,135,61,196
NCoweta,Cumberland,516,82,2,79,90,1,595,172,3,600,170,770
NCoweta,SCobb,310,67,0,69,129,0,379,196,0,377,198,575
NCoweta,Chamblee,165,39,9,35,52,3,200,91,12,213,90,303
NCoweta,NWDeKalb,219,48,9,57,163,3,276,211,12,276,223,499
NCoweta,NEDeKalb,125,21,0,31,68,1,156,89,1,146,100,246
NCoweta,Atlanta-DeKalb,46,7,0,17,15,0,63,22,0,53,32,85
NCoweta,Decatur,32,6,0,12,23,1,44,29,1,38,36,74
NCoweta,SWDeKalb,138,22,2,31,122,0,169,144,2,162,153,315
NCoweta,SEDeKalb,43,8,0,18,37,0,61,45,0,51,55,106
NCoweta,SDeKalb,197,32,0,39,88,1,236,120,1,229,128,357
NCoweta,WDouglas,647,116,0,205,379,0,852,495,0,763,584,1347
NCoweta,EDouglas,553,110,0,133,227,0,686,337,0,663,360,1023
NCoweta,WFayette,5391,909,0,3884,10292,0,9275,11201,0,6300,14176,20476
NCoweta,EFayette,1348,219,0,503,1201,0,1851,1420,0,1567,1704,3271
NCoweta,NGwinnett,4,1,0,1,1,0,5,2,0,5,2,7
NCoweta,CentGwinnett,23,6,0,9,24,0,32,30,0,29,33,62
NCoweta,EGwinnett,0,0,0,2,0,0,2,0,0,0,2,2
NCoweta,Norcross,56,16,0,21,30,0,77,46,0,72,51,123
NCoweta,Lilburn,9,0,0,5,11,0,14,11,0,9,16,25
NCoweta,Snellville,7,2,0,5,20,0,12,22,0,9,25,34
NCoweta,NHenry,131,18,0,48,55,0,179,73,0,149,103,252
NCoweta,EHenry,20,3,0,6,83,0,26,86,0,23,89,112
NCoweta,SHenry,253,37,0,58,64,0,311,101,0,290,122,412
NCoweta,SRockdale,13,5,0,5,4,0,18,9,0,18,9,27
NCoweta,NRockdale,17,3,0,9,4,0,26,7,0,20,13,33
NCoweta,NBarrow,0,0,0,0,0,0,0,0,0,0,0,0
NCoweta,SBarrow,0,0,0,0,0,0,0,0,0,0,0,0
NCoweta,NWBartow,0,0,0,0,0,0,0,0,0,0,0,0
NCoweta,NEBartow,0,0,0,0,0,0,0,0,0,0,0,0
NCoweta,SWBartow,0,0,0,1,0,0,1,0,0,0,1,1
NCoweta,Cartersville,0,1,0,1,1,0,1,2,0,1,2,3
NCoweta,NECarroll,172,40,0,39,80,0,211,120,0,212,119,331
NCoweta,WCarroll,113,19,0,32,63,0,145,82,0,132,95,227
NCoweta,CentralCarroll,1071,174,0,467,526,0,1538,700,0,1245,993,2238
NCoweta,SECarroll,308,66,0,194,504,0,502,570,0,374,698,1072
NCoweta,WCoweta,6381,1140,0,8301,17604,0,14682,18744,0,7521,25905,33426
NCoweta,NCoweta,37358,6790,0,61584,125905,0,98942,132695,0,44148,187489,231637
NCoweta,SCoweta,1910,349,0,1859,4557,0,3769,4906,0,2259,6416,8675
NCoweta,SECoweta,1803,324,0,2113,5331,0,3916,5655,0,2127,7444,9571
NCoweta,NForsyth,0,0,0,0,0,0,0,0,0,0,0,0
NCoweta,Cumming,0,0,0,0,16,0,0,16,0,0,16,16
NCoweta,SForsyth,1,1,0,1,2,0,2,3,0,2,3,5
NCoweta,NHall,0,0,0,0,0,0,0,0,0,0,0,0
NCoweta,Gainesville,0,0,0,0,0,0,0,0,0,0,0,0
NCoweta,SHall,0,0,0,0,0,0,0,0,0,0,0,0
NCoweta,WNewton,10,1,0,4,6,0,14,7,0,11,10,21
NCoweta,ENewton,0,0,0,0,0,0,0,0,0,0,0,0
NCoweta,NPaulding,9,3,0,6,25,0,15,28,0,12,31,43
NCoweta,WPaulding,25,6,0,14,74,0,39,80,0,31,88,119
NCoweta,EPaulding,143,20,0,44,85,0,187,105,0,163,129,292
NCoweta,NSpalding,273,47,0,77,123,0,350,170,0,320,200,520
NCoweta,SSpalding,289,54,0,58,130,0,347,184,0,343,188,531
NCoweta,WWalton,2,0,0,0,4,0,2,4,0,2,4,6
NCoweta,EWalton,1,0,0,0,0,0,1,0,0,1,0,1
SCoweta,NFulton,0,0,0,0,0,0,0,0,0,0,0,0
SCoweta,Roswell,0,0,0,0,1,0,0,1,0,0,1,1
SCoweta,SandySprings,8,0,0,1,27,0,9,27,0,8,28,36
SCoweta,Buckhead,18,3,1,10,45,0,28,48,1,22,55,77
SCoweta,NWAtlanta,25,5,0,2,34,1,27,39,1,30,37,67
SCoweta,NEAtlanta,35,1,0,18,34,0,53,35,0,36,52,88
SCoweta,SWAtlanta,29,3,0,10,28,0,39,31,0,32,38,70
SCoweta,CBDAtlanta,18,6,5,21,88,0,39,94,5,29,109,138
SCoweta,SEAtlanta,31,4,0,11,41,0,42,45,0,35,52,87
SCoweta,SFulton,72,11,0,20,47,0,92,58,0,83,67,150
SCoweta,Tri-Cities,111,18,1,27,51,0,138,69,1,130,78,208
SCoweta,Shannon,140,19,0,43,47,0,183,66,0,159,90,249
SCoweta,WCherokee,0,0,0,0,0,0,0,0,0,0,0,0
SCoweta,NCherokee,0,0,0,0,0,0,0,0,0,0,0,0
SCoweta,ECentCherokee,0,0,0,0,1,0,0,1,0,0,1,1
SCoweta,Woodstock,1,0,0,0,0,0,1,0,0,1,0,1
SCoweta,Airport,61,11,0,7,10,0,68,21,0,72,17,89
SCoweta,NEClayton,58,7,0,12,28,0,70,35,0,65,40,105
SCoweta,Riverdale,36,5,0,18,8,0,54,13,0,41,26,67
SCoweta,SClayton,28,6,0,9,75,0,37,81,0,34,84,118
SCoweta,NWCobb,0,2,1,0,1,0,0,3,1,3,1,4
SCoweta,NECobb,2,0,0,3,1,0,5,1,0,2,4,6
SCoweta,SWCobb,1,0,0,1,17,0,2,17,0,1,18,19
SCoweta,Marietta,7,1,0,2,2,0,9,3,0,8,4,12
SCoweta,Cumberland,24,2,0,7,10,0,31,12,0,26,17,43
SCoweta,SCobb,18,0,0,10,10,0,28,10,0,18,20,38
SCoweta,Chamblee,3,1,0,2,5,0,5,6,0,4,7,11
SCoweta,NWDeKalb,14,2,0,7,39,0,21,41,0,16,46,62
SCoweta,NEDeKalb,2,2,0,2,1,0,4,3,0,4,3,7
SCoweta,Atlanta-DeKalb,4,0,0,0,6,0,4,6,0,4,6,10
SCoweta,Decatur,0,1,0,2,2,0,2,3,0,1,4,5
SCoweta,SWDeKalb,6,0,0,3,9,0,9,9,0,6,12,18
SCoweta,SEDeKalb,3,0,0,0,0,0,3,0,0,3,0,3
SCoweta,SDeKalb,17,1,0,7,19,0,24,20,0,18,26,44
SCoweta,WDouglas,46,1,0,12,4,0,58,5,0,47,16,63
SCoweta,EDouglas,28,3,0,13,30,0,41,33,0,31,43,74
SCoweta,WFayette,445,83,0,142,371,0,587,454,0,528,513,1041
SCoweta,EFayette,101,19,0,36,82,0,137,101,0,120,118,238
SCoweta,NGwinnett,0,0,0,0,0,0,0,0,0,0,0,0
SCoweta,CentGwinnett,1,0,0,0,1,0,1,1,0,1,1,2
SCoweta,EGwinnett,0,0,0,0,0,0,0,0,0,0,0,0
SCoweta,Norcross,1,2,0,1,2,0,2,4,0,3,3,6
SCoweta,Lilburn,0,0,0,1,0,0,1,0,0,0,1,1
SCoweta,Snellville,0,0,0,0,0,0,0,0,0,0,0,0
SCoweta,NHenry,4,2,0,4,5,0,8,7,0,6,9,15
SCoweta,EHenry,1,1,0,0,5,0,1,6,0,2,5,7
SCoweta,SHenry,24,2,0,10,6,0,34,8,0,26,16,42
SCoweta,SRockdale,0,0,0,0,0,0,0,0,0,0,0,0
SCoweta,NRockdale,1,0,0,1,0,0,2,0,0,1,1,2
SCoweta,NBarrow,0,0,0,0,0,0,0,0,0,0,0,0
SCoweta,SBarrow,0,0,0,0,0,0,0,0,0,0,0,0
SCoweta,NWBartow,0,0,0,0,0,0,0,0,0,0,0,0
SCoweta,NEBartow,0,0,0,0,0,0,0,0,0,0,0,0
SCoweta,SWBartow,0,0,0,0,0,0,0,0,0,0,0,0
SCoweta,Cartersville,0,0,0,0,0,0,0,0,0,0,0,0
SCoweta,NECarroll,15,6,0,6,3,0,21,9,0,21,9,30
SCoweta,WCarroll,6,3,0,6,1,0,12,4,0,9,7,16
SCoweta,CentralCarroll,113,24,0,72,62,0,185,86,0,137,134,271
SCoweta,SECarroll,12,2,0,5,17,0,17,19,0,14,22,36
SCoweta,WCoweta,470,83,0,503,1303,0,973,1386,0,553,1806,2359
SCoweta,NCoweta,1885,348,0,1837,4357,0,3722,4705,0,2233,6194,8427
SCoweta,SCoweta,2062,408,0,3259,6180,0,5321,6588,0,2470,9439,11909
SCoweta,SECoweta,263,57,0,216,489,0,479,546,0,320,705,1025
SCoweta,NForsyth,0,0,0,0,0,0,0,0,0,0,0,0
SCoweta,Cumming,0,0,0,0,0,0,0,0,0,0,0,0
SCoweta,SForsyth,1,0,0,0,0,0,1,0,0,1,0,1
SCoweta,NHall,0,0,0,0,0,0,0,0,0,0,0,0
SCoweta,Gainesville,0,0,0,0,0,0,0,0,0,0,0,0
SCoweta,SHall,0,0,0,0,0,0,0,0,0,0,0,0
SCoweta,WNewton,0,0,0,0,4,0,0,4,0,0,4,4
SCoweta,ENewton,0,0,0,1,0,0,1,0,0,0,1,1
SCoweta,NPaulding,0,0,0,0,1,0,0,1,0,0,1,1
SCoweta,WPaulding,1,0,0,1,0,0,2,0,0,1,1,2
SCoweta,EPaulding,8,1,0,3,5,0,11,6,0,9,8,17
SCoweta,NSpalding,49,10,0,18,53,0,67,63,0,59,71,130
SCoweta,SSpalding,48,12,0,16,47,0,64,59,0,60,63,123
SCoweta,WWalton,0,0,0,1,0,0,1,0,0,0,1,1
SCoweta,EWalton,0,0,0,0,0,0,0,0,0,0,0,0
SECoweta,NFulton,7,2,0,1,1,0,8,3,0,9,2,11
SECoweta,Roswell,4,0,0,2,1,0,6,1,0,4,3,7
SECoweta,SandySprings,25,0,0,5,15,0,30,15,0,25,20,45
SECoweta,Buckhead,32,7,2,10,42,0,42,49,2,41,52,93
SECoweta,NWAtlanta,34,9,0,9,22,0,43,31,0,43,31,74
SECoweta,NEAtlanta,65,13,3,25,94,1,90,107,4,81,120,201
SECoweta,SWAtlanta,48,10,0,21,42,0,69,52,0,58,63,121
SECoweta,CBDAtlanta,62,11,9,29,31,0,91,42,9,82,60,142
SECoweta,SEAtlanta,72,14,0,20,32,0,92,46,0,86,52,138
SECoweta,SFulton,97,17,0,28,32,0,125,49,0,114,60,174
SECoweta,Tri-Cities,172,29,1,32,108,0,204,137,1,202,140,342
SECoweta,Shannon,236,44,0,79,130,0,315,174,0,280,209,489
SECoweta,WCherokee,0,0,0,0,0,0,0,0,0,0,0,0
SECoweta,NCherokee,0,0,0,0,0,0,0,0,0,0,0,0
SECoweta,ECentCherokee,0,0,0,0,0,0,0,0,0,0,0,0
SECoweta,Woodstock,0,0,0,0,0,0,0,0,0,0,0,0
SECoweta,Airport,119,21,0,10,14,0,129,35,0,140,24,164
SECoweta,NEClayton,153,34,0,44,95,0,197,129,0,187,139,326
SECoweta,Riverdale,121,13,0,39,124,0,160,137,0,134,163,297
SECoweta,SClayton,207,32,0,65,141,0,272,173,0,239,206,445
SECoweta,NWCobb,8,1,0,3,9,0,11,10,0,9,12,21
SECoweta,NECobb,7,4,0,4,4,0,11,8,0,11,8,19
SECoweta,SWCobb,7,3,0,3,7,0,10,10,0,10,10,20
SECoweta,Marietta,10,1,0,0,4,0,10,5,0,11,4,15
SECoweta,Cumberland,53,8,0,11,23,0,64,31,0,61,34,95
SECoweta,SCobb,32,7,0,4,7,0,36,14,0,39,11,50
SECoweta,Chamblee,19,11,0,7,12,0,26,23,0,30,19,49
SECoweta,NWDeKalb,45,5,0,10,34,0,55,39,0,50,44,94
SECoweta,NEDeKalb,18,4,0,7,2,0,25,6,0,22,9,31
SECoweta,Atlanta-DeKalb,4,2,0,4,9,0,8,11,0,6,13,19
SECoweta,Decatur,8,1,0,4,12,0,12,13,0,9,16,25
SECoweta,SWDeKalb,12,2,0,4,13,0,16,15,0,14,17,31
SECoweta,SEDeKalb,7,3,0,3,5,0,10,8,0,10,8,18
SECoweta,SDeKalb,41,6,0,13,27,0,54,33,0,47,40,87
SECoweta,WDouglas,31,3,0,11,8,0,42,11,0,34,19,53
SECoweta,EDouglas,65,8,0,15,63,0,80,71,0,73,78,151
SECoweta,WFayette,2010,314,0,2122,5239,0,4132,5553,0,2324,7361,9685
SECoweta,EFayette,688,107,0,425,1221,0,1113,1328,0,795,1646,2441
SECoweta,NGwinnett,0,0,0,1,0,0,1,0,0,0,1,1
SECoweta,CentGwinnett,3,0,0,2,27,0,5,27,0,3,29,32
SECoweta,EGwinnett,0,0,0,0,0,0,0,0,0,0,0,0
SECoweta,Norcross,11,5,0,2,0,0,13,5,0,16,2,18
SECoweta,Lilburn,0,0,0,0,1,0,0,1,0,0,1,1
SECoweta,Snellville,0,0,0,1,4,0,1,4,0,0,5,5
SECoweta,NHenry,57,12,0,19,29,0,76,41,0,69,48,117
SECoweta,EHenry,23,2,0,2,7,0,25,9,0,25,9,34
SECoweta,SHenry,183,37,0,58,132,0,241,169,0,220,190,410
SECoweta,SRockdale,3,0,0,3,2,0,6,2,0,3,5,8
SECoweta,NRockdale,5,0,0,3,1,0,8,1,0,5,4,9
SECoweta,NBarrow,0,0,0,0,4,0,0,4,0,0,4,4
SECoweta,SBarrow,0,0,0,0,0,0,0,0,0,0,0,0
SECoweta,NWBartow,0,0,0,0,0,0,0,0,0,0,0,0
SECoweta,NEBartow,0,0,0,0,0,0,0,0,0,0,0,0
SECoweta,SWBartow,0,0,0,0,0,0,0,0,0,0,0,0
SECoweta,Cartersville,0,0,0,0,0,0,0,0,0,0,0,0
SECoweta,NECarroll,11,1,0,3,3,0,14,4,0,12,6,18
SECoweta,WCarroll,6,0,0,1,0,0,7,0,0,6,1,7
SECoweta,CentralCarroll,73,16,0,58,43,0,131,59,0,89,101,190
SECoweta,SECarroll,13,4,0,3,18,0,16,22,0,17,21,38
SECoweta,WCoweta,163,35,0,120,200,0,283,235,0,198,320,518
SECoweta,NCoweta,1746,311,0,2144,5342,0,3890,5653,0,2057,7486,9543
SECoweta,SCoweta,263,56,0,214,531,0,477,587,0,319,745,1064
SECoweta,SECoweta,1996,372,0,4123,8478,0,6119,8850,0,2368,12601,14969
SECoweta,NForsyth,0,0,0,0,0,0,0,0,0,0,0,0
SECoweta,Cumming,0,0,0,0,0,0,0,0,0,0,0,0
SECoweta,SForsyth,0,0,0,0,0,0,0,0,0,0,0,0
SECoweta,NHall,0,0,0,0,0,0,0,0,0,0,0,0
SECoweta,Gainesville,0,0,0,0,0,0,0,0,0,0,0,0
SECoweta,SHall,0,0,0,0,0,0,0,0,0,0,0,0
SECoweta,WNewton,2,1,0,5,9,0,7,10,0,3,14,17
SECoweta,ENewton,0,0,0,0,0,0,0,0,0,0,0,0
SECoweta,NPaulding,0,0,0,0,0,0,0,0,0,0,0,0
SECoweta,WPaulding,1,0,0,0,0,0,1,0,0,1,0,1
SECoweta,EPaulding,8,3,0,3,10,0,11,13,0,11,13,24
SECoweta,NSpalding,263,62,0,138,245,0,401,307,0,325,383,708
SECoweta,SSpalding,326,63,0,168,302,0,494,365,0,389,470,859
SECoweta,WWalton,0,0,0,0,0,0,0,0,0,0,0,0
SECoweta,EWalton,0,0,0,0,0,0,0,0,0,0,0,0
NForsyth,NFulton,2513,460,2,485,1371,1,2998,1831,3,2975,1857,4832
NForsyth,Roswell,597,94,0,138,343,1,735,437,1,691,482,1173
NForsyth,SandySprings,569,80,1,117,255,2,686,335,3,650,374,1024
NForsyth,Buckhead,170,23,0,49,221,1,219,244,1,193,271,464
NForsyth,NWAtlanta,33,7,0,11,28,0,44,35,0,40,39,79
NForsyth,NEAtlanta,67,15,2,36,184,1,103,199,3,84,221,305
NForsyth,SWAtlanta,13,3,0,10,23,0,23,26,0,16,33,49
NForsyth,CBDAtlanta,45,8,7,21,180,2,66,188,9,60,203,263
NForsyth,SEAtlanta,9,0,1,10,65,0,19,65,1,10,75,85
NForsyth,SFulton,5,1,0,0,8,0,5,9,0,6,8,14
NForsyth,Tri-Cities,14,1,0,7,35,0,21,36,0,15,42,57
NForsyth,Shannon,1,0,0,2,1,0,3,1,0,1,3,4
NForsyth,WCherokee,42,7,0,27,53,0,69,60,0,49,80,129
NForsyth,NCherokee,129,17,0,64,148,0,193,165,0,146,212,358
NForsyth,ECentCherokee,927,174,0,502,1485,0,1429,1659,0,1101,1987,3088
NForsyth,Woodstock,168,32,0,52,63,0,220,95,0,200,115,315
NForsyth,Airport,6,1,1,2,2,0,8,3,1,8,4,12
NForsyth,NEClayton,7,3,0,1,7,0,8,10,0,10,8,18
NForsyth,Riverdale,1,0,0,1,10,0,2,10,0,1,11,12
NForsyth,SClayton,1,2,0,1,1,0,2,3,0,3,2,5
NForsyth,NWCobb,150,19,0,63,85,2,213,104,2,169,150,319
NForsyth,NECobb,270,44,0,60,163,0,330,207,0,314,223,537
NForsyth,SWCobb,9,2,0,4,3,0,13,5,0,11,7,18
NForsyth,Marietta,113,16,0,39,62,0,152,78,0,129,101,230
NForsyth,Cumberland,186,32,0,44,96,1,230,128,1,218,141,359
NForsyth,SCobb,27,5,0,10,51,0,37,56,0,32,61,93
NForsyth,Chamblee,336,48,0,93,171,1,429,219,1,384,265,649
NForsyth,NWDeKalb,58,9,0,46,132,0,104,141,0,67,178,245
NForsyth,NEDeKalb,87,16,0,25,88,0,112,104,0,103,113,216
NForsyth,Atlanta-DeKalb,4,1,0,2,21,0,6,22,0,5,23,28
NForsyth,Decatur,2,3,0,2,5,0,4,8,0,5,7,12
NForsyth,SWDeKalb,7,1,0,5,11,0,12,12,0,8,16,24
NForsyth,SEDeKalb,5,2,0,2,8,0,7,10,0,7,10,17
NForsyth,SDeKalb,1,1,0,8,11,0,9,12,0,2,19,21
NForsyth,WDouglas,0,0,0,0,0,0,0,0,0,0,0,0
NForsyth,EDouglas,3,0,0,0,9,0,3,9,0,3,9,12
NForsyth,WFayette,0,0,0,0,0,0,0,0,0,0,0,0
NForsyth,EFayette,0,0,0,0,0,0,0,0,0,0,0,0
NForsyth,NGwinnett,821,153,0,274,791,0,1095,944,0,974,1065,2039
NForsyth,CentGwinnett,662,107,0,203,546,0,865,653,0,769,749,1518
NForsyth,EGwinnett,52,8,0,14,23,0,66,31,0,60,37,97
NForsyth,Norcross,509,115,0,85,165,0,594,280,0,624,250,874
NForsyth,Lilburn,26,9,0,12,61,0,38,70,0,35,73,108
NForsyth,Snellville,35,6,0,17,40,0,52,46,0,41,57,98
NForsyth,NHenry,1,0,0,0,1,0,1,1,0,1,1,2
NForsyth,EHenry,0,0,0,0,0,0,0,0,0,0,0,0
NForsyth,SHenry,1,0,0,0,0,0,1,0,0,1,0,1
NForsyth,SRockdale,1,0,0,1,0,0,2,0,0,1,1,2
NForsyth,NRockdale,1,0,0,0,1,0,1,1,0,1,1,2
NForsyth,NBarrow,41,14,0,14,21,0,55,35,0,55,35,90
NForsyth,SBarrow,24,6,0,5,4,0,29,10,0,30,9,39
NForsyth,NWBartow,3,0,0,2,0,0,5,0,0,3,2,5
NForsyth,NEBartow,13,2,0,2,0,0,15,2,0,15,2,17
NForsyth,SWBartow,3,0,0,2,0,0,5,0,0,3,2,5
NForsyth,Cartersville,28,8,0,17,15,0,45,23,0,36,32,68
NForsyth,NECarroll,0,0,0,0,0,0,0,0,0,0,0,0
NForsyth,WCarroll,0,0,0,0,0,0,0,0,0,0,0,0
NForsyth,CentralCarroll,0,0,0,0,0,0,0,0,0,0,0,0
NForsyth,SECarroll,0,0,0,0,0,0,0,0,0,0,0,0
NForsyth,WCoweta,0,0,0,0,0,0,0,0,0,0,0,0
NForsyth,NCoweta,0,0,0,0,4,0,0,4,0,0,4,4
NForsyth,SCoweta,0,0,0,0,0,0,0,0,0,0,0,0
NForsyth,SECoweta,0,0,0,0,0,0,0,0,0,0,0,0
NForsyth,NForsyth,11407,2124,0,24539,56685,0,35946,58809,0,13531,81224,94755
NForsyth,Cumming,6648,1250,0,7863,21969,0,14511,23219,0,7898,29832,37730
NForsyth,SForsyth,1699,274,0,479,1268,0,2178,1542,0,1973,1747,3720
NForsyth,NHall,441,83,0,181,454,0,622,537,0,524,635,1159
NForsyth,Gainesville,3012,552,3,1642,4800,1,4654,5352,4,3567,6443,10010
NForsyth,SHall,770,125,0,537,657,0,1307,782,0,895,1194,2089
NForsyth,WNewton,1,0,0,1,4,0,2,4,0,1,5,6
NForsyth,ENewton,0,0,0,0,0,0,0,0,0,0,0,0
NForsyth,NPaulding,3,1,0,1,0,0,4,1,0,4,1,5
NForsyth,WPaulding,0,0,0,0,0,0,0,0,0,0,0,0
NForsyth,EPaulding,4,1,0,3,4,0,7,5,0,5,7,12
NForsyth,NSpalding,0,0,0,0,0,0,0,0,0,0,0,0
NForsyth,SSpalding,0,0,0,0,0,0,0,0,0,0,0,0
NForsyth,WWalton,7,1,0,4,13,0,11,14,0,8,17,25
NForsyth,EWalton,11,1,0,3,4,0,14,5,0,12,7,19
Cumming,NFulton,9198,1691,16,4060,10946,30,13258,12637,46,10905,15036,25941
Cumming,Roswell,1898,370,1,550,1640,3,2448,2010,4,2269,2193,4462
Cumming,SandySprings,1503,266,19,350,708,21,1853,974,40,1788,1079,2867
Cumming,Buckhead,626,103,16,128,353,12,754,456,28,745,493,1238
Cumming,NWAtlanta,92,11,0,17,62,4,109,73,4,103,83,186
Cumming,NEAtlanta,235,38,10,96,503,38,331,541,48,283,637,920
Cumming,SWAtlanta,33,9,2,21,96,8,54,105,10,44,125,169
Cumming,CBDAtlanta,158,36,54,64,392,31,222,428,85,248,487,735
Cumming,SEAtlanta,41,10,0,23,90,5,64,100,5,51,118,169
Cumming,SFulton,16,3,0,2,33,0,18,36,0,19,35,54
Cumming,Tri-Cities,61,10,2,17,71,0,78,81,2,73,88,161
Cumming,Shannon,12,2,0,1,17,0,13,19,0,14,18,32
Cumming,WCherokee,163,25,0,87,116,0,250,141,0,188,203,391
Cumming,NCherokee,348,63,0,182,628,0,530,691,0,411,810,1221
Cumming,ECentCherokee,2949,610,0,2380,6072,0,5329,6682,0,3559,8452,12011
Cumming,Woodstock,487,84,0,122,309,0,609,393,0,571,431,1002
Cumming,Airport,15,5,2,4,9,0,19,14,2,22,13,35
Cumming,NEClayton,19,7,0,7,14,0,26,21,0,26,21,47
Cumming,Riverdale,10,1,0,5,21,0,15,22,0,11,26,37
Cumming,SClayton,4,0,0,3,4,0,7,4,0,4,7,11
Cumming,NWCobb,368,51,0,160,164,7,528,215,7,419,331,750
Cumming,NECobb,897,149,0,227,552,0,1124,701,0,1046,779,1825
Cumming,SWCobb,28,7,0,11,29,0,39,36,0,35,40,75
Cumming,Marietta,229,45,0,87,121,5,316,166,5,274,213,487
Cumming,Cumberland,586,103,3,115,220,2,701,323,5,692,337,1029
Cumming,SCobb,90,10,0,33,96,0,123,106,0,100,129,229
Cumming,Chamblee,973,165,6,219,511,7,1192,676,13,1144,737,1881
Cumming,NWDeKalb,209,38,2,82,302,6,291,340,8,249,390,639
Cumming,NEDeKalb,258,41,0,84,163,1,342,204,1,299,248,547
Cumming,Atlanta-DeKalb,19,1,0,6,16,2,25,17,2,20,24,44
Cumming,Decatur,8,6,1,8,25,0,16,31,1,15,33,48
Cumming,SWDeKalb,32,6,1,15,76,0,47,82,1,39,91,130
Cumming,SEDeKalb,19,3,0,8,53,1,27,56,1,22,62,84
Cumming,SDeKalb,21,5,0,7,40,0,28,45,0,26,47,73
Cumming,WDouglas,3,0,0,3,21,0,6,21,0,3,24,27
Cumming,EDouglas,21,1,0,7,14,0,28,15,0,22,21,43
Cumming,WFayette,0,0,0,2,0,0,2,0,0,0,2,2
Cumming,EFayette,1,0,0,3,10,0,4,10,0,1,13,14
Cumming,NGwinnett,4231,751,0,2689,6970,0,6920,7721,0,4982,9659,14641
Cumming,CentGwinnett,2383,440,0,803,2094,0,3186,2534,0,2823,2897,5720
Cumming,EGwinnett,261,45,0,62,135,0,323,180,0,306,197,503
Cumming,Norcross,1544,248,1,289,837,0,1833,1085,1,1793,1126,2919
Cumming,Lilburn,142,21,0,54,131,0,196,152,0,163,185,348
Cumming,Snellville,167,38,0,39,113,0,206,151,0,205,152,357
Cumming,NHenry,5,2,0,1,4,0,6,6,0,7,5,12
Cumming,EHenry,5,0,0,2,0,0,7,0,0,5,2,7
Cumming,SHenry,0,1,0,3,0,0,3,1,0,1,3,4
Cumming,SRockdale,4,0,0,3,30,0,7,30,0,4,33,37
Cumming,NRockdale,9,3,0,6,4,0,15,7,0,12,10,22
Cumming,NBarrow,196,26,0,39,56,0,235,82,0,222,95,317
Cumming,SBarrow,84,27,0,28,46,0,112,73,0,111,74,185
Cumming,NWBartow,17,3,0,8,9,0,25,12,0,20,17,37
Cumming,NEBartow,33,11,0,23,31,0,56,42,0,44,54,98
Cumming,SWBartow,11,1,0,2,21,0,13,22,0,12,23,35
Cumming,Cartersville,69,14,0,35,61,0,104,75,0,83,96,179
Cumming,NECarroll,2,0,0,1,0,0,3,0,0,2,1,3
Cumming,WCarroll,0,0,0,0,0,0,0,0,0,0,0,0
Cumming,CentralCarroll,0,0,0,0,0,0,0,0,0,0,0,0
Cumming,SECarroll,0,0,0,0,0,0,0,0,0,0,0,0
Cumming,WCoweta,1,0,0,0,0,0,1,0,0,1,0,1
Cumming,NCoweta,0,0,0,0,16,0,0,16,0,0,16,16
Cumming,SCoweta,0,0,0,0,0,0,0,0,0,0,0,0
Cumming,SECoweta,0,0,0,0,0,0,0,0,0,0,0,0
Cumming,NForsyth,7039,1371,0,7854,22302,0,14893,23673,0,8410,30156,38566
Cumming,Cumming,40787,7630,0,72178,163854,0,112965,171484,0,48417,236032,284449
Cumming,SForsyth,8127,1422,1,7558,18876,1,15685,20298,2,9550,26435,35985
Cumming,NHall,433,75,0,101,229,0,534,304,0,508,330,838
Cumming,Gainesville,2177,356,1,772,1687,0,2949,2043,1,2534,2459,4993
Cumming,SHall,1274,200,0,570,905,0,1844,1105,0,1474,1475,2949
Cumming,WNewton,9,3,0,4,15,0,13,18,0,12,19,31
Cumming,ENewton,0,0,0,1,5,0,1,5,0,0,6,6
Cumming,NPaulding,15,4,0,2,1,0,17,5,0,19,3,22
Cumming,WPaulding,0,0,0,0,4,0,0,4,0,0,4,4
Cumming,EPaulding,24,4,0,12,41,0,36,45,0,28,53,81
Cumming,NSpalding,0,0,0,0,0,0,0,0,0,0,0,0
Cumming,SSpalding,0,0,0,0,0,0,0,0,0,0,0,0
Cumming,WWalton,37,12,0,19,23,0,56,35,0,49,42,91
Cumming,EWalton,38,5,0,13,19,0,51,24,0,43,32,75
SForsyth,NFulton,13395,2559,40,14733,30273,84,28128,32832,124,15994,45090,61084
SForsyth,Roswell,1848,363,1,1021,2836,6,2869,3199,7,2212,3863,6075
SForsyth,SandySprings,1234,206,20,343,745,26,1577,951,46,1460,1114,2574
SForsyth,Buckhead,420,76,26,73,257,10,493,333,36,522,340,862
SForsyth,NWAtlanta,79,14,2,23,45,0,102,59,2,95,68,163
SForsyth,NEAtlanta,236,44,25,89,149,25,325,193,50,305,263,568
SForsyth,SWAtlanta,49,14,1,24,63,3,73,77,4,64,90,154
SForsyth,CBDAtlanta,172,39,58,46,125,57,218,164,115,269,228,497
SForsyth,SEAtlanta,25,8,1,20,58,4,45,66,5,34,82,116
SForsyth,SFulton,17,3,0,2,8,0,19,11,0,20,10,30
SForsyth,Tri-Cities,41,10,0,6,34,0,47,44,0,51,40,91
SForsyth,Shannon,18,0,0,4,6,0,22,6,0,18,10,28
SForsyth,WCherokee,137,22,0,25,59,0,162,81,0,159,84,243
SForsyth,NCherokee,173,24,0,42,97,0,215,121,0,197,139,336
SForsyth,ECentCherokee,1673,306,0,587,1375,0,2260,1681,0,1979,1962,3941
SForsyth,Woodstock,514,83,0,102,236,0,616,319,0,597,338,935
SForsyth,Airport,17,5,5,4,2,0,21,7,5,27,6,33
SForsyth,NEClayton,28,4,0,7,29,0,35,33,0,32,36,68
SForsyth,Riverdale,10,3,0,3,3,0,13,6,0,13,6,19
SForsyth,SClayton,15,6,0,3,5,0,18,11,0,21,8,29
SForsyth,NWCobb,264,41,0,67,107,7,331,148,7,305,181,486
SForsyth,NECobb,720,132,0,186,472,0,906,604,0,852,658,1510
SForsyth,SWCobb,37,10,0,13,16,0,50,26,0,47,29,76
SForsyth,Marietta,143,24,0,57,71,3,200,95,3,167,131,298
SForsyth,Cumberland,356,63,1,63,149,4,419,212,5,420,216,636
SForsyth,SCobb,83,20,0,31,37,0,114,57,0,103,68,171
SForsyth,Chamblee,886,177,8,282,553,6,1168,730,14,1071,841,1912
SForsyth,NWDeKalb,229,47,3,82,202,10,311,249,13,279,294,573
SForsyth,NEDeKalb,346,73,0,94,314,3,440,387,3,419,411,830
SForsyth,Atlanta-DeKalb,18,3,0,6,15,0,24,18,0,21,21,42
SForsyth,Decatur,19,3,0,15,14,1,34,17,1,22,30,52
SForsyth,SWDeKalb,38,14,2,16,44,0,54,58,2,54,60,114
SForsyth,SEDeKalb,48,6,1,26,36,0,74,42,1,55,62,117
SForsyth,SDeKalb,45,11,0,15,33,0,60,44,0,56,48,104
SForsyth,WDouglas,6,0,0,3,5,0,9,5,0,6,8,14
SForsyth,EDouglas,20,4,0,9,11,0,29,15,0,24,20,44
SForsyth,WFayette,1,1,0,1,0,0,2,1,0,2,1,3
SForsyth,EFayette,2,3,0,0,3,0,2,6,0,5,3,8
SForsyth,NGwinnett,3820,654,0,2496,7150,0,6316,7804,0,4474,9646,14120
SForsyth,CentGwinnett,3556,676,3,2254,5861,2,5810,6537,5,4235,8117,12352
SForsyth,EGwinnett,368,79,0,75,162,0,443,241,0,447,237,684
SForsyth,Norcross,2049,383,4,762,1996,1,2811,2379,5,2436,2759,5195
SForsyth,Lilburn,243,44,0,99,289,0,342,333,0,287,388,675
SForsyth,Snellville,305,52,0,57,169,0,362,221,0,357,226,583
SForsyth,NHenry,14,2,0,6,26,0,20,28,0,16,32,48
SForsyth,EHenry,6,1,0,0,2,0,6,3,0,7,2,9
SForsyth,SHenry,11,1,0,1,2,0,12,3,0,12,3,15
SForsyth,SRockdale,10,1,0,0,11,0,10,12,0,11,11,22
SForsyth,NRockdale,36,6,0,11,25,0,47,31,0,42,36,78
SForsyth,NBarrow,181,28,0,23,51,0,204,79,0,209,74,283
SForsyth,SBarrow,91,10,0,9,29,0,100,39,0,101,38,139
SForsyth,NWBartow,13,3,0,2,2,0,15,5,0,16,4,20
SForsyth,NEBartow,21,4,0,12,17,0,33,21,0,25,29,54
SForsyth,SWBartow,9,2,0,4,51,0,13,53,0,11,55,66
SForsyth,Cartersville,60,8,0,11,20,0,71,28,0,68,31,99
SForsyth,NECarroll,2,0,0,1,0,0,3,0,0,2,1,3
SForsyth,WCarroll,0,0,0,0,0,0,0,0,0,0,0,0
SForsyth,CentralCarroll,0,0,0,1,0,0,1,0,0,0,1,1
SForsyth,SECarroll,0,0,0,0,0,0,0,0,0,0,0,0
SForsyth,WCoweta,0,0,0,0,0,0,0,0,0,0,0,0
SForsyth,NCoweta,2,0,0,2,1,0,4,1,0,2,3,5
SForsyth,SCoweta,1,0,0,0,0,0,1,0,0,1,0,1
SForsyth,SECoweta,0,0,0,0,0,0,0,0,0,0,0,0
SForsyth,NForsyth,1693,295,0,500,1172,0,2193,1467,0,1988,1672,3660
SForsyth,Cumming,8629,1561,1,7587,18815,1,16216,20376,2,10191,26403,36594
SForsyth,SForsyth,18679,3431,0,30291,59802,5,48970,63233,5,22110,90098,112208
SForsyth,NHall,189,31,0,20,68,0,209,99,0,220,88,308
SForsyth,Gainesville,547,117,0,71,142,0,618,259,0,664,213,877
SForsyth,SHall,669,110,0,169,402,0,838,512,0,779,571,1350
SForsyth,WNewton,27,5,0,5,4,0,32,9,0,32,9,41
SForsyth,ENewton,1,0,0,1,0,0,2,0,0,1,1,2
SForsyth,NPaulding,21,4,0,2,1,0,23,5,0,25,3,28
SForsyth,WPaulding,4,1,0,0,4,0,4,5,0,5,4,9
SForsyth,EPaulding,50,6,0,10,15,0,60,21,0,56,25,81
SForsyth,NSpalding,2,0,0,0,1,0,2,1,0,2,1,3
SForsyth,SSpalding,0,0,0,0,0,0,0,0,0,0,0,0
SForsyth,WWalton,73,18,0,17,43,0,90,61,0,91,60,151
SForsyth,EWalton,43,9,0,12,42,0,55,51,0,52,54,106
NHall,NFulton,277,34,0,64,159,0,341,193,0,311,223,534
NHall,Roswell,83,15,0,22,35,0,105,50,0,98,57,155
NHall,SandySprings,43,5,0,17,28,0,60,33,0,48,45,93
NHall,Buckhead,11,3,0,9,34,0,20,37,0,14,43,57
NHall,NWAtlanta,5,1,0,2,0,0,7,1,0,6,2,8
NHall,NEAtlanta,12,2,0,10,24,0,22,26,0,14,34,48
NHall,SWAtlanta,0,0,0,0,5,0,0,5,0,0,5,5
NHall,CBDAtlanta,2,0,0,5,28,0,7,28,0,2,33,35
NHall,SEAtlanta,2,1,0,0,4,0,2,5,0,3,4,7
NHall,SFulton,0,0,0,0,0,0,0,0,0,0,0,0
NHall,Tri-Cities,2,0,0,1,0,0,3,0,0,2,1,3
NHall,Shannon,0,0,0,0,0,0,0,0,0,0,0,0
NHall,WCherokee,2,0,0,1,0,0,3,0,0,2,1,3
NHall,NCherokee,12,0,0,1,0,0,13,0,0,12,1,13
NHall,ECentCherokee,45,13,0,19,18,0,64,31,0,58,37,95
NHall,Woodstock,12,1,0,8,5,0,20,6,0,13,13,26
NHall,Airport,0,0,0,0,0,0,0,0,0,0,0,0
NHall,NEClayton,1,0,0,0,0,0,1,0,0,1,0,1
NHall,Riverdale,0,0,0,0,0,0,0,0,0,0,0,0
NHall,SClayton,0,0,0,0,0,0,0,0,0,0,0,0
NHall,NWCobb,5,1,0,5,7,0,10,8,0,6,12,18
NHall,NECobb,25,1,0,11,11,0,36,12,0,26,22,48
NHall,SWCobb,0,0,0,0,0,0,0,0,0,0,0,0
NHall,Marietta,4,0,0,0,3,0,4,3,0,4,3,7
NHall,Cumberland,25,4,0,2,31,0,27,35,0,29,33,62
NHall,SCobb,4,2,0,0,0,0,4,2,0,6,0,6
NHall,Chamblee,65,14,0,21,26,0,86,40,0,79,47,126
NHall,NWDeKalb,16,2,0,13,54,0,29,56,0,18,67,85
NHall,NEDeKalb,35,5,0,20,32,0,55,37,0,40,52,92
NHall,Atlanta-DeKalb,0,0,0,0,3,0,0,3,0,0,3,3
NHall,Decatur,3,0,0,1,3,0,4,3,0,3,4,7
NHall,SWDeKalb,3,0,0,0,1,0,3,1,0,3,1,4
NHall,SEDeKalb,2,1,0,4,0,0,6,1,0,3,4,7
NHall,SDeKalb,2,2,0,1,5,0,3,7,0,4,6,10
NHall,WDouglas,0,0,0,0,0,0,0,0,0,0,0,0
NHall,EDouglas,1,0,0,0,0,0,1,0,0,1,0,1
NHall,WFayette,0,0,0,0,0,0,0,0,0,0,0,0
NHall,EFayette,0,0,0,0,0,0,0,0,0,0,0,0
NHall,NGwinnett,616,108,0,105,305,0,721,413,0,724,410,1134
NHall,CentGwinnett,324,53,0,98,195,0,422,248,0,377,293,670
NHall,EGwinnett,56,12,0,10,37,0,66,49,0,68,47,115
NHall,Norcross,145,28,0,27,53,0,172,81,0,173,80,253
NHall,Lilburn,24,5,0,12,14,0,36,19,0,29,26,55
NHall,Snellville,25,7,0,9,46,0,34,53,0,32,55,87
NHall,NHenry,0,0,0,0,1,0,0,1,0,0,1,1
NHall,EHenry,0,0,0,0,0,0,0,0,0,0,0,0
NHall,SHenry,0,0,0,0,0,0,0,0,0,0,0,0
NHall,SRockdale,1,0,0,0,0,0,1,0,0,1,0,1
NHall,NRockdale,2,2,0,3,3,0,5,5,0,4,6,10
NHall,NBarrow,85,14,0,25,58,0,110,72,0,99,83,182
NHall,SBarrow,23,3,0,5,6,0,28,9,0,26,11,37
NHall,NWBartow,0,0,0,0,0,0,0,0,0,0,0,0
NHall,NEBartow,1,0,0,0,1,0,1,1,0,1,1,2
NHall,SWBartow,0,0,0,0,0,0,0,0,0,0,0,0
NHall,Cartersville,0,0,0,1,4,0,1,4,0,0,5,5
NHall,NECarroll,0,0,0,0,0,0,0,0,0,0,0,0
NHall,WCarroll,0,0,0,0,0,0,0,0,0,0,0,0
NHall,CentralCarroll,0,0,0,0,0,0,0,0,0,0,0,0
NHall,SECarroll,0,0,0,0,0,0,0,0,0,0,0,0
NHall,WCoweta,0,0,0,0,0,0,0,0,0,0,0,0
NHall,NCoweta,0,0,0,0,0,0,0,0,0,0,0,0
NHall,SCoweta,0,0,0,0,0,0,0,0,0,0,0,0
NHall,SECoweta,0,0,0,0,0,0,0,0,0,0,0,0
NHall,NForsyth,437,76,0,176,502,0,613,578,0,513,678,1191
NHall,Cumming,455,82,0,122,220,0,577,302,0,537,342,879
NHall,SForsyth,224,31,0,23,68,0,247,99,0,255,91,346
NHall,NHall,7675,1362,0,12589,29516,0,20264,30878,0,9037,42105,51142
NHall,Gainesville,8315,1569,21,6980,19118,15,15295,20687,36,9905,26113,36018
NHall,SHall,1289,215,1,499,833,0,1788,1048,1,1505,1332,2837
NHall,WNewton,0,0,0,0,0,0,0,0,0,0,0,0
NHall,ENewton,0,0,0,0,0,0,0,0,0,0,0,0
NHall,NPaulding,0,0,0,0,0,0,0,0,0,0,0,0
NHall,WPaulding,0,0,0,0,0,0,0,0,0,0,0,0
NHall,EPaulding,0,0,0,0,0,0,0,0,0,0,0,0
NHall,NSpalding,0,0,0,0,0,0,0,0,0,0,0,0
NHall,SSpalding,0,0,0,0,0,0,0,0,0,0,0,0
NHall,WWalton,2,3,0,0,5,0,2,8,0,5,5,10
NHall,EWalton,7,0,0,4,2,0,11,2,0,7,6,13
Gainesville,NFulton,713,142,0,91,247,0,804,389,0,855,338,1193
Gainesville,Roswell,172,29,0,38,63,0,210,92,0,201,101,302
Gainesville,SandySprings,111,33,0,38,53,0,149,86,0,144,91,235
Gainesville,Buckhead,63,12,0,26,32,0,89,44,0,75,58,133
Gainesville,NWAtlanta,15,7,0,7,18,0,22,25,0,22,25,47
Gainesville,NEAtlanta,36,6,0,30,50,0,66,56,0,42,80,122
Gainesville,SWAtlanta,8,2,0,0,10,0,8,12,0,10,10,20
Gainesville,CBDAtlanta,19,4,0,11,30,0,30,34,0,23,41,64
Gainesville,SEAtlanta,3,0,0,4,4,0,7,4,0,3,8,11
Gainesville,SFulton,0,0,0,0,0,0,0,0,0,0,0,0
Gainesville,Tri-Cities,6,0,1,1,2,0,7,2,1,7,3,10
Gainesville,Shannon,0,1,0,2,0,0,2,1,0,1,2,3
Gainesville,WCherokee,19,3,0,5,16,0,24,19,0,22,21,43
Gainesville,NCherokee,34,1,0,14,12,0,48,13,0,35,26,61
Gainesville,ECentCherokee,197,33,0,56,180,0,253,213,0,230,236,466
Gainesville,Woodstock,29,2,0,10,12,0,39,14,0,31,22,53
Gainesville,Airport,0,0,0,2,2,0,2,2,0,0,4,4
Gainesville,NEClayton,0,3,0,1,1,0,1,4,0,3,2,5
Gainesville,Riverdale,2,0,0,0,5,0,2,5,0,2,5,7
Gainesville,SClayton,0,0,0,0,0,0,0,0,0,0,0,0
Gainesville,NWCobb,23,0,0,5,29,0,28,29,0,23,34,57
Gainesville,NECobb,65,14,0,10,43,0,75,57,0,79,53,132
Gainesville,SWCobb,1,0,0,0,1,0,1,1,0,1,1,2
Gainesville,Marietta,16,0,0,2,21,0,18,21,0,16,23,39
Gainesville,Cumberland,66,8,0,27,58,0,93,66,0,74,85,159
Gainesville,SCobb,5,1,0,4,7,0,9,8,0,6,11,17
Gainesville,Chamblee,166,28,0,45,75,0,211,103,0,194,120,314
Gainesville,NWDeKalb,57,4,0,26,38,0,83,42,0,61,64,125
Gainesville,NEDeKalb,152,28,0,39,102,0,191,130,0,180,141,321
Gainesville,Atlanta-DeKalb,1,0,1,1,5,0,2,5,1,2,6,8
Gainesville,Decatur,6,1,0,3,2,0,9,3,0,7,5,12
Gainesville,SWDeKalb,7,1,0,5,20,0,12,21,0,8,25,33
Gainesville,SEDeKalb,28,1,0,9,11,0,37,12,0,29,20,49
Gainesville,SDeKalb,11,2,0,7,3,0,18,5,0,13,10,23
Gainesville,WDouglas,0,0,0,0,0,0,0,0,0,0,0,0
Gainesville,EDouglas,0,0,0,0,1,0,0,1,0,0,1,1
Gainesville,WFayette,0,0,0,0,0,0,0,0,0,0,0,0
Gainesville,EFayette,0,0,0,0,0,0,0,0,0,0,0,0
Gainesville,NGwinnett,3883,713,1,715,1850,0,4598,2563,1,4597,2565,7162
Gainesville,CentGwinnett,1324,260,0,249,586,0,1573,846,0,1584,835,2419
Gainesville,EGwinnett,461,85,0,67,94,0,528,179,0,546,161,707
Gainesville,Norcross,441,74,0,77,125,0,518,199,0,515,202,717
Gainesville,Lilburn,99,11,0,25,52,0,124,63,0,110,77,187
Gainesville,Snellville,187,40,0,43,58,0,230,98,0,227,101,328
Gainesville,NHenry,3,0,0,2,2,0,5,2,0,3,4,7
Gainesville,EHenry,2,0,0,2,0,0,4,0,0,2,2,4
Gainesville,SHenry,0,0,0,0,0,0,0,0,0,0,0,0
Gainesville,SRockdale,3,1,0,2,3,0,5,4,0,4,5,9
Gainesville,NRockdale,18,1,0,7,15,0,25,16,0,19,22,41
Gainesville,NBarrow,795,166,0,159,433,0,954,599,0,961,592,1553
Gainesville,SBarrow,321,51,0,56,107,0,377,158,0,372,163,535
Gainesville,NWBartow,0,0,0,1,0,0,1,0,0,0,1,1
Gainesville,NEBartow,5,0,0,2,1,0,7,1,0,5,3,8
Gainesville,SWBartow,0,0,0,0,0,0,0,0,0,0,0,0
Gainesville,Cartersville,4,0,0,0,0,0,4,0,0,4,0,4
Gainesville,NECarroll,0,0,0,0,0,0,0,0,0,0,0,0
Gainesville,WCarroll,0,0,0,0,0,0,0,0,0,0,0,0
Gainesville,CentralCarroll,0,0,0,0,0,0,0,0,0,0,0,0
Gainesville,SECarroll,0,0,0,0,0,0,0,0,0,0,0,0
Gainesville,WCoweta,0,0,0,0,0,0,0,0,0,0,0,0
Gainesville,NCoweta,0,0,0,0,0,0,0,0,0,0,0,0
Gainesville,SCoweta,0,0,0,0,0,0,0,0,0,0,0,0
Gainesville,SECoweta,0,0,0,0,0,0,0,0,0,0,0,0
Gainesville,NForsyth,2922,530,3,1625,4685,1,4547,5215,4,3455,6311,9766
Gainesville,Cumming,2146,385,1,749,1718,0,2895,2103,1,2532,2467,4999
Gainesville,SForsyth,562,89,0,78,118,0,640,207,0,651,196,847
Gainesville,NHall,8642,1555,21,6951,19135,15,15593,20690,36,10218,26101,36319
Gainesville,Gainesville,66093,12602,444,80985,191997,545,147078,204599,989,79139,273527,352666
Gainesville,SHall,11763,2249,30,8968,21559,70,20731,23808,100,14042,30597,44639
Gainesville,WNewton,25,2,0,7,15,0,32,17,0,27,22,49
Gainesville,ENewton,0,0,0,0,0,0,0,0,0,0,0,0
Gainesville,NPaulding,1,0,0,0,0,0,1,0,0,1,0,1
Gainesville,WPaulding,0,0,0,0,0,0,0,0,0,0,0,0
Gainesville,EPaulding,1,0,0,1,0,0,2,0,0,1,1,2
Gainesville,NSpalding,0,0,0,0,0,0,0,0,0,0,0,0
Gainesville,SSpalding,0,0,0,0,0,0,0,0,0,0,0,0
Gainesville,WWalton,62,20,0,9,56,0,71,76,0,82,65,147
Gainesville,EWalton,84,26,0,36,94,0,120,120,0,110,130,240
SHall,NFulton,888,156,0,164,348,0,1052,504,0,1044,512,1556
SHall,Roswell,187,33,0,36,122,0,223,155,0,220,158,378
SHall,SandySprings,316,53,0,57,108,0,373,161,0,369,165,534
SHall,Buckhead,184,38,4,40,172,0,224,210,4,226,212,438
SHall,NWAtlanta,74,9,0,9,12,1,83,21,1,83,22,105
SHall,NEAtlanta,132,21,1,39,120,5,171,141,6,154,164,318
SHall,SWAtlanta,15,1,0,5,27,0,20,28,0,16,32,48
SHall,CBDAtlanta,74,21,15,29,95,4,103,116,19,110,128,238
SHall,SEAtlanta,26,5,0,8,20,0,34,25,0,31,28,59
SHall,SFulton,1,0,0,0,1,0,1,1,0,1,1,2
SHall,Tri-Cities,19,1,0,2,15,0,21,16,0,20,17,37
SHall,Shannon,3,1,0,2,0,0,5,1,0,4,2,6
SHall,WCherokee,6,1,0,4,3,0,10,4,0,7,7,14
SHall,NCherokee,13,3,0,5,1,0,18,4,0,16,6,22
SHall,ECentCherokee,101,19,0,48,58,0,149,77,0,120,106,226
SHall,Woodstock,19,2,0,9,6,0,28,8,0,21,15,36
SHall,Airport,9,4,1,1,7,0,10,11,1,14,8,22
SHall,NEClayton,7,2,0,5,20,0,12,22,0,9,25,34
SHall,Riverdale,5,0,0,0,0,0,5,0,0,5,0,5
SHall,SClayton,0,0,0,0,0,0,0,0,0,0,0,0
SHall,NWCobb,13,2,0,9,6,0,22,8,0,15,15,30
SHall,NECobb,73,14,0,26,76,0,99,90,0,87,102,189
SHall,SWCobb,2,1,0,3,2,0,5,3,0,3,5,8
SHall,Marietta,32,9,0,6,6,0,38,15,0,41,12,53
SHall,Cumberland,130,19,1,23,59,0,153,78,1,150,82,232
SHall,SCobb,18,2,0,8,16,0,26,18,0,20,24,44
SHall,Chamblee,486,92,0,88,167,0,574,259,0,578,255,833
SHall,NWDeKalb,167,36,0,59,181,0,226,217,0,203,240,443
SHall,NEDeKalb,423,63,0,80,118,1,503,181,1,486,199,685
SHall,Atlanta-DeKalb,13,1,0,3,16,1,16,17,1,14,20,34
SHall,Decatur,13,2,0,8,11,0,21,13,0,15,19,34
SHall,SWDeKalb,36,6,0,20,38,0,56,44,0,42,58,100
SHall,SEDeKalb,43,11,0,18,12,0,61,23,0,54,30,84
SHall,SDeKalb,28,6,0,11,46,0,39,52,0,34,57,91
SHall,WDouglas,0,0,0,0,0,0,0,0,0,0,0,0
SHall,EDouglas,5,1,0,2,0,0,7,1,0,6,2,8
SHall,WFayette,0,0,0,1,0,0,1,0,0,0,1,1
SHall,EFayette,0,0,0,2,1,0,2,1,0,0,3,3
SHall,NGwinnett,8223,1546,1,7403,18588,1,15626,20134,2,9770,25992,35762
SHall,CentGwinnett,2908,485,0,885,2128,0,3793,2613,0,3393,3013,6406
SHall,EGwinnett,677,114,0,325,625,0,1002,739,0,791,950,1741
SHall,Norcross,1198,194,0,158,401,0,1356,595,0,1392,559,1951
SHall,Lilburn,168,22,0,65,130,0,233,152,0,190,195,385
SHall,Snellville,256,45,0,129,131,0,385,176,0,301,260,561
SHall,NHenry,4,0,0,3,0,0,7,0,0,4,3,7
SHall,EHenry,2,1,0,1,1,0,3,2,0,3,2,5
SHall,SHenry,2,0,0,0,0,0,2,0,0,2,0,2
SHall,SRockdale,7,1,0,4,8,0,11,9,0,8,12,20
SHall,NRockdale,47,6,0,13,17,0,60,23,0,53,30,83
SHall,NBarrow,1263,240,0,1001,2632,0,2264,2872,0,1503,3633,5136
SHall,SBarrow,409,66,0,187,252,0,596,318,0,475,439,914
SHall,NWBartow,0,0,0,0,0,0,0,0,0,0,0,0
SHall,NEBartow,1,0,0,1,0,0,2,0,0,1,1,2
SHall,SWBartow,0,0,0,0,0,0,0,0,0,0,0,0
SHall,Cartersville,0,0,0,2,0,0,2,0,0,0,2,2
SHall,NECarroll,0,0,0,0,0,0,0,0,0,0,0,0
SHall,WCarroll,0,0,0,0,0,0,0,0,0,0,0,0
SHall,CentralCarroll,0,0,0,0,0,0,0,0,0,0,0,0
SHall,SECarroll,0,0,0,0,0,0,0,0,0,0,0,0
SHall,WCoweta,0,0,0,0,0,0,0,0,0,0,0,0
SHall,NCoweta,0,0,0,0,0,0,0,0,0,0,0,0
SHall,SCoweta,0,0,0,0,0,0,0,0,0,0,0,0
SHall,SECoweta,0,0,0,0,0,0,0,0,0,0,0,0
SHall,NForsyth,801,130,0,522,712,0,1323,842,0,931,1234,2165
SHall,Cumming,1152,245,0,570,929,0,1722,1174,0,1397,1499,2896
SHall,SForsyth,690,106,0,175,461,0,865,567,0,796,636,1432
SHall,NHall,1218,217,1,518,1009,0,1736,1226,1,1436,1527,2963
SHall,Gainesville,11859,2207,36,8966,21363,69,20825,23570,105,14102,30398,44500
SHall,SHall,22334,4157,10,39202,89968,14,61536,94125,24,26501,129184,155685
SHall,WNewton,38,4,0,20,5,0,58,9,0,42,25,67
SHall,ENewton,3,2,0,2,5,0,5,7,0,5,7,12
SHall,NPaulding,0,0,0,0,1,0,0,1,0,0,1,1
SHall,WPaulding,0,0,0,0,0,0,0,0,0,0,0,0
SHall,EPaulding,4,0,0,0,5,0,4,5,0,4,5,9
SHall,NSpalding,0,0,0,0,0,0,0,0,0,0,0,0
SHall,SSpalding,0,0,0,0,0,0,0,0,0,0,0,0
SHall,WWalton,75,19,0,31,42,0,106,61,0,94,73,167
SHall,EWalton,113,21,0,50,99,0,163,120,0,134,149,283
WNewton,NFulton,91,12,0,21,29,0,112,41,0,103,50,153
WNewton,Roswell,49,4,0,18,19,0,67,23,0,53,37,90
WNewton,SandySprings,259,41,13,52,44,1,311,85,14,313,97,410
WNewton,Buckhead,325,78,11,52,179,0,377,257,11,414,231,645
WNewton,NWAtlanta,209,34,2,30,47,2,239,81,4,245,79,324
WNewton,NEAtlanta,528,105,16,114,239,7,642,344,23,649,360,1009
WNewton,SWAtlanta,141,34,3,29,56,1,170,90,4,178,86,264
WNewton,CBDAtlanta,524,117,88,104,223,17,628,340,105,729,344,1073
WNewton,SEAtlanta,256,46,1,53,139,6,309,185,7,303,198,501
WNewton,SFulton,45,7,0,9,18,0,54,25,0,52,27,79
WNewton,Tri-Cities,343,55,2,47,74,0,390,129,2,400,121,521
WNewton,Shannon,112,18,0,23,41,0,135,59,0,130,64,194
WNewton,WCherokee,0,0,0,0,0,0,0,0,0,0,0,0
WNewton,NCherokee,1,0,0,0,0,0,1,0,0,1,0,1
WNewton,ECentCherokee,1,1,0,0,3,0,1,4,0,2,3,5
WNewton,Woodstock,6,0,0,2,4,0,8,4,0,6,6,12
WNewton,Airport,276,45,19,12,31,0,288,76,19,340,43,383
WNewton,NEClayton,612,108,2,121,185,2,733,293,4,722,308,1030
WNewton,Riverdale,114,20,0,29,87,0,143,107,0,134,116,250
WNewton,SClayton,296,48,0,69,165,0,365,213,0,344,234,578
WNewton,NWCobb,12,4,0,15,12,1,27,16,1,16,28,44
WNewton,NECobb,47,13,0,9,21,0,56,34,0,60,30,90
WNewton,SWCobb,14,1,0,7,4,0,21,5,0,15,11,26
WNewton,Marietta,45,10,0,9,8,0,54,18,0,55,17,72
WNewton,Cumberland,212,60,1,33,71,1,245,131,2,273,105,378
WNewton,SCobb,92,15,0,20,54,0,112,69,0,107,74,181
WNewton,Chamblee,444,79,5,78,150,0,522,229,5,528,228,756
WNewton,NWDeKalb,653,107,7,131,260,5,784,367,12,767,396,1163
WNewton,NEDeKalb,797,155,2,194,330,4,991,485,6,954,528,1482
WNewton,Atlanta-DeKalb,89,13,0,24,82,0,113,95,0,102,106,208
WNewton,Decatur,130,25,1,41,47,3,171,72,4,156,91,247
WNewton,SWDeKalb,426,72,3,99,301,1,525,373,4,501,401,902
WNewton,SEDeKalb,1189,207,5,339,933,2,1528,1140,7,1401,1274,2675
WNewton,SDeKalb,1082,207,1,445,1006,5,1527,1213,6,1290,1456,2746
WNewton,WDouglas,5,2,0,5,11,0,10,13,0,7,16,23
WNewton,EDouglas,28,3,0,19,11,0,47,14,0,31,30,61
WNewton,WFayette,58,5,0,17,52,0,75,57,0,63,69,132
WNewton,EFayette,126,25,0,20,60,0,146,85,0,151,80,231
WNewton,NGwinnett,380,61,0,74,179,1,454,240,1,441,254,695
WNewton,CentGwinnett,829,158,0,183,413,2,1012,571,2,987,598,1585
WNewton,EGwinnett,393,90,0,113,281,0,506,371,0,483,394,877
WNewton,Norcross,454,82,0,44,101,1,498,183,1,536,146,682
WNewton,Lilburn,389,79,0,101,165,0,490,244,0,468,266,734
WNewton,Snellville,1117,197,0,365,893,0,1482,1090,0,1314,1258,2572
WNewton,NHenry,868,191,0,300,874,0,1168,1065,0,1059,1174,2233
WNewton,EHenry,1689,293,0,1409,3841,0,3098,4134,0,1982,5250,7232
WNewton,SHenry,1883,336,0,671,1557,0,2554,1893,0,2219,2228,4447
WNewton,SRockdale,1986,402,1,2505,6778,0,4491,7180,1,2389,9283,11672
WNewton,NRockdale,6956,1332,0,6387,15669,0,13343,17001,0,8288,22056,30344
WNewton,NBarrow,132,26,0,24,70,0,156,96,0,158,94,252
WNewton,SBarrow,135,31,0,37,83,0,172,114,0,166,120,286
WNewton,NWBartow,0,0,0,0,0,0,0,0,0,0,0,0
WNewton,NEBartow,0,0,0,0,0,0,0,0,0,0,0,0
WNewton,SWBartow,1,0,0,0,0,0,1,0,0,1,0,1
WNewton,Cartersville,0,0,0,0,0,0,0,0,0,0,0,0
WNewton,NECarroll,1,0,0,0,4,0,1,4,0,1,4,5
WNewton,WCarroll,0,0,0,0,0,0,0,0,0,0,0,0
WNewton,CentralCarroll,0,0,0,0,4,0,0,4,0,0,4,4
WNewton,SECarroll,0,0,0,0,0,0,0,0,0,0,0,0
WNewton,WCoweta,0,0,0,0,0,0,0,0,0,0,0,0
WNewton,NCoweta,5,1,0,1,2,0,6,3,0,6,3,9
WNewton,SCoweta,1,0,0,0,4,0,1,4,0,1,4,5
WNewton,SECoweta,4,0,0,4,8,0,8,8,0,4,12,16
WNewton,NForsyth,2,0,0,0,4,0,2,4,0,2,4,6
WNewton,Cumming,8,3,0,4,7,0,12,10,0,11,11,22
WNewton,SForsyth,37,5,0,7,6,0,44,11,0,42,13,55
WNewton,NHall,0,0,0,0,1,0,0,1,0,0,1,1
WNewton,Gainesville,24,3,0,8,13,0,32,16,0,27,21,48
WNewton,SHall,42,7,0,19,13,0,61,20,0,49,32,81
WNewton,WNewton,34141,6655,0,58282,123727,4,92423,130382,4,40796,182013,222809
WNewton,ENewton,2514,462,0,2790,7151,0,5304,7613,0,2976,9941,12917
WNewton,NPaulding,0,0,0,0,0,0,0,0,0,0,0,0
WNewton,WPaulding,0,0,0,0,0,0,0,0,0,0,0,0
WNewton,EPaulding,3,1,0,0,16,0,3,17,0,4,16,20
WNewton,NSpalding,187,32,0,40,87,0,227,119,0,219,127,346
WNewton,SSpalding,115,18,0,21,32,0,136,50,0,133,53,186
WNewton,WWalton,1788,368,0,1237,2946,1,3025,3314,1,2156,4184,6340
WNewton,EWalton,1754,287,0,588,1445,0,2342,1732,0,2041,2033,4074
ENewton,NFulton,7,2,0,0,5,0,7,7,0,9,5,14
ENewton,Roswell,3,1,0,3,4,0,6,5,0,4,7,11
ENewton,SandySprings,16,3,0,10,15,0,26,18,0,19,25,44
ENewton,Buckhead,27,6,0,11,18,0,38,24,0,33,29,62
ENewton,NWAtlanta,16,3,0,5,13,0,21,16,0,19,18,37
ENewton,NEAtlanta,46,15,0,22,45,0,68,60,0,61,67,128
ENewton,SWAtlanta,10,1,0,9,16,0,19,17,0,11,25,36
ENewton,CBDAtlanta,40,6,4,14,41,4,54,47,8,50,59,109
ENewton,SEAtlanta,24,6,0,6,19,0,30,25,0,30,25,55
ENewton,SFulton,3,0,0,0,0,0,3,0,0,3,0,3
ENewton,Tri-Cities,25,2,0,3,19,0,28,21,0,27,22,49
ENewton,Shannon,12,0,0,5,4,0,17,4,0,12,9,21
ENewton,WCherokee,0,0,0,0,0,0,0,0,0,0,0,0
ENewton,NCherokee,0,0,0,0,0,0,0,0,0,0,0,0
ENewton,ECentCherokee,0,0,0,0,0,0,0,0,0,0,0,0
ENewton,Woodstock,0,0,0,0,0,0,0,0,0,0,0,0
ENewton,Airport,16,1,0,2,25,0,18,26,0,17,27,44
ENewton,NEClayton,50,8,0,10,18,0,60,26,0,58,28,86
ENewton,Riverdale,10,0,0,4,2,0,14,2,0,10,6,16
ENewton,SClayton,15,7,0,10,9,0,25,16,0,22,19,41
ENewton,NWCobb,1,2,0,0,0,0,1,2,0,3,0,3
ENewton,NECobb,4,0,0,3,0,0,7,0,0,4,3,7
ENewton,SWCobb,0,0,0,0,0,0,0,0,0,0,0,0
ENewton,Marietta,5,1,0,1,0,0,6,1,0,6,1,7
ENewton,Cumberland,24,5,0,5,20,0,29,25,0,29,25,54
ENewton,SCobb,5,2,0,2,5,0,7,7,0,7,7,14
ENewton,Chamblee,38,1,0,8,42,0,46,43,0,39,50,89
ENewton,NWDeKalb,85,9,1,14,83,0,99,92,1,95,97,192
ENewton,NEDeKalb,99,20,0,30,39,0,129,59,0,119,69,188
ENewton,Atlanta-DeKalb,11,2,0,5,42,0,16,44,0,13,47,60
ENewton,Decatur,13,7,1,4,10,0,17,17,1,21,14,35
ENewton,SWDeKalb,42,7,0,18,27,0,60,34,0,49,45,94
ENewton,SEDeKalb,107,20,0,35,123,0,142,143,0,127,158,285
ENewton,SDeKalb,93,12,0,47,97,0,140,109,0,105,144,249
ENewton,WDouglas,1,0,0,0,0,0,1,0,0,1,0,1
ENewton,EDouglas,2,0,0,0,0,0,2,0,0,2,0,2
ENewton,WFayette,2,0,0,3,4,0,5,4,0,2,7,9
ENewton,EFayette,8,3,0,5,2,0,13,5,0,11,7,18
ENewton,NGwinnett,43,9,0,15,26,0,58,35,0,52,41,93
ENewton,CentGwinnett,118,25,0,38,79,0,156,104,0,143,117,260
ENewton,EGwinnett,50,5,0,28,29,0,78,34,0,55,57,112
ENewton,Norcross,53,7,0,9,8,0,62,15,0,60,17,77
ENewton,Lilburn,46,9,0,16,31,0,62,40,0,55,47,102
ENewton,Snellville,115,21,0,63,59,0,178,80,0,136,122,258
ENewton,NHenry,61,10,0,19,22,0,80,32,0,71,41,112
ENewton,EHenry,68,16,0,58,111,0,126,127,0,84,169,253
ENewton,SHenry,152,20,0,48,64,0,200,84,0,172,112,284
ENewton,SRockdale,83,22,0,53,88,0,136,110,0,105,141,246
ENewton,NRockdale,498,87,0,234,542,0,732,629,0,585,776,1361
ENewton,NBarrow,29,6,0,6,6,0,35,12,0,35,12,47
ENewton,SBarrow,22,2,0,12,7,0,34,9,0,24,19,43
ENewton,NWBartow,0,0,0,0,0,0,0,0,0,0,0,0
ENewton,NEBartow,0,0,0,0,0,0,0,0,0,0,0,0
ENewton,SWBartow,0,0,0,0,0,0,0,0,0,0,0,0
ENewton,Cartersville,0,0,0,0,0,0,0,0,0,0,0,0
ENewton,NECarroll,0,0,0,0,0,0,0,0,0,0,0,0
ENewton,WCarroll,0,0,0,0,0,0,0,0,0,0,0,0
ENewton,CentralCarroll,0,0,0,0,0,0,0,0,0,0,0,0
ENewton,SECarroll,0,0,0,0,0,0,0,0,0,0,0,0
ENewton,WCoweta,0,0,0,0,0,0,0,0,0,0,0,0
ENewton,NCoweta,0,0,0,0,0,0,0,0,0,0,0,0
ENewton,SCoweta,0,0,0,1,0,0,1,0,0,0,1,1
ENewton,SECoweta,0,0,0,0,0,0,0,0,0,0,0,0
ENewton,NForsyth,0,0,0,0,0,0,0,0,0,0,0,0
ENewton,Cumming,0,0,0,0,6,0,0,6,0,0,6,6
ENewton,SForsyth,2,0,0,0,0,0,2,0,0,2,0,2
ENewton,NHall,0,0,0,0,0,0,0,0,0,0,0,0
ENewton,Gainesville,0,0,0,0,0,0,0,0,0,0,0,0
ENewton,SHall,3,3,0,3,5,0,6,8,0,6,8,14
ENewton,WNewton,2427,440,0,2789,7089,0,5216,7529,0,2867,9878,12745
ENewton,ENewton,1615,318,0,3653,8061,0,5268,8379,0,1933,11714,13647
ENewton,NPaulding,0,0,0,0,0,0,0,0,0,0,0,0
ENewton,WPaulding,0,0,0,0,0,0,0,0,0,0,0,0
ENewton,EPaulding,0,0,0,0,4,0,0,4,0,0,4,4
ENewton,NSpalding,13,2,0,5,10,0,18,12,0,15,15,30
ENewton,SSpalding,14,2,0,4,2,0,18,4,0,16,6,22
ENewton,WWalton,151,31,0,110,301,0,261,332,0,182,411,593
ENewton,EWalton,622,109,0,449,1048,0,1071,1157,0,731,1497,2228
NPaulding,NFulton,147,30,0,32,49,0,179,79,0,177,81,258
NPaulding,Roswell,105,21,0,18,31,0,123,52,0,126,49,175
NPaulding,SandySprings,295,52,0,35,60,0,330,112,0,347,95,442
NPaulding,Buckhead,223,36,0,38,127,0,261,163,0,259,165,424
NPaulding,NWAtlanta,120,17,0,13,19,0,133,36,0,137,32,169
NPaulding,NEAtlanta,137,28,2,43,125,0,180,153,2,167,168,335
NPaulding,SWAtlanta,79,20,1,34,39,1,113,59,2,100,74,174
NPaulding,CBDAtlanta,97,16,5,27,62,0,124,78,5,118,89,207
NPaulding,SEAtlanta,29,4,0,10,27,0,39,31,0,33,37,70
NPaulding,SFulton,74,17,0,10,19,0,84,36,0,91,29,120
NPaulding,Tri-Cities,57,9,0,16,16,0,73,25,0,66,32,98
NPaulding,Shannon,32,1,0,11,2,0,43,3,0,33,13,46
NPaulding,WCherokee,32,4,0,12,10,0,44,14,0,36,22,58
NPaulding,NCherokee,3,0,0,1,0,0,4,0,0,3,1,4
NPaulding,ECentCherokee,154,26,0,36,102,0,190,128,0,180,138,318
NPaulding,Woodstock,455,69,0,248,612,0,703,681,0,524,860,1384
NPaulding,Airport,30,5,0,3,5,0,33,10,0,35,8,43
NPaulding,NEClayton,26,3,0,5,5,0,31,8,0,29,10,39
NPaulding,Riverdale,6,0,0,6,5,0,12,5,0,6,11,17
NPaulding,SClayton,7,2,0,1,1,0,8,3,0,9,2,11
NPaulding,NWCobb,3166,557,0,3857,10757,5,7023,11314,5,3723,14619,18342
NPaulding,NECobb,669,84,0,208,373,0,877,457,0,753,581,1334
NPaulding,SWCobb,569,103,0,397,1189,0,966,1292,0,672,1586,2258
NPaulding,Marietta,817,149,0,346,892,1,1163,1041,1,966,1239,2205
NPaulding,Cumberland,790,123,0,127,376,1,917,499,1,913,504,1417
NPaulding,SCobb,392,69,0,149,340,0,541,409,0,461,489,950
NPaulding,Chamblee,179,27,0,29,89,0,208,116,0,206,118,324
NPaulding,NWDeKalb,65,11,0,25,39,1,90,50,1,76,65,141
NPaulding,NEDeKalb,55,9,0,15,9,0,70,18,0,64,24,88
NPaulding,Atlanta-DeKalb,8,1,0,6,7,0,14,8,0,9,13,22
NPaulding,Decatur,9,2,0,4,3,0,13,5,0,11,7,18
NPaulding,SWDeKalb,13,2,0,10,12,0,23,14,0,15,22,37
NPaulding,SEDeKalb,4,1,0,2,18,0,6,19,0,5,20,25
NPaulding,SDeKalb,12,5,0,3,8,0,15,13,0,17,11,28
NPaulding,WDouglas,207,28,0,53,119,0,260,147,0,235,172,407
NPaulding,EDouglas,377,49,0,94,214,0,471,263,0,426,308,734
NPaulding,WFayette,13,2,0,1,10,0,14,12,0,15,11,26
NPaulding,EFayette,6,1,0,4,7,0,10,8,0,7,11,18
NPaulding,NGwinnett,5,0,0,4,3,0,9,3,0,5,7,12
NPaulding,CentGwinnett,30,3,0,12,21,0,42,24,0,33,33,66
NPaulding,EGwinnett,2,0,0,1,0,0,3,0,0,2,1,3
NPaulding,Norcross,84,4,0,17,7,0,101,11,0,88,24,112
NPaulding,Lilburn,9,0,0,4,2,0,13,2,0,9,6,15
NPaulding,Snellville,3,0,0,0,1,0,3,1,0,3,1,4
NPaulding,NHenry,6,0,0,0,4,0,6,4,0,6,4,10
NPaulding,EHenry,1,0,0,0,1,0,1,1,0,1,1,2
NPaulding,SHenry,0,0,0,1,0,0,1,0,0,0,1,1
NPaulding,SRockdale,1,1,0,0,0,0,1,1,0,2,0,2
NPaulding,NRockdale,1,0,0,2,0,0,3,0,0,1,2,3
NPaulding,NBarrow,0,0,0,0,0,0,0,0,0,0,0,0
NPaulding,SBarrow,0,0,0,0,0,0,0,0,0,0,0,0
NPaulding,NWBartow,100,26,0,28,19,0,128,45,0,126,47,173
NPaulding,NEBartow,80,12,0,17,32,0,97,44,0,92,49,141
NPaulding,SWBartow,369,75,0,188,557,0,557,632,0,444,745,1189
NPaulding,Cartersville,1425,247,0,889,2117,0,2314,2364,0,1672,3006,4678
NPaulding,NECarroll,143,26,0,32,57,0,175,83,0,169,89,258
NPaulding,WCarroll,15,4,0,1,0,0,16,4,0,19,1,20
NPaulding,CentralCarroll,84,18,0,44,46,0,128,64,0,102,90,192
NPaulding,SECarroll,4,0,0,0,4,0,4,4,0,4,4,8
NPaulding,WCoweta,4,0,0,1,1,0,5,1,0,4,2,6
NPaulding,NCoweta,12,2,0,7,22,0,19,24,0,14,29,43
NPaulding,SCoweta,0,0,0,0,0,0,0,0,0,0,0,0
NPaulding,SECoweta,0,0,0,0,0,0,0,0,0,0,0,0
NPaulding,NForsyth,3,0,0,0,1,0,3,1,0,3,1,4
NPaulding,Cumming,15,4,0,2,2,0,17,6,0,19,4,23
NPaulding,SForsyth,27,3,0,1,2,0,28,5,0,30,3,33
NPaulding,NHall,0,0,0,0,0,0,0,0,0,0,0,0
NPaulding,Gainesville,1,0,0,0,0,0,1,0,0,1,0,1
NPaulding,SHall,1,0,0,1,0,0,2,0,0,1,1,2
NPaulding,WNewton,0,0,0,0,0,0,0,0,0,0,0,0
NPaulding,ENewton,0,0,0,0,0,0,0,0,0,0,0,0
NPaulding,NPaulding,4076,791,0,7999,18668,0,12075,19459,0,4867,26667,31534
NPaulding,WPaulding,225,32,0,141,310,0,366,342,0,257,451,708
NPaulding,EPaulding,2508,472,0,3073,7950,0,5581,8422,0,2980,11023,14003
NPaulding,NSpalding,1,0,0,0,0,0,1,0,0,1,0,1
NPaulding,SSpalding,0,0,0,0,0,0,0,0,0,0,0,0
NPaulding,WWalton,0,0,0,0,0,0,0,0,0,0,0,0
NPaulding,EWalton,0,0,0,0,0,0,0,0,0,0,0,0
WPaulding,NFulton,26,5,0,12,10,0,38,15,0,31,22,53
WPaulding,Roswell,24,4,0,8,14,0,32,18,0,28,22,50
WPaulding,SandySprings,64,11,0,16,30,0,80,41,0,75,46,121
WPaulding,Buckhead,64,11,0,19,69,0,83,80,0,75,88,163
WPaulding,NWAtlanta,88,13,0,12,21,0,100,34,0,101,33,134
WPaulding,NEAtlanta,68,9,0,27,54,0,95,63,0,77,81,158
WPaulding,SWAtlanta,55,14,0,16,66,0,71,80,0,69,82,151
WPaulding,CBDAtlanta,46,9,2,18,99,0,64,108,2,57,117,174
WPaulding,SEAtlanta,34,3,0,7,19,0,41,22,0,37,26,63
WPaulding,SFulton,69,13,0,11,8,0,80,21,0,82,19,101
WPaulding,Tri-Cities,40,4,0,8,44,0,48,48,0,44,52,96
WPaulding,Shannon,26,3,0,7,16,0,33,19,0,29,23,52
WPaulding,WCherokee,1,2,0,1,1,0,2,3,0,3,2,5
WPaulding,NCherokee,0,0,0,0,0,0,0,0,0,0,0,0
WPaulding,ECentCherokee,17,1,0,8,22,0,25,23,0,18,30,48
WPaulding,Woodstock,62,5,0,18,80,0,80,85,0,67,98,165
WPaulding,Airport,13,3,0,1,1,0,14,4,0,16,2,18
WPaulding,NEClayton,11,1,0,5,2,0,16,3,0,12,7,19
WPaulding,Riverdale,4,1,0,2,11,0,6,12,0,5,13,18
WPaulding,SClayton,3,0,0,0,1,0,3,1,0,3,1,4
WPaulding,NWCobb,435,73,0,143,432,0,578,505,0,508,575,1083
WPaulding,NECobb,166,28,0,32,98,0,198,126,0,194,130,324
WPaulding,SWCobb,227,45,0,99,233,0,326,278,0,272,332,604
WPaulding,Marietta,228,45,0,51,116,0,279,161,0,273,167,440
WPaulding,Cumberland,273,42,0,53,108,0,326,150,0,315,161,476
WPaulding,SCobb,205,39,0,87,188,0,292,227,0,244,275,519
WPaulding,Chamblee,27,5,0,5,65,0,32,70,0,32,70,102
WPaulding,NWDeKalb,25,8,0,14,32,0,39,40,0,33,46,79
WPaulding,NEDeKalb,11,0,0,11,16,0,22,16,0,11,27,38
WPaulding,Atlanta-DeKalb,2,0,0,4,6,0,6,6,0,2,10,12
WPaulding,Decatur,3,2,0,2,4,0,5,6,0,5,6,11
WPaulding,SWDeKalb,4,0,0,5,8,0,9,8,0,4,13,17
WPaulding,SEDeKalb,1,1,0,0,0,0,1,1,0,2,0,2
WPaulding,SDeKalb,6,1,0,2,7,0,8,8,0,7,9,16
WPaulding,WDouglas,356,54,0,193,641,0,549,695,0,410,834,1244
WPaulding,EDouglas,319,57,0,133,290,0,452,347,0,376,423,799
WPaulding,WFayette,11,3,0,2,2,0,13,5,0,14,4,18
WPaulding,EFayette,3,3,0,6,5,0,9,8,0,6,11,17
WPaulding,NGwinnett,0,0,0,0,1,0,0,1,0,0,1,1
WPaulding,CentGwinnett,8,1,0,3,7,0,11,8,0,9,10,19
WPaulding,EGwinnett,0,0,0,1,0,0,1,0,0,0,1,1
WPaulding,Norcross,22,3,0,5,9,0,27,12,0,25,14,39
WPaulding,Lilburn,1,0,0,1,1,0,2,1,0,1,2,3
WPaulding,Snellville,0,0,0,1,0,0,1,0,0,0,1,1
WPaulding,NHenry,1,0,0,0,2,0,1,2,0,1,2,3
WPaulding,EHenry,0,0,0,0,0,0,0,0,0,0,0,0
WPaulding,SHenry,1,0,0,0,0,0,1,0,0,1,0,1
WPaulding,SRockdale,0,0,0,0,1,0,0,1,0,0,1,1
WPaulding,NRockdale,0,0,0,0,1,0,0,1,0,0,1,1
WPaulding,NBarrow,0,0,0,0,0,0,0,0,0,0,0,0
WPaulding,SBarrow,0,0,0,0,0,0,0,0,0,0,0,0
WPaulding,NWBartow,8,0,0,4,1,0,12,1,0,8,5,13
WPaulding,NEBartow,5,2,0,3,1,0,8,3,0,7,4,11
WPaulding,SWBartow,35,3,0,8,9,0,43,12,0,38,17,55
WPaulding,Cartersville,164,27,0,40,156,0,204,183,0,191,196,387
WPaulding,NECarroll,701,125,0,778,2208,0,1479,2333,0,826,2986,3812
WPaulding,WCarroll,63,27,0,15,49,0,78,76,0,90,64,154
WPaulding,CentralCarroll,401,56,0,195,332,0,596,388,0,457,527,984
WPaulding,SECarroll,13,1,0,2,17,0,15,18,0,14,19,33
WPaulding,WCoweta,11,0,0,2,10,0,13,10,0,11,12,23
WPaulding,NCoweta,25,4,0,15,74,0,40,78,0,29,89,118
WPaulding,SCoweta,3,0,0,1,0,0,4,0,0,3,1,4
WPaulding,SECoweta,1,0,0,0,0,0,1,0,0,1,0,1
WPaulding,NForsyth,1,0,0,0,0,0,1,0,0,1,0,1
WPaulding,Cumming,1,0,0,0,0,0,1,0,0,1,0,1
WPaulding,SForsyth,5,2,0,1,0,0,6,2,0,7,1,8
WPaulding,NHall,0,0,0,0,0,0,0,0,0,0,0,0
WPaulding,Gainesville,0,0,0,0,0,0,0,0,0,0,0,0
WPaulding,SHall,0,0,0,0,0,0,0,0,0,0,0,0
WPaulding,WNewton,0,0,0,0,0,0,0,0,0,0,0,0
WPaulding,ENewton,0,0,0,0,0,0,0,0,0,0,0,0
WPaulding,NPaulding,227,34,0,111,355,0,338,389,0,261,466,727
WPaulding,WPaulding,1610,323,0,4173,9379,0,5783,9702,0,1933,13552,15485
WPaulding,EPaulding,1585,319,0,2049,5192,0,3634,5511,0,1904,7241,9145
WPaulding,NSpalding,0,0,0,0,0,0,0,0,0,0,0,0
WPaulding,SSpalding,1,0,0,0,0,0,1,0,0,1,0,1
WPaulding,WWalton,0,0,0,0,0,0,0,0,0,0,0,0
WPaulding,EWalton,0,0,0,0,0,0,0,0,0,0,0,0
EPaulding,NFulton,264,52,0,49,118,0,313,170,0,316,167,483
EPaulding,Roswell,206,43,0,33,97,0,239,140,0,249,130,379
EPaulding,SandySprings,661,108,5,104,221,7,765,329,12,774,332,1106
EPaulding,Buckhead,680,88,6,121,263,2,801,351,8,774,386,1160
EPaulding,NWAtlanta,594,109,2,79,228,1,673,337,3,705,308,1013
EPaulding,NEAtlanta,523,112,15,157,326,11,680,438,26,650,494,1144
EPaulding,SWAtlanta,589,120,2,144,376,3,733,496,5,711,523,1234
EPaulding,CBDAtlanta,738,120,98,133,404,20,871,524,118,956,557,1513
EPaulding,SEAtlanta,180,40,2,65,129,0,245,169,2,222,194,416
EPaulding,SFulton,600,107,0,128,270,0,728,377,0,707,398,1105
EPaulding,Tri-Cities,348,54,0,60,128,1,408,182,1,402,189,591
EPaulding,Shannon,205,43,0,47,108,0,252,151,0,248,155,403
EPaulding,WCherokee,30,5,0,13,42,0,43,47,0,35,55,90
EPaulding,NCherokee,6,1,0,1,14,0,7,15,0,7,15,22
EPaulding,ECentCherokee,216,33,0,58,90,0,274,123,0,249,148,397
EPaulding,Woodstock,533,89,0,133,400,0,666,489,0,622,533,1155
EPaulding,Airport,179,33,11,12,14,0,191,47,11,223,26,249
EPaulding,NEClayton,132,18,0,25,54,0,157,72,0,150,79,229
EPaulding,Riverdale,41,15,0,12,44,0,53,59,0,56,56,112
EPaulding,SClayton,31,9,0,10,31,0,41,40,0,40,41,81
EPaulding,NWCobb,4766,884,0,3397,9705,6,8163,10589,6,5650,13108,18758
EPaulding,NECobb,1306,218,0,269,881,0,1575,1099,0,1524,1150,2674
EPaulding,SWCobb,3954,793,0,4918,13561,1,8872,14354,1,4747,18480,23227
EPaulding,Marietta,2152,398,1,742,1958,3,2894,2356,4,2551,2703,5254
EPaulding,Cumberland,2372,432,1,453,797,3,2825,1229,4,2805,1253,4058
EPaulding,SCobb,2147,409,1,1114,3356,4,3261,3765,5,2557,4474,7031
EPaulding,Chamblee,412,78,3,80,137,1,492,215,4,493,218,711
EPaulding,NWDeKalb,249,35,0,53,107,2,302,142,2,284,162,446
EPaulding,NEDeKalb,140,17,0,35,71,0,175,88,0,157,106,263
EPaulding,Atlanta-DeKalb,52,7,0,6,22,0,58,29,0,59,28,87
EPaulding,Decatur,45,8,1,10,15,0,55,23,1,54,25,79
EPaulding,SWDeKalb,100,13,0,32,63,0,132,76,0,113,95,208
EPaulding,SEDeKalb,23,9,0,15,15,1,38,24,1,32,31,63
EPaulding,SDeKalb,79,14,0,14,56,1,93,70,1,93,71,164
EPaulding,WDouglas,2527,500,0,2119,5886,0,4646,6386,0,3027,8005,11032
EPaulding,EDouglas,3991,737,10,3047,8835,8,7038,9572,18,4738,11890,16628
EPaulding,WFayette,89,24,0,23,36,0,112,60,0,113,59,172
EPaulding,EFayette,56,9,0,11,11,0,67,20,0,65,22,87
EPaulding,NGwinnett,17,6,0,4,29,0,21,35,0,23,33,56
EPaulding,CentGwinnett,74,8,0,26,43,0,100,51,0,82,69,151
EPaulding,EGwinnett,5,0,0,4,17,0,9,17,0,5,21,26
EPaulding,Norcross,224,29,0,33,46,0,257,75,0,253,79,332
EPaulding,Lilburn,25,5,0,10,19,0,35,24,0,30,29,59
EPaulding,Snellville,10,3,0,8,35,0,18,38,0,13,43,56
EPaulding,NHenry,18,8,0,9,10,0,27,18,0,26,19,45
EPaulding,EHenry,5,3,0,0,1,0,5,4,0,8,1,9
EPaulding,SHenry,14,2,0,10,16,0,24,18,0,16,26,42
EPaulding,SRockdale,2,2,0,3,2,0,5,4,0,4,5,9
EPaulding,NRockdale,18,1,0,5,3,0,23,4,0,19,8,27
EPaulding,NBarrow,0,1,0,0,0,0,0,1,0,1,0,1
EPaulding,SBarrow,1,1,0,2,0,0,3,1,0,2,2,4
EPaulding,NWBartow,86,12,0,33,87,0,119,99,0,98,120,218
EPaulding,NEBartow,75,22,0,31,46,0,106,68,0,97,77,174
EPaulding,SWBartow,286,50,0,122,371,0,408,421,0,336,493,829
EPaulding,Cartersville,888,146,0,276,582,0,1164,728,0,1034,858,1892
EPaulding,NECarroll,1440,263,0,751,2299,0,2191,2562,0,1703,3050,4753
EPaulding,WCarroll,136,16,0,24,38,0,160,54,0,152,62,214
EPaulding,CentralCarroll,763,144,0,285,340,0,1048,484,0,907,625,1532
EPaulding,SECarroll,40,10,0,18,53,0,58,63,0,50,71,121
EPaulding,WCoweta,53,11,0,17,18,0,70,29,0,64,35,99
EPaulding,NCoweta,150,31,0,31,78,0,181,109,0,181,109,290
EPaulding,SCoweta,11,0,0,5,3,0,16,3,0,11,8,19
EPaulding,SECoweta,6,0,0,3,15,0,9,15,0,6,18,24
EPaulding,NForsyth,3,1,0,2,1,0,5,2,0,4,3,7
EPaulding,Cumming,20,8,0,10,34,0,30,42,0,28,44,72
EPaulding,SForsyth,53,9,0,10,28,0,63,37,0,62,38,100
EPaulding,NHall,0,0,0,0,0,0,0,0,0,0,0,0
EPaulding,Gainesville,1,0,0,2,0,0,3,0,0,1,2,3
EPaulding,SHall,4,0,0,0,1,0,4,1,0,4,1,5
EPaulding,WNewton,2,1,0,2,15,0,4,16,0,3,17,20
EPaulding,ENewton,0,0,0,0,4,0,0,4,0,0,4,4
EPaulding,NPaulding,2505,471,0,3143,8101,0,5648,8572,0,2976,11244,14220
EPaulding,WPaulding,1681,315,0,2102,5217,0,3783,5532,0,1996,7319,9315
EPaulding,EPaulding,27589,5539,0,58510,132706,0,86099,138245,0,33128,191216,224344
EPaulding,NSpalding,2,0,0,1,0,0,3,0,0,2,1,3
EPaulding,SSpalding,2,0,0,0,1,0,2,1,0,2,1,3
EPaulding,WWalton,3,0,0,2,1,0,5,1,0,3,3,6
EPaulding,EWalton,1,0,0,0,0,0,1,0,0,1,0,1
NSpalding,NFulton,5,2,0,0,3,0,5,5,0,7,3,10
NSpalding,Roswell,10,0,0,0,1,0,10,1,0,10,1,11
NSpalding,SandySprings,38,10,1,5,14,0,43,24,1,49,19,68
NSpalding,Buckhead,68,15,2,11,32,0,79,47,2,85,43,128
NSpalding,NWAtlanta,60,16,0,9,13,0,69,29,0,76,22,98
NSpalding,NEAtlanta,109,21,4,20,53,1,129,74,5,134,74,208
NSpalding,SWAtlanta,52,3,0,20,14,0,72,17,0,55,34,89
NSpalding,CBDAtlanta,147,24,10,22,32,2,169,56,12,181,56,237
NSpalding,SEAtlanta,101,13,1,33,30,0,134,43,1,115,63,178
NSpalding,SFulton,49,5,0,7,12,0,56,17,0,54,19,73
NSpalding,Tri-Cities,218,44,0,24,34,0,242,78,0,262,58,320
NSpalding,Shannon,138,31,0,21,51,0,159,82,0,169,72,241
NSpalding,WCherokee,0,0,0,0,0,0,0,0,0,0,0,0
NSpalding,NCherokee,0,0,0,0,0,0,0,0,0,0,0,0
NSpalding,ECentCherokee,0,0,0,0,0,0,0,0,0,0,0,0
NSpalding,Woodstock,0,0,0,0,0,0,0,0,0,0,0,0
NSpalding,Airport,189,24,0,15,15,0,204,39,0,213,30,243
NSpalding,NEClayton,458,77,1,88,168,1,546,245,2,536,257,793
NSpalding,Riverdale,193,24,0,61,203,0,254,227,0,217,264,481
NSpalding,SClayton,814,159,0,451,893,3,1265,1052,3,973,1347,2320
NSpalding,NWCobb,3,4,0,2,10,0,5,14,0,7,12,19
NSpalding,NECobb,9,2,0,1,9,0,10,11,0,11,10,21
NSpalding,SWCobb,5,0,0,0,0,0,5,0,0,5,0,5
NSpalding,Marietta,18,1,0,1,6,0,19,7,0,19,7,26
NSpalding,Cumberland,53,10,0,6,9,0,59,19,0,63,15,78
NSpalding,SCobb,26,2,0,5,13,0,31,15,0,28,18,46
NSpalding,Chamblee,39,5,0,5,3,1,44,8,1,44,9,53
NSpalding,NWDeKalb,49,12,0,13,73,0,62,85,0,61,86,147
NSpalding,NEDeKalb,50,12,0,12,14,2,62,26,2,62,28,90
NSpalding,Atlanta-DeKalb,14,4,0,3,6,0,17,10,0,18,9,27
NSpalding,Decatur,8,3,0,7,0,0,15,3,0,11,7,18
NSpalding,SWDeKalb,48,9,1,6,6,0,54,15,1,58,12,70
NSpalding,SEDeKalb,32,6,0,13,49,0,45,55,0,38,62,100
NSpalding,SDeKalb,119,22,0,30,66,0,149,88,0,141,96,237
NSpalding,WDouglas,11,2,0,4,9,0,15,11,0,13,13,26
NSpalding,EDouglas,21,2,0,6,1,0,27,3,0,23,7,30
NSpalding,WFayette,639,124,0,188,257,0,827,381,0,763,445,1208
NSpalding,EFayette,874,147,0,472,850,0,1346,997,0,1021,1322,2343
NSpalding,NGwinnett,0,0,0,0,4,0,0,4,0,0,4,4
NSpalding,CentGwinnett,9,2,0,2,1,0,11,3,0,11,3,14
NSpalding,EGwinnett,0,1,0,1,0,0,1,1,0,1,1,2
NSpalding,Norcross,26,11,0,3,2,0,29,13,0,37,5,42
NSpalding,Lilburn,9,0,0,3,2,0,12,2,0,9,5,14
NSpalding,Snellville,14,3,0,4,23,0,18,26,0,17,27,44
NSpalding,NHenry,344,61,0,107,331,0,451,392,0,405,438,843
NSpalding,EHenry,387,86,0,170,253,0,557,339,0,473,423,896
NSpalding,SHenry,3251,634,0,2426,5946,0,5677,6580,0,3885,8372,12257
NSpalding,SRockdale,56,10,0,15,33,0,71,43,0,66,48,114
NSpalding,NRockdale,64,8,0,13,23,0,77,31,0,72,36,108
NSpalding,NBarrow,0,0,0,0,0,0,0,0,0,0,0,0
NSpalding,SBarrow,3,0,0,0,0,0,3,0,0,3,0,3
NSpalding,NWBartow,0,0,0,0,0,0,0,0,0,0,0,0
NSpalding,NEBartow,0,0,0,0,0,0,0,0,0,0,0,0
NSpalding,SWBartow,0,0,0,0,0,0,0,0,0,0,0,0
NSpalding,Cartersville,0,0,0,0,0,0,0,0,0,0,0,0
NSpalding,NECarroll,0,1,0,1,0,0,1,1,0,1,1,2
NSpalding,WCarroll,0,0,0,0,0,0,0,0,0,0,0,0
NSpalding,CentralCarroll,4,0,0,2,1,0,6,1,0,4,3,7
NSpalding,SECarroll,3,0,0,0,5,0,3,5,0,3,5,8
NSpalding,WCoweta,34,5,0,15,11,0,49,16,0,39,26,65
NSpalding,NCoweta,259,45,0,72,123,0,331,168,0,304,195,499
NSpalding,SCoweta,48,5,0,18,19,0,66,24,0,53,37,90
NSpalding,SECoweta,265,51,0,140,264,0,405,315,0,316,404,720
NSpalding,NForsyth,0,0,0,0,0,0,0,0,0,0,0,0
NSpalding,Cumming,0,0,0,0,0,0,0,0,0,0,0,0
NSpalding,SForsyth,3,0,0,1,0,0,4,0,0,3,1,4
NSpalding,NHall,0,0,0,0,0,0,0,0,0,0,0,0
NSpalding,Gainesville,0,0,0,0,0,0,0,0,0,0,0,0
NSpalding,SHall,0,0,0,0,0,0,0,0,0,0,0,0
NSpalding,WNewton,162,33,0,55,110,0,217,143,0,195,165,360
NSpalding,ENewton,12,1,0,5,0,0,17,1,0,13,5,18
NSpalding,NPaulding,1,0,0,0,0,0,1,0,0,1,0,1
NSpalding,WPaulding,0,0,0,0,0,0,0,0,0,0,0,0
NSpalding,EPaulding,2,0,0,0,0,0,2,0,0,2,0,2
NSpalding,NSpalding,13454,2856,0,22778,48491,0,36232,51347,0,16310,71269,87579
NSpalding,SSpalding,6224,1191,0,8517,15394,0,14741,16585,0,7415,23911,31326
NSpalding,WWalton,11,2,0,2,10,0,13,12,0,13,12,25
NSpalding,EWalton,4,0,0,2,1,0,6,1,0,4,3,7
SSpalding,NFulton,2,0,0,0,0,0,2,0,0,2,0,2
SSpalding,Roswell,1,2,0,3,5,0,4,7,0,3,8,11
SSpalding,SandySprings,18,2,0,5,6,0,23,8,0,20,11,31
SSpalding,Buckhead,30,12,0,14,36,0,44,48,0,42,50,92
SSpalding,NWAtlanta,29,4,0,5,12,0,34,16,0,33,17,50
SSpalding,NEAtlanta,62,11,0,20,24,0,82,35,0,73,44,117
SSpalding,SWAtlanta,32,2,0,10,15,0,42,17,0,34,25,59
SSpalding,CBDAtlanta,49,9,2,18,28,0,67,37,2,60,46,106
SSpalding,SEAtlanta,59,15,0,16,25,0,75,40,0,74,41,115
SSpalding,SFulton,32,4,0,12,6,0,44,10,0,36,18,54
SSpalding,Tri-Cities,124,23,0,22,40,0,146,63,0,147,62,209
SSpalding,Shannon,114,25,0,18,39,0,132,64,0,139,57,196
SSpalding,WCherokee,0,0,0,0,0,0,0,0,0,0,0,0
SSpalding,NCherokee,0,0,0,0,0,0,0,0,0,0,0,0
SSpalding,ECentCherokee,0,0,0,0,0,0,0,0,0,0,0,0
SSpalding,Woodstock,0,0,0,0,0,0,0,0,0,0,0,0
SSpalding,Airport,86,10,0,12,14,0,98,24,0,96,26,122
SSpalding,NEClayton,274,46,0,42,70,0,316,116,0,320,112,432
SSpalding,Riverdale,107,29,0,29,38,0,136,67,0,136,67,203
SSpalding,SClayton,432,78,0,122,312,0,554,390,0,510,434,944
SSpalding,NWCobb,2,1,0,1,10,0,3,11,0,3,11,14
SSpalding,NECobb,3,0,0,2,2,0,5,2,0,3,4,7
SSpalding,SWCobb,2,0,0,1,1,0,3,1,0,2,2,4
SSpalding,Marietta,4,2,0,1,2,0,5,4,0,6,3,9
SSpalding,Cumberland,38,6,0,6,8,0,44,14,0,44,14,58
SSpalding,SCobb,22,3,0,1,17,0,23,20,0,25,18,43
SSpalding,Chamblee,18,2,0,4,9,0,22,11,0,20,13,33
SSpalding,NWDeKalb,35,2,0,13,12,0,48,14,0,37,25,62
SSpalding,NEDeKalb,19,5,0,9,24,0,28,29,0,24,33,57
SSpalding,Atlanta-DeKalb,4,0,0,2,8,0,6,8,0,4,10,14
SSpalding,Decatur,7,0,0,2,6,0,9,6,0,7,8,15
SSpalding,SWDeKalb,23,2,0,5,15,0,28,17,0,25,20,45
SSpalding,SEDeKalb,20,2,0,2,6,0,22,8,0,22,8,30
SSpalding,SDeKalb,70,16,0,17,18,0,87,34,0,86,35,121
SSpalding,WDouglas,8,2,0,4,1,0,12,3,0,10,5,15
SSpalding,EDouglas,8,1,0,3,15,0,11,16,0,9,18,27
SSpalding,WFayette,612,109,0,187,390,0,799,499,0,721,577,1298
SSpalding,EFayette,681,131,0,343,656,0,1024,787,0,812,999,1811
SSpalding,NGwinnett,0,0,0,0,0,0,0,0,0,0,0,0
SSpalding,CentGwinnett,7,0,0,3,3,0,10,3,0,7,6,13
SSpalding,EGwinnett,2,0,0,1,0,0,3,0,0,2,1,3
SSpalding,Norcross,9,3,0,2,7,0,11,10,0,12,9,21
SSpalding,Lilburn,4,0,0,0,5,0,4,5,0,4,5,9
SSpalding,Snellville,7,2,0,2,3,0,9,5,0,9,5,14
SSpalding,NHenry,230,44,0,45,84,0,275,128,0,274,129,403
SSpalding,EHenry,245,38,0,50,96,0,295,134,0,283,146,429
SSpalding,SHenry,1700,304,0,529,1247,0,2229,1551,0,2004,1776,3780
SSpalding,SRockdale,32,4,0,9,21,0,41,25,0,36,30,66
SSpalding,NRockdale,46,11,0,1,5,0,47,16,0,57,6,63
SSpalding,NBarrow,0,0,0,0,0,0,0,0,0,0,0,0
SSpalding,SBarrow,0,0,0,0,0,0,0,0,0,0,0,0
SSpalding,NWBartow,0,0,0,0,0,0,0,0,0,0,0,0
SSpalding,NEBartow,0,0,0,0,0,0,0,0,0,0,0,0
SSpalding,SWBartow,0,0,0,0,0,0,0,0,0,0,0,0
SSpalding,Cartersville,0,0,0,0,0,0,0,0,0,0,0,0
SSpalding,NECarroll,3,0,0,1,0,0,4,0,0,3,1,4
SSpalding,WCarroll,0,0,0,0,0,0,0,0,0,0,0,0
SSpalding,CentralCarroll,5,2,0,3,2,0,8,4,0,7,5,12
SSpalding,SECarroll,2,0,0,0,0,0,2,0,0,2,0,2
SSpalding,WCoweta,38,7,0,10,8,0,48,15,0,45,18,63
SSpalding,NCoweta,299,51,0,61,148,0,360,199,0,350,209,559
SSpalding,SCoweta,47,14,0,14,70,0,61,84,0,61,84,145
SSpalding,SECoweta,346,51,0,158,315,0,504,366,0,397,473,870
SSpalding,NForsyth,0,0,0,0,0,0,0,0,0,0,0,0
SSpalding,Cumming,0,0,0,0,0,0,0,0,0,0,0,0
SSpalding,SForsyth,0,0,0,0,0,0,0,0,0,0,0,0
SSpalding,NHall,0,0,0,0,0,0,0,0,0,0,0,0
SSpalding,Gainesville,0,0,0,0,0,0,0,0,0,0,0,0
SSpalding,SHall,0,0,0,0,0,0,0,0,0,0,0,0
SSpalding,WNewton,107,21,0,16,21,0,123,42,0,128,37,165
SSpalding,ENewton,12,2,0,4,7,0,16,9,0,14,11,25
SSpalding,NPaulding,2,0,0,0,0,0,2,0,0,2,0,2
SSpalding,WPaulding,1,0,0,0,0,0,1,0,0,1,0,1
SSpalding,EPaulding,1,2,0,0,1,0,1,3,0,3,1,4
SSpalding,NSpalding,6115,1195,0,8512,15354,0,14627,16549,0,7310,23866,31176
SSpalding,SSpalding,10866,1956,0,13521,23110,0,24387,25066,0,12822,36631,49453
SSpalding,WWalton,2,2,0,0,1,0,2,3,0,4,1,5
SSpalding,EWalton,3,1,0,1,2,0,4,3,0,4,3,7
WWalton,NFulton,226,29,0,37,98,0,263,127,0,255,135,390
WWalton,Roswell,84,18,1,17,56,0,101,74,1,103,73,176
WWalton,SandySprings,166,28,0,52,74,0,218,102,0,194,126,320
WWalton,Buckhead,144,23,0,39,129,1,183,152,1,167,169,336
WWalton,NWAtlanta,47,11,0,11,29,0,58,40,0,58,40,98
WWalton,NEAtlanta,139,30,4,60,245,4,199,275,8,173,309,482
WWalton,SWAtlanta,38,4,2,16,52,2,54,56,4,44,70,114
WWalton,CBDAtlanta,112,22,7,42,189,5,154,211,12,141,236,377
WWalton,SEAtlanta,68,16,0,13,67,0,81,83,0,84,80,164
WWalton,SFulton,6,1,0,3,1,0,9,2,0,7,4,11
WWalton,Tri-Cities,96,22,0,13,17,1,109,39,1,118,31,149
WWalton,Shannon,16,5,0,3,28,0,19,33,0,21,31,52
WWalton,WCherokee,0,0,0,0,1,0,0,1,0,0,1,1
WWalton,NCherokee,1,0,0,0,1,0,1,1,0,1,1,2
WWalton,ECentCherokee,3,0,0,7,7,0,10,7,0,3,14,17
WWalton,Woodstock,3,0,0,2,1,0,5,1,0,3,3,6
WWalton,Airport,48,8,2,4,18,0,52,26,2,58,22,80
WWalton,NEClayton,85,12,0,16,67,0,101,79,0,97,83,180
WWalton,Riverdale,18,3,0,7,1,0,25,4,0,21,8,29
WWalton,SClayton,38,5,0,8,49,0,46,54,0,43,57,100
WWalton,NWCobb,12,2,0,7,1,0,19,3,0,14,8,22
WWalton,NECobb,40,6,0,8,9,0,48,15,0,46,17,63
WWalton,SWCobb,2,0,0,2,4,0,4,4,0,2,6,8
WWalton,Marietta,16,5,0,7,29,0,23,34,0,21,36,57
WWalton,Cumberland,104,11,0,13,24,0,117,35,0,115,37,152
WWalton,SCobb,27,5,0,3,18,0,30,23,0,32,21,53
WWalton,Chamblee,278,47,0,53,96,1,331,143,1,325,150,475
WWalton,NWDeKalb,288,55,1,92,247,0,380,302,1,344,339,683
WWalton,NEDeKalb,630,110,0,217,633,0,847,743,0,740,850,1590
WWalton,Atlanta-DeKalb,18,4,0,9,52,1,27,56,1,22,62,84
WWalton,Decatur,40,8,0,10,47,1,50,55,1,48,58,106
WWalton,SWDeKalb,114,18,1,48,99,1,162,117,2,133,148,281
WWalton,SEDeKalb,395,76,1,240,763,1,635,839,2,472,1004,1476
WWalton,SDeKalb,242,50,0,109,347,1,351,397,1,292,457,749
WWalton,WDouglas,0,0,0,1,5,0,1,5,0,0,6,6
WWalton,EDouglas,8,1,0,0,2,0,8,3,0,9,2,11
WWalton,WFayette,2,2,0,3,4,0,5,6,0,4,7,11
WWalton,EFayette,13,3,0,5,4,0,18,7,0,16,9,25
WWalton,NGwinnett,827,155,0,266,598,0,1093,753,0,982,864,1846
WWalton,CentGwinnett,2016,369,0,877,2228,1,2893,2597,1,2385,3106,5491
WWalton,EGwinnett,1414,256,0,1718,4898,0,3132,5154,0,1670,6616,8286
WWalton,Norcross,691,98,0,107,257,0,798,355,0,789,364,1153
WWalton,Lilburn,503,101,0,192,755,0,695,856,0,604,947,1551
WWalton,Snellville,2631,499,0,3465,9613,0,6096,10112,0,3130,13078,16208
WWalton,NHenry,102,14,0,29,65,0,131,79,0,116,94,210
WWalton,EHenry,82,12,0,25,28,0,107,40,0,94,53,147
WWalton,SHenry,111,17,0,34,29,0,145,46,0,128,63,191
WWalton,SRockdale,195,43,0,84,197,0,279,240,0,238,281,519
WWalton,NRockdale,1359,303,0,751,1914,0,2110,2217,0,1662,2665,4327
WWalton,NBarrow,414,88,0,162,387,0,576,475,0,502,549,1051
WWalton,SBarrow,480,110,0,274,749,0,754,859,0,590,1023,1613
WWalton,NWBartow,0,0,0,0,0,0,0,0,0,0,0,0
WWalton,NEBartow,0,0,0,0,0,0,0,0,0,0,0,0
WWalton,SWBartow,0,0,0,0,0,0,0,0,0,0,0,0
WWalton,Cartersville,1,0,0,0,0,0,1,0,0,1,0,1
WWalton,NECarroll,1,0,0,0,0,0,1,0,0,1,0,1
WWalton,WCarroll,0,0,0,0,0,0,0,0,0,0,0,0
WWalton,CentralCarroll,0,0,0,0,0,0,0,0,0,0,0,0
WWalton,SECarroll,0,0,0,0,0,0,0,0,0,0,0,0
WWalton,WCoweta,0,0,0,0,0,0,0,0,0,0,0,0
WWalton,NCoweta,1,1,0,1,4,0,2,5,0,2,5,7
WWalton,SCoweta,0,0,0,0,0,0,0,0,0,0,0,0
WWalton,SECoweta,0,0,0,0,0,0,0,0,0,0,0,0
WWalton,NForsyth,5,0,0,2,10,0,7,10,0,5,12,17
WWalton,Cumming,57,10,0,21,23,0,78,33,0,67,44,111
WWalton,SForsyth,98,15,0,14,23,0,112,38,0,113,37,150
WWalton,NHall,8,3,0,0,6,0,8,9,0,11,6,17
WWalton,Gainesville,77,20,0,13,92,0,90,112,0,97,105,202
WWalton,SHall,96,20,0,30,91,0,126,111,0,116,121,237
WWalton,WNewton,1803,365,0,1214,2996,1,3017,3361,1,2168,4211,6379
WWalton,ENewton,173,28,0,105,339,0,278,367,0,201,444,645
WWalton,NPaulding,0,0,0,0,0,0,0,0,0,0,0,0
WWalton,WPaulding,0,0,0,0,0,0,0,0,0,0,0,0
WWalton,EPaulding,1,1,0,1,1,0,2,2,0,2,2,4
WWalton,NSpalding,8,3,0,3,0,0,11,3,0,11,3,14
WWalton,SSpalding,2,1,0,1,1,0,3,2,0,3,2,5
WWalton,WWalton,7698,1386,0,15837,39137,0,23535,40523,0,9084,54974,64058
WWalton,EWalton,2299,467,0,2065,5567,0,4364,6034,0,2766,7632,10398
EWalton,NFulton,113,21,0,27,38,0,140,59,0,134,65,199
EWalton,Roswell,29,8,0,7,18,0,36,26,0,37,25,62
EWalton,SandySprings,63,14,0,18,34,0,81,48,0,77,52,129
EWalton,Buckhead,47,11,0,16,65,1,63,76,1,58,82,140
EWalton,NWAtlanta,16,5,0,7,7,0,23,12,0,21,14,35
EWalton,NEAtlanta,52,10,0,33,74,0,85,84,0,62,107,169
EWalton,SWAtlanta,10,0,0,13,11,0,23,11,0,10,24,34
EWalton,CBDAtlanta,28,5,1,23,61,0,51,66,1,34,84,118
EWalton,SEAtlanta,24,3,0,5,17,0,29,20,0,27,22,49
EWalton,SFulton,2,1,0,1,4,0,3,5,0,3,5,8
EWalton,Tri-Cities,19,2,0,7,12,1,26,14,1,21,20,41
EWalton,Shannon,6,2,0,1,17,0,7,19,0,8,18,26
EWalton,WCherokee,1,0,0,0,1,0,1,1,0,1,1,2
EWalton,NCherokee,0,0,0,0,1,0,0,1,0,0,1,1
EWalton,ECentCherokee,6,1,0,1,4,0,7,5,0,7,5,12
EWalton,Woodstock,4,0,0,0,4,0,4,4,0,4,4,8
EWalton,Airport,14,4,0,2,5,0,16,9,0,18,7,25
EWalton,NEClayton,40,4,0,17,7,0,57,11,0,44,24,68
EWalton,Riverdale,8,2,0,2,4,0,10,6,0,10,6,16
EWalton,SClayton,16,3,0,3,5,0,19,8,0,19,8,27
EWalton,NWCobb,1,1,0,1,5,0,2,6,0,2,6,8
EWalton,NECobb,8,1,0,5,4,0,13,5,0,9,9,18
EWalton,SWCobb,0,0,0,0,0,0,0,0,0,0,0,0
EWalton,Marietta,9,0,0,4,4,0,13,4,0,9,8,17
EWalton,Cumberland,32,3,0,11,17,0,43,20,0,35,28,63
EWalton,SCobb,8,0,0,3,0,0,11,0,0,8,3,11
EWalton,Chamblee,120,13,0,30,75,0,150,88,0,133,105,238
EWalton,NWDeKalb,84,20,1,34,134,0,118,154,1,105,168,273
EWalton,NEDeKalb,240,32,0,74,136,0,314,168,0,272,210,482
EWalton,Atlanta-DeKalb,8,0,0,9,6,0,17,6,0,8,15,23
EWalton,Decatur,13,2,0,10,26,0,23,28,0,15,36,51
EWalton,SWDeKalb,37,9,1,24,89,0,61,98,1,47,113,160
EWalton,SEDeKalb,155,27,0,51,57,0,206,84,0,182,108,290
EWalton,SDeKalb,128,29,0,33,66,0,161,95,0,157,99,256
EWalton,WDouglas,0,0,0,0,0,0,0,0,0,0,0,0
EWalton,EDouglas,1,0,0,5,0,0,6,0,0,1,5,6
EWalton,WFayette,0,2,0,1,0,0,1,2,0,2,1,3
EWalton,EFayette,7,0,0,0,5,0,7,5,0,7,5,12
EWalton,NGwinnett,715,132,0,162,383,0,877,515,0,847,545,1392
EWalton,CentGwinnett,1037,164,0,262,702,0,1299,866,0,1201,964,2165
EWalton,EGwinnett,960,186,0,443,1078,0,1403,1264,0,1146,1521,2667
EWalton,Norcross,297,66,0,55,64,0,352,130,0,363,119,482
EWalton,Lilburn,200,26,0,64,134,0,264,160,0,226,198,424
EWalton,Snellville,841,188,0,277,773,0,1118,961,0,1029,1050,2079
EWalton,NHenry,49,17,0,27,38,0,76,55,0,66,65,131
EWalton,EHenry,88,10,0,21,64,0,109,74,0,98,85,183
EWalton,SHenry,67,22,0,18,53,0,85,75,0,89,71,160
EWalton,SRockdale,137,22,0,28,100,0,165,122,0,159,128,287
EWalton,NRockdale,697,136,0,144,430,0,841,566,0,833,574,1407
EWalton,NBarrow,927,186,0,436,1302,0,1363,1488,0,1113,1738,2851
EWalton,SBarrow,1179,220,0,676,1968,0,1855,2188,0,1399,2644,4043
EWalton,NWBartow,0,0,0,0,0,0,0,0,0,0,0,0
EWalton,NEBartow,0,0,0,0,0,0,0,0,0,0,0,0
EWalton,SWBartow,0,0,0,0,0,0,0,0,0,0,0,0
EWalton,Cartersville,0,0,0,0,0,0,0,0,0,0,0,0
EWalton,NECarroll,0,0,0,0,0,0,0,0,0,0,0,0
EWalton,WCarroll,0,0,0,0,0,0,0,0,0,0,0,0
EWalton,CentralCarroll,0,0,0,0,0,0,0,0,0,0,0,0
EWalton,SECarroll,0,0,0,0,0,0,0,0,0,0,0,0
EWalton,WCoweta,0,0,0,0,0,0,0,0,0,0,0,0
EWalton,NCoweta,1,0,0,0,0,0,1,0,0,1,0,1
EWalton,SCoweta,0,0,0,0,0,0,0,0,0,0,0,0
EWalton,SECoweta,0,0,0,0,0,0,0,0,0,0,0,0
EWalton,NForsyth,12,2,0,3,4,0,15,6,0,14,7,21
EWalton,Cumming,49,5,0,8,24,0,57,29,0,54,32,86
EWalton,SForsyth,43,7,0,13,42,0,56,49,0,50,55,105
EWalton,NHall,10,2,0,2,3,0,12,5,0,12,5,17
EWalton,Gainesville,105,18,0,29,93,0,134,111,0,123,122,245
EWalton,SHall,121,21,0,50,70,0,171,91,0,142,120,262
EWalton,WNewton,1727,291,0,575,1483,0,2302,1774,0,2018,2058,4076
EWalton,ENewton,593,96,0,448,987,0,1041,1083,0,689,1435,2124
EWalton,NPaulding,0,0,0,0,0,0,0,0,0,0,0,0
EWalton,WPaulding,0,0,0,0,0,0,0,0,0,0,0,0
EWalton,EPaulding,1,0,0,0,0,0,1,0,0,1,0,1
EWalton,NSpalding,4,0,0,3,1,0,7,1,0,4,4,8
EWalton,SSpalding,4,1,0,2,2,0,6,3,0,5,4,9
EWalton,WWalton,2299,434,0,2051,5504,0,4350,5938,0,2733,7555,10288
EWalton,EWalton,18361,3575,0,27695,58701,0,46056,62276,0,21936,86396,108332
