FROM,TO,Work trips SOV,Work trips HOV,Work trips Transit,Non-work SOV,Non-work HOV,Non-work Transit,All SOV,All HOV,All Transit,Work trips All,Non-work All,All Trips
NFulton,NFulton,80706,15091,626,124811,209011,1117,205517,224102,1743,96423,334939,431362
NFulton,Roswell,17591,3274,183,22116,47204,378,39707,50478,561,21048,69698,90746
NFulton,SandySprings,7085,1245,283,2711,6141,145,9796,7386,428,8613,8997,17610
NFulton,Buckhead,2759,385,333,374,978,67,3133,1363,400,3477,1419,4896
NFulton,NWAtlanta,440,71,51,62,241,13,502,312,64,562,316,878
NFulton,NEAtlanta,1448,247,342,222,589,106,1670,836,448,2037,917,2954
NFulton,SWAtlanta,329,63,56,64,117,19,393,180,75,448,200,648
NFulton,CBDAtlanta,708,169,513,112,434,99,820,603,612,1390,645,2035
NFulton,SEAtlanta,270,89,46,54,140,14,324,229,60,405,208,613
NFulton,SFulton,84,9,0,30,55,0,114,64,0,93,85,178
NFulton,Tri-Cities,225,51,30,52,123,2,277,174,32,306,177,483
NFulton,Shannon,96,12,5,29,25,6,125,37,11,113,60,173
NFulton,WCherokee,454,79,0,115,353,0,569,432,0,533,468,1001
NFulton,NCherokee,377,72,0,113,294,0,490,366,0,449,407,856
NFulton,ECentCherokee,6400,1120,11,3723,10720,5,10123,11840,16,7531,14448,21979
NFulton,Woodstock,3403,609,2,2154,5332,5,5557,5941,7,4014,7491,11505
NFulton,Airport,76,21,23,6,27,0,82,48,23,120,33,153
NFulton,NEClayton,164,46,7,41,74,1,205,120,8,217,116,333
NFulton,Riverdale,82,18,3,16,21,3,98,39,6,103,40,143
NFulton,SClayton,77,12,3,12,32,1,89,44,4,92,45,137
NFulton,NWCobb,1582,320,5,471,965,19,2053,1285,24,1907,1455,3362
NFulton,NECobb,5092,985,13,3340,8500,8,8432,9485,21,6090,11848,17938
NFulton,SWCobb,251,43,2,48,122,0,299,165,2,296,170,466
NFulton,Marietta,913,173,5,294,627,19,1207,800,24,1091,940,2031
NFulton,Cumberland,1974,348,27,344,770,11,2318,1118,38,2349,1125,3474
NFulton,SCobb,461,70,9,90,182,0,551,252,9,540,272,812
NFulton,Chamblee,4839,827,202,1556,4024,79,6395,4851,281,5868,5659,11527
NFulton,NWDeKalb,1025,180,32,242,912,34,1267,1092,66,1237,1188,2425
NFulton,NEDeKalb,1532,261,16,418,1010,18,1950,1271,34,1809,1446,3255
NFulton,Atlanta-DeKalb,124,23,15,19,95,3,143,118,18,162,117,279
NFulton,Decatur,168,16,11,30,39,3,198,55,14,195,72,267
NFulton,SWDeKalb,347,54,32,71,130,2,418,184,34,433,203,636
NFulton,SEDeKalb,411,60,12,81,124,5,492,184,17,483,210,693
NFulton,SDeKalb,286,49,5,71,104,6,357,153,11,340,181,521
NFulton,WDouglas,60,12,1,20,29,0,80,41,1,73,49,122
NFulton,EDouglas,142,12,2,41,77,0,183,89,2,156,118,274
NFulton,WFayette,29,6,0,5,45,0,34,51,0,35,50,85
NFulton,EFayette,38,10,1,9,38,0,47,48,1,49,47,96
NFulton,NGwinnett,5687,1004,1,2601,6750,8,8288,7754,9,6692,9359,16051
NFulton,CentGwinnett,9955,1972,23,8673,20404,45,18628,22376,68,11950,29122,41072
NFulton,EGwinnett,929,151,0,191,340,0,1120,491,0,1080,531,1611
NFulton,Norcross,7274,1462,29,4611,11433,38,11885,12895,67,8765,16082,24847
NFulton,Lilburn,939,177,1,407,979,2,1346,1156,3,1117,1388,2505
NFulton,Snellville,894,147,0,234,526,2,1128,673,2,1041,762,1803
NFulton,NHenry,108,12,0,20,28,0,128,40,0,120,48,168
NFulton,EHenry,44,3,0,12,19,0,56,22,0,47,31,78
NFulton,SHenry,64,11,0,13,7,0,77,18,0,75,20,95
NFulton,SRockdale,82,19,1,13,9,0,95,28,1,102,22,124
NFulton,NRockdale,104,18,0,31,47,1,135,65,1,122,79,201
NFulton,NBarrow,319,47,0,59,73,0,378,120,0,366,132,498
NFulton,SBarrow,216,40,0,30,62,0,246,102,0,256,92,348
NFulton,NWBartow,37,6,0,15,27,0,52,33,0,43,42,85
NFulton,NEBartow,76,13,0,33,53,0,109,66,0,89,86,175
NFulton,SWBartow,74,18,0,23,87,0,97,105,0,92,110,202
NFulton,Cartersville,232,45,0,72,114,0,304,159,0,277,186,463
NFulton,NECarroll,14,0,0,4,3,0,18,3,0,14,7,21
NFulton,WCarroll,1,0,0,0,1,0,1,1,0,1,1,2
NFulton,CentralCarroll,5,0,0,2,2,0,7,2,0,5,4,9
NFulton,SECarroll,1,0,0,0,0,0,1,0,0,1,0,1
NFulton,WCoweta,4,1,0,3,2,0,7,3,0,5,5,10
NFulton,NCoweta,17,1,0,4,9,0,21,10,0,18,13,31
NFulton,SCoweta,1,0,0,0,0,0,1,0,0,1,0,1
NFulton,SECoweta,3,0,0,1,0,0,4,0,0,3,1,4
NFulton,NForsyth,3471,557,0,665,1781,1,4136,2338,1,4028,2447,6475
NFulton,Cumming,12275,2180,19,4871,13822,19,17146,16002,38,14474,18712,33186
NFulton,SForsyth,16318,3064,60,17204,36854,70,33522,39918,130,19442,54128,73570
NFulton,NHall,301,43,0,47,143,0,348,186,0,344,190,534
NFulton,Gainesville,707,121,1,107,291,0,814,412,1,829,398,1227
NFulton,SHall,884,151,1,179,351,0,1063,502,1,1036,530,1566
NFulton,WNewton,112,19,0,29,46,0,141,65,0,131,75,206
NFulton,ENewton,10,2,0,2,4,0,12,6,0,12,6,18
NFulton,NPaulding,108,17,0,33,46,0,141,63,0,125,79,204
NFulton,WPaulding,28,5,0,19,12,0,47,17,0,33,31,64
NFulton,EPaulding,256,41,1,67,53,0,323,94,1,298,120,418
NFulton,NSpalding,4,2,0,4,52,0,8,54,0,6,56,62
NFulton,SSpalding,3,0,0,1,0,0,4,0,0,3,1,4
NFulton,WWalton,218,34,1,41,85,1,259,119,2,253,127,380
NFulton,EWalton,115,20,0,37,41,0,152,61,0,135,78,213
Roswell,NFulton,17735,3301,170,22160,47143,366,39895,50444,536,21206,69669,90875
Roswell,Roswell,27710,4957,223,58123,111155,535,85833,116112,758,32890,169813,202703
Roswell,SandySprings,7421,1198,216,6463,14254,259,13884,15452,475,8835,20976,29811
Roswell,Buckhead,2287,356,273,479,1313,84,2766,1669,357,2916,1876,4792
Roswell,NWAtlanta,357,58,28,57,151,7,414,209,35,443,215,658
Roswell,NEAtlanta,1169,207,287,235,561,127,1404,768,414,1663,923,2586
Roswell,SWAtlanta,254,50,31,47,69,21,301,119,52,335,137,472
Roswell,CBDAtlanta,677,155,604,113,382,109,790,537,713,1436,604,2040
Roswell,SEAtlanta,185,57,36,40,83,13,225,140,49,278,136,414
Roswell,SFulton,84,7,1,17,20,0,101,27,1,92,37,129
Roswell,Tri-Cities,189,55,17,29,59,4,218,114,21,261,92,353
Roswell,Shannon,73,11,0,15,37,2,88,48,2,84,54,138
Roswell,WCherokee,191,32,0,48,159,0,239,191,0,223,207,430
Roswell,NCherokee,108,17,0,37,94,0,145,111,0,125,131,256
Roswell,ECentCherokee,2169,395,2,1140,3494,0,3309,3889,2,2566,4634,7200
Roswell,Woodstock,2685,430,8,1612,4604,2,4297,5034,10,3123,6218,9341
Roswell,Airport,76,15,46,10,11,0,86,26,46,137,21,158
Roswell,NEClayton,109,30,1,17,51,1,126,81,2,140,69,209
Roswell,Riverdale,54,9,0,11,20,0,65,29,0,63,31,94
Roswell,SClayton,45,6,0,20,26,0,65,32,0,51,46,97
Roswell,NWCobb,1231,235,1,490,1139,20,1721,1374,21,1467,1649,3116
Roswell,NECobb,5967,1063,11,6802,16902,5,12769,17965,16,7041,23709,30750
Roswell,SWCobb,225,31,0,72,108,0,297,139,0,256,180,436
Roswell,Marietta,935,165,3,423,738,26,1358,903,29,1103,1187,2290
Roswell,Cumberland,1716,284,23,581,1357,11,2297,1641,34,2023,1949,3972
Roswell,SCobb,338,59,4,92,269,2,430,328,6,401,363,764
Roswell,Chamblee,4179,728,105,2556,6499,92,6735,7227,197,5012,9147,14159
Roswell,NWDeKalb,766,139,17,220,769,33,986,908,50,922,1022,1944
Roswell,NEDeKalb,1075,160,10,489,1248,14,1564,1408,24,1245,1751,2996
Roswell,Atlanta-DeKalb,83,3,13,21,36,3,104,39,16,99,60,159
Roswell,Decatur,100,10,14,22,116,10,122,126,24,124,148,272
Roswell,SWDeKalb,205,37,10,47,138,2,252,175,12,252,187,439
Roswell,SEDeKalb,203,39,11,55,124,0,258,163,11,253,179,432
Roswell,SDeKalb,198,23,3,36,89,2,234,112,5,224,127,351
Roswell,WDouglas,46,10,1,10,9,0,56,19,1,57,19,76
Roswell,EDouglas,119,22,1,29,50,0,148,72,1,142,79,221
Roswell,WFayette,23,1,1,3,1,0,26,2,1,25,4,29
Roswell,EFayette,21,4,0,14,27,0,35,31,0,25,41,66
Roswell,NGwinnett,1165,163,1,306,860,2,1471,1023,3,1329,1168,2497
Roswell,CentGwinnett,2397,408,2,1338,3162,2,3735,3570,4,2807,4502,7309
Roswell,EGwinnett,266,47,0,56,106,0,322,153,0,313,162,475
Roswell,Norcross,5011,875,13,4484,10514,11,9495,11389,24,5899,15009,20908
Roswell,Lilburn,515,69,3,249,638,1,764,707,4,587,888,1475
Roswell,Snellville,345,49,1,73,181,0,418,230,1,395,254,649
Roswell,NHenry,83,9,0,22,50,0,105,59,0,92,72,164
Roswell,EHenry,34,2,0,7,7,0,41,9,0,36,14,50
Roswell,SHenry,56,3,0,13,26,0,69,29,0,59,39,98
Roswell,SRockdale,48,3,0,9,33,0,57,36,0,51,42,93
Roswell,NRockdale,54,6,0,11,3,0,65,9,0,60,14,74
Roswell,NBarrow,89,13,0,25,72,0,114,85,0,102,97,199
Roswell,SBarrow,72,10,0,18,21,0,90,31,0,82,39,121
Roswell,NWBartow,39,3,0,2,16,0,41,19,0,42,18,60
Roswell,NEBartow,26,8,0,21,56,0,47,64,0,34,77,111
Roswell,SWBartow,44,9,0,18,61,0,62,70,0,53,79,132
Roswell,Cartersville,162,31,0,44,46,0,206,77,0,193,90,283
Roswell,NECarroll,17,0,0,6,8,0,23,8,0,17,14,31
Roswell,WCarroll,0,0,0,0,1,0,0,1,0,0,1,1
Roswell,CentralCarroll,4,0,0,5,17,0,9,17,0,4,22,26
Roswell,SECarroll,0,0,0,0,0,0,0,0,0,0,0,0
Roswell,WCoweta,1,0,0,1,0,0,2,0,0,1,1,2
Roswell,NCoweta,16,5,0,4,26,0,20,31,0,21,30,51
Roswell,SCoweta,2,1,0,1,0,0,3,1,0,3,1,4
Roswell,SECoweta,2,0,0,0,0,0,2,0,0,2,0,2
Roswell,NForsyth,796,155,1,151,422,1,947,577,2,952,574,1526
Roswell,Cumming,2502,482,3,692,2200,2,3194,2682,5,2987,2894,5881
Roswell,SForsyth,2335,455,1,1327,3748,15,3662,4203,16,2791,5090,7881
Roswell,NHall,64,10,0,19,65,0,83,75,0,74,84,158
Roswell,Gainesville,151,25,0,44,61,0,195,86,0,176,105,281
Roswell,SHall,189,31,0,48,128,0,237,159,0,220,176,396
Roswell,WNewton,53,10,0,11,15,0,64,25,0,63,26,89
Roswell,ENewton,4,0,0,3,0,0,7,0,0,4,3,7
Roswell,NPaulding,99,24,0,25,70,0,124,94,0,123,95,218
Roswell,WPaulding,16,6,0,5,28,0,21,34,0,22,33,55
Roswell,EPaulding,199,28,0,52,134,0,251,162,0,227,186,413
Roswell,NSpalding,7,1,0,5,0,0,12,1,0,8,5,13
Roswell,SSpalding,1,1,0,1,2,0,2,3,0,2,3,5
Roswell,WWalton,72,15,0,16,14,0,88,29,0,87,30,117
Roswell,EWalton,38,5,0,12,13,0,50,18,0,43,25,68
SandySprings,NFulton,7180,1192,286,2801,6313,147,9981,7505,433,8658,9261,17919
SandySprings,Roswell,7545,1267,225,6461,14497,259,14006,15764,484,9037,21217,30254
SandySprings,SandySprings,46395,7444,1390,82849,101254,1467,129244,108698,2857,55229,185570,240799
SandySprings,Buckhead,11116,1610,1072,8379,13798,545,19495,15408,1617,13798,22722,36520
SandySprings,NWAtlanta,1802,300,363,547,1010,93,2349,1310,456,2465,1650,4115
SandySprings,NEAtlanta,5071,782,1469,1454,2416,425,6525,3198,1894,7322,4295,11617
SandySprings,SWAtlanta,1543,279,446,267,547,119,1810,826,565,2268,933,3201
SandySprings,CBDAtlanta,2421,488,1978,552,964,361,2973,1452,2339,4887,1877,6764
SandySprings,SEAtlanta,1040,261,444,178,408,82,1218,669,526,1745,668,2413
SandySprings,SFulton,506,80,37,105,210,8,611,290,45,623,323,946
SandySprings,Tri-Cities,876,194,266,80,139,26,956,333,292,1336,245,1581
SandySprings,Shannon,559,80,83,68,142,11,627,222,94,722,221,943
SandySprings,WCherokee,205,44,1,41,93,2,246,137,3,250,136,386
SandySprings,NCherokee,79,14,0,25,108,0,104,122,0,93,133,226
SandySprings,ECentCherokee,1392,268,2,348,793,5,1740,1061,7,1662,1146,2808
SandySprings,Woodstock,1955,302,12,464,1058,10,2419,1360,22,2269,1532,3801
SandySprings,Airport,271,61,158,24,51,4,295,112,162,490,79,569
SandySprings,NEClayton,484,123,71,54,158,9,538,281,80,678,221,899
SandySprings,Riverdale,408,117,85,54,131,4,462,248,89,610,189,799
SandySprings,SClayton,308,88,26,38,71,5,346,159,31,422,114,536
SandySprings,NWCobb,2705,445,26,494,918,19,3199,1363,45,3176,1431,4607
SandySprings,NECobb,7718,1309,72,6060,11797,44,13778,13106,116,9099,17901,27000
SandySprings,SWCobb,954,135,8,178,439,6,1132,574,14,1097,623,1720
SandySprings,Marietta,2041,288,21,870,1262,18,2911,1550,39,2350,2150,4500
SandySprings,Cumberland,8432,1309,102,6595,9217,104,15027,10526,206,9843,15916,25759
SandySprings,SCobb,2111,337,60,677,1279,11,2788,1616,71,2508,1967,4475
SandySprings,Chamblee,20752,3350,689,28735,36690,601,49487,40040,1290,24791,66026,90817
SandySprings,NWDeKalb,3079,445,212,1097,1899,113,4176,2344,325,3736,3109,6845
SandySprings,NEDeKalb,4645,715,158,1630,2931,95,6275,3646,253,5518,4656,10174
SandySprings,Atlanta-DeKalb,522,83,170,105,125,23,627,208,193,775,253,1028
SandySprings,Decatur,530,83,123,108,176,24,638,259,147,736,308,1044
SandySprings,SWDeKalb,1490,249,249,175,372,37,1665,621,286,1988,584,2572
SandySprings,SEDeKalb,1520,261,104,202,463,30,1722,724,134,1885,695,2580
SandySprings,SDeKalb,1106,190,50,155,267,13,1261,457,63,1346,435,1781
SandySprings,WDouglas,372,48,5,69,108,5,441,156,10,425,182,607
SandySprings,EDouglas,690,104,27,99,116,3,789,220,30,821,218,1039
SandySprings,WFayette,108,13,2,33,44,3,141,57,5,123,80,203
SandySprings,EFayette,160,27,11,38,84,1,198,111,12,198,123,321
SandySprings,NGwinnett,1973,330,25,311,671,13,2284,1001,38,2328,995,3323
SandySprings,CentGwinnett,3682,618,53,795,1541,33,4477,2159,86,4353,2369,6722
SandySprings,EGwinnett,718,127,3,114,176,3,832,303,6,848,293,1141
SandySprings,Norcross,6227,1032,114,4354,8079,116,10581,9111,230,7373,12549,19922
SandySprings,Lilburn,1512,211,33,384,907,11,1896,1118,44,1756,1302,3058
SandySprings,Snellville,1053,169,10,166,318,21,1219,487,31,1232,505,1737
SandySprings,NHenry,479,84,31,63,88,1,542,172,32,594,152,746
SandySprings,EHenry,203,22,3,24,60,0,227,82,3,228,84,312
SandySprings,SHenry,228,58,13,50,69,3,278,127,16,299,122,421
SandySprings,SRockdale,324,49,6,35,53,3,359,102,9,379,91,470
SandySprings,NRockdale,335,52,15,41,48,1,376,100,16,402,90,492
SandySprings,NBarrow,183,43,0,31,76,0,214,119,0,226,107,333
SandySprings,SBarrow,180,22,0,31,128,0,211,150,0,202,159,361
SandySprings,NWBartow,74,10,0,18,35,0,92,45,0,84,53,137
SandySprings,NEBartow,73,9,0,26,39,0,99,48,0,82,65,147
SandySprings,SWBartow,117,21,0,34,85,0,151,106,0,138,119,257
SandySprings,Cartersville,374,46,1,67,83,0,441,129,1,421,150,571
SandySprings,NECarroll,72,5,1,12,32,0,84,37,1,78,44,122
SandySprings,WCarroll,5,2,0,1,0,0,6,2,0,7,1,8
SandySprings,CentralCarroll,35,4,0,15,22,0,50,26,0,39,37,76
SandySprings,SECarroll,11,0,0,2,2,0,13,2,0,11,4,15
SandySprings,WCoweta,24,4,0,2,26,0,26,30,0,28,28,56
SandySprings,NCoweta,174,27,10,43,44,3,217,71,13,211,90,301
SandySprings,SCoweta,8,0,0,0,2,0,8,2,0,8,2,10
SandySprings,SECoweta,19,3,0,5,6,0,24,9,0,22,11,33
SandySprings,NForsyth,671,107,1,133,338,3,804,445,4,779,474,1253
SandySprings,Cumming,1901,313,14,410,1013,31,2311,1326,45,2228,1454,3682
SandySprings,SForsyth,1431,236,20,371,1010,35,1802,1246,55,1687,1416,3103
SandySprings,NHall,56,9,0,12,19,0,68,28,0,65,31,96
SandySprings,Gainesville,136,19,0,35,84,0,171,103,0,155,119,274
SandySprings,SHall,362,42,1,47,113,1,409,155,2,405,161,566
SandySprings,WNewton,362,45,8,44,105,1,406,150,9,415,150,565
SandySprings,ENewton,26,3,0,4,23,0,30,26,0,29,27,56
SandySprings,NPaulding,311,43,0,35,79,0,346,122,0,354,114,468
SandySprings,WPaulding,98,8,0,25,22,0,123,30,0,106,47,153
SandySprings,EPaulding,788,114,3,119,380,2,907,494,5,905,501,1406
SandySprings,NSpalding,38,7,0,4,12,0,42,19,0,45,16,61
SandySprings,SSpalding,21,7,0,2,2,0,23,9,0,28,4,32
SandySprings,WWalton,216,30,1,42,112,0,258,142,1,247,154,401
SandySprings,EWalton,70,7,0,13,36,0,83,43,0,77,49,126
Buckhead,NFulton,2621,410,312,378,919,72,2999,1329,384,3343,1369,4712
Buckhead,Roswell,2128,347,261,493,1362,89,2621,1709,350,2736,1944,4680
Buckhead,SandySprings,11305,1601,1042,8436,13555,566,19741,15156,1608,13948,22557,36505
Buckhead,Buckhead,42452,5551,2272,77943,68653,2619,120395,74204,4891,50275,149215,199490
Buckhead,NWAtlanta,4852,900,537,6507,8134,464,11359,9034,1001,6289,15105,21394
Buckhead,NEAtlanta,13958,1977,1649,17384,16653,1472,31342,18630,3121,17584,35509,53093
Buckhead,SWAtlanta,2588,544,912,1125,2158,380,3713,2702,1292,4044,3663,7707
Buckhead,CBDAtlanta,5887,943,2672,3587,4046,1342,9474,4989,4014,9502,8975,18477
Buckhead,SEAtlanta,2173,560,692,930,2008,381,3103,2568,1073,3425,3319,6744
Buckhead,SFulton,703,125,80,208,444,7,911,569,87,908,659,1567
Buckhead,Tri-Cities,1766,405,633,271,769,213,2037,1174,846,2804,1253,4057
Buckhead,Shannon,1005,225,237,120,316,36,1125,541,273,1467,472,1939
Buckhead,WCherokee,127,22,0,35,95,0,162,117,0,149,130,279
Buckhead,NCherokee,36,13,1,19,18,0,55,31,1,50,37,87
Buckhead,ECentCherokee,708,129,5,143,444,3,851,573,8,842,590,1432
Buckhead,Woodstock,1170,188,22,179,409,2,1349,597,24,1380,590,1970
Buckhead,Airport,643,126,435,47,100,20,690,226,455,1204,167,1371
Buckhead,NEClayton,999,282,107,197,407,25,1196,689,132,1388,629,2017
Buckhead,Riverdale,763,229,147,100,282,20,863,511,167,1139,402,1541
Buckhead,SClayton,564,148,57,82,282,6,646,430,63,769,370,1139
Buckhead,NWCobb,2357,397,64,417,860,37,2774,1257,101,2818,1314,4132
Buckhead,NECobb,2896,528,83,1175,2557,27,4071,3085,110,3507,3759,7266
Buckhead,SWCobb,775,163,24,232,628,6,1007,791,30,962,866,1828
Buckhead,Marietta,1728,282,45,687,1342,60,2415,1624,105,2055,2089,4144
Buckhead,Cumberland,8512,1311,290,8376,10711,230,16888,12022,520,10113,19317,29430
Buckhead,SCobb,2571,455,136,1189,2789,37,3760,3244,173,3162,4015,7177
Buckhead,Chamblee,12128,1977,1323,12338,19477,874,24466,21454,2197,15428,32689,48117
Buckhead,NWDeKalb,5891,966,305,6892,8667,360,12783,9633,665,7162,15919,23081
Buckhead,NEDeKalb,4246,716,393,1811,3219,222,6057,3935,615,5355,5252,10607
Buckhead,Atlanta-DeKalb,1025,185,204,718,1138,125,1743,1323,329,1414,1981,3395
Buckhead,Decatur,873,118,193,445,751,107,1318,869,300,1184,1303,2487
Buckhead,SWDeKalb,2083,367,475,602,1268,184,2685,1635,659,2925,2054,4979
Buckhead,SEDeKalb,1846,317,347,310,744,66,2156,1061,413,2510,1120,3630
Buckhead,SDeKalb,1532,329,155,294,732,46,1826,1061,201,2016,1072,3088
Buckhead,WDouglas,472,82,23,95,209,1,567,291,24,577,305,882
Buckhead,EDouglas,845,151,59,198,527,8,1043,678,67,1055,733,1788
Buckhead,WFayette,194,39,10,51,95,0,245,134,10,243,146,389
Buckhead,EFayette,278,72,21,61,203,2,339,275,23,371,266,637
Buckhead,NGwinnett,1261,222,29,180,488,10,1441,710,39,1512,678,2190
Buckhead,CentGwinnett,2515,456,98,390,981,39,2905,1437,137,3069,1410,4479
Buckhead,EGwinnett,502,91,4,78,236,0,580,327,4,597,314,911
Buckhead,Norcross,3587,652,288,1058,2311,113,4645,2963,401,4527,3482,8009
Buckhead,Lilburn,1051,171,40,240,544,12,1291,715,52,1262,796,2058
Buckhead,Snellville,820,134,24,168,405,10,988,539,34,978,583,1561
Buckhead,NHenry,591,125,36,88,301,5,679,426,41,752,394,1146
Buckhead,EHenry,225,56,4,45,130,1,270,186,5,285,176,461
Buckhead,SHenry,461,115,22,91,187,2,552,302,24,598,280,878
Buckhead,SRockdale,340,73,24,39,167,3,379,240,27,437,209,646
Buckhead,NRockdale,323,63,22,52,147,4,375,210,26,408,203,611
Buckhead,NBarrow,106,18,0,22,49,0,128,67,0,124,71,195
Buckhead,SBarrow,96,11,0,20,53,0,116,64,0,107,73,180
Buckhead,NWBartow,56,14,1,14,20,0,70,34,1,71,34,105
Buckhead,NEBartow,49,9,0,30,40,0,79,49,0,58,70,128
Buckhead,SWBartow,87,22,0,45,161,0,132,183,0,109,206,315
Buckhead,Cartersville,284,49,4,62,152,1,346,201,5,337,215,552
Buckhead,NECarroll,83,14,2,32,46,1,115,60,3,99,79,178
Buckhead,WCarroll,9,2,0,7,15,0,16,17,0,11,22,33
Buckhead,CentralCarroll,55,16,1,21,28,0,76,44,1,72,49,121
Buckhead,SECarroll,13,4,0,10,8,0,23,12,0,17,18,35
Buckhead,WCoweta,48,10,0,16,19,0,64,29,0,58,35,93
Buckhead,NCoweta,336,80,23,67,116,5,403,196,28,439,188,627
Buckhead,SCoweta,19,4,0,10,20,0,29,24,0,23,30,53
Buckhead,SECoweta,41,8,0,14,56,0,55,64,0,49,70,119
Buckhead,NForsyth,220,29,0,58,235,9,278,264,9,249,302,551
Buckhead,Cumming,644,111,20,129,454,5,773,565,25,775,588,1363
Buckhead,SForsyth,534,92,19,84,344,10,618,436,29,645,438,1083
Buckhead,NHall,17,2,0,11,45,0,28,47,0,19,56,75
Buckhead,Gainesville,46,11,0,14,49,0,60,60,0,57,63,120
Buckhead,SHall,196,44,1,40,175,1,236,219,2,241,216,457
Buckhead,WNewton,391,83,16,57,136,3,448,219,19,490,196,686
Buckhead,ENewton,38,7,0,8,62,1,46,69,1,45,71,116
Buckhead,NPaulding,227,40,0,54,136,0,281,176,0,267,190,457
Buckhead,WPaulding,67,12,0,26,55,0,93,67,0,79,81,160
Buckhead,EPaulding,670,125,8,129,333,2,799,458,10,803,464,1267
Buckhead,NSpalding,65,20,1,12,100,0,77,120,1,86,112,198
Buckhead,SSpalding,23,12,0,4,56,0,27,68,0,35,60,95
Buckhead,WWalton,117,30,2,39,82,0,156,112,2,149,121,270
Buckhead,EWalton,46,13,0,20,61,0,66,74,0,59,81,140
NWAtlanta,NFulton,455,68,57,79,162,12,534,230,69,580,253,833
NWAtlanta,Roswell,325,52,25,65,145,5,390,197,30,402,215,617
NWAtlanta,SandySprings,1765,336,374,533,1016,108,2298,1352,482,2475,1657,4132
NWAtlanta,Buckhead,4681,883,553,6527,7817,447,11208,8700,1000,6117,14791,20908
NWAtlanta,NWAtlanta,8577,2038,387,18342,29341,971,26919,31379,1358,11002,48654,59656
NWAtlanta,NEAtlanta,6615,1301,846,10393,13272,1277,17008,14573,2123,8762,24942,33704
NWAtlanta,SWAtlanta,3844,894,307,6216,13311,844,10060,14205,1151,5045,20371,25416
NWAtlanta,CBDAtlanta,4871,933,1727,6366,8468,2209,11237,9401,3936,7531,17043,24574
NWAtlanta,SEAtlanta,1555,365,174,1724,3273,257,3279,3638,431,2094,5254,7348
NWAtlanta,SFulton,902,165,13,522,1106,11,1424,1271,24,1080,1639,2719
NWAtlanta,Tri-Cities,1481,330,207,820,1525,169,2301,1855,376,2018,2514,4532
NWAtlanta,Shannon,800,167,60,208,509,37,1008,676,97,1027,754,1781
NWAtlanta,WCherokee,62,8,0,7,55,0,69,63,0,70,62,132
NWAtlanta,NCherokee,21,2,0,5,19,0,26,21,0,23,24,47
NWAtlanta,ECentCherokee,252,33,0,34,82,0,286,115,0,285,116,401
NWAtlanta,Woodstock,409,97,2,50,143,0,459,240,2,508,193,701
NWAtlanta,Airport,602,102,331,119,108,32,721,210,363,1035,259,1294
NWAtlanta,NEClayton,674,169,39,218,467,16,892,636,55,882,701,1583
NWAtlanta,Riverdale,554,113,33,90,304,17,644,417,50,700,411,1111
NWAtlanta,SClayton,361,85,11,64,166,3,425,251,14,457,233,690
NWAtlanta,NWCobb,877,178,11,163,331,15,1040,509,26,1066,509,1575
NWAtlanta,NECobb,970,183,7,266,547,2,1236,730,9,1160,815,1975
NWAtlanta,SWCobb,699,127,4,245,542,5,944,669,9,830,792,1622
NWAtlanta,Marietta,769,144,24,375,556,29,1144,700,53,937,960,1897
NWAtlanta,Cumberland,4455,891,154,4483,6594,119,8938,7485,273,5500,11196,16696
NWAtlanta,SCobb,2947,582,46,2695,6069,69,5642,6651,115,3575,8833,12408
NWAtlanta,Chamblee,1867,375,396,644,1160,126,2511,1535,522,2638,1930,4568
NWAtlanta,NWDeKalb,1416,269,172,914,1473,154,2330,1742,326,1857,2541,4398
NWAtlanta,NEDeKalb,1061,229,116,285,494,92,1346,723,208,1406,871,2277
NWAtlanta,Atlanta-DeKalb,444,86,72,341,678,65,785,764,137,602,1084,1686
NWAtlanta,Decatur,347,73,95,147,300,70,494,373,165,515,517,1032
NWAtlanta,SWDeKalb,841,163,157,332,832,113,1173,995,270,1161,1277,2438
NWAtlanta,SEDeKalb,659,149,91,111,254,52,770,403,143,899,417,1316
NWAtlanta,SDeKalb,799,204,45,234,754,40,1033,958,85,1048,1028,2076
NWAtlanta,WDouglas,637,85,3,98,422,3,735,507,6,725,523,1248
NWAtlanta,EDouglas,1172,240,10,520,1384,12,1692,1624,22,1422,1916,3338
NWAtlanta,WFayette,196,31,3,33,67,1,229,98,4,230,101,331
NWAtlanta,EFayette,208,43,3,52,99,0,260,142,3,254,151,405
NWAtlanta,NGwinnett,328,63,3,50,129,2,378,192,5,394,181,575
NWAtlanta,CentGwinnett,615,134,16,83,184,9,698,318,25,765,276,1041
NWAtlanta,EGwinnett,128,28,0,17,74,1,145,102,1,156,92,248
NWAtlanta,Norcross,780,175,54,142,318,16,922,493,70,1009,476,1485
NWAtlanta,Lilburn,247,54,7,62,162,2,309,216,9,308,226,534
NWAtlanta,Snellville,282,40,3,45,130,2,327,170,5,325,177,502
NWAtlanta,NHenry,334,54,7,60,177,1,394,231,8,395,238,633
NWAtlanta,EHenry,157,40,0,19,65,0,176,105,0,197,84,281
NWAtlanta,SHenry,311,62,3,45,94,2,356,156,5,376,141,517
NWAtlanta,SRockdale,137,28,1,16,51,3,153,79,4,166,70,236
NWAtlanta,NRockdale,189,31,1,38,54,1,227,85,2,221,93,314
NWAtlanta,NBarrow,34,9,0,4,18,0,38,27,0,43,22,65
NWAtlanta,SBarrow,34,3,0,5,23,1,39,26,1,37,29,66
NWAtlanta,NWBartow,20,3,0,2,4,0,22,7,0,23,6,29
NWAtlanta,NEBartow,21,5,0,6,32,0,27,37,0,26,38,64
NWAtlanta,SWBartow,52,4,0,9,37,0,61,41,0,56,46,102
NWAtlanta,Cartersville,132,24,0,26,37,1,158,61,1,156,64,220
NWAtlanta,NECarroll,159,36,0,26,39,0,185,75,0,195,65,260
NWAtlanta,WCarroll,10,1,0,6,8,0,16,9,0,11,14,25
NWAtlanta,CentralCarroll,97,15,0,24,41,0,121,56,0,112,65,177
NWAtlanta,SECarroll,12,5,0,3,16,0,15,21,0,17,19,36
NWAtlanta,WCoweta,80,14,0,12,11,0,92,25,0,94,23,117
NWAtlanta,NCoweta,361,65,4,58,144,2,419,209,6,430,204,634
NWAtlanta,SCoweta,22,3,0,5,21,0,27,24,0,25,26,51
NWAtlanta,SECoweta,53,7,0,7,45,0,60,52,0,60,52,112
NWAtlanta,NForsyth,48,13,0,13,53,1,61,66,1,61,67,128
NWAtlanta,Cumming,118,23,0,28,102,5,146,125,5,141,135,276
NWAtlanta,SForsyth,80,21,0,26,89,2,106,110,2,101,117,218
NWAtlanta,NHall,4,0,0,1,4,0,5,4,0,4,5,9
NWAtlanta,Gainesville,32,3,0,7,13,0,39,16,0,35,20,55
NWAtlanta,SHall,52,11,0,13,35,1,65,46,1,63,49,112
NWAtlanta,WNewton,230,52,1,39,89,2,269,141,3,283,130,413
NWAtlanta,ENewton,11,7,0,7,23,0,18,30,0,18,30,48
NWAtlanta,NPaulding,120,25,1,22,41,0,142,66,1,146,63,209
NWAtlanta,WPaulding,74,14,0,19,70,0,93,84,0,88,89,177
NWAtlanta,EPaulding,697,90,2,111,352,2,808,442,4,789,465,1254
NWAtlanta,NSpalding,64,14,1,9,27,0,73,41,1,79,36,115
NWAtlanta,SSpalding,51,4,0,5,3,0,56,7,0,55,8,63
NWAtlanta,WWalton,70,15,0,16,49,1,86,64,1,85,66,151
NWAtlanta,EWalton,23,8,0,10,26,0,33,34,0,31,36,67
NEAtlanta,NFulton,1347,239,332,219,629,93,1566,868,425,1918,941,2859
NEAtlanta,Roswell,1105,199,285,232,586,120,1337,785,405,1589,938,2527
NEAtlanta,SandySprings,5049,740,1439,1454,2474,411,6503,3214,1850,7228,4339,11567
NEAtlanta,Buckhead,14141,2000,1697,17533,17008,1548,31674,19008,3245,17838,36089,53927
NEAtlanta,NWAtlanta,7220,1370,861,10592,13890,1192,17812,15260,2053,9451,25674,35125
NEAtlanta,NEAtlanta,39899,5715,3998,67659,55164,6333,107558,60879,10331,49612,129156,178768
NEAtlanta,SWAtlanta,5019,923,1231,3800,6964,1085,8819,7887,2316,7173,11849,19022
NEAtlanta,CBDAtlanta,18282,2739,3823,25472,20362,3853,43754,23101,7676,24844,49687,74531
NEAtlanta,SEAtlanta,5098,1147,912,5799,9916,850,10897,11063,1762,7157,16565,23722
NEAtlanta,SFulton,1067,195,149,458,912,90,1525,1107,239,1411,1460,2871
NEAtlanta,Tri-Cities,3276,680,1084,1275,2412,504,4551,3092,1588,5040,4191,9231
NEAtlanta,Shannon,2034,398,527,427,1098,210,2461,1496,737,2959,1735,4694
NEAtlanta,WCherokee,84,17,1,31,75,0,115,92,1,102,106,208
NEAtlanta,NCherokee,30,3,0,5,32,0,35,35,0,33,37,70
NEAtlanta,ECentCherokee,369,76,0,131,344,9,500,420,9,445,484,929
NEAtlanta,Woodstock,798,145,23,123,286,9,921,431,32,966,418,1384
NEAtlanta,Airport,1285,211,727,299,335,83,1584,546,810,2223,717,2940
NEAtlanta,NEClayton,2113,456,204,790,1823,117,2903,2279,321,2773,2730,5503
NEAtlanta,Riverdale,1656,416,361,366,1089,119,2022,1505,480,2433,1574,4007
NEAtlanta,SClayton,980,256,67,216,695,15,1196,951,82,1303,926,2229
NEAtlanta,NWCobb,1515,364,96,266,599,51,1781,963,147,1975,916,2891
NEAtlanta,NECobb,1772,372,87,464,981,38,2236,1353,125,2231,1483,3714
NEAtlanta,SWCobb,647,120,30,221,632,27,868,752,57,797,880,1677
NEAtlanta,Marietta,1212,232,95,284,592,76,1496,824,171,1539,952,2491
NEAtlanta,Cumberland,5175,992,461,2285,3158,275,7460,4150,736,6628,5718,12346
NEAtlanta,SCobb,2533,446,241,1008,2641,130,3541,3087,371,3220,3779,6999
NEAtlanta,Chamblee,6610,1178,1799,3390,6281,905,10000,7459,2704,9587,10576,20163
NEAtlanta,NWDeKalb,8131,1251,570,10197,10964,624,18328,12215,1194,9952,21785,31737
NEAtlanta,NEDeKalb,4776,801,780,1881,3363,468,6657,4164,1248,6357,5712,12069
NEAtlanta,Atlanta-DeKalb,2910,495,325,4855,6781,389,7765,7276,714,3730,12025,15755
NEAtlanta,Decatur,1702,291,340,1418,2281,184,3120,2572,524,2333,3883,6216
NEAtlanta,SWDeKalb,3602,744,725,2225,5289,420,5827,6033,1145,5071,7934,13005
NEAtlanta,SEDeKalb,2801,618,623,690,1533,298,3491,2151,921,4042,2521,6563
NEAtlanta,SDeKalb,3074,649,289,1279,3244,158,4353,3893,447,4012,4681,8693
NEAtlanta,WDouglas,527,96,22,160,326,13,687,422,35,645,499,1144
NEAtlanta,EDouglas,1015,178,64,363,918,49,1378,1096,113,1257,1330,2587
NEAtlanta,WFayette,288,59,15,107,145,8,395,204,23,362,260,622
NEAtlanta,EFayette,472,117,31,143,377,14,615,494,45,620,534,1154
NEAtlanta,NGwinnett,919,203,49,192,554,28,1111,757,77,1171,774,1945
NEAtlanta,CentGwinnett,1963,395,181,428,1041,102,2391,1436,283,2539,1571,4110
NEAtlanta,EGwinnett,391,68,9,106,264,22,497,332,31,468,392,860
NEAtlanta,Norcross,2678,504,409,775,1905,235,3453,2409,644,3591,2915,6506
NEAtlanta,Lilburn,969,177,83,401,728,52,1370,905,135,1229,1181,2410
NEAtlanta,Snellville,902,162,44,353,585,62,1255,747,106,1108,1000,2108
NEAtlanta,NHenry,1128,216,70,283,713,15,1411,929,85,1414,1011,2425
NEAtlanta,EHenry,410,76,15,109,215,9,519,291,24,501,333,834
NEAtlanta,SHenry,861,185,34,209,434,14,1070,619,48,1080,657,1737
NEAtlanta,SRockdale,555,103,28,128,397,14,683,500,42,686,539,1225
NEAtlanta,NRockdale,554,125,29,128,232,15,682,357,44,708,375,1083
NEAtlanta,NBarrow,82,18,1,24,123,4,106,141,5,101,151,252
NEAtlanta,SBarrow,90,14,0,24,96,0,114,110,0,104,120,224
NEAtlanta,NWBartow,25,7,0,12,28,0,37,35,0,32,40,72
NEAtlanta,NEBartow,21,5,0,21,107,0,42,112,0,26,128,154
NEAtlanta,SWBartow,45,10,0,34,183,0,79,193,0,55,217,272
NEAtlanta,Cartersville,138,34,8,61,246,1,199,280,9,180,308,488
NEAtlanta,NECarroll,132,15,1,51,124,0,183,139,1,148,175,323
NEAtlanta,WCarroll,10,0,0,11,7,0,21,7,0,10,18,28
NEAtlanta,CentralCarroll,58,10,0,30,32,1,88,42,1,68,63,131
NEAtlanta,SECarroll,12,4,0,15,28,0,27,32,0,16,43,59
NEAtlanta,WCoweta,92,18,4,20,89,0,112,107,4,114,109,223
NEAtlanta,NCoweta,577,109,57,150,344,26,727,453,83,743,520,1263
NEAtlanta,SCoweta,28,4,1,19,87,0,47,91,1,33,106,139
NEAtlanta,SECoweta,73,12,1,24,100,0,97,112,1,86,124,210
NEAtlanta,NForsyth,83,11,2,50,183,1,133,194,3,96,234,330
NEAtlanta,Cumming,342,69,16,111,501,42,453,570,58,427,654,1081
NEAtlanta,SForsyth,293,43,38,82,301,34,375,344,72,374,417,791
NEAtlanta,NHall,13,3,0,6,17,0,19,20,0,16,23,39
NEAtlanta,Gainesville,23,12,0,21,46,5,44,58,5,35,72,107
NEAtlanta,SHall,135,36,2,36,133,5,171,169,7,173,174,347
NEAtlanta,WNewton,650,156,15,125,332,11,775,488,26,821,468,1289
NEAtlanta,ENewton,72,10,1,32,41,0,104,51,1,83,73,156
NEAtlanta,NPaulding,163,30,1,36,124,0,199,154,1,194,160,354
NEAtlanta,WPaulding,67,10,0,29,79,0,96,89,0,77,108,185
NEAtlanta,EPaulding,620,112,8,152,402,12,772,514,20,740,566,1306
NEAtlanta,NSpalding,116,31,8,26,63,3,142,94,11,155,92,247
NEAtlanta,SSpalding,55,15,1,25,54,0,80,69,1,71,79,150
NEAtlanta,WWalton,152,37,0,61,226,0,213,263,0,189,287,476
NEAtlanta,EWalton,58,8,0,33,96,0,91,104,0,66,129,195
SWAtlanta,NFulton,349,58,62,65,150,21,414,208,83,469,236,705
SWAtlanta,Roswell,251,57,37,44,108,25,295,165,62,345,177,522
SWAtlanta,SandySprings,1630,277,482,265,561,130,1895,838,612,2389,956,3345
SWAtlanta,Buckhead,2658,483,899,1101,1944,461,3759,2427,1360,4040,3506,7546
SWAtlanta,NWAtlanta,3587,818,319,6262,13253,836,9849,14071,1155,4724,20351,25075
SWAtlanta,NEAtlanta,4724,928,1129,3767,6144,1054,8491,7072,2183,6781,10965,17746
SWAtlanta,SWAtlanta,11004,2479,775,29642,59985,2602,40646,62464,3377,14258,92229,106487
SWAtlanta,CBDAtlanta,6051,1177,2611,5859,9521,2886,11910,10698,5497,9839,18266,28105
SWAtlanta,SEAtlanta,3053,742,279,4791,10305,677,7844,11047,956,4074,15773,19847
SWAtlanta,SFulton,3044,539,44,4028,8878,86,7072,9417,130,3627,12992,16619
SWAtlanta,Tri-Cities,4273,902,278,7781,17427,525,12054,18329,803,5453,25733,31186
SWAtlanta,Shannon,1864,360,83,1365,3171,105,3229,3531,188,2307,4641,6948
SWAtlanta,WCherokee,26,2,0,8,9,0,34,11,0,28,17,45
SWAtlanta,NCherokee,3,0,0,2,10,0,5,10,0,3,12,15
SWAtlanta,ECentCherokee,113,16,0,37,80,1,150,96,1,129,118,247
SWAtlanta,Woodstock,206,33,3,46,106,1,252,139,4,242,153,395
SWAtlanta,Airport,1464,257,513,640,995,95,2104,1252,608,2234,1730,3964
SWAtlanta,NEClayton,1031,220,54,573,1426,86,1604,1646,140,1305,2085,3390
SWAtlanta,Riverdale,807,132,42,394,1059,44,1201,1191,86,981,1497,2478
SWAtlanta,SClayton,466,79,8,151,356,8,617,435,16,553,515,1068
SWAtlanta,NWCobb,566,83,9,151,224,12,717,307,21,658,387,1045
SWAtlanta,NECobb,500,97,6,170,373,7,670,470,13,603,550,1153
SWAtlanta,SWCobb,745,143,5,311,730,11,1056,873,16,893,1052,1945
SWAtlanta,Marietta,561,87,18,247,513,41,808,600,59,666,801,1467
SWAtlanta,Cumberland,2747,572,203,1439,2588,63,4186,3160,266,3522,4090,7612
SWAtlanta,SCobb,3420,642,73,3632,7459,110,7052,8101,183,4135,11201,15336
SWAtlanta,Chamblee,1461,334,466,274,600,180,1735,934,646,2261,1054,3315
SWAtlanta,NWDeKalb,1378,293,280,520,848,136,1898,1141,416,1951,1504,3455
SWAtlanta,NEDeKalb,924,208,143,233,393,127,1157,601,270,1275,753,2028
SWAtlanta,Atlanta-DeKalb,561,94,74,507,940,93,1068,1034,167,729,1540,2269
SWAtlanta,Decatur,399,53,132,158,462,88,557,515,220,584,708,1292
SWAtlanta,SWDeKalb,1137,229,223,588,1339,105,1725,1568,328,1589,2032,3621
SWAtlanta,SEDeKalb,666,146,80,177,354,100,843,500,180,892,631,1523
SWAtlanta,SDeKalb,909,213,44,443,937,41,1352,1150,85,1166,1421,2587
SWAtlanta,WDouglas,951,166,11,295,1001,2,1246,1167,13,1128,1298,2426
SWAtlanta,EDouglas,2185,389,21,1443,3407,36,3628,3796,57,2595,4886,7481
SWAtlanta,WFayette,332,50,3,103,273,1,435,323,4,385,377,762
SWAtlanta,EFayette,354,67,7,169,349,5,523,416,12,428,523,951
SWAtlanta,NGwinnett,125,33,2,47,109,6,172,142,8,160,162,322
SWAtlanta,CentGwinnett,309,73,15,86,224,21,395,297,36,397,331,728
SWAtlanta,EGwinnett,72,25,0,23,90,5,95,115,5,97,118,215
SWAtlanta,Norcross,506,114,46,126,244,39,632,358,85,666,409,1075
SWAtlanta,Lilburn,132,27,11,79,105,16,211,132,27,170,200,370
SWAtlanta,Snellville,208,36,3,78,93,11,286,129,14,247,182,429
SWAtlanta,NHenry,368,75,3,145,402,2,513,477,5,446,549,995
SWAtlanta,EHenry,167,36,0,63,102,1,230,138,1,203,166,369
SWAtlanta,SHenry,318,47,1,112,207,5,430,254,6,366,324,690
SWAtlanta,SRockdale,153,31,0,35,98,5,188,129,5,184,138,322
SWAtlanta,NRockdale,181,35,3,54,57,2,235,92,5,219,113,332
SWAtlanta,NBarrow,15,1,0,6,5,0,21,6,0,16,11,27
SWAtlanta,SBarrow,9,1,0,5,14,0,14,15,0,10,19,29
SWAtlanta,NWBartow,7,4,0,1,2,0,8,6,0,11,3,14
SWAtlanta,NEBartow,7,3,0,3,35,0,10,38,0,10,38,48
SWAtlanta,SWBartow,9,3,0,7,25,0,16,28,0,12,32,44
SWAtlanta,Cartersville,46,7,1,18,46,0,64,53,1,54,64,118
SWAtlanta,NECarroll,213,43,0,37,57,0,250,100,0,256,94,350
SWAtlanta,WCarroll,23,4,0,16,33,0,39,37,0,27,49,76
SWAtlanta,CentralCarroll,117,24,0,25,95,0,142,119,0,141,120,261
SWAtlanta,SECarroll,35,2,0,12,65,0,47,67,0,37,77,114
SWAtlanta,WCoweta,128,16,0,32,81,0,160,97,0,144,113,257
SWAtlanta,NCoweta,626,93,1,143,400,5,769,493,6,720,548,1268
SWAtlanta,SCoweta,47,12,0,8,67,0,55,79,0,59,75,134
SWAtlanta,SECoweta,64,8,0,16,59,0,80,67,0,72,75,147
SWAtlanta,NForsyth,21,1,0,7,28,0,28,29,0,22,35,57
SWAtlanta,Cumming,51,12,0,30,99,7,81,111,7,63,136,199
SWAtlanta,SForsyth,65,8,2,22,27,5,87,35,7,75,54,129
SWAtlanta,NHall,0,1,0,0,1,0,0,2,0,1,1,2
SWAtlanta,Gainesville,4,0,0,4,7,0,8,7,0,4,11,15
SWAtlanta,SHall,20,3,1,6,40,0,26,43,1,24,46,70
SWAtlanta,WNewton,202,35,0,38,77,1,240,112,1,237,116,353
SWAtlanta,ENewton,26,8,1,9,17,0,35,25,1,35,26,61
SWAtlanta,NPaulding,87,11,0,30,43,0,117,54,0,98,73,171
SWAtlanta,WPaulding,80,14,0,19,58,0,99,72,0,94,77,171
SWAtlanta,EPaulding,675,112,0,164,418,3,839,530,3,787,585,1372
SWAtlanta,NSpalding,51,7,0,14,31,0,65,38,0,58,45,103
SWAtlanta,SSpalding,29,5,1,17,5,0,46,10,1,35,22,57
SWAtlanta,WWalton,52,13,0,16,71,0,68,84,0,65,87,152
SWAtlanta,EWalton,13,2,0,7,8,0,20,10,0,15,15,30
CBDAtlanta,NFulton,630,168,483,109,409,83,739,577,566,1281,601,1882
CBDAtlanta,Roswell,651,110,586,101,320,103,752,430,689,1347,524,1871
CBDAtlanta,SandySprings,2260,429,1817,531,1096,421,2791,1525,2238,4506,2048,6554
CBDAtlanta,Buckhead,5537,874,2725,3488,3967,1259,9025,4841,3984,9136,8714,17850
CBDAtlanta,NWAtlanta,5087,1011,1794,6440,8682,2139,11527,9693,3933,7892,17261,25153
CBDAtlanta,NEAtlanta,17964,2620,3949,24986,19439,3968,42950,22059,7917,24533,48393,72926
CBDAtlanta,SWAtlanta,6551,1179,2660,6026,9689,2873,12577,10868,5533,10390,18588,28978
CBDAtlanta,CBDAtlanta,22855,3724,5001,38121,26125,6544,60976,29849,11545,31580,70790,102370
CBDAtlanta,SEAtlanta,6933,1393,2045,8601,15511,3299,15534,16904,5344,10371,27411,37782
CBDAtlanta,SFulton,1331,231,444,499,918,165,1830,1149,609,2006,1582,3588
CBDAtlanta,Tri-Cities,3457,679,2212,1473,3355,1182,4930,4034,3394,6348,6010,12358
CBDAtlanta,Shannon,2243,427,1548,471,1599,487,2714,2026,2035,4218,2557,6775
CBDAtlanta,WCherokee,56,13,1,18,40,0,74,53,1,70,58,128
CBDAtlanta,NCherokee,12,0,1,7,43,0,19,43,1,13,50,63
CBDAtlanta,ECentCherokee,229,52,16,77,202,15,306,254,31,297,294,591
CBDAtlanta,Woodstock,468,139,88,61,250,10,529,389,98,695,321,1016
CBDAtlanta,Airport,931,196,572,328,428,208,1259,624,780,1699,964,2663
CBDAtlanta,NEClayton,2497,552,610,912,2489,311,3409,3041,921,3659,3712,7371
CBDAtlanta,Riverdale,2053,452,932,471,1408,348,2524,1860,1280,3437,2227,5664
CBDAtlanta,SClayton,1296,306,350,303,683,79,1599,989,429,1952,1065,3017
CBDAtlanta,NWCobb,1095,283,248,150,349,17,1245,632,265,1626,516,2142
CBDAtlanta,NECobb,1150,275,264,220,782,42,1370,1057,306,1689,1044,2733
CBDAtlanta,SWCobb,696,124,112,174,344,46,870,468,158,932,564,1496
CBDAtlanta,Marietta,684,169,132,113,386,45,797,555,177,985,544,1529
CBDAtlanta,Cumberland,2966,595,702,1124,1701,305,4090,2296,1007,4263,3130,7393
CBDAtlanta,SCobb,2788,428,797,817,2210,291,3605,2638,1088,4013,3318,7331
CBDAtlanta,Chamblee,2997,693,2964,767,2155,1178,3764,2848,4142,6654,4100,10754
CBDAtlanta,NWDeKalb,3594,637,1089,2106,2546,568,5700,3183,1657,5320,5220,10540
CBDAtlanta,NEDeKalb,3109,617,2268,701,1445,690,3810,2062,2958,5994,2836,8830
CBDAtlanta,Atlanta-DeKalb,2384,384,758,2233,3532,645,4617,3916,1403,3526,6410,9936
CBDAtlanta,Decatur,1230,174,741,537,852,356,1767,1026,1097,2145,1745,3890
CBDAtlanta,SWDeKalb,3951,792,1959,1709,3700,1054,5660,4492,3013,6702,6463,13165
CBDAtlanta,SEDeKalb,2994,654,1998,484,1360,619,3478,2014,2617,5646,2463,8109
CBDAtlanta,SDeKalb,4063,859,1116,1248,2977,466,5311,3836,1582,6038,4691,10729
CBDAtlanta,WDouglas,762,123,150,171,389,29,933,512,179,1035,589,1624
CBDAtlanta,EDouglas,1533,262,367,372,1163,128,1905,1425,495,2162,1663,3825
CBDAtlanta,WFayette,293,53,64,80,192,9,373,245,73,410,281,691
CBDAtlanta,EFayette,598,125,159,167,381,31,765,506,190,882,579,1461
CBDAtlanta,NGwinnett,564,147,161,105,455,32,669,602,193,872,592,1464
CBDAtlanta,CentGwinnett,1198,337,515,196,595,77,1394,932,592,2050,868,2918
CBDAtlanta,EGwinnett,290,59,53,61,212,21,351,271,74,402,294,696
CBDAtlanta,Norcross,1427,360,879,303,724,247,1730,1084,1126,2666,1274,3940
CBDAtlanta,Lilburn,732,138,322,174,374,97,906,512,419,1192,645,1837
CBDAtlanta,Snellville,892,144,287,213,334,90,1105,478,377,1323,637,1960
CBDAtlanta,NHenry,1193,239,282,316,853,48,1509,1092,330,1714,1217,2931
CBDAtlanta,EHenry,390,79,62,76,171,10,466,250,72,531,257,788
CBDAtlanta,SHenry,951,196,158,149,392,25,1100,588,183,1305,566,1871
CBDAtlanta,SRockdale,642,130,91,119,261,23,761,391,114,863,403,1266
CBDAtlanta,NRockdale,611,119,107,117,185,26,728,304,133,837,328,1165
CBDAtlanta,NBarrow,38,7,2,22,60,2,60,67,4,47,84,131
CBDAtlanta,SBarrow,29,12,3,20,88,2,49,100,5,44,110,154
CBDAtlanta,NWBartow,15,6,0,7,28,0,22,34,0,21,35,56
CBDAtlanta,NEBartow,12,1,0,12,79,1,24,80,1,13,92,105
CBDAtlanta,SWBartow,18,5,0,22,103,0,40,108,0,23,125,148
CBDAtlanta,Cartersville,108,33,7,36,90,0,144,123,7,148,126,274
CBDAtlanta,NECarroll,100,18,6,41,103,2,141,121,8,124,146,270
CBDAtlanta,WCarroll,9,0,0,11,3,0,20,3,0,9,14,23
CBDAtlanta,CentralCarroll,52,13,3,26,34,1,78,47,4,68,61,129
CBDAtlanta,SECarroll,15,3,0,7,10,0,22,13,0,18,17,35
CBDAtlanta,WCoweta,112,19,10,23,74,4,135,93,14,141,101,242
CBDAtlanta,NCoweta,553,114,211,129,350,45,682,464,256,878,524,1402
CBDAtlanta,SCoweta,28,9,6,20,100,0,48,109,6,43,120,163
CBDAtlanta,SECoweta,57,10,7,30,51,5,87,61,12,74,86,160
CBDAtlanta,NForsyth,54,12,3,33,230,2,87,242,5,69,265,334
CBDAtlanta,Cumming,187,49,58,58,417,39,245,466,97,294,514,808
CBDAtlanta,SForsyth,175,34,60,42,186,29,217,220,89,269,257,526
CBDAtlanta,NHall,11,1,0,3,17,0,14,18,0,12,20,32
CBDAtlanta,Gainesville,17,4,0,12,39,0,29,43,0,21,51,72
CBDAtlanta,SHall,80,16,10,30,91,2,110,107,12,106,123,229
CBDAtlanta,WNewton,683,157,92,136,310,13,819,467,105,932,459,1391
CBDAtlanta,ENewton,68,13,4,22,64,1,90,77,5,85,87,172
CBDAtlanta,NPaulding,83,22,11,40,112,0,123,134,11,116,152,268
CBDAtlanta,WPaulding,57,5,2,27,100,0,84,105,2,64,127,191
CBDAtlanta,EPaulding,746,128,110,141,308,16,887,436,126,984,465,1449
CBDAtlanta,NSpalding,152,27,19,21,59,0,173,86,19,198,80,278
CBDAtlanta,SSpalding,55,18,3,19,21,0,74,39,3,76,40,116
CBDAtlanta,WWalton,149,33,9,42,214,1,191,247,10,191,257,448
CBDAtlanta,EWalton,54,11,2,19,95,0,73,106,2,67,114,181
SEAtlanta,NFulton,286,71,55,48,143,15,334,214,70,412,206,618
SEAtlanta,Roswell,168,55,25,33,94,14,201,149,39,248,141,389
SEAtlanta,SandySprings,1023,285,469,179,504,81,1202,789,550,1777,764,2541
SEAtlanta,Buckhead,2066,526,673,893,2161,349,2959,2687,1022,3265,3403,6668
SEAtlanta,NWAtlanta,1484,402,166,1713,3484,271,3197,3886,437,2052,5468,7520
SEAtlanta,NEAtlanta,4710,1087,853,5656,9928,838,10366,11015,1691,6650,16422,23072
SEAtlanta,SWAtlanta,2951,692,290,4739,10659,633,7690,11351,923,3933,16031,19964
SEAtlanta,CBDAtlanta,6338,1315,1939,8643,14672,3329,14981,15987,5268,9592,26644,36236
SEAtlanta,SEAtlanta,7792,2088,475,18553,41593,1344,26345,43681,1819,10355,61490,71845
SEAtlanta,SFulton,789,174,10,508,1066,19,1297,1240,29,973,1593,2566
SEAtlanta,Tri-Cities,4397,1084,292,6895,13697,513,11292,14781,805,5773,21105,26878
SEAtlanta,Shannon,1471,298,67,741,2002,87,2212,2300,154,1836,2830,4666
SEAtlanta,WCherokee,9,2,0,2,27,0,11,29,0,11,29,40
SEAtlanta,NCherokee,4,3,0,1,4,0,5,7,0,7,5,12
SEAtlanta,ECentCherokee,73,19,0,22,106,2,95,125,2,92,130,222
SEAtlanta,Woodstock,110,38,2,24,136,1,134,174,3,150,161,311
SEAtlanta,Airport,1660,324,393,1214,1658,108,2874,1982,501,2377,2980,5357
SEAtlanta,NEClayton,3149,724,56,3665,8069,187,6814,8793,243,3929,11921,15850
SEAtlanta,Riverdale,1355,301,32,862,2027,58,2217,2328,90,1688,2947,4635
SEAtlanta,SClayton,990,207,11,405,962,14,1395,1169,25,1208,1381,2589
SEAtlanta,NWCobb,279,73,14,78,152,13,357,225,27,366,243,609
SEAtlanta,NECobb,291,91,5,81,161,1,372,252,6,387,243,630
SEAtlanta,SWCobb,202,37,1,65,162,1,267,199,2,240,228,468
SEAtlanta,Marietta,243,83,27,53,109,23,296,192,50,353,185,538
SEAtlanta,Cumberland,1194,319,173,369,584,43,1563,903,216,1686,996,2682
SEAtlanta,SCobb,755,161,46,378,845,60,1133,1006,106,962,1283,2245
SEAtlanta,Chamblee,1207,402,415,284,793,124,1491,1195,539,2024,1201,3225
SEAtlanta,NWDeKalb,1370,322,184,1064,2082,117,2434,2404,301,1876,3263,5139
SEAtlanta,NEDeKalb,1153,231,114,349,663,85,1502,894,199,1498,1097,2595
SEAtlanta,Atlanta-DeKalb,974,223,76,2041,3593,114,3015,3816,190,1273,5748,7021
SEAtlanta,Decatur,449,79,99,337,614,74,786,693,173,627,1025,1652
SEAtlanta,SWDeKalb,1965,470,145,2385,6245,143,4350,6715,288,2580,8773,11353
SEAtlanta,SEDeKalb,1059,203,56,357,820,35,1416,1023,91,1318,1212,2530
SEAtlanta,SDeKalb,2067,459,47,1691,4020,60,3758,4479,107,2573,5771,8344
SEAtlanta,WDouglas,290,46,0,90,284,3,380,330,3,336,377,713
SEAtlanta,EDouglas,491,104,8,228,575,12,719,679,20,603,815,1418
SEAtlanta,WFayette,312,64,2,93,206,3,405,270,5,378,302,680
SEAtlanta,EFayette,478,84,2,171,430,3,649,514,5,564,604,1168
SEAtlanta,NGwinnett,128,32,2,55,103,2,183,135,4,162,160,322
SEAtlanta,CentGwinnett,341,92,19,98,151,6,439,243,25,452,255,707
SEAtlanta,EGwinnett,70,19,0,24,53,2,94,72,2,89,79,168
SEAtlanta,Norcross,438,114,54,101,299,17,539,413,71,606,417,1023
SEAtlanta,Lilburn,227,49,4,73,118,6,300,167,10,280,197,477
SEAtlanta,Snellville,301,64,2,87,167,6,388,231,8,367,260,627
SEAtlanta,NHenry,1055,197,8,419,1148,9,1474,1345,17,1260,1576,2836
SEAtlanta,EHenry,393,73,0,104,216,3,497,289,3,466,323,789
SEAtlanta,SHenry,815,138,0,180,428,3,995,566,3,953,611,1564
SEAtlanta,SRockdale,253,65,2,72,172,1,325,237,3,320,245,565
SEAtlanta,NRockdale,266,66,2,67,115,2,333,181,4,334,184,518
SEAtlanta,NBarrow,17,6,0,4,20,0,21,26,0,23,24,47
SEAtlanta,SBarrow,13,2,0,3,10,0,16,12,0,15,13,28
SEAtlanta,NWBartow,4,1,0,2,7,0,6,8,0,5,9,14
SEAtlanta,NEBartow,1,1,0,2,10,0,3,11,0,2,12,14
SEAtlanta,SWBartow,12,1,0,6,46,0,18,47,0,13,52,65
SEAtlanta,Cartersville,23,8,0,10,74,0,33,82,0,31,84,115
SEAtlanta,NECarroll,48,6,0,22,50,0,70,56,0,54,72,126
SEAtlanta,WCarroll,11,0,0,3,18,0,14,18,0,11,21,32
SEAtlanta,CentralCarroll,30,6,0,18,12,0,48,18,0,36,30,66
SEAtlanta,SECarroll,4,3,0,2,20,0,6,23,0,7,22,29
SEAtlanta,WCoweta,93,16,0,19,63,0,112,79,0,109,82,191
SEAtlanta,NCoweta,536,84,2,130,289,2,666,373,4,622,421,1043
SEAtlanta,SCoweta,30,7,0,6,23,0,36,30,0,37,29,66
SEAtlanta,SECoweta,64,8,0,21,44,0,85,52,0,72,65,137
SEAtlanta,NForsyth,16,3,0,13,63,0,29,66,0,19,76,95
SEAtlanta,Cumming,33,12,0,23,97,4,56,109,4,45,124,169
SEAtlanta,SForsyth,36,8,1,27,88,5,63,96,6,45,120,165
SEAtlanta,NHall,3,0,0,1,6,0,4,6,0,3,7,10
SEAtlanta,Gainesville,4,3,0,2,15,0,6,18,0,7,17,24
SEAtlanta,SHall,23,6,3,11,9,0,34,15,3,32,20,52
SEAtlanta,WNewton,348,63,1,75,106,3,423,169,4,412,184,596
SEAtlanta,ENewton,44,8,0,15,12,0,59,20,0,52,27,79
SEAtlanta,NPaulding,34,5,0,12,32,0,46,37,0,39,44,83
SEAtlanta,WPaulding,21,7,0,7,29,0,28,36,0,28,36,64
SEAtlanta,EPaulding,234,20,0,70,194,0,304,214,0,254,264,518
SEAtlanta,NSpalding,118,18,0,21,60,0,139,78,0,136,81,217
SEAtlanta,SSpalding,71,11,0,21,35,0,92,46,0,82,56,138
SEAtlanta,WWalton,80,20,0,20,52,1,100,72,1,100,73,173
SEAtlanta,EWalton,30,1,0,18,16,0,48,17,0,31,34,65
SFulton,NFulton,91,15,0,38,45,0,129,60,0,106,83,189
SFulton,Roswell,85,13,1,22,21,0,107,34,1,99,43,142
SFulton,SandySprings,531,79,37,110,205,8,641,284,45,647,323,970
SFulton,Buckhead,775,149,84,211,432,7,986,581,91,1008,650,1658
SFulton,NWAtlanta,905,169,13,503,960,9,1408,1129,22,1087,1472,2559
SFulton,NEAtlanta,1136,163,153,457,957,86,1593,1120,239,1452,1500,2952
SFulton,SWAtlanta,2705,490,43,4035,8736,81,6740,9226,124,3238,12852,16090
SFulton,CBDAtlanta,1349,238,453,507,1104,169,1856,1342,622,2040,1780,3820
SFulton,SEAtlanta,755,159,9,489,1116,18,1244,1275,27,923,1623,2546
SFulton,SFulton,7841,1346,16,15241,30933,27,23082,32279,43,9203,46201,55404
SFulton,Tri-Cities,2037,370,18,1941,5044,30,3978,5414,48,2425,7015,9440
SFulton,Shannon,3085,601,16,3710,10356,30,6795,10957,46,3702,14096,17798
SFulton,WCherokee,6,1,0,2,0,0,8,1,0,7,2,9
SFulton,NCherokee,1,0,0,2,0,0,3,0,0,1,2,3
SFulton,ECentCherokee,22,6,0,7,22,0,29,28,0,28,29,57
SFulton,Woodstock,86,7,0,14,24,0,100,31,0,93,38,131
SFulton,Airport,938,142,47,304,614,6,1242,756,53,1127,924,2051
SFulton,NEClayton,658,119,2,254,448,2,912,567,4,779,704,1483
SFulton,Riverdale,520,113,0,250,600,0,770,713,0,633,850,1483
SFulton,SClayton,275,54,0,93,183,1,368,237,1,329,277,606
SFulton,NWCobb,272,52,1,72,171,2,344,223,3,325,245,570
SFulton,NECobb,230,35,0,57,113,0,287,148,0,265,170,435
SFulton,SWCobb,552,86,0,239,572,0,791,658,0,638,811,1449
SFulton,Marietta,303,44,2,139,240,3,442,284,5,349,382,731
SFulton,Cumberland,1164,193,11,352,702,4,1516,895,15,1368,1058,2426
SFulton,SCobb,1611,287,5,1326,2791,14,2937,3078,19,1903,4131,6034
SFulton,Chamblee,455,100,31,75,149,12,530,249,43,586,236,822
SFulton,NWDeKalb,414,77,9,129,256,2,543,333,11,500,387,887
SFulton,NEDeKalb,219,56,9,57,128,3,276,184,12,284,188,472
SFulton,Atlanta-DeKalb,124,18,4,57,112,2,181,130,6,146,171,317
SFulton,Decatur,85,10,6,31,39,3,116,49,9,101,73,174
SFulton,SWDeKalb,230,48,9,65,136,0,295,184,9,287,201,488
SFulton,SEDeKalb,138,38,3,25,59,1,163,97,4,179,85,264
SFulton,SDeKalb,299,46,2,86,112,2,385,158,4,347,200,547
SFulton,WDouglas,1606,275,0,893,2573,0,2499,2848,0,1881,3466,5347
SFulton,EDouglas,2904,525,7,2575,5830,5,5479,6355,12,3436,8410,11846
SFulton,WFayette,899,196,0,599,1552,1,1498,1748,1,1095,2152,3247
SFulton,EFayette,550,84,0,255,506,0,805,590,0,634,761,1395
SFulton,NGwinnett,30,5,0,2,0,0,32,5,0,35,2,37
SFulton,CentGwinnett,85,17,0,28,94,0,113,111,0,102,122,224
SFulton,EGwinnett,16,5,0,3,4,0,19,9,0,21,7,28
SFulton,Norcross,183,25,0,33,51,0,216,76,0,208,84,292
SFulton,Lilburn,45,3,1,16,53,0,61,56,1,49,69,118
SFulton,Snellville,40,5,0,13,14,0,53,19,0,45,27,72
SFulton,NHenry,169,33,0,56,132,0,225,165,0,202,188,390
SFulton,EHenry,72,16,0,16,32,1,88,48,1,88,49,137
SFulton,SHenry,184,26,0,42,89,0,226,115,0,210,131,341
SFulton,SRockdale,31,6,0,7,22,0,38,28,0,37,29,66
SFulton,NRockdale,49,13,0,11,11,0,60,24,0,62,22,84
SFulton,NBarrow,2,0,0,0,0,0,2,0,0,2,0,2
SFulton,SBarrow,2,0,0,0,0,0,2,0,0,2,0,2
SFulton,NWBartow,5,0,0,1,0,0,6,0,0,5,1,6
SFulton,NEBartow,2,0,0,0,2,0,2,2,0,2,2,4
SFulton,SWBartow,15,2,0,3,3,0,18,5,0,17,6,23
SFulton,Cartersville,22,11,0,16,10,0,38,21,0,33,26,59
SFulton,NECarroll,236,54,0,48,131,0,284,185,0,290,179,469
SFulton,WCarroll,37,7,0,12,9,0,49,16,0,44,21,65
SFulton,CentralCarroll,341,61,0,172,199,0,513,260,0,402,371,773
SFulton,SECarroll,65,12,0,20,37,0,85,49,0,77,57,134
SFulton,WCoweta,312,51,0,112,279,0,424,330,0,363,391,754
SFulton,NCoweta,1823,331,0,1818,3903,0,3641,4234,0,2154,5721,7875
SFulton,SCoweta,72,13,0,12,70,0,84,83,0,85,82,167
SFulton,SECoweta,106,13,0,32,44,0,138,57,0,119,76,195
SFulton,NForsyth,3,0,0,1,18,0,4,18,0,3,19,22
SFulton,Cumming,20,0,0,7,18,0,27,18,0,20,25,45
SFulton,SForsyth,16,6,0,10,9,0,26,15,0,22,19,41
SFulton,NHall,0,0,0,0,0,0,0,0,0,0,0,0
SFulton,Gainesville,1,0,0,0,1,0,1,1,0,1,1,2
SFulton,SHall,5,0,0,1,1,0,6,1,0,5,2,7
SFulton,WNewton,27,7,0,11,36,0,38,43,0,34,47,81
SFulton,ENewton,3,0,0,0,5,0,3,5,0,3,5,8
SFulton,NPaulding,80,6,0,15,14,0,95,20,0,86,29,115
SFulton,WPaulding,79,17,0,16,57,0,95,74,0,96,73,169
SFulton,EPaulding,656,114,0,169,325,0,825,439,0,770,494,1264
SFulton,NSpalding,53,5,0,13,25,0,66,30,0,58,38,96
SFulton,SSpalding,29,6,0,8,19,0,37,25,0,35,27,62
SFulton,WWalton,12,4,0,6,2,0,18,6,0,16,8,24
SFulton,EWalton,2,2,0,0,4,0,2,6,0,4,4,8
Tri-Cities,NFulton,214,55,34,47,106,4,261,161,38,303,157,460
Tri-Cities,Roswell,172,50,15,26,51,4,198,101,19,237,81,318
Tri-Cities,SandySprings,854,211,294,85,138,28,939,349,322,1359,251,1610
Tri-Cities,Buckhead,1714,415,635,267,654,137,1981,1069,772,2764,1058,3822
Tri-Cities,NWAtlanta,1402,281,212,822,1582,153,2224,1863,365,1895,2557,4452
Tri-Cities,NEAtlanta,3207,663,1072,1229,2323,553,4436,2986,1625,4942,4105,9047
Tri-Cities,SWAtlanta,4297,890,283,7708,16630,538,12005,17520,821,5470,24876,30346
Tri-Cities,CBDAtlanta,3373,653,2197,1466,3258,1176,4839,3911,3373,6223,5900,12123
Tri-Cities,SEAtlanta,4343,1119,250,6923,14101,481,11266,15220,731,5712,21505,27217
Tri-Cities,SFulton,2187,350,21,1976,5365,31,4163,5715,52,2558,7372,9930
Tri-Cities,Tri-Cities,15664,3584,440,40530,71056,1293,56194,74640,1733,19688,112879,132567
Tri-Cities,Shannon,4920,1003,128,4703,12144,238,9623,13147,366,6051,17085,23136
Tri-Cities,WCherokee,12,3,0,1,6,0,13,9,0,15,7,22
Tri-Cities,NCherokee,5,1,0,2,12,0,7,13,0,6,14,20
Tri-Cities,ECentCherokee,74,26,2,13,45,0,87,71,2,102,58,160
Tri-Cities,Woodstock,160,39,0,27,32,0,187,71,0,199,59,258
Tri-Cities,Airport,3743,732,385,5338,5841,251,9081,6573,636,4860,11430,16290
Tri-Cities,NEClayton,4306,884,110,3087,5671,108,7393,6555,218,5300,8866,14166
Tri-Cities,Riverdale,2864,564,50,1668,4283,59,4532,4847,109,3478,6010,9488
Tri-Cities,SClayton,1776,345,20,465,1158,7,2241,1503,27,2141,1630,3771
Tri-Cities,NWCobb,333,84,7,64,66,21,397,150,28,424,151,575
Tri-Cities,NECobb,357,91,8,73,122,1,430,213,9,456,196,652
Tri-Cities,SWCobb,301,55,1,56,202,1,357,257,2,357,259,616
Tri-Cities,Marietta,319,67,16,75,112,18,394,179,34,402,205,607
Tri-Cities,Cumberland,1354,258,104,257,677,29,1611,935,133,1716,963,2679
Tri-Cities,SCobb,1005,166,29,392,972,8,1397,1138,37,1200,1372,2572
Tri-Cities,Chamblee,1069,270,363,105,226,50,1174,496,413,1702,381,2083
Tri-Cities,NWDeKalb,1136,232,144,276,559,51,1412,791,195,1512,886,2398
Tri-Cities,NEDeKalb,884,183,96,126,190,40,1010,373,136,1163,356,1519
Tri-Cities,Atlanta-DeKalb,489,84,62,232,461,55,721,545,117,635,748,1383
Tri-Cities,Decatur,309,67,96,69,172,41,378,239,137,472,282,754
Tri-Cities,SWDeKalb,1127,213,111,363,749,39,1490,962,150,1451,1151,2602
Tri-Cities,SEDeKalb,867,154,56,109,231,10,976,385,66,1077,350,1427
Tri-Cities,SDeKalb,1427,314,36,504,1095,20,1931,1409,56,1777,1619,3396
Tri-Cities,WDouglas,617,109,3,135,326,1,752,435,4,729,462,1191
Tri-Cities,EDouglas,819,185,8,311,942,4,1130,1127,12,1012,1257,2269
Tri-Cities,WFayette,956,175,4,223,495,0,1179,670,4,1135,718,1853
Tri-Cities,EFayette,1185,201,4,435,1179,4,1620,1380,8,1390,1618,3008
Tri-Cities,NGwinnett,151,52,3,28,100,0,179,152,3,206,128,334
Tri-Cities,CentGwinnett,346,108,13,62,74,2,408,182,15,467,138,605
Tri-Cities,EGwinnett,75,25,3,13,9,0,88,34,3,103,22,125
Tri-Cities,Norcross,406,132,35,51,135,3,457,267,38,573,189,762
Tri-Cities,Lilburn,214,33,4,31,65,0,245,98,4,251,96,347
Tri-Cities,Snellville,272,59,3,31,37,1,303,96,4,334,69,403
Tri-Cities,NHenry,1477,249,12,241,713,3,1718,962,15,1738,957,2695
Tri-Cities,EHenry,582,110,0,66,136,1,648,246,1,692,203,895
Tri-Cities,SHenry,1287,237,4,165,328,1,1452,565,5,1528,494,2022
Tri-Cities,SRockdale,268,58,2,32,50,0,300,108,2,328,82,410
Tri-Cities,NRockdale,208,58,10,33,61,1,241,119,11,276,95,371
Tri-Cities,NBarrow,14,4,0,3,5,1,17,9,1,18,9,27
Tri-Cities,SBarrow,17,2,0,1,11,0,18,13,0,19,12,31
Tri-Cities,NWBartow,3,0,0,0,19,0,3,19,0,3,19,22
Tri-Cities,NEBartow,1,1,0,3,2,0,4,3,0,2,5,7
Tri-Cities,SWBartow,13,3,0,6,12,0,19,15,0,16,18,34
Tri-Cities,Cartersville,35,6,0,9,45,0,44,51,0,41,54,95
Tri-Cities,NECarroll,89,15,0,17,38,0,106,53,0,104,55,159
Tri-Cities,WCarroll,12,2,0,5,5,0,17,7,0,14,10,24
Tri-Cities,CentralCarroll,103,15,1,26,49,0,129,64,1,119,75,194
Tri-Cities,SECarroll,27,3,0,5,4,0,32,7,0,30,9,39
Tri-Cities,WCoweta,257,53,0,34,113,0,291,166,0,310,147,457
Tri-Cities,NCoweta,1558,274,5,229,601,2,1787,875,7,1837,832,2669
Tri-Cities,SCoweta,104,24,0,24,35,0,128,59,0,128,59,187
Tri-Cities,SECoweta,230,33,0,55,91,0,285,124,0,263,146,409
Tri-Cities,NForsyth,12,7,0,4,37,0,16,44,0,19,41,60
Tri-Cities,Cumming,47,16,0,20,22,1,67,38,1,63,43,106
Tri-Cities,SForsyth,46,14,3,12,16,2,58,30,5,63,30,93
Tri-Cities,NHall,1,2,0,0,4,0,1,6,0,3,4,7
Tri-Cities,Gainesville,2,3,0,4,6,0,6,9,0,5,10,15
Tri-Cities,SHall,20,6,0,7,7,0,27,13,0,26,14,40
Tri-Cities,WNewton,351,63,0,40,144,0,391,207,0,414,184,598
Tri-Cities,ENewton,36,7,0,5,14,0,41,21,0,43,19,62
Tri-Cities,NPaulding,54,4,0,12,15,0,66,19,0,58,27,85
Tri-Cities,WPaulding,34,3,0,11,69,0,45,72,0,37,80,117
Tri-Cities,EPaulding,369,42,0,56,130,1,425,172,1,411,187,598
Tri-Cities,NSpalding,226,37,0,26,29,0,252,66,0,263,55,318
Tri-Cities,SSpalding,148,14,0,22,33,0,170,47,0,162,55,217
Tri-Cities,WWalton,64,13,0,9,10,1,73,23,1,77,20,97
Tri-Cities,EWalton,17,6,0,3,18,0,20,24,0,23,21,44
Shannon,NFulton,103,28,5,28,26,6,131,54,11,136,60,196
Shannon,Roswell,67,10,1,15,29,2,82,39,3,78,46,124
Shannon,SandySprings,588,94,92,69,125,16,657,219,108,774,210,984
Shannon,Buckhead,1079,254,244,115,396,26,1194,650,270,1577,537,2114
Shannon,NWAtlanta,771,178,50,196,479,49,967,657,99,999,724,1723
Shannon,NEAtlanta,2096,426,531,421,1025,217,2517,1451,748,3053,1663,4716
Shannon,SWAtlanta,1768,356,76,1379,3513,110,3147,3869,186,2200,5002,7202
Shannon,CBDAtlanta,2337,487,1571,467,1595,509,2804,2082,2080,4395,2571,6966
Shannon,SEAtlanta,1361,245,62,750,1701,88,2111,1946,150,1668,2539,4207
Shannon,SFulton,3124,579,18,3739,10321,33,6863,10900,51,3721,14093,17814
Shannon,Tri-Cities,4333,865,99,4596,11748,218,8929,12613,317,5297,16562,21859
Shannon,Shannon,19403,3953,102,48604,104239,403,68007,108192,505,23458,153246,176704
Shannon,WCherokee,3,1,0,1,16,0,4,17,0,4,17,21
Shannon,NCherokee,0,0,0,1,1,0,1,1,0,0,2,2
Shannon,ECentCherokee,19,2,0,8,5,0,27,7,0,21,13,34
Shannon,Woodstock,47,6,0,18,21,0,65,27,0,53,39,92
Shannon,Airport,3128,535,148,2365,4753,58,5493,5288,206,3811,7176,10987
Shannon,NEClayton,1724,346,19,1052,1880,35,2776,2226,54,2089,2967,5056
Shannon,Riverdale,2218,437,15,3457,9643,48,5675,10080,63,2670,13148,15818
Shannon,SClayton,1111,209,2,688,1529,3,1799,1738,5,1322,2220,3542
Shannon,NWCobb,181,29,7,85,96,8,266,125,15,217,189,406
Shannon,NECobb,190,22,2,46,63,0,236,85,2,214,109,323
Shannon,SWCobb,211,38,0,55,119,0,266,157,0,249,174,423
Shannon,Marietta,252,49,2,73,60,20,325,109,22,303,153,456
Shannon,Cumberland,1063,180,26,170,469,10,1233,649,36,1269,649,1918
Shannon,SCobb,641,121,4,221,478,1,862,599,5,766,700,1466
Shannon,Chamblee,637,135,92,95,115,20,732,250,112,864,230,1094
Shannon,NWDeKalb,683,165,38,166,297,23,849,462,61,886,486,1372
Shannon,NEDeKalb,450,90,18,106,163,17,556,253,35,558,286,844
Shannon,Atlanta-DeKalb,176,32,16,49,103,8,225,135,24,224,160,384
Shannon,Decatur,176,24,32,34,71,6,210,95,38,232,111,343
Shannon,SWDeKalb,413,60,20,118,282,10,531,342,30,493,410,903
Shannon,SEDeKalb,253,51,4,44,158,0,297,209,4,308,202,510
Shannon,SDeKalb,573,106,7,219,560,8,792,666,15,686,787,1473
Shannon,WDouglas,743,141,1,249,773,1,992,914,2,885,1023,1908
Shannon,EDouglas,921,181,0,453,1250,1,1374,1431,1,1102,1704,2806
Shannon,WFayette,2749,506,3,2138,5282,4,4887,5788,7,3258,7424,10682
Shannon,EFayette,2429,434,10,2578,6405,8,5007,6839,18,2873,8991,11864
Shannon,NGwinnett,25,11,0,22,54,0,47,65,0,36,76,112
Shannon,CentGwinnett,83,22,2,32,63,1,115,85,3,107,96,203
Shannon,EGwinnett,15,1,0,4,13,0,19,14,0,16,17,33
Shannon,Norcross,214,67,9,34,72,0,248,139,9,290,106,396
Shannon,Lilburn,57,11,0,15,38,0,72,49,0,68,53,121
Shannon,Snellville,81,9,0,13,26,0,94,35,0,90,39,129
Shannon,NHenry,472,78,0,167,341,0,639,419,0,550,508,1058
Shannon,EHenry,191,47,0,44,103,0,235,150,0,238,147,385
Shannon,SHenry,558,100,0,110,319,0,668,419,0,658,429,1087
Shannon,SRockdale,57,14,0,13,27,0,70,41,0,71,40,111
Shannon,NRockdale,76,12,1,16,42,2,92,54,3,89,60,149
Shannon,NBarrow,1,0,0,1,1,0,2,1,0,1,2,3
Shannon,SBarrow,3,1,0,1,4,0,4,5,0,4,5,9
Shannon,NWBartow,0,0,0,0,1,0,0,1,0,0,1,1
Shannon,NEBartow,2,0,0,1,1,0,3,1,0,2,2,4
Shannon,SWBartow,2,0,0,2,2,0,4,2,0,2,4,6
Shannon,Cartersville,9,2,0,2,40,0,11,42,0,11,42,53
Shannon,NECarroll,97,19,0,23,58,0,120,77,0,116,81,197
Shannon,WCarroll,28,5,0,3,30,0,31,35,0,33,33,66
Shannon,CentralCarroll,197,30,0,66,108,0,263,138,0,227,174,401
Shannon,SECarroll,49,14,0,13,12,0,62,26,0,63,25,88
Shannon,WCoweta,492,85,1,85,200,0,577,285,1,578,285,863
Shannon,NCoweta,3343,551,8,1321,3999,9,4664,4550,17,3902,5329,9231
Shannon,SCoweta,188,36,0,57,174,0,245,210,0,224,231,455
Shannon,SECoweta,300,45,0,83,209,0,383,254,0,345,292,637
Shannon,NForsyth,2,0,0,0,1,0,2,1,0,2,1,3
Shannon,Cumming,6,2,0,8,23,0,14,25,0,8,31,39
Shannon,SForsyth,15,2,0,5,9,0,20,11,0,17,14,31
Shannon,NHall,0,0,0,0,0,0,0,0,0,0,0,0
Shannon,Gainesville,0,0,0,1,2,0,1,2,0,0,3,3
Shannon,SHall,1,1,0,2,4,0,3,5,0,2,6,8
Shannon,WNewton,103,15,0,16,35,0,119,50,0,118,51,169
Shannon,ENewton,3,2,0,4,5,0,7,7,0,5,9,14
Shannon,NPaulding,33,4,0,6,2,0,39,6,0,37,8,45
Shannon,WPaulding,29,6,0,7,11,0,36,17,0,35,18,53
Shannon,EPaulding,255,32,0,45,161,0,300,193,0,287,206,493
Shannon,NSpalding,158,29,0,26,56,0,184,85,0,187,82,269
Shannon,SSpalding,135,25,0,24,43,0,159,68,0,160,67,227
Shannon,WWalton,18,4,0,6,37,0,24,41,0,22,43,65
Shannon,EWalton,4,1,0,6,17,0,10,18,0,5,23,28
WCherokee,NFulton,500,83,0,123,345,0,623,428,0,583,468,1051
WCherokee,Roswell,189,27,0,59,162,0,248,189,0,216,221,437
WCherokee,SandySprings,202,46,1,43,107,2,245,153,3,249,152,401
WCherokee,Buckhead,143,28,0,39,121,0,182,149,0,171,160,331
WCherokee,NWAtlanta,69,10,0,8,45,0,77,55,0,79,53,132
WCherokee,NEAtlanta,84,17,1,31,89,0,115,106,1,102,120,222
WCherokee,SWAtlanta,25,1,0,7,4,0,32,5,0,26,11,37
WCherokee,CBDAtlanta,56,14,1,19,77,0,75,91,1,71,96,167
WCherokee,SEAtlanta,12,1,0,5,21,0,17,22,0,13,26,39
WCherokee,SFulton,10,0,0,3,1,0,13,1,0,10,4,14
WCherokee,Tri-Cities,11,4,0,3,17,0,14,21,0,15,20,35
WCherokee,Shannon,4,1,0,1,17,0,5,18,0,5,18,23
WCherokee,WCherokee,2593,439,0,5827,13674,2,8420,14113,2,3032,19503,22535
WCherokee,NCherokee,273,35,0,432,868,0,705,903,0,308,1300,1608
WCherokee,ECentCherokee,3610,625,9,5607,14810,7,9217,15435,16,4244,20424,24668
WCherokee,Woodstock,912,141,0,597,1576,0,1509,1717,0,1053,2173,3226
WCherokee,Airport,1,2,0,1,9,0,2,11,0,3,10,13
WCherokee,NEClayton,6,2,0,2,7,0,8,9,0,8,9,17
WCherokee,Riverdale,2,0,0,1,2,0,3,2,0,2,3,5
WCherokee,SClayton,1,0,0,1,1,0,2,1,0,1,2,3
WCherokee,NWCobb,676,112,0,319,722,6,995,834,6,788,1047,1835
WCherokee,NECobb,492,89,0,173,530,0,665,619,0,581,703,1284
WCherokee,SWCobb,36,2,0,13,29,0,49,31,0,38,42,80
WCherokee,Marietta,363,66,0,120,311,0,483,377,0,429,431,860
WCherokee,Cumberland,433,74,0,79,225,0,512,299,0,507,304,811
WCherokee,SCobb,66,13,0,14,67,0,80,80,0,79,81,160
WCherokee,Chamblee,101,18,0,17,47,0,118,65,0,119,64,183
WCherokee,NWDeKalb,40,7,0,13,41,0,53,48,0,47,54,101
WCherokee,NEDeKalb,32,1,0,11,7,0,43,8,0,33,18,51
WCherokee,Atlanta-DeKalb,1,0,0,3,0,0,4,0,0,1,3,4
WCherokee,Decatur,2,1,0,2,1,0,4,2,0,3,3,6
WCherokee,SWDeKalb,5,0,0,1,3,0,6,3,0,5,4,9
WCherokee,SEDeKalb,1,0,0,1,1,0,2,1,0,1,2,3
WCherokee,SDeKalb,3,1,0,1,2,0,4,3,0,4,3,7
WCherokee,WDouglas,3,0,0,0,4,0,3,4,0,3,4,7
WCherokee,EDouglas,23,0,0,5,10,0,28,10,0,23,15,38
WCherokee,WFayette,0,1,0,1,2,0,1,3,0,1,3,4
WCherokee,EFayette,1,0,0,1,0,0,2,0,0,1,1,2
WCherokee,NGwinnett,24,1,0,16,53,0,40,54,0,25,69,94
WCherokee,CentGwinnett,62,8,0,31,91,0,93,99,0,70,122,192
WCherokee,EGwinnett,3,0,0,1,0,0,4,0,0,3,1,4
WCherokee,Norcross,93,12,0,18,48,0,111,60,0,105,66,171
WCherokee,Lilburn,3,0,0,4,2,0,7,2,0,3,6,9
WCherokee,Snellville,8,1,0,3,22,0,11,23,0,9,25,34
WCherokee,NHenry,0,0,0,0,10,0,0,10,0,0,10,10
WCherokee,EHenry,0,0,0,0,0,0,0,0,0,0,0,0
WCherokee,SHenry,0,0,0,1,1,0,1,1,0,0,2,2
WCherokee,SRockdale,0,0,0,0,0,0,0,0,0,0,0,0
WCherokee,NRockdale,0,1,0,1,0,0,1,1,0,1,1,2
WCherokee,NBarrow,0,1,0,1,14,0,1,15,0,1,15,16
WCherokee,SBarrow,0,0,0,0,0,0,0,0,0,0,0,0
WCherokee,NWBartow,125,19,0,42,56,0,167,75,0,144,98,242
WCherokee,NEBartow,380,63,0,275,638,0,655,701,0,443,913,1356
WCherokee,SWBartow,38,9,0,13,36,0,51,45,0,47,49,96
WCherokee,Cartersville,938,159,0,458,1188,0,1396,1347,0,1097,1646,2743
WCherokee,NECarroll,2,0,0,1,0,0,3,0,0,2,1,3
WCherokee,WCarroll,0,0,0,0,0,0,0,0,0,0,0,0
WCherokee,CentralCarroll,1,0,0,1,1,0,2,1,0,1,2,3
WCherokee,SECarroll,0,0,0,0,0,0,0,0,0,0,0,0
WCherokee,WCoweta,0,0,0,0,0,0,0,0,0,0,0,0
WCherokee,NCoweta,0,0,0,0,0,0,0,0,0,0,0,0
WCherokee,SCoweta,0,0,0,0,0,0,0,0,0,0,0,0
WCherokee,SECoweta,0,0,0,0,0,0,0,0,0,0,0,0
WCherokee,NForsyth,65,14,0,38,76,0,103,90,0,79,114,193
WCherokee,Cumming,198,46,0,112,220,0,310,266,0,244,332,576
WCherokee,SForsyth,170,32,0,31,75,0,201,107,0,202,106,308
WCherokee,NHall,0,0,0,0,0,0,0,0,0,0,0,0
WCherokee,Gainesville,21,3,0,4,17,0,25,20,0,24,21,45
WCherokee,SHall,11,2,0,4,19,0,15,21,0,13,23,36
WCherokee,WNewton,0,0,0,0,0,0,0,0,0,0,0,0
WCherokee,ENewton,0,0,0,0,0,0,0,0,0,0,0,0
WCherokee,NPaulding,36,6,0,18,10,0,54,16,0,42,28,70
WCherokee,WPaulding,3,1,0,1,0,0,4,1,0,4,1,5
WCherokee,EPaulding,55,3,0,24,42,0,79,45,0,58,66,124
WCherokee,NSpalding,0,0,0,0,0,0,0,0,0,0,0,0
WCherokee,SSpalding,0,0,0,0,0,0,0,0,0,0,0,0
WCherokee,WWalton,1,0,0,0,0,0,1,0,0,1,0,1
WCherokee,EWalton,0,0,0,0,0,0,0,0,0,0,0,0
NCherokee,NFulton,388,62,0,118,332,0,506,394,0,450,450,900
NCherokee,Roswell,119,21,0,37,97,0,156,118,0,140,134,274
NCherokee,SandySprings,96,14,0,28,114,0,124,128,0,110,142,252
NCherokee,Buckhead,44,14,1,23,36,0,67,50,1,59,59,118
NCherokee,NWAtlanta,25,5,0,6,18,0,31,23,0,30,24,54
NCherokee,NEAtlanta,30,6,0,12,44,0,42,50,0,36,56,92
NCherokee,SWAtlanta,4,0,0,2,11,0,6,11,0,4,13,17
NCherokee,CBDAtlanta,13,3,1,13,48,0,26,51,1,17,61,78
NCherokee,SEAtlanta,4,2,0,1,0,0,5,2,0,6,1,7
NCherokee,SFulton,3,0,0,1,0,0,4,0,0,3,1,4
NCherokee,Tri-Cities,7,0,0,2,20,0,9,20,0,7,22,29
NCherokee,Shannon,1,0,0,1,0,0,2,0,0,1,1,2
NCherokee,WCherokee,252,39,0,434,872,0,686,911,0,291,1306,1597
NCherokee,NCherokee,1561,246,0,3008,6474,0,4569,6720,0,1807,9482,11289
NCherokee,ECentCherokee,1953,328,6,2337,5965,6,4290,6293,12,2287,8308,10595
NCherokee,Woodstock,308,58,0,129,325,0,437,383,0,366,454,820
NCherokee,Airport,1,0,0,2,0,0,3,0,0,1,2,3
NCherokee,NEClayton,1,0,0,0,3,0,1,3,0,1,3,4
NCherokee,Riverdale,1,0,0,0,0,0,1,0,0,1,0,1
NCherokee,SClayton,0,0,0,0,0,0,0,0,0,0,0,0
NCherokee,NWCobb,278,40,0,92,237,1,370,277,1,318,330,648
NCherokee,NECobb,187,36,0,56,186,0,243,222,0,223,242,465
NCherokee,SWCobb,22,0,0,3,28,0,25,28,0,22,31,53
NCherokee,Marietta,143,30,0,35,90,0,178,120,0,173,125,298
NCherokee,Cumberland,167,31,0,34,65,0,201,96,0,198,99,297
NCherokee,SCobb,26,1,0,11,56,0,37,57,0,27,67,94
NCherokee,Chamblee,59,7,0,12,21,0,71,28,0,66,33,99
NCherokee,NWDeKalb,12,2,0,10,49,0,22,51,0,14,59,73
NCherokee,NEDeKalb,15,3,0,5,5,0,20,8,0,18,10,28
NCherokee,Atlanta-DeKalb,1,0,0,0,5,0,1,5,0,1,5,6
NCherokee,Decatur,1,0,0,4,2,0,5,2,0,1,6,7
NCherokee,SWDeKalb,2,1,0,0,2,0,2,3,0,3,2,5
NCherokee,SEDeKalb,1,0,0,0,2,0,1,2,0,1,2,3
NCherokee,SDeKalb,2,0,0,0,12,0,2,12,0,2,12,14
NCherokee,WDouglas,2,2,0,2,9,0,4,11,0,4,11,15
NCherokee,EDouglas,9,1,0,2,7,0,11,8,0,10,9,19
NCherokee,WFayette,0,0,0,0,1,0,0,1,0,0,1,1
NCherokee,EFayette,0,0,0,0,0,0,0,0,0,0,0,0
NCherokee,NGwinnett,53,5,0,21,69,0,74,74,0,58,90,148
NCherokee,CentGwinnett,57,11,0,35,55,0,92,66,0,68,90,158
NCherokee,EGwinnett,6,1,0,1,0,0,7,1,0,7,1,8
NCherokee,Norcross,55,10,0,13,20,0,68,30,0,65,33,98
NCherokee,Lilburn,5,1,0,1,29,0,6,30,0,6,30,36
NCherokee,Snellville,5,0,0,3,38,0,8,38,0,5,41,46
NCherokee,NHenry,0,0,0,1,0,0,1,0,0,0,1,1
NCherokee,EHenry,0,0,0,0,0,0,0,0,0,0,0,0
NCherokee,SHenry,0,0,0,0,0,0,0,0,0,0,0,0
NCherokee,SRockdale,0,0,0,0,0,0,0,0,0,0,0,0
NCherokee,NRockdale,1,0,0,0,17,0,1,17,0,1,17,18
NCherokee,NBarrow,1,1,0,1,0,0,2,1,0,2,1,3
NCherokee,SBarrow,2,0,0,0,0,0,2,0,0,2,0,2
NCherokee,NWBartow,20,1,0,5,19,0,25,20,0,21,24,45
NCherokee,NEBartow,51,5,0,9,39,0,60,44,0,56,48,104
NCherokee,SWBartow,20,0,0,1,2,0,21,2,0,20,3,23
NCherokee,Cartersville,95,15,0,32,41,0,127,56,0,110,73,183
NCherokee,NECarroll,0,0,0,1,0,0,1,0,0,0,1,1
NCherokee,WCarroll,0,0,0,0,0,0,0,0,0,0,0,0
NCherokee,CentralCarroll,0,0,0,0,0,0,0,0,0,0,0,0
NCherokee,SECarroll,0,0,0,0,0,0,0,0,0,0,0,0
NCherokee,WCoweta,0,0,0,0,0,0,0,0,0,0,0,0
NCherokee,NCoweta,0,0,0,0,0,0,0,0,0,0,0,0
NCherokee,SCoweta,0,0,0,0,0,0,0,0,0,0,0,0
NCherokee,SECoweta,0,0,0,0,0,0,0,0,0,0,0,0
NCherokee,NForsyth,202,24,0,92,203,0,294,227,0,226,295,521
NCherokee,Cumming,431,78,0,275,639,0,706,717,0,509,914,1423
NCherokee,SForsyth,215,30,0,54,174,0,269,204,0,245,228,473
NCherokee,NHall,6,0,0,4,5,0,10,5,0,6,9,15
NCherokee,Gainesville,32,4,0,11,37,0,43,41,0,36,48,84
NCherokee,SHall,16,0,0,11,3,0,27,3,0,16,14,30
NCherokee,WNewton,0,0,0,0,0,0,0,0,0,0,0,0
NCherokee,ENewton,0,0,0,0,0,0,0,0,0,0,0,0
NCherokee,NPaulding,8,1,0,1,2,0,9,3,0,9,3,12
NCherokee,WPaulding,0,0,0,0,0,0,0,0,0,0,0,0
NCherokee,EPaulding,10,0,0,6,11,0,16,11,0,10,17,27
NCherokee,NSpalding,0,0,0,0,0,0,0,0,0,0,0,0
NCherokee,SSpalding,0,0,0,0,0,0,0,0,0,0,0,0
NCherokee,WWalton,3,0,0,0,0,0,3,0,0,3,0,3
NCherokee,EWalton,0,0,0,0,0,0,0,0,0,0,0,0
ECentCherokee,NFulton,6212,1081,11,3643,10333,5,9855,11414,16,7304,13981,21285
ECentCherokee,Roswell,2128,419,2,1136,3505,0,3264,3924,2,2549,4641,7190
ECentCherokee,SandySprings,1496,253,2,320,788,5,1816,1041,7,1751,1113,2864
ECentCherokee,Buckhead,745,139,5,136,351,3,881,490,8,889,490,1379
ECentCherokee,NWAtlanta,263,40,0,31,63,0,294,103,0,303,94,397
ECentCherokee,NEAtlanta,393,91,0,120,393,9,513,484,9,484,522,1006
ECentCherokee,SWAtlanta,109,19,0,44,61,1,153,80,1,128,106,234
ECentCherokee,CBDAtlanta,241,64,16,74,247,16,315,311,32,321,337,658
ECentCherokee,SEAtlanta,59,16,0,30,103,2,89,119,2,75,135,210
ECentCherokee,SFulton,29,4,0,9,27,0,38,31,0,33,36,69
ECentCherokee,Tri-Cities,81,26,2,22,27,0,103,53,2,109,49,158
ECentCherokee,Shannon,20,3,0,6,5,0,26,8,0,23,11,34
ECentCherokee,WCherokee,3900,664,9,5574,14871,7,9474,15535,16,4573,20452,25025
ECentCherokee,NCherokee,2090,347,6,2348,6225,6,4438,6572,12,2443,8579,11022
ECentCherokee,ECentCherokee,48719,8481,118,83210,186598,265,131929,195079,383,57318,270073,327391
ECentCherokee,Woodstock,7444,1342,1,7895,21790,0,15339,23132,1,8787,29685,38472
ECentCherokee,Airport,30,11,0,8,7,0,38,18,0,41,15,56
ECentCherokee,NEClayton,41,11,0,12,5,0,53,16,0,52,17,69
ECentCherokee,Riverdale,9,3,0,7,27,0,16,30,0,12,34,46
ECentCherokee,SClayton,10,1,0,5,8,0,15,9,0,11,13,24
ECentCherokee,NWCobb,3590,625,1,1991,4333,86,5581,4958,87,4216,6410,10626
ECentCherokee,NECobb,3171,530,0,1435,4724,0,4606,5254,0,3701,6159,9860
ECentCherokee,SWCobb,242,42,0,77,103,0,319,145,0,284,180,464
ECentCherokee,Marietta,1600,273,1,461,915,7,2061,1188,8,1874,1383,3257
ECentCherokee,Cumberland,1998,316,0,292,627,3,2290,943,3,2314,922,3236
ECentCherokee,SCobb,292,63,0,83,266,0,375,329,0,355,349,704
ECentCherokee,Chamblee,883,134,4,193,476,1,1076,610,5,1021,670,1691
ECentCherokee,NWDeKalb,209,54,0,67,290,6,276,344,6,263,363,626
ECentCherokee,NEDeKalb,249,47,0,66,124,1,315,171,1,296,191,487
ECentCherokee,Atlanta-DeKalb,21,9,0,4,30,1,25,39,1,30,35,65
ECentCherokee,Decatur,33,2,1,10,12,1,43,14,2,36,23,59
ECentCherokee,SWDeKalb,48,9,0,20,25,0,68,34,0,57,45,102
ECentCherokee,SEDeKalb,19,2,0,11,21,0,30,23,0,21,32,53
ECentCherokee,SDeKalb,29,4,0,12,62,0,41,66,0,33,74,107
ECentCherokee,WDouglas,30,8,0,8,24,0,38,32,0,38,32,70
ECentCherokee,EDouglas,116,20,0,27,45,0,143,65,0,136,72,208
ECentCherokee,WFayette,3,0,0,3,7,0,6,7,0,3,10,13
ECentCherokee,EFayette,7,0,0,4,1,0,11,1,0,7,5,12
ECentCherokee,NGwinnett,418,60,0,150,314,0,568,374,0,478,464,942
ECentCherokee,CentGwinnett,639,113,0,239,446,0,878,559,0,752,685,1437
ECentCherokee,EGwinnett,34,8,0,15,37,0,49,45,0,42,52,94
ECentCherokee,Norcross,858,127,0,160,327,0,1018,454,0,985,487,1472
ECentCherokee,Lilburn,58,4,0,20,76,0,78,80,0,62,96,158
ECentCherokee,Snellville,60,10,0,22,24,0,82,34,0,70,46,116
ECentCherokee,NHenry,5,2,0,5,8,0,10,10,0,7,13,20
ECentCherokee,EHenry,0,0,0,0,17,0,0,17,0,0,17,17
ECentCherokee,SHenry,5,0,0,0,11,0,5,11,0,5,11,16
ECentCherokee,SRockdale,1,0,0,1,6,0,2,6,0,1,7,8
ECentCherokee,NRockdale,4,0,0,1,7,0,5,7,0,4,8,12
ECentCherokee,NBarrow,19,4,0,4,29,0,23,33,0,23,33,56
ECentCherokee,SBarrow,13,4,0,3,1,0,16,5,0,17,4,21
ECentCherokee,NWBartow,231,42,0,62,123,0,293,165,0,273,185,458
ECentCherokee,NEBartow,489,73,0,226,508,0,715,581,0,562,734,1296
ECentCherokee,SWBartow,148,20,0,53,93,0,201,113,0,168,146,314
ECentCherokee,Cartersville,968,162,0,307,659,0,1275,821,0,1130,966,2096
ECentCherokee,NECarroll,6,3,0,4,6,0,10,9,0,9,10,19
ECentCherokee,WCarroll,2,0,0,0,0,0,2,0,0,2,0,2
ECentCherokee,CentralCarroll,2,1,0,1,10,0,3,11,0,3,11,14
ECentCherokee,SECarroll,1,1,0,1,0,0,2,1,0,2,1,3
ECentCherokee,WCoweta,0,0,0,1,0,0,1,0,0,0,1,1
ECentCherokee,NCoweta,1,1,0,4,2,0,5,3,0,2,6,8
ECentCherokee,SCoweta,0,0,0,0,0,0,0,0,0,0,0,0
ECentCherokee,SECoweta,1,0,0,0,0,0,1,0,0,1,0,1
ECentCherokee,NForsyth,1471,246,0,827,1991,0,2298,2237,0,1717,2818,4535
ECentCherokee,Cumming,4275,768,0,3574,9569,0,7849,10337,0,5043,13143,18186
ECentCherokee,SForsyth,2047,363,0,801,1762,1,2848,2125,1,2410,2564,4974
ECentCherokee,NHall,56,14,0,8,38,0,64,52,0,70,46,116
ECentCherokee,Gainesville,192,29,0,42,97,0,234,126,0,221,139,360
ECentCherokee,SHall,119,25,0,55,73,0,174,98,0,144,128,272
ECentCherokee,WNewton,2,0,0,1,2,0,3,2,0,2,3,5
ECentCherokee,ENewton,0,0,0,0,0,0,0,0,0,0,0,0
ECentCherokee,NPaulding,171,23,0,56,67,0,227,90,0,194,123,317
ECentCherokee,WPaulding,21,3,0,10,22,0,31,25,0,24,32,56
ECentCherokee,EPaulding,193,26,0,64,133,0,257,159,0,219,197,416
ECentCherokee,NSpalding,0,0,0,0,0,0,0,0,0,0,0,0
ECentCherokee,SSpalding,0,0,0,0,0,0,0,0,0,0,0,0
ECentCherokee,WWalton,5,3,0,4,18,0,9,21,0,8,22,30
ECentCherokee,EWalton,3,1,0,4,1,0,7,2,0,4,5,9
Woodstock,NFulton,3412,635,2,2127,5797,5,5539,6432,7,4049,7929,11978
Woodstock,Roswell,2540,390,8,1589,4343,2,4129,4733,10,2938,5934,8872
Woodstock,SandySprings,2024,322,12,459,1069,10,2483,1391,22,2358,1538,3896
Woodstock,Buckhead,1175,211,22,174,422,2,1349,633,24,1408,598,2006
Woodstock,NWAtlanta,415,93,2,63,115,0,478,208,2,510,178,688
Woodstock,NEAtlanta,786,149,23,122,309,9,908,458,32,958,440,1398
Woodstock,SWAtlanta,209,31,3,42,96,1,251,127,4,243,139,382
Woodstock,CBDAtlanta,574,150,88,54,282,10,628,432,98,812,346,1158
Woodstock,SEAtlanta,133,45,2,24,118,1,157,163,3,180,143,323
Woodstock,SFulton,72,13,0,18,18,0,90,31,0,85,36,121
Woodstock,Tri-Cities,160,48,0,32,32,0,192,80,0,208,64,272
Woodstock,Shannon,49,9,0,12,19,0,61,28,0,58,31,89
Woodstock,WCherokee,903,146,0,594,1659,0,1497,1805,0,1049,2253,3302
Woodstock,NCherokee,298,47,0,128,305,0,426,352,0,345,433,778
Woodstock,ECentCherokee,7971,1418,1,7972,21993,0,15943,23411,1,9390,29965,39355
Woodstock,Woodstock,33668,5891,0,69732,163806,0,103400,169697,0,39559,233538,273097
Woodstock,Airport,59,13,8,9,17,1,68,30,9,80,27,107
Woodstock,NEClayton,68,20,0,11,49,0,79,69,0,88,60,148
Woodstock,Riverdale,28,16,0,13,66,0,41,82,0,44,79,123
Woodstock,SClayton,21,5,0,5,26,0,26,31,0,26,31,57
Woodstock,NWCobb,12371,2228,43,14192,34914,283,26563,37142,326,14642,49389,64031
Woodstock,NECobb,7644,1342,1,8531,21034,1,16175,22376,2,8987,29566,38553
Woodstock,SWCobb,553,105,0,206,617,0,759,722,0,658,823,1481
Woodstock,Marietta,3228,545,8,1513,3546,40,4741,4091,48,3781,5099,8880
Woodstock,Cumberland,3373,563,10,586,1680,8,3959,2243,18,3946,2274,6220
Woodstock,SCobb,556,90,0,181,533,0,737,623,0,646,714,1360
Woodstock,Chamblee,1115,173,11,174,340,7,1289,513,18,1299,521,1820
Woodstock,NWDeKalb,326,67,1,57,119,4,383,186,5,394,180,574
Woodstock,NEDeKalb,303,52,0,63,103,1,366,155,1,355,167,522
Woodstock,Atlanta-DeKalb,36,13,0,14,8,0,50,21,0,49,22,71
Woodstock,Decatur,37,12,2,12,20,3,49,32,5,51,35,86
Woodstock,SWDeKalb,59,20,0,30,80,0,89,100,0,79,110,189
Woodstock,SEDeKalb,24,6,0,22,17,0,46,23,0,30,39,69
Woodstock,SDeKalb,61,15,0,10,33,0,71,48,0,76,43,119
Woodstock,WDouglas,82,19,0,26,39,0,108,58,0,101,65,166
Woodstock,EDouglas,201,36,0,31,73,0,232,109,0,237,104,341
Woodstock,WFayette,11,0,0,5,1,0,16,1,0,11,6,17
Woodstock,EFayette,9,1,0,12,13,0,21,14,0,10,25,35
Woodstock,NGwinnett,155,30,0,60,57,0,215,87,0,185,117,302
Woodstock,CentGwinnett,391,60,1,105,155,0,496,215,1,452,260,712
Woodstock,EGwinnett,24,7,0,10,58,0,34,65,0,31,68,99
Woodstock,Norcross,851,122,0,151,352,0,1002,474,0,973,503,1476
Woodstock,Lilburn,71,10,0,21,39,0,92,49,0,81,60,141
Woodstock,Snellville,34,9,0,16,16,0,50,25,0,43,32,75
Woodstock,NHenry,17,3,0,11,24,0,28,27,0,20,35,55
Woodstock,EHenry,7,1,0,1,4,0,8,5,0,8,5,13
Woodstock,SHenry,12,0,0,4,12,0,16,12,0,12,16,28
Woodstock,SRockdale,3,1,0,2,6,0,5,7,0,4,8,12
Woodstock,NRockdale,6,1,0,2,4,0,8,5,0,7,6,13
Woodstock,NBarrow,9,0,0,2,1,0,11,1,0,9,3,12
Woodstock,SBarrow,8,0,0,3,0,0,11,0,0,8,3,11
Woodstock,NWBartow,205,34,0,57,104,0,262,138,0,239,161,400
Woodstock,NEBartow,232,39,0,84,209,0,316,248,0,271,293,564
Woodstock,SWBartow,324,67,0,108,374,0,432,441,0,391,482,873
Woodstock,Cartersville,1665,296,0,884,2343,0,2549,2639,0,1961,3227,5188
Woodstock,NECarroll,42,9,0,12,5,0,54,14,0,51,17,68
Woodstock,WCarroll,1,0,0,2,1,0,3,1,0,1,3,4
Woodstock,CentralCarroll,12,2,0,4,8,0,16,10,0,14,12,26
Woodstock,SECarroll,2,1,0,0,0,0,2,1,0,3,0,3
Woodstock,WCoweta,1,0,0,2,0,0,3,0,0,1,2,3
Woodstock,NCoweta,10,1,0,4,4,0,14,5,0,11,8,19
Woodstock,SCoweta,0,0,0,0,1,0,0,1,0,0,1,1
Woodstock,SECoweta,0,0,0,0,0,0,0,0,0,0,0,0
Woodstock,NForsyth,255,42,0,70,161,0,325,203,0,297,231,528
Woodstock,Cumming,733,127,0,204,419,0,937,546,0,860,623,1483
Woodstock,SForsyth,547,92,0,105,261,0,652,353,0,639,366,1005
Woodstock,NHall,18,1,0,6,13,0,24,14,0,19,19,38
Woodstock,Gainesville,42,2,0,11,21,0,53,23,0,44,32,76
Woodstock,SHall,26,5,0,8,27,0,34,32,0,31,35,66
Woodstock,WNewton,2,5,0,4,0,0,6,5,0,7,4,11
Woodstock,ENewton,0,0,0,0,0,0,0,0,0,0,0,0
Woodstock,NPaulding,648,90,0,267,819,0,915,909,0,738,1086,1824
Woodstock,WPaulding,76,10,0,18,67,0,94,77,0,86,85,171
Woodstock,EPaulding,706,113,0,170,386,0,876,499,0,819,556,1375
Woodstock,NSpalding,1,0,0,0,0,0,1,0,0,1,0,1
Woodstock,SSpalding,0,0,0,0,0,0,0,0,0,0,0,0
Woodstock,WWalton,9,3,0,0,5,0,9,8,0,12,5,17
Woodstock,EWalton,3,1,0,2,1,0,5,2,0,4,3,7
Airport,NFulton,65,21,24,8,12,0,73,33,24,110,20,130
Airport,Roswell,66,19,47,14,13,0,80,32,47,132,27,159
Airport,SandySprings,246,63,157,19,32,4,265,95,161,466,55,521
Airport,Buckhead,628,113,401,45,107,17,673,220,418,1142,169,1311
Airport,NWAtlanta,569,99,322,120,120,31,689,219,353,990,271,1261
Airport,NEAtlanta,1217,191,753,311,400,74,1528,591,827,2161,785,2946
Airport,SWAtlanta,1510,248,517,648,1035,96,2158,1283,613,2275,1779,4054
Airport,CBDAtlanta,987,212,649,339,432,182,1326,644,831,1848,953,2801
Airport,SEAtlanta,1677,366,422,1186,1635,123,2863,2001,545,2465,2944,5409
Airport,SFulton,949,143,47,323,636,6,1272,779,53,1139,965,2104
Airport,Tri-Cities,4047,711,390,5334,5943,255,9381,6654,645,5148,11532,16680
Airport,Shannon,3226,524,159,2403,4673,59,5629,5197,218,3909,7135,11044
Airport,WCherokee,3,1,0,0,10,0,3,11,0,4,10,14
Airport,NCherokee,2,0,0,2,0,0,4,0,0,2,2,4
Airport,ECentCherokee,24,10,0,9,4,0,33,14,0,34,13,47
Airport,Woodstock,50,15,8,9,24,1,59,39,9,73,34,107
Airport,Airport,5302,873,93,8616,7902,103,13918,8775,196,6268,16621,22889
Airport,NEClayton,3475,675,101,2899,4436,49,6374,5111,150,4251,7384,11635
Airport,Riverdale,3811,663,150,3467,6935,71,7278,7598,221,4624,10473,15097
Airport,SClayton,1498,274,60,455,813,8,1953,1087,68,1832,1276,3108
Airport,NWCobb,115,26,22,13,32,3,128,58,25,163,48,211
Airport,NECobb,141,29,14,15,20,0,156,49,14,184,35,219
Airport,SWCobb,144,31,11,8,23,0,152,54,11,186,31,217
Airport,Marietta,111,19,11,17,36,3,128,55,14,141,56,197
Airport,Cumberland,461,84,77,41,53,1,502,137,78,622,95,717
Airport,SCobb,517,69,89,50,103,1,567,172,90,675,154,829
Airport,Chamblee,329,85,319,18,33,9,347,118,328,733,60,793
Airport,NWDeKalb,442,89,148,49,131,15,491,220,163,679,195,874
Airport,NEDeKalb,580,86,217,33,43,5,613,129,222,883,81,964
Airport,Atlanta-DeKalb,331,50,178,61,123,18,392,173,196,559,202,761
Airport,Decatur,141,33,102,26,29,6,167,62,108,276,61,337
Airport,SWDeKalb,981,154,276,132,206,11,1113,360,287,1411,349,1760
Airport,SEDeKalb,790,136,179,51,122,5,841,258,184,1105,178,1283
Airport,SDeKalb,1234,221,104,271,478,7,1505,699,111,1559,756,2315
Airport,WDouglas,320,54,12,32,95,0,352,149,12,386,127,513
Airport,EDouglas,389,53,52,56,104,3,445,157,55,494,163,657
Airport,WFayette,504,77,13,112,236,1,616,313,14,594,349,943
Airport,EFayette,950,146,15,410,901,1,1360,1047,16,1111,1312,2423
Airport,NGwinnett,55,16,9,7,20,0,62,36,9,80,27,107
Airport,CentGwinnett,152,31,43,12,13,0,164,44,43,226,25,251
Airport,EGwinnett,41,6,1,10,5,0,51,11,1,48,15,63
Airport,Norcross,152,34,73,9,21,1,161,55,74,259,31,290
Airport,Lilburn,145,22,32,10,11,0,155,33,32,199,21,220
Airport,Snellville,189,18,25,16,66,0,205,84,25,232,82,314
Airport,NHenry,1050,184,34,209,466,1,1259,650,35,1268,676,1944
Airport,EHenry,420,61,10,43,79,3,463,140,13,491,125,616
Airport,SHenry,1079,146,20,87,222,1,1166,368,21,1245,310,1555
Airport,SRockdale,257,44,20,17,56,0,274,100,20,321,73,394
Airport,NRockdale,199,31,29,16,25,0,215,56,29,259,41,300
Airport,NBarrow,7,1,0,1,1,0,8,2,0,8,2,10
Airport,SBarrow,5,1,0,1,2,0,6,3,0,6,3,9
Airport,NWBartow,0,2,0,0,0,0,0,2,0,2,0,2
Airport,NEBartow,1,0,0,0,0,0,1,0,0,1,0,1
Airport,SWBartow,2,1,0,0,2,0,2,3,0,3,2,5
Airport,Cartersville,10,3,0,3,4,0,13,7,0,13,7,20
Airport,NECarroll,34,3,0,5,8,0,39,11,0,37,13,50
Airport,WCarroll,7,0,0,1,5,0,8,5,0,7,6,13
Airport,CentralCarroll,66,14,1,6,23,0,72,37,1,81,29,110
Airport,SECarroll,17,4,0,3,1,0,20,5,0,21,4,25
Airport,WCoweta,183,27,2,16,26,0,199,53,2,212,42,254
Airport,NCoweta,933,133,48,82,223,3,1015,356,51,1114,308,1422
Airport,SCoweta,60,11,1,8,12,0,68,23,1,72,20,92
Airport,SECoweta,119,21,5,12,47,0,131,68,5,145,59,204
Airport,NForsyth,2,0,1,2,3,0,4,3,1,3,5,8
Airport,Cumming,16,7,6,7,12,0,23,19,6,29,19,48
Airport,SForsyth,20,1,5,3,3,0,23,4,5,26,6,32
Airport,NHall,1,0,0,0,0,0,1,0,0,1,0,1
Airport,Gainesville,2,0,0,0,1,0,2,1,0,2,1,3
Airport,SHall,2,2,0,2,2,0,4,4,0,4,4,8
Airport,WNewton,249,43,12,18,35,1,267,78,13,304,54,358
Airport,ENewton,13,4,1,3,26,0,16,30,1,18,29,47
Airport,NPaulding,20,7,0,7,5,0,27,12,0,27,12,39
Airport,WPaulding,12,0,0,3,2,0,15,2,0,12,5,17
Airport,EPaulding,180,29,3,9,27,0,189,56,3,212,36,248
Airport,NSpalding,177,28,2,15,25,0,192,53,2,207,40,247
Airport,SSpalding,84,16,0,15,27,0,99,43,0,100,42,142
Airport,WWalton,41,8,0,4,16,0,45,24,0,49,20,69
Airport,EWalton,8,0,1,2,6,0,10,6,1,9,8,17
NEClayton,NFulton,176,40,7,31,69,0,207,109,7,223,100,323
NEClayton,Roswell,120,28,1,14,51,1,134,79,2,149,66,215
NEClayton,SandySprings,521,148,74,67,129,10,588,277,84,743,206,949
NEClayton,Buckhead,990,304,101,185,443,20,1175,747,121,1395,648,2043
NEClayton,NWAtlanta,672,148,33,214,479,13,886,627,46,853,706,1559
NEClayton,NEAtlanta,2112,470,204,763,1928,136,2875,2398,340,2786,2827,5613
NEClayton,SWAtlanta,1049,207,57,572,1227,61,1621,1434,118,1313,1860,3173
NEClayton,CBDAtlanta,2472,554,617,930,2562,344,3402,3116,961,3643,3836,7479
NEClayton,SEAtlanta,2868,677,48,3678,7916,196,6546,8593,244,3593,11790,15383
NEClayton,SFulton,666,101,4,245,401,2,911,502,6,771,648,1419
NEClayton,Tri-Cities,4063,830,110,3066,5561,124,7129,6391,234,5003,8751,13754
NEClayton,Shannon,1775,325,14,1020,2072,32,2795,2397,46,2114,3124,5238
NEClayton,WCherokee,1,1,0,0,3,0,1,4,0,2,3,5
NEClayton,NCherokee,0,0,0,1,0,0,1,0,0,0,1,1
NEClayton,ECentCherokee,37,7,0,11,7,0,48,14,0,44,18,62
NEClayton,Woodstock,65,13,0,12,65,0,77,78,0,78,77,155
NEClayton,Airport,3339,644,103,2852,4635,54,6191,5279,157,4086,7541,11627
NEClayton,NEClayton,26388,5468,398,48333,95737,1201,74721,101205,1599,32254,145271,177525
NEClayton,Riverdale,5187,1046,62,6816,15458,214,12003,16504,276,6295,22488,28783
NEClayton,SClayton,8168,1637,121,10473,22350,281,18641,23987,402,9926,33104,43030
NEClayton,NWCobb,176,54,1,40,115,1,216,169,2,231,156,387
NEClayton,NECobb,199,66,0,40,79,0,239,145,0,265,119,384
NEClayton,SWCobb,108,23,0,26,28,1,134,51,1,131,55,186
NEClayton,Marietta,165,51,3,37,67,3,202,118,6,219,107,326
NEClayton,Cumberland,664,229,23,84,179,2,748,408,25,916,265,1181
NEClayton,SCobb,353,68,5,74,167,2,427,235,7,426,243,669
NEClayton,Chamblee,705,174,63,111,331,10,816,505,73,942,452,1394
NEClayton,NWDeKalb,979,170,24,356,909,24,1335,1079,48,1173,1289,2462
NEClayton,NEDeKalb,923,170,7,284,480,9,1207,650,16,1100,773,1873
NEClayton,Atlanta-DeKalb,330,55,9,331,608,16,661,663,25,394,955,1349
NEClayton,Decatur,251,46,16,116,306,13,367,352,29,313,435,748
NEClayton,SWDeKalb,1308,254,20,887,2137,29,2195,2391,49,1582,3053,4635
NEClayton,SEDeKalb,797,149,6,273,718,4,1070,867,10,952,995,1947
NEClayton,SDeKalb,2971,596,13,3135,7252,42,6106,7848,55,3580,10429,14009
NEClayton,WDouglas,237,40,0,44,112,1,281,152,1,277,157,434
NEClayton,EDouglas,290,61,1,54,72,0,344,133,1,352,126,478
NEClayton,WFayette,676,132,2,184,357,8,860,489,10,810,549,1359
NEClayton,EFayette,1599,283,10,983,1847,36,2582,2130,46,1892,2866,4758
NEClayton,NGwinnett,84,24,0,28,100,0,112,124,0,108,128,236
NEClayton,CentGwinnett,245,53,1,62,109,2,307,162,3,299,173,472
NEClayton,EGwinnett,77,9,0,16,15,0,93,24,0,86,31,117
NEClayton,Norcross,443,72,3,73,241,2,516,313,5,518,316,834
NEClayton,Lilburn,224,44,0,43,87,1,267,131,1,268,131,399
NEClayton,Snellville,254,54,0,58,111,2,312,165,2,308,171,479
NEClayton,NHenry,5977,1085,33,6521,17520,89,12498,18605,122,7095,24130,31225
NEClayton,EHenry,1522,287,3,547,1419,7,2069,1706,10,1812,1973,3785
NEClayton,SHenry,3727,665,11,1211,2715,38,4938,3380,49,4403,3964,8367
NEClayton,SRockdale,564,92,1,193,439,2,757,531,3,657,634,1291
NEClayton,NRockdale,404,55,2,83,236,1,487,291,3,461,320,781
NEClayton,NBarrow,12,2,0,6,8,0,18,10,0,14,14,28
NEClayton,SBarrow,16,2,0,4,5,0,20,7,0,18,9,27
NEClayton,NWBartow,0,0,0,0,0,0,0,0,0,0,0,0
NEClayton,NEBartow,3,1,0,1,1,0,4,2,0,4,2,6
NEClayton,SWBartow,5,1,0,1,1,0,6,2,0,6,2,8
NEClayton,Cartersville,11,3,0,5,6,0,16,9,0,14,11,25
NEClayton,NECarroll,29,6,0,5,5,1,34,11,1,35,11,46
NEClayton,WCarroll,1,0,0,3,1,0,4,1,0,1,4,5
NEClayton,CentralCarroll,51,6,0,9,27,0,60,33,0,57,36,93
NEClayton,SECarroll,12,1,0,5,23,0,17,24,0,13,28,41
NEClayton,WCoweta,131,17,0,18,106,0,149,123,0,148,124,272
NEClayton,NCoweta,721,111,2,110,257,1,831,368,3,834,368,1202
NEClayton,SCoweta,72,6,0,12,17,0,84,23,0,78,29,107
NEClayton,SECoweta,186,32,0,48,97,1,234,129,1,218,146,364
NEClayton,NForsyth,6,2,0,4,17,0,10,19,0,8,21,29
NEClayton,Cumming,29,5,0,16,23,0,45,28,0,34,39,73
NEClayton,SForsyth,33,9,0,19,24,0,52,33,0,42,43,85
NEClayton,NHall,1,0,0,0,2,0,1,2,0,1,2,3
NEClayton,Gainesville,2,1,0,2,0,0,4,1,0,3,2,5
NEClayton,SHall,13,2,0,5,18,0,18,20,0,15,23,38
NEClayton,WNewton,655,112,0,116,301,1,771,413,1,767,418,1185
NEClayton,ENewton,54,15,0,19,10,0,73,25,0,69,29,98
NEClayton,NPaulding,22,7,0,6,10,0,28,17,0,29,16,45
NEClayton,WPaulding,6,1,0,3,11,0,9,12,0,7,14,21
NEClayton,EPaulding,127,28,0,30,69,1,157,97,1,155,100,255
NEClayton,NSpalding,547,67,1,85,161,0,632,228,1,615,246,861
NEClayton,SSpalding,262,36,0,45,82,0,307,118,0,298,127,425
NEClayton,WWalton,93,20,0,21,46,0,114,66,0,113,67,180
NEClayton,EWalton,40,10,0,11,35,0,51,45,0,50,46,96
Riverdale,NFulton,102,24,9,21,27,2,123,51,11,135,50,185
Riverdale,Roswell,54,15,1,7,36,0,61,51,1,70,43,113
Riverdale,SandySprings,444,123,89,34,168,7,478,291,96,656,209,865
Riverdale,Buckhead,787,242,143,104,257,14,891,499,157,1172,375,1547
Riverdale,NWAtlanta,524,98,35,86,250,15,610,348,50,657,351,1008
Riverdale,NEAtlanta,1655,393,351,358,974,125,2013,1367,476,2399,1457,3856
Riverdale,SWAtlanta,786,117,35,380,988,40,1166,1105,75,938,1408,2346
Riverdale,CBDAtlanta,2038,486,941,486,1545,361,2524,2031,1302,3465,2392,5857
Riverdale,SEAtlanta,1155,267,25,767,2097,54,1922,2364,79,1447,2918,4365
Riverdale,SFulton,505,90,0,268,671,1,773,761,1,595,940,1535
Riverdale,Tri-Cities,2512,496,44,1615,4089,48,4127,4585,92,3052,5752,8804
Riverdale,Shannon,2303,457,15,3465,9499,56,5768,9956,71,2775,13020,15795
Riverdale,WCherokee,3,0,0,1,6,0,4,6,0,3,7,10
Riverdale,NCherokee,1,0,0,0,0,0,1,0,0,1,0,1
Riverdale,ECentCherokee,8,5,0,5,1,0,13,6,0,13,6,19
Riverdale,Woodstock,27,6,0,12,21,0,39,27,0,33,33,66
Riverdale,Airport,3653,595,139,3476,6964,60,7129,7559,199,4387,10500,14887
Riverdale,NEClayton,5176,1003,61,6815,15526,215,11991,16529,276,6240,22556,28796
Riverdale,Riverdale,11829,2234,115,31911,71267,418,43740,73501,533,14178,103596,117774
Riverdale,SClayton,4311,906,38,6215,16178,135,10526,17084,173,5255,22528,27783
Riverdale,NWCobb,76,26,3,28,43,3,104,69,6,105,74,179
Riverdale,NECobb,101,24,0,19,90,0,120,114,0,125,109,234
Riverdale,SWCobb,51,17,0,11,29,0,62,46,0,68,40,108
Riverdale,Marietta,131,31,3,33,63,6,164,94,9,165,102,267
Riverdale,Cumberland,595,167,12,78,152,5,673,319,17,774,235,1009
Riverdale,SCobb,284,39,1,59,149,1,343,188,2,324,209,533
Riverdale,Chamblee,458,142,74,51,200,8,509,342,82,674,259,933
Riverdale,NWDeKalb,498,100,21,115,321,11,613,421,32,619,447,1066
Riverdale,NEDeKalb,415,77,9,82,184,21,497,261,30,501,287,788
Riverdale,Atlanta-DeKalb,170,15,11,61,171,7,231,186,18,196,239,435
Riverdale,Decatur,116,18,15,25,59,7,141,77,22,149,91,240
Riverdale,SWDeKalb,369,72,13,156,345,1,525,417,14,454,502,956
Riverdale,SEDeKalb,230,35,2,65,199,1,295,234,3,267,265,532
Riverdale,SDeKalb,570,118,3,320,848,2,890,966,5,691,1170,1861
Riverdale,WDouglas,116,16,0,40,80,0,156,96,0,132,120,252
Riverdale,EDouglas,196,41,0,53,147,0,249,188,0,237,200,437
Riverdale,WFayette,870,167,4,452,1252,0,1322,1419,4,1041,1704,2745
Riverdale,EFayette,2653,533,3,3631,9493,10,6284,10026,13,3189,13134,16323
Riverdale,NGwinnett,22,6,0,10,4,0,32,10,0,28,14,42
Riverdale,CentGwinnett,78,24,0,24,47,0,102,71,0,102,71,173
Riverdale,EGwinnett,16,5,1,4,13,0,20,18,1,22,17,39
Riverdale,Norcross,177,37,2,38,50,0,215,87,2,216,88,304
Riverdale,Lilburn,55,16,1,16,29,0,71,45,1,72,45,117
Riverdale,Snellville,52,6,0,19,67,0,71,73,0,58,86,144
Riverdale,NHenry,1000,216,2,833,2427,1,1833,2643,3,1218,3261,4479
Riverdale,EHenry,308,82,0,104,374,0,412,456,0,390,478,868
Riverdale,SHenry,1116,207,1,443,1296,2,1559,1503,3,1324,1741,3065
Riverdale,SRockdale,104,14,0,30,104,0,134,118,0,118,134,252
Riverdale,NRockdale,75,17,0,21,27,0,96,44,0,92,48,140
Riverdale,NBarrow,4,0,0,0,1,0,4,1,0,4,1,5
Riverdale,SBarrow,1,0,0,0,0,0,1,0,0,1,0,1
Riverdale,NWBartow,0,0,0,1,0,0,1,0,0,0,1,1
Riverdale,NEBartow,0,1,0,0,0,0,0,1,0,1,0,1
Riverdale,SWBartow,1,0,0,1,0,0,2,0,0,1,1,2
Riverdale,Cartersville,2,3,0,3,1,0,5,4,0,5,4,9
Riverdale,NECarroll,16,2,0,2,25,0,18,27,0,18,27,45
Riverdale,WCarroll,4,1,0,1,0,0,5,1,0,5,1,6
Riverdale,CentralCarroll,33,4,0,11,24,0,44,28,0,37,35,72
Riverdale,SECarroll,5,2,0,2,10,0,7,12,0,7,12,19
Riverdale,WCoweta,91,16,0,22,83,0,113,99,0,107,105,212
Riverdale,NCoweta,520,100,0,163,456,0,683,556,0,620,619,1239
Riverdale,SCoweta,32,2,0,22,66,0,54,68,0,34,88,122
Riverdale,SECoweta,159,20,0,63,173,0,222,193,0,179,236,415
Riverdale,NForsyth,1,0,0,0,1,0,1,1,0,1,1,2
Riverdale,Cumming,10,1,0,2,16,0,12,17,0,11,18,29
Riverdale,SForsyth,15,7,0,3,6,0,18,13,0,22,9,31
Riverdale,NHall,0,0,0,0,2,0,0,2,0,0,2,2
Riverdale,Gainesville,0,0,0,0,1,0,0,1,0,0,1,1
Riverdale,SHall,0,0,0,1,1,0,1,1,0,0,2,2
Riverdale,WNewton,114,14,0,28,44,0,142,58,0,128,72,200
Riverdale,ENewton,7,2,0,4,8,0,11,10,0,9,12,21
Riverdale,NPaulding,6,1,0,4,8,0,10,9,0,7,12,19
Riverdale,WPaulding,2,1,0,2,3,0,4,4,0,3,5,8
Riverdale,EPaulding,61,6,0,17,57,0,78,63,0,67,74,141
Riverdale,NSpalding,255,55,0,89,208,0,344,263,0,310,297,607
Riverdale,SSpalding,149,23,0,35,55,0,184,78,0,172,90,262
Riverdale,WWalton,15,1,0,2,9,0,17,10,0,16,11,27
Riverdale,EWalton,4,0,0,1,3,0,5,3,0,4,4,8
SClayton,NFulton,88,15,3,15,30,1,103,45,4,106,46,152
SClayton,Roswell,43,13,0,14,26,0,57,39,0,56,40,96
SClayton,SandySprings,344,104,26,37,102,4,381,206,30,474,143,617
SClayton,Buckhead,575,165,58,90,339,5,665,504,63,798,434,1232
SClayton,NWAtlanta,372,85,9,62,141,5,434,226,14,466,208,674
SClayton,NEAtlanta,1021,295,67,230,591,17,1251,886,84,1383,838,2221
SClayton,SWAtlanta,438,96,6,136,361,6,574,457,12,540,503,1043
SClayton,CBDAtlanta,1394,296,347,325,753,77,1719,1049,424,2037,1155,3192
SClayton,SEAtlanta,896,210,12,408,980,8,1304,1190,20,1118,1396,2514
SClayton,SFulton,289,56,0,89,169,1,378,225,1,345,259,604
SClayton,Tri-Cities,1639,344,20,488,1241,10,2127,1585,30,2003,1739,3742
SClayton,Shannon,1089,210,2,687,1600,4,1776,1810,6,1301,2291,3592
SClayton,WCherokee,1,0,0,1,0,0,2,0,0,1,1,2
SClayton,NCherokee,0,0,0,0,0,0,0,0,0,0,0,0
SClayton,ECentCherokee,8,0,0,4,8,0,12,8,0,8,12,20
SClayton,Woodstock,22,7,0,5,45,0,27,52,0,29,50,79
SClayton,Airport,1450,259,61,435,839,11,1885,1098,72,1770,1285,3055
SClayton,NEClayton,7820,1511,120,10586,22133,276,18406,23644,396,9451,32995,42446
SClayton,Riverdale,4235,902,39,6237,15655,133,10472,16557,172,5176,22025,27201
SClayton,SClayton,19239,3837,166,36372,72474,369,55611,76311,535,23242,109215,132457
SClayton,NWCobb,77,22,0,17,28,0,94,50,0,99,45,144
SClayton,NECobb,106,35,0,27,72,0,133,107,0,141,99,240
SClayton,SWCobb,37,6,0,14,21,0,51,27,0,43,35,78
SClayton,Marietta,94,33,4,18,29,1,112,62,5,131,48,179
SClayton,Cumberland,455,138,5,49,155,0,504,293,5,598,204,802
SClayton,SCobb,217,32,1,43,77,1,260,109,2,250,121,371
SClayton,Chamblee,395,95,23,73,92,0,468,187,23,513,165,678
SClayton,NWDeKalb,445,88,2,88,213,4,533,301,6,535,305,840
SClayton,NEDeKalb,418,58,2,80,254,1,498,312,3,478,335,813
SClayton,Atlanta-DeKalb,109,16,2,29,71,1,138,87,3,127,101,228
SClayton,Decatur,101,10,6,36,55,4,137,65,10,117,95,212
SClayton,SWDeKalb,345,75,2,128,288,1,473,363,3,422,417,839
SClayton,SEDeKalb,210,38,0,60,133,0,270,171,0,248,193,441
SClayton,SDeKalb,791,154,1,392,862,1,1183,1016,2,946,1255,2201
SClayton,WDouglas,87,14,0,24,78,0,111,92,0,101,102,203
SClayton,EDouglas,125,31,0,31,56,0,156,87,0,156,87,243
SClayton,WFayette,1344,244,0,611,1450,2,1955,1694,2,1588,2063,3651
SClayton,EFayette,3927,705,10,4264,10993,3,8191,11698,13,4642,15260,19902
SClayton,NGwinnett,29,5,0,5,29,0,34,34,0,34,34,68
SClayton,CentGwinnett,73,19,0,28,56,0,101,75,0,92,84,176
SClayton,EGwinnett,14,0,0,3,10,0,17,10,0,14,13,27
SClayton,Norcross,207,33,1,31,66,0,238,99,1,241,97,338
SClayton,Lilburn,77,11,0,19,29,0,96,40,0,88,48,136
SClayton,Snellville,75,8,0,27,39,0,102,47,0,83,66,149
SClayton,NHenry,3991,763,10,5932,14519,12,9923,15282,22,4764,20463,25227
SClayton,EHenry,1084,203,0,542,1473,0,1626,1676,0,1287,2015,3302
SClayton,SHenry,4812,919,7,3662,10018,17,8474,10937,24,5738,13697,19435
SClayton,SRockdale,258,43,1,90,295,0,348,338,1,302,385,687
SClayton,NRockdale,212,34,2,47,147,0,259,181,2,248,194,442
SClayton,NBarrow,4,0,0,1,2,0,5,2,0,4,3,7
SClayton,SBarrow,2,1,0,2,1,0,4,2,0,3,3,6
SClayton,NWBartow,0,0,0,0,0,0,0,0,0,0,0,0
SClayton,NEBartow,0,0,0,0,0,0,0,0,0,0,0,0
SClayton,SWBartow,0,0,0,0,0,0,0,0,0,0,0,0
SClayton,Cartersville,4,0,0,1,0,0,5,0,0,4,1,5
SClayton,NECarroll,12,2,0,4,5,0,16,7,0,14,9,23
SClayton,WCarroll,1,0,0,3,0,0,4,0,0,1,3,4
SClayton,CentralCarroll,30,2,0,16,20,0,46,22,0,32,36,68
SClayton,SECarroll,4,0,0,2,1,0,6,1,0,4,3,7
SClayton,WCoweta,82,12,0,14,40,0,96,52,0,94,54,148
SClayton,NCoweta,535,98,1,141,319,0,676,417,1,634,460,1094
SClayton,SCoweta,42,7,0,20,49,0,62,56,0,49,69,118
SClayton,SECoweta,217,50,0,84,173,0,301,223,0,267,257,524
SClayton,NForsyth,2,0,0,0,5,0,2,5,0,2,5,7
SClayton,Cumming,5,1,0,2,9,0,7,10,0,6,11,17
SClayton,SForsyth,19,2,0,3,3,0,22,5,0,21,6,27
SClayton,NHall,0,0,0,0,0,0,0,0,0,0,0,0
SClayton,Gainesville,1,0,0,0,0,0,1,0,0,1,0,1
SClayton,SHall,2,0,0,0,10,0,2,10,0,2,10,12
SClayton,WNewton,361,64,0,76,144,0,437,208,0,425,220,645
SClayton,ENewton,27,7,0,7,4,0,34,11,0,34,11,45
SClayton,NPaulding,5,1,0,5,28,0,10,29,0,6,33,39
SClayton,WPaulding,5,0,0,3,0,0,8,0,0,5,3,8
SClayton,EPaulding,38,6,0,16,28,0,54,34,0,44,44,88
SClayton,NSpalding,984,177,1,516,1290,1,1500,1467,2,1162,1807,2969
SClayton,SSpalding,530,86,0,142,348,0,672,434,0,616,490,1106
SClayton,WWalton,34,3,0,13,8,0,47,11,0,37,21,58
SClayton,EWalton,14,5,0,11,17,0,25,22,0,19,28,47
NWCobb,NFulton,1613,341,6,498,1110,19,2111,1451,25,1960,1627,3587
NWCobb,Roswell,1246,217,0,467,1109,20,1713,1326,20,1463,1596,3059
NWCobb,SandySprings,2672,468,25,475,866,24,3147,1334,49,3165,1365,4530
NWCobb,Buckhead,2328,452,66,414,917,31,2742,1369,97,2846,1362,4208
NWCobb,NWAtlanta,894,170,11,151,321,17,1045,491,28,1075,489,1564
NWCobb,NEAtlanta,1627,367,96,267,551,45,1894,918,141,2090,863,2953
NWCobb,SWAtlanta,545,95,10,148,220,10,693,315,20,650,378,1028
NWCobb,CBDAtlanta,1202,311,256,154,363,25,1356,674,281,1769,542,2311
NWCobb,SEAtlanta,277,90,12,72,154,11,349,244,23,379,237,616
NWCobb,SFulton,269,54,1,68,177,2,337,231,3,324,247,571
NWCobb,Tri-Cities,357,86,8,58,75,19,415,161,27,451,152,603
NWCobb,Shannon,177,22,6,68,70,9,245,92,15,205,147,352
NWCobb,WCherokee,679,110,0,333,757,6,1012,867,6,789,1096,1885
NWCobb,NCherokee,261,36,0,102,234,1,363,270,1,297,337,634
NWCobb,ECentCherokee,3722,600,1,2002,4319,86,5724,4919,87,4323,6407,10730
NWCobb,Woodstock,12710,2310,43,14229,35423,283,26939,37733,326,15063,49935,64998
NWCobb,Airport,139,31,22,12,29,2,151,60,24,192,43,235
NWCobb,NEClayton,159,63,1,32,84,1,191,147,2,223,117,340
NWCobb,Riverdale,67,21,2,32,32,3,99,53,5,90,67,157
NWCobb,SClayton,76,14,0,17,37,0,93,51,0,90,54,144
NWCobb,NWCobb,73548,13268,305,133172,255251,1200,206720,268519,1505,87121,389623,476744
NWCobb,NECobb,12456,2287,34,13598,25731,245,26054,28018,279,14777,39574,54351
NWCobb,SWCobb,4789,850,3,5860,15371,27,10649,16221,30,5642,21258,26900
NWCobb,Marietta,12069,2138,73,12738,24212,241,24807,26350,314,14280,37191,51471
NWCobb,Cumberland,7761,1265,83,2421,4733,194,10182,5998,277,9109,7348,16457
NWCobb,SCobb,2343,467,8,1505,3471,33,3848,3938,41,2818,5009,7827
NWCobb,Chamblee,1756,278,22,234,382,14,1990,660,36,2056,630,2686
NWCobb,NWDeKalb,619,139,9,100,215,10,719,354,19,767,325,1092
NWCobb,NEDeKalb,476,77,4,109,144,5,585,221,9,557,258,815
NWCobb,Atlanta-DeKalb,102,18,4,23,57,5,125,75,9,124,85,209
NWCobb,Decatur,73,17,9,17,18,3,90,35,12,99,38,137
NWCobb,SWDeKalb,128,29,2,35,59,7,163,88,9,159,101,260
NWCobb,SEDeKalb,96,18,1,53,92,8,149,110,9,115,153,268
NWCobb,SDeKalb,128,49,1,51,79,4,179,128,5,178,134,312
NWCobb,WDouglas,596,90,1,142,397,4,738,487,5,687,543,1230
NWCobb,EDouglas,1219,226,0,365,706,5,1584,932,5,1445,1076,2521
NWCobb,WFayette,38,9,0,18,32,1,56,41,1,47,51,98
NWCobb,EFayette,50,6,0,18,35,1,68,41,1,56,54,110
NWCobb,NGwinnett,113,19,0,81,81,4,194,100,4,132,166,298
NWCobb,CentGwinnett,366,58,2,140,148,9,506,206,11,426,297,723
NWCobb,EGwinnett,35,8,0,29,18,0,64,26,0,43,47,90
NWCobb,Norcross,821,150,3,217,263,23,1038,413,26,974,503,1477
NWCobb,Lilburn,116,26,0,71,88,7,187,114,7,142,166,308
NWCobb,Snellville,72,9,0,50,34,5,122,43,5,81,89,170
NWCobb,NHenry,53,16,2,24,65,0,77,81,2,71,89,160
NWCobb,EHenry,16,2,0,5,13,1,21,15,1,18,19,37
NWCobb,SHenry,38,5,0,19,22,0,57,27,0,43,41,84
NWCobb,SRockdale,24,5,0,9,20,2,33,25,2,29,31,60
NWCobb,NRockdale,23,6,0,16,21,1,39,27,1,29,38,67
NWCobb,NBarrow,11,2,0,3,10,0,14,12,0,13,13,26
NWCobb,SBarrow,4,1,0,3,4,0,7,5,0,5,7,12
NWCobb,NWBartow,688,105,0,170,398,0,858,503,0,793,568,1361
NWCobb,NEBartow,606,102,0,211,547,1,817,649,1,708,759,1467
NWCobb,SWBartow,1168,193,0,475,1105,0,1643,1298,0,1361,1580,2941
NWCobb,Cartersville,5667,968,1,3885,9239,9,9552,10207,10,6636,13133,19769
NWCobb,NECarroll,300,64,0,57,83,0,357,147,0,364,140,504
NWCobb,WCarroll,17,3,0,10,6,0,27,9,0,20,16,36
NWCobb,CentralCarroll,137,24,0,43,68,0,180,92,0,161,111,272
NWCobb,SECarroll,13,0,0,7,23,0,20,23,0,13,30,43
NWCobb,WCoweta,22,5,0,12,4,0,34,9,0,27,16,43
NWCobb,NCoweta,72,9,0,26,32,1,98,41,1,81,59,140
NWCobb,SCoweta,3,0,0,2,0,0,5,0,0,3,2,5
NWCobb,SECoweta,6,0,0,5,17,0,11,17,0,6,22,28
NWCobb,NForsyth,201,31,0,78,85,0,279,116,0,232,163,395
NWCobb,Cumming,439,72,0,168,232,8,607,304,8,511,408,919
NWCobb,SForsyth,292,55,1,51,123,1,343,178,2,348,175,523
NWCobb,NHall,6,3,0,4,1,0,10,4,0,9,5,14
NWCobb,Gainesville,15,3,0,8,30,0,23,33,0,18,38,56
NWCobb,SHall,22,2,0,8,1,0,30,3,0,24,9,33
NWCobb,WNewton,25,4,0,4,21,0,29,25,0,29,25,54
NWCobb,ENewton,1,0,0,1,4,0,2,4,0,1,5,6
NWCobb,NPaulding,4255,804,0,4692,13365,2,8947,14169,2,5059,18059,23118
NWCobb,WPaulding,519,79,0,175,396,0,694,475,0,598,571,1169
NWCobb,EPaulding,5643,1056,0,3936,11334,5,9579,12390,5,6699,15275,21974
NWCobb,NSpalding,4,0,0,6,1,0,10,1,0,4,7,11
NWCobb,SSpalding,5,0,0,0,0,0,5,0,0,5,0,5
NWCobb,WWalton,9,1,0,9,10,0,18,11,0,10,19,29
NWCobb,EWalton,1,1,0,1,0,0,2,1,0,2,1,3
NECobb,NFulton,5345,993,13,3407,8448,8,8752,9441,21,6351,11863,18214
NECobb,Roswell,6006,1063,11,6827,16906,5,12833,17969,16,7080,23738,30818
NECobb,SandySprings,7423,1201,72,6148,11850,45,13571,13051,117,8696,18043,26739
NECobb,Buckhead,2904,501,85,1177,2568,25,4081,3069,110,3490,3770,7260
NECobb,NWAtlanta,894,172,8,261,494,1,1155,666,9,1074,756,1830
NECobb,NEAtlanta,1812,363,86,473,913,38,2285,1276,124,2261,1424,3685
NECobb,SWAtlanta,533,90,6,176,323,7,709,413,13,629,506,1135
NECobb,CBDAtlanta,1211,302,266,228,850,43,1439,1152,309,1779,1121,2900
NECobb,SEAtlanta,275,84,5,75,168,1,350,252,6,364,244,608
NECobb,SFulton,229,43,0,64,85,0,293,128,0,272,149,421
NECobb,Tri-Cities,373,112,8,59,92,1,432,204,9,493,152,645
NECobb,Shannon,205,30,1,50,84,0,255,114,1,236,134,370
NECobb,WCherokee,487,78,0,179,523,0,666,601,0,565,702,1267
NECobb,NCherokee,222,28,0,58,186,0,280,214,0,250,244,494
NECobb,ECentCherokee,3296,536,0,1450,4364,0,4746,4900,0,3832,5814,9646
NECobb,Woodstock,7891,1408,1,8519,21322,1,16410,22730,2,9300,29842,39142
NECobb,Airport,145,38,14,20,16,0,165,54,14,197,36,233
NECobb,NEClayton,185,70,0,37,68,0,222,138,0,255,105,360
NECobb,Riverdale,101,29,0,20,44,0,121,73,0,130,64,194
NECobb,SClayton,90,37,0,26,57,0,116,94,0,127,83,210
NECobb,NWCobb,12879,2381,33,13649,26406,247,26528,28787,280,15293,40302,55595
NECobb,NECobb,43250,7591,31,91590,170114,31,134840,177705,62,50872,261735,312607
NECobb,SWCobb,1744,304,0,860,2498,3,2604,2802,3,2048,3361,5409
NECobb,Marietta,11697,2086,81,15050,25516,214,26747,27602,295,13864,40780,54644
NECobb,Cumberland,12025,1906,121,10709,20639,75,22734,22545,196,14052,31423,45475
NECobb,SCobb,1913,334,8,1224,2844,2,3137,3178,10,2255,4070,6325
NECobb,Chamblee,3517,549,42,1667,3392,11,5184,3941,53,4108,5070,9178
NECobb,NWDeKalb,694,164,12,211,395,4,905,559,16,870,610,1480
NECobb,NEDeKalb,854,162,2,263,479,5,1117,641,7,1018,747,1765
NECobb,Atlanta-DeKalb,103,26,3,29,108,0,132,134,3,132,137,269
NECobb,Decatur,86,15,9,31,45,5,117,60,14,110,81,191
NECobb,SWDeKalb,174,34,1,59,157,1,233,191,2,209,217,426
NECobb,SEDeKalb,142,24,0,41,171,0,183,195,0,166,212,378
NECobb,SDeKalb,179,58,1,52,101,0,231,159,1,238,153,391
NECobb,WDouglas,271,47,0,43,140,0,314,187,0,318,183,501
NECobb,EDouglas,562,103,0,144,256,0,706,359,0,665,400,1065
NECobb,WFayette,41,13,0,17,31,0,58,44,0,54,48,102
NECobb,EFayette,78,6,0,12,67,0,90,73,0,84,79,163
NECobb,NGwinnett,441,75,0,106,188,0,547,263,0,516,294,810
NECobb,CentGwinnett,907,133,1,240,430,0,1147,563,1,1041,670,1711
NECobb,EGwinnett,137,26,0,26,65,0,163,91,0,163,91,254
NECobb,Norcross,1638,290,1,439,1019,0,2077,1309,1,1929,1458,3387
NECobb,Lilburn,257,36,0,75,135,0,332,171,0,293,210,503
NECobb,Snellville,234,32,0,48,125,0,282,157,0,266,173,439
NECobb,NHenry,81,19,0,29,30,0,110,49,0,100,59,159
NECobb,EHenry,43,6,0,15,17,0,58,23,0,49,32,81
NECobb,SHenry,82,21,0,14,50,0,96,71,0,103,64,167
NECobb,SRockdale,52,9,0,6,13,0,58,22,0,61,19,80
NECobb,NRockdale,71,13,0,10,30,0,81,43,0,84,40,124
NECobb,NBarrow,30,4,0,11,28,0,41,32,0,34,39,73
NECobb,SBarrow,31,3,0,8,18,0,39,21,0,34,26,60
NECobb,NWBartow,206,43,0,42,75,0,248,118,0,249,117,366
NECobb,NEBartow,204,15,0,74,102,0,278,117,0,219,176,395
NECobb,SWBartow,334,57,0,91,303,0,425,360,0,391,394,785
NECobb,Cartersville,1169,198,2,291,555,0,1460,753,2,1369,846,2215
NECobb,NECarroll,87,18,0,22,23,0,109,41,0,105,45,150
NECobb,WCarroll,6,0,0,2,0,0,8,0,0,6,2,8
NECobb,CentralCarroll,38,3,0,21,9,0,59,12,0,41,30,71
NECobb,SECarroll,9,0,0,3,1,0,12,1,0,9,4,13
NECobb,WCoweta,18,3,0,1,3,0,19,6,0,21,4,25
NECobb,NCoweta,87,8,0,28,65,0,115,73,0,95,93,188
NECobb,SCoweta,3,0,0,2,0,0,5,0,0,3,2,5
NECobb,SECoweta,6,2,0,1,5,0,7,7,0,8,6,14
NECobb,NForsyth,400,56,0,84,305,0,484,361,0,456,389,845
NECobb,Cumming,1079,177,0,266,528,0,1345,705,0,1256,794,2050
NECobb,SForsyth,808,136,0,217,603,0,1025,739,0,944,820,1764
NECobb,NHall,26,3,0,10,54,0,36,57,0,29,64,93
NECobb,Gainesville,63,5,0,18,13,0,81,18,0,68,31,99
NECobb,SHall,56,13,0,23,56,0,79,69,0,69,79,148
NECobb,WNewton,57,12,0,8,50,0,65,62,0,69,58,127
NECobb,ENewton,3,1,0,1,9,0,4,10,0,4,10,14
NECobb,NPaulding,709,97,0,197,563,0,906,660,0,806,760,1566
NECobb,WPaulding,147,16,0,40,74,0,187,90,0,163,114,277
NECobb,EPaulding,1374,255,0,304,830,0,1678,1085,0,1629,1134,2763
NECobb,NSpalding,14,1,0,1,9,0,15,10,0,15,10,25
NECobb,SSpalding,3,0,0,0,1,0,3,1,0,3,1,4
NECobb,WWalton,45,5,0,5,7,0,50,12,0,50,12,62
NECobb,EWalton,13,6,0,7,7,0,20,13,0,19,14,33
SWCobb,NFulton,278,55,2,61,123,0,339,178,2,335,184,519
SWCobb,Roswell,255,32,0,73,105,0,328,137,0,287,178,465
SWCobb,SandySprings,891,170,8,177,415,6,1068,585,14,1069,598,1667
SWCobb,Buckhead,812,151,24,246,654,4,1058,805,28,987,904,1891
SWCobb,NWAtlanta,714,122,3,252,547,3,966,669,6,839,802,1641
SWCobb,NEAtlanta,694,125,28,237,603,33,931,728,61,847,873,1720
SWCobb,SWAtlanta,720,129,5,308,702,9,1028,831,14,854,1019,1873
SWCobb,CBDAtlanta,742,125,112,184,436,45,926,561,157,979,665,1644
SWCobb,SEAtlanta,212,36,1,70,222,1,282,258,2,249,293,542
SWCobb,SFulton,519,77,0,230,544,0,749,621,0,596,774,1370
SWCobb,Tri-Cities,369,70,1,60,192,1,429,262,2,440,253,693
SWCobb,Shannon,231,27,0,48,152,0,279,179,0,258,200,458
SWCobb,WCherokee,36,6,0,11,43,0,47,49,0,42,54,96
SWCobb,NCherokee,19,3,0,3,24,0,22,27,0,22,27,49
SWCobb,ECentCherokee,242,40,0,67,108,0,309,148,0,282,175,457
SWCobb,Woodstock,562,101,0,201,636,0,763,737,0,663,837,1500
SWCobb,Airport,143,35,12,7,29,0,150,64,12,190,36,226
SWCobb,NEClayton,122,23,0,26,42,1,148,65,1,145,69,214
SWCobb,Riverdale,66,15,0,12,45,0,78,60,0,81,57,138
SWCobb,SClayton,37,9,0,13,5,0,50,14,0,46,18,64
SWCobb,NWCobb,4740,822,3,5845,15482,27,10585,16304,30,5565,21354,26919
SWCobb,NECobb,1740,316,0,845,2588,3,2585,2904,3,2056,3436,5492
SWCobb,SWCobb,11844,2277,0,27881,62437,6,39725,64714,6,14121,90324,104445
SWCobb,Marietta,4193,836,24,4123,10713,49,8316,11549,73,5053,14885,19938
SWCobb,Cumberland,4069,681,22,1577,4490,13,5646,5171,35,4772,6080,10852
SWCobb,SCobb,4956,923,22,7967,20649,36,12923,21572,58,5901,28652,34553
SWCobb,Chamblee,576,103,4,109,244,0,685,347,4,683,353,1036
SWCobb,NWDeKalb,266,40,4,64,149,2,330,189,6,310,215,525
SWCobb,NEDeKalb,224,38,0,44,79,3,268,117,3,262,126,388
SWCobb,Atlanta-DeKalb,54,6,2,13,21,0,67,27,2,62,34,96
SWCobb,Decatur,30,6,2,10,22,3,40,28,5,38,35,73
SWCobb,SWDeKalb,90,19,1,25,67,1,115,86,2,110,93,203
SWCobb,SEDeKalb,32,12,0,13,35,0,45,47,0,44,48,92
SWCobb,SDeKalb,89,13,1,24,56,0,113,69,1,103,80,183
SWCobb,WDouglas,858,174,0,398,1090,0,1256,1264,0,1032,1488,2520
SWCobb,EDouglas,3612,652,5,4194,8815,4,7806,9467,9,4269,13013,17282
SWCobb,WFayette,70,14,0,14,33,0,84,47,0,84,47,131
SWCobb,EFayette,49,7,0,13,23,0,62,30,0,56,36,92
SWCobb,NGwinnett,41,3,0,19,30,0,60,33,0,44,49,93
SWCobb,CentGwinnett,116,20,0,37,105,0,153,125,0,136,142,278
SWCobb,EGwinnett,12,2,0,3,6,0,15,8,0,14,9,23
SWCobb,Norcross,303,46,0,54,122,0,357,168,0,349,176,525
SWCobb,Lilburn,35,7,0,11,12,0,46,19,0,42,23,65
SWCobb,Snellville,31,1,0,19,50,0,50,51,0,32,69,101
SWCobb,NHenry,40,4,0,15,18,0,55,22,0,44,33,77
SWCobb,EHenry,6,1,0,3,9,0,9,10,0,7,12,19
SWCobb,SHenry,25,4,0,10,23,0,35,27,0,29,33,62
SWCobb,SRockdale,17,4,0,5,1,0,22,5,0,21,6,27
SWCobb,NRockdale,22,4,0,6,2,0,28,6,0,26,8,34
SWCobb,NBarrow,1,0,0,3,1,0,4,1,0,1,4,5
SWCobb,SBarrow,0,0,0,0,0,0,0,0,0,0,0,0
SWCobb,NWBartow,40,8,0,12,18,0,52,26,0,48,30,78
SWCobb,NEBartow,42,5,0,17,16,0,59,21,0,47,33,80
SWCobb,SWBartow,93,17,0,31,71,0,124,88,0,110,102,212
SWCobb,Cartersville,372,83,0,142,307,0,514,390,0,455,449,904
SWCobb,NECarroll,259,44,0,57,204,0,316,248,0,303,261,564
SWCobb,WCarroll,22,5,0,5,16,0,27,21,0,27,21,48
SWCobb,CentralCarroll,146,30,0,44,71,0,190,101,0,176,115,291
SWCobb,SECarroll,16,4,0,4,22,0,20,26,0,20,26,46
SWCobb,WCoweta,27,6,0,11,2,0,38,8,0,33,13,46
SWCobb,NCoweta,112,22,0,37,33,0,149,55,0,134,70,204
SWCobb,SCoweta,3,2,0,3,1,0,6,3,0,5,4,9
SWCobb,SECoweta,14,3,0,2,30,0,16,33,0,17,32,49
SWCobb,NForsyth,10,3,0,8,7,0,18,10,0,13,15,28
SWCobb,Cumming,44,5,0,12,27,0,56,32,0,49,39,88
SWCobb,SForsyth,49,8,0,7,17,0,56,25,0,57,24,81
SWCobb,NHall,1,0,0,0,1,0,1,1,0,1,1,2
SWCobb,Gainesville,4,0,0,0,7,0,4,7,0,4,7,11
SWCobb,SHall,7,1,0,1,0,0,8,1,0,8,1,9
SWCobb,WNewton,11,1,0,3,8,0,14,9,0,12,11,23
SWCobb,ENewton,0,0,0,0,0,0,0,0,0,0,0,0
SWCobb,NPaulding,743,114,0,535,1427,0,1278,1541,0,857,1962,2819
SWCobb,WPaulding,329,60,0,141,365,0,470,425,0,389,506,895
SWCobb,EPaulding,5200,938,0,5749,15847,2,10949,16785,2,6138,21598,27736
SWCobb,NSpalding,5,1,0,1,0,0,6,1,0,6,1,7
SWCobb,SSpalding,1,0,0,1,0,0,2,0,0,1,1,2
SWCobb,WWalton,5,2,0,0,1,0,5,3,0,7,1,8
SWCobb,EWalton,0,0,0,1,0,0,1,0,0,0,1,1
Marietta,NFulton,870,160,5,263,567,20,1133,727,25,1035,850,1885
Marietta,Roswell,856,168,1,397,747,24,1253,915,25,1025,1168,2193
Marietta,SandySprings,1807,300,23,844,1244,20,2651,1544,43,2130,2108,4238
Marietta,Buckhead,1554,294,47,694,1508,54,2248,1802,101,1895,2256,4151
Marietta,NWAtlanta,726,144,23,365,592,29,1091,736,52,893,986,1879
Marietta,NEAtlanta,1127,227,86,284,498,73,1411,725,159,1440,855,2295
Marietta,SWAtlanta,554,104,20,255,547,38,809,651,58,678,840,1518
Marietta,CBDAtlanta,756,155,144,131,325,53,887,480,197,1055,509,1564
Marietta,SEAtlanta,262,67,22,56,93,14,318,160,36,351,163,514
Marietta,SFulton,285,41,2,133,175,3,418,216,5,328,311,639
Marietta,Tri-Cities,305,56,18,65,98,18,370,154,36,379,181,560
Marietta,Shannon,232,40,1,77,67,21,309,107,22,273,165,438
Marietta,WCherokee,363,40,0,102,264,0,465,304,0,403,366,769
Marietta,NCherokee,133,29,0,38,73,0,171,102,0,162,111,273
Marietta,ECentCherokee,1611,227,1,466,954,7,2077,1181,8,1839,1427,3266
Marietta,Woodstock,3318,588,8,1480,3277,40,4798,3865,48,3914,4797,8711
Marietta,Airport,102,24,15,14,23,3,116,47,18,141,40,181
Marietta,NEClayton,156,42,3,32,103,3,188,145,6,201,138,339
Marietta,Riverdale,123,27,2,44,50,5,167,77,7,152,99,251
Marietta,SClayton,90,22,4,20,21,1,110,43,5,116,42,158
Marietta,NWCobb,12723,2257,81,12892,24019,248,25615,26276,329,15061,37159,52220
Marietta,NECobb,11896,2064,80,15065,25818,214,26961,27882,294,14040,41097,55137
Marietta,SWCobb,4554,839,24,4106,10359,47,8660,11198,71,5417,14512,19929
Marietta,Marietta,26894,4832,364,44980,73312,1019,71874,78144,1383,32090,119311,151401
Marietta,Cumberland,12860,2226,371,12300,20670,733,25160,22896,1104,15457,33703,49160
Marietta,SCobb,6241,1137,120,7141,16749,350,13382,17886,470,7498,24240,31738
Marietta,Chamblee,1226,210,25,343,523,43,1569,733,68,1461,909,2370
Marietta,NWDeKalb,356,74,7,86,145,11,442,219,18,437,242,679
Marietta,NEDeKalb,431,58,11,104,176,14,535,234,25,500,294,794
Marietta,Atlanta-DeKalb,84,12,8,25,29,10,109,41,18,104,64,168
Marietta,Decatur,67,12,9,9,29,6,76,41,15,88,44,132
Marietta,SWDeKalb,169,46,7,40,34,8,209,80,15,222,82,304
Marietta,SEDeKalb,162,30,3,35,164,13,197,194,16,195,212,407
Marietta,SDeKalb,141,50,2,49,93,7,190,143,9,193,149,342
Marietta,WDouglas,488,87,1,107,211,0,595,298,1,576,318,894
Marietta,EDouglas,1133,199,4,448,1031,14,1581,1230,18,1336,1493,2829
Marietta,WFayette,75,11,0,22,15,2,97,26,2,86,39,125
Marietta,EFayette,78,14,1,22,43,2,100,57,3,93,67,160
Marietta,NGwinnett,203,17,0,90,51,4,293,68,4,220,145,365
Marietta,CentGwinnett,368,57,4,134,128,17,502,185,21,429,279,708
Marietta,EGwinnett,84,11,1,27,72,3,111,83,4,96,102,198
Marietta,Norcross,537,103,4,192,181,28,729,284,32,644,401,1045
Marietta,Lilburn,151,24,2,56,86,7,207,110,9,177,149,326
Marietta,Snellville,133,26,0,57,58,6,190,84,6,159,121,280
Marietta,NHenry,81,24,1,23,63,1,104,87,2,106,87,193
Marietta,EHenry,38,11,0,9,7,1,47,18,1,49,17,66
Marietta,SHenry,74,24,0,10,22,0,84,46,0,98,32,130
Marietta,SRockdale,45,15,1,13,16,2,58,31,3,61,31,92
Marietta,NRockdale,32,19,1,13,20,2,45,39,3,52,35,87
Marietta,NBarrow,18,3,0,6,9,0,24,12,0,21,15,36
Marietta,SBarrow,18,2,0,3,3,0,21,5,0,20,6,26
Marietta,NWBartow,193,37,0,35,100,0,228,137,0,230,135,365
Marietta,NEBartow,143,25,0,58,128,0,201,153,0,168,186,354
Marietta,SWBartow,291,52,0,58,293,0,349,345,0,343,351,694
Marietta,Cartersville,986,169,0,233,451,2,1219,620,2,1155,686,1841
Marietta,NECarroll,138,17,0,26,59,0,164,76,0,155,85,240
Marietta,WCarroll,8,1,0,5,1,0,13,2,0,9,6,15
Marietta,CentralCarroll,100,16,0,16,21,0,116,37,0,116,37,153
Marietta,SECarroll,12,1,0,6,4,0,18,5,0,13,10,23
Marietta,WCoweta,23,0,0,5,9,0,28,9,0,23,14,37
Marietta,NCoweta,107,22,0,22,37,2,129,59,2,129,61,190
Marietta,SCoweta,4,2,0,7,0,0,11,2,0,6,7,13
Marietta,SECoweta,8,3,0,3,2,0,11,5,0,11,5,16
Marietta,NForsyth,159,20,0,39,116,0,198,136,0,179,155,334
Marietta,Cumming,312,59,1,107,138,3,419,197,4,372,248,620
Marietta,SForsyth,180,36,0,49,56,1,229,92,1,216,106,322
Marietta,NHall,3,0,0,4,3,0,7,3,0,3,7,10
Marietta,Gainesville,20,1,0,6,40,0,26,41,0,21,46,67
Marietta,SHall,33,5,0,14,7,0,47,12,0,38,21,59
Marietta,WNewton,44,14,0,12,21,0,56,35,0,58,33,91
Marietta,ENewton,6,1,0,1,5,0,7,6,0,7,6,13
Marietta,NPaulding,996,178,0,381,944,3,1377,1122,3,1174,1328,2502
Marietta,WPaulding,298,38,0,62,138,0,360,176,0,336,200,536
Marietta,EPaulding,2679,486,1,916,2518,3,3595,3004,4,3166,3437,6603
Marietta,NSpalding,11,2,0,1,11,0,12,13,0,13,12,25
Marietta,SSpalding,5,0,0,1,4,0,6,4,0,5,5,10
Marietta,WWalton,28,1,0,8,16,0,36,17,0,29,24,53
Marietta,EWalton,5,0,0,3,3,0,8,3,0,5,6,11
Cumberland,NFulton,1849,330,31,361,764,12,2210,1094,43,2210,1137,3347
Cumberland,Roswell,1767,283,26,563,1365,10,2330,1648,36,2076,1938,4014
Cumberland,SandySprings,8349,1330,105,6598,9396,95,14947,10726,200,9784,16089,25873
Cumberland,Buckhead,8135,1303,311,8275,10331,241,16410,11634,552,9749,18847,28596
Cumberland,NWAtlanta,4287,877,169,4452,6165,112,8739,7042,281,5333,10729,16062
Cumberland,NEAtlanta,5009,918,476,2224,3131,258,7233,4049,734,6403,5613,12016
Cumberland,SWAtlanta,2829,581,207,1456,2499,68,4285,3080,275,3617,4023,7640
Cumberland,CBDAtlanta,3355,654,755,1140,1624,307,4495,2278,1062,4764,3071,7835
Cumberland,SEAtlanta,1181,312,162,371,665,45,1552,977,207,1655,1081,2736
Cumberland,SFulton,1153,193,11,327,674,4,1480,867,15,1357,1005,2362
Cumberland,Tri-Cities,1389,272,93,277,605,28,1666,877,121,1754,910,2664
Cumberland,Shannon,1051,172,30,185,373,10,1236,545,40,1253,568,1821
Cumberland,WCherokee,412,70,0,85,218,0,497,288,0,482,303,785
Cumberland,NCherokee,164,18,0,35,47,0,199,65,0,182,82,264
Cumberland,ECentCherokee,1910,291,0,306,670,3,2216,961,3,2201,979,3180
Cumberland,Woodstock,3528,556,10,602,1680,8,4130,2236,18,4094,2290,6384
Cumberland,Airport,443,86,75,45,54,2,488,140,77,604,101,705
Cumberland,NEClayton,640,203,18,83,237,3,723,440,21,861,323,1184
Cumberland,Riverdale,565,146,14,65,222,4,630,368,18,725,291,1016
Cumberland,SClayton,443,111,4,49,151,0,492,262,4,558,200,758
Cumberland,NWCobb,8085,1349,87,2512,4906,184,10597,6255,271,9521,7602,17123
Cumberland,NECobb,12610,2045,122,10727,21237,67,23337,23282,189,14777,32031,46808
Cumberland,SWCobb,4137,667,20,1613,4587,14,5750,5254,34,4824,6214,11038
Cumberland,Marietta,13046,2172,397,12266,20250,717,25312,22422,1114,15615,33233,48848
Cumberland,Cumberland,78033,11384,2022,121560,144550,2833,199593,155934,4855,91439,268943,360382
Cumberland,SCobb,12971,2170,177,11944,25749,183,24915,27919,360,15318,37876,53194
Cumberland,Chamblee,5066,787,198,1909,3097,77,6975,3884,275,6051,5083,11134
Cumberland,NWDeKalb,1554,306,87,463,823,35,2017,1129,122,1947,1321,3268
Cumberland,NEDeKalb,1857,303,67,349,600,17,2206,903,84,2227,966,3193
Cumberland,Atlanta-DeKalb,461,104,68,131,168,17,592,272,85,633,316,949
Cumberland,Decatur,297,58,73,61,98,22,358,156,95,428,181,609
Cumberland,SWDeKalb,810,186,79,129,218,11,939,404,90,1075,358,1433
Cumberland,SEDeKalb,724,159,38,89,135,3,813,294,41,921,227,1148
Cumberland,SDeKalb,723,220,18,108,264,9,831,484,27,961,381,1342
Cumberland,WDouglas,1031,146,1,154,329,0,1185,475,1,1178,483,1661
Cumberland,EDouglas,2094,351,9,557,1323,7,2651,1674,16,2454,1887,4341
Cumberland,WFayette,325,56,1,56,92,0,381,148,1,382,148,530
Cumberland,EFayette,355,61,2,61,83,1,416,144,3,418,145,563
Cumberland,NGwinnett,866,121,2,118,286,3,984,407,5,989,407,1396
Cumberland,CentGwinnett,1519,222,7,229,431,10,1748,653,17,1748,670,2418
Cumberland,EGwinnett,387,59,0,37,164,0,424,223,0,446,201,647
Cumberland,Norcross,2109,341,30,461,894,8,2570,1235,38,2480,1363,3843
Cumberland,Lilburn,596,90,3,99,185,4,695,275,7,689,288,977
Cumberland,Snellville,514,93,0,78,174,4,592,267,4,607,256,863
Cumberland,NHenry,382,123,5,46,97,3,428,220,8,510,146,656
Cumberland,EHenry,169,57,0,26,100,0,195,157,0,226,126,352
Cumberland,SHenry,312,100,0,55,126,0,367,226,0,412,181,593
Cumberland,SRockdale,232,59,2,24,121,1,256,180,3,293,146,439
Cumberland,NRockdale,207,44,3,37,76,1,244,120,4,254,114,368
Cumberland,NBarrow,73,18,0,12,23,0,85,41,0,91,35,126
Cumberland,SBarrow,61,13,0,18,42,0,79,55,0,74,60,134
Cumberland,NWBartow,177,27,0,30,95,0,207,122,0,204,125,329
Cumberland,NEBartow,182,27,0,41,178,0,223,205,0,209,219,428
Cumberland,SWBartow,376,47,0,73,192,0,449,239,0,423,265,688
Cumberland,Cartersville,993,159,1,139,295,0,1132,454,1,1153,434,1587
Cumberland,NECarroll,328,51,1,41,56,1,369,107,2,380,98,478
Cumberland,WCarroll,31,4,0,10,8,0,41,12,0,35,18,53
Cumberland,CentralCarroll,177,21,0,35,36,0,212,57,0,198,71,269
Cumberland,SECarroll,28,4,0,7,26,0,35,30,0,32,33,65
Cumberland,WCoweta,101,23,0,16,42,0,117,65,0,124,58,182
Cumberland,NCoweta,572,80,4,68,130,1,640,210,5,656,199,855
Cumberland,SCoweta,42,5,0,5,23,0,47,28,0,47,28,75
Cumberland,SECoweta,74,6,0,13,25,0,87,31,0,80,38,118
Cumberland,NForsyth,263,45,0,53,172,0,316,217,0,308,225,533
Cumberland,Cumming,625,102,0,122,268,3,747,370,3,727,393,1120
Cumberland,SForsyth,404,64,2,80,175,1,484,239,3,470,256,726
Cumberland,NHall,11,2,0,1,18,0,12,20,0,13,19,32
Cumberland,Gainesville,46,7,0,20,19,0,66,26,0,53,39,92
Cumberland,SHall,163,32,0,36,62,0,199,94,0,195,98,293
Cumberland,WNewton,236,64,1,35,45,0,271,109,1,301,80,381
Cumberland,ENewton,22,5,0,6,16,0,28,21,0,27,22,49
Cumberland,NPaulding,759,124,0,142,371,0,901,495,0,883,513,1396
Cumberland,WPaulding,337,54,0,68,173,0,405,227,0,391,241,632
Cumberland,EPaulding,2694,505,0,470,1334,2,3164,1839,2,3199,1806,5005
Cumberland,NSpalding,56,12,0,7,30,0,63,42,0,68,37,105
Cumberland,SSpalding,37,11,0,12,15,0,49,26,0,48,27,75
Cumberland,WWalton,112,18,0,24,54,0,136,72,0,130,78,208
Cumberland,EWalton,31,2,0,8,50,0,39,52,0,33,58,91
SCobb,NFulton,459,70,8,90,214,0,549,284,8,537,304,841
SCobb,Roswell,363,63,4,93,221,2,456,284,6,430,316,746
SCobb,SandySprings,2113,344,65,714,1265,10,2827,1609,75,2522,1989,4511
SCobb,Buckhead,2633,435,147,1253,2744,35,3886,3179,182,3215,4032,7247
SCobb,NWAtlanta,2706,534,42,2618,6213,67,5324,6747,109,3282,8898,12180
SCobb,NEAtlanta,2659,452,247,980,2504,155,3639,2956,402,3358,3639,6997
SCobb,SWAtlanta,3223,608,64,3653,7517,105,6876,8125,169,3895,11275,15170
SCobb,CBDAtlanta,2772,446,809,845,2350,320,3617,2796,1129,4027,3515,7542
SCobb,SEAtlanta,760,141,45,396,881,43,1156,1022,88,946,1320,2266
SCobb,SFulton,1680,258,5,1306,2734,14,2986,2992,19,1943,4054,5997
SCobb,Tri-Cities,1005,208,34,391,982,4,1396,1190,38,1247,1377,2624
SCobb,Shannon,670,140,6,210,505,0,880,645,6,816,715,1531
SCobb,WCherokee,55,8,0,12,46,0,67,54,0,63,58,121
SCobb,NCherokee,19,4,0,8,37,0,27,41,0,23,45,68
SCobb,ECentCherokee,291,50,0,85,213,0,376,263,0,341,298,639
SCobb,Woodstock,516,89,0,180,431,0,696,520,0,605,611,1216
SCobb,Airport,578,87,95,49,162,0,627,249,95,760,211,971
SCobb,NEClayton,376,76,5,65,155,3,441,231,8,457,223,680
SCobb,Riverdale,284,47,0,65,146,1,349,193,1,331,212,543
SCobb,SClayton,201,39,1,38,94,1,239,133,2,241,133,374
SCobb,NWCobb,2363,465,7,1508,3466,32,3871,3931,39,2835,5006,7841
SCobb,NECobb,1845,317,10,1184,2726,3,3029,3043,13,2172,3913,6085
SCobb,SWCobb,5484,1018,22,8050,21098,40,13534,22116,62,6524,29188,35712
SCobb,Marietta,6177,1113,126,7085,16519,324,13262,17632,450,7416,23928,31344
SCobb,Cumberland,12340,2014,176,11814,25429,180,24154,27443,356,14530,37423,51953
SCobb,SCobb,24724,4429,252,56605,119333,830,81329,123762,1082,29405,176768,206173
SCobb,Chamblee,1472,267,54,345,792,5,1817,1059,59,1793,1142,2935
SCobb,NWDeKalb,702,150,33,190,288,23,892,438,56,885,501,1386
SCobb,NEDeKalb,548,82,15,120,238,11,668,320,26,645,369,1014
SCobb,Atlanta-DeKalb,209,32,18,88,300,2,297,332,20,259,390,649
SCobb,Decatur,172,30,30,44,49,11,216,79,41,232,104,336
SCobb,SWDeKalb,401,65,36,106,324,12,507,389,48,502,442,944
SCobb,SEDeKalb,230,47,9,40,129,2,270,176,11,286,171,457
SCobb,SDeKalb,327,78,7,100,240,1,427,318,8,412,341,753
SCobb,WDouglas,1515,274,0,573,1568,1,2088,1842,1,1789,2142,3931
SCobb,EDouglas,5326,948,23,7074,15722,46,12400,16670,69,6297,22842,29139
SCobb,WFayette,219,26,0,35,110,0,254,136,0,245,145,390
SCobb,EFayette,189,25,0,49,118,0,238,143,0,214,167,381
SCobb,NGwinnett,131,18,0,38,78,1,169,96,1,149,117,266
SCobb,CentGwinnett,310,51,1,79,140,0,389,191,1,362,219,581
SCobb,EGwinnett,53,7,0,21,33,1,74,40,1,60,55,115
SCobb,Norcross,536,87,5,129,225,0,665,312,5,628,354,982
SCobb,Lilburn,118,28,0,36,76,0,154,104,0,146,112,258
SCobb,Snellville,102,9,1,20,44,0,122,53,1,112,64,176
SCobb,NHenry,142,35,0,37,44,1,179,79,1,177,82,259
SCobb,EHenry,77,14,0,13,15,0,90,29,0,91,28,119
SCobb,SHenry,148,26,0,34,74,0,182,100,0,174,108,282
SCobb,SRockdale,48,19,0,18,53,1,66,72,1,67,72,139
SCobb,NRockdale,87,20,0,21,32,1,108,52,1,107,54,161
SCobb,NBarrow,23,0,0,4,10,0,27,10,0,23,14,37
SCobb,SBarrow,12,2,0,4,8,0,16,10,0,14,12,26
SCobb,NWBartow,38,13,0,16,32,0,54,45,0,51,48,99
SCobb,NEBartow,32,2,0,11,67,0,43,69,0,34,78,112
SCobb,SWBartow,62,12,0,30,47,0,92,59,0,74,77,151
SCobb,Cartersville,198,35,0,63,174,1,261,209,1,233,238,471
SCobb,NECarroll,364,81,0,78,138,0,442,219,0,445,216,661
SCobb,WCarroll,42,9,0,20,16,0,62,25,0,51,36,87
SCobb,CentralCarroll,208,41,0,52,132,0,260,173,0,249,184,433
SCobb,SECarroll,40,4,0,17,65,0,57,69,0,44,82,126
SCobb,WCoweta,105,19,0,19,32,0,124,51,0,124,51,175
SCobb,NCoweta,365,57,0,76,123,1,441,180,1,422,200,622
SCobb,SCoweta,16,1,0,6,10,0,22,11,0,17,16,33
SCobb,SECoweta,32,6,0,9,17,0,41,23,0,38,26,64
SCobb,NForsyth,36,7,0,15,37,0,51,44,0,43,52,95
SCobb,Cumming,95,16,0,30,106,1,125,122,1,111,137,248
SCobb,SForsyth,76,12,0,25,38,0,101,50,0,88,63,151
SCobb,NHall,1,1,0,1,0,0,2,1,0,2,1,3
SCobb,Gainesville,10,0,0,0,9,0,10,9,0,10,9,19
SCobb,SHall,17,2,0,11,9,0,28,11,0,19,20,39
SCobb,WNewton,86,22,0,23,18,0,109,40,0,108,41,149
SCobb,ENewton,7,5,0,5,3,0,12,8,0,12,8,20
SCobb,NPaulding,447,85,0,169,429,1,616,514,1,532,599,1131
SCobb,WPaulding,305,46,0,89,199,0,394,245,0,351,288,639
SCobb,EPaulding,2737,532,1,1333,4008,1,4070,4540,2,3270,5342,8612
SCobb,NSpalding,26,3,0,6,17,0,32,20,0,29,23,52
SCobb,SSpalding,19,2,0,8,3,0,27,5,0,21,11,32
SCobb,WWalton,21,3,0,7,8,0,28,11,0,24,15,39
SCobb,EWalton,4,0,0,2,2,0,6,2,0,4,4,8
Chamblee,NFulton,4787,828,218,1596,4074,80,6383,4902,298,5833,5750,11583
Chamblee,Roswell,4182,790,107,2549,6593,101,6731,7383,208,5079,9243,14322
Chamblee,SandySprings,20313,3286,697,28605,36803,608,48918,40089,1305,24296,66016,90312
Chamblee,Buckhead,12124,1987,1161,12315,18958,946,24439,20945,2107,15272,32219,47491
Chamblee,NWAtlanta,1879,384,370,645,1103,153,2524,1487,523,2633,1901,4534
Chamblee,NEAtlanta,6744,1190,1787,3409,6276,755,10153,7466,2542,9721,10440,20161
Chamblee,SWAtlanta,1455,317,465,277,534,152,1732,851,617,2237,963,3200
Chamblee,CBDAtlanta,3265,723,3123,839,2279,1191,4104,3002,4314,7111,4309,11420
Chamblee,SEAtlanta,1247,355,387,302,822,115,1549,1177,502,1989,1239,3228
Chamblee,SFulton,413,85,31,64,125,12,477,210,43,529,201,730
Chamblee,Tri-Cities,1031,298,351,110,208,49,1141,506,400,1680,367,2047
Chamblee,Shannon,551,126,91,89,133,10,640,259,101,768,232,1000
Chamblee,WCherokee,97,20,0,25,52,0,122,72,0,117,77,194
Chamblee,NCherokee,59,7,0,12,24,0,71,31,0,66,36,102
Chamblee,ECentCherokee,837,149,4,191,435,1,1028,584,5,990,627,1617
Chamblee,Woodstock,1068,161,11,174,391,7,1242,552,18,1240,572,1812
Chamblee,Airport,344,97,334,17,30,10,361,127,344,775,57,832
Chamblee,NEClayton,714,184,60,102,352,12,816,536,72,958,466,1424
Chamblee,Riverdale,393,128,67,43,210,8,436,338,75,588,261,849
Chamblee,SClayton,349,85,23,73,70,0,422,155,23,457,143,600
Chamblee,NWCobb,1678,302,21,253,341,22,1931,643,43,2001,616,2617
Chamblee,NECobb,3475,557,41,1710,3209,11,5185,3766,52,4073,4930,9003
Chamblee,SWCobb,558,86,4,107,271,1,665,357,5,648,379,1027
Chamblee,Marietta,1350,249,26,332,493,38,1682,742,64,1625,863,2488
Chamblee,Cumberland,5091,842,202,1941,3297,80,7032,4139,282,6135,5318,11453
Chamblee,SCobb,1449,277,53,358,643,11,1807,920,64,1779,1012,2791
Chamblee,Chamblee,44700,7974,1425,84486,134063,2000,129186,142037,3425,54099,220549,274648
Chamblee,NWDeKalb,7403,1314,363,8133,16065,412,15536,17379,775,9080,24610,33690
Chamblee,NEDeKalb,9924,1755,233,11393,21605,254,21317,23360,487,11912,33252,45164
Chamblee,Atlanta-DeKalb,737,117,139,336,700,45,1073,817,184,993,1081,2074
Chamblee,Decatur,898,146,120,522,957,43,1420,1103,163,1164,1522,2686
Chamblee,SWDeKalb,2153,355,200,728,1682,98,2881,2037,298,2708,2508,5216
Chamblee,SEDeKalb,2325,399,118,491,1305,38,2816,1704,156,2842,1834,4676
Chamblee,SDeKalb,1794,286,68,340,737,47,2134,1023,115,2148,1124,3272
Chamblee,WDouglas,263,39,5,54,103,1,317,142,6,307,158,465
Chamblee,EDouglas,486,94,18,81,168,2,567,262,20,598,251,849
Chamblee,WFayette,119,28,6,34,64,0,153,92,6,153,98,251
Chamblee,EFayette,191,46,14,33,88,1,224,134,15,251,122,373
Chamblee,NGwinnett,3054,453,15,556,1190,13,3610,1643,28,3522,1759,5281
Chamblee,CentGwinnett,6529,1067,73,1998,4738,55,8527,5805,128,7669,6791,14460
Chamblee,EGwinnett,1173,182,5,198,474,1,1371,656,6,1360,673,2033
Chamblee,Norcross,13023,2447,207,13646,28043,285,26669,30490,492,15677,41974,57651
Chamblee,Lilburn,2625,423,25,1181,3065,13,3806,3488,38,3073,4259,7332
Chamblee,Snellville,1596,260,13,357,705,17,1953,965,30,1869,1079,2948
Chamblee,NHenry,610,108,14,97,224,1,707,332,15,732,322,1054
Chamblee,EHenry,330,48,4,64,84,1,394,132,5,382,149,531
Chamblee,SHenry,380,59,9,75,154,2,455,213,11,448,231,679
Chamblee,SRockdale,466,80,4,61,102,1,527,182,5,550,164,714
Chamblee,NRockdale,518,76,6,69,65,2,587,141,8,600,136,736
Chamblee,NBarrow,305,50,1,50,128,0,355,178,1,356,178,534
Chamblee,SBarrow,264,34,0,62,183,0,326,217,0,298,245,543
Chamblee,NWBartow,44,10,0,14,8,0,58,18,0,54,22,76
Chamblee,NEBartow,43,5,1,13,24,0,56,29,1,49,37,86
Chamblee,SWBartow,79,11,0,18,59,0,97,70,0,90,77,167
Chamblee,Cartersville,249,40,1,36,78,0,285,118,1,290,114,404
Chamblee,NECarroll,52,10,0,15,24,0,67,34,0,62,39,101
Chamblee,WCarroll,0,0,0,1,17,0,1,17,0,0,18,18
Chamblee,CentralCarroll,32,3,0,5,14,0,37,17,0,35,19,54
Chamblee,SECarroll,5,0,0,1,5,0,6,5,0,5,6,11
Chamblee,WCoweta,28,6,0,5,12,0,33,18,0,34,17,51
Chamblee,NCoweta,195,38,11,36,34,3,231,72,14,244,73,317
Chamblee,SCoweta,11,3,1,2,3,0,13,6,1,15,5,20
Chamblee,SECoweta,20,6,0,8,12,0,28,18,0,26,20,46
Chamblee,NForsyth,447,69,0,112,250,0,559,319,0,516,362,878
Chamblee,Cumming,1250,202,11,266,653,7,1516,855,18,1463,926,2389
Chamblee,SForsyth,1157,207,14,315,806,5,1472,1013,19,1378,1126,2504
Chamblee,NHall,74,13,0,23,36,0,97,49,0,87,59,146
Chamblee,Gainesville,177,29,0,38,137,0,215,166,0,206,175,381
Chamblee,SHall,559,75,1,70,200,0,629,275,1,635,270,905
Chamblee,WNewton,577,86,7,95,222,1,672,308,8,670,318,988
Chamblee,ENewton,56,10,1,16,29,0,72,39,1,67,45,112
Chamblee,NPaulding,160,29,1,31,109,0,191,138,1,190,140,330
Chamblee,WPaulding,48,6,0,15,24,0,63,30,0,54,39,93
Chamblee,EPaulding,534,63,2,84,155,7,618,218,9,599,246,845
Chamblee,NSpalding,33,7,2,10,3,0,43,10,2,42,13,55
Chamblee,SSpalding,18,5,0,9,6,0,27,11,0,23,15,38
Chamblee,WWalton,287,54,2,58,144,3,345,198,5,343,205,548
Chamblee,EWalton,146,18,0,31,87,0,177,105,0,164,118,282
NWDeKalb,NFulton,923,180,29,203,826,37,1126,1006,66,1132,1066,2198
NWDeKalb,Roswell,780,122,19,202,707,29,982,829,48,921,938,1859
NWDeKalb,SandySprings,2924,489,218,1082,1837,121,4006,2326,339,3631,3040,6671
NWDeKalb,Buckhead,5706,931,301,6929,9048,384,12635,9979,685,6938,16361,23299
NWDeKalb,NWAtlanta,1391,262,164,975,1483,154,2366,1745,318,1817,2612,4429
NWDeKalb,NEAtlanta,7839,1207,560,10179,11051,652,18018,12258,1212,9606,21882,31488
NWDeKalb,SWAtlanta,1382,280,251,545,954,149,1927,1234,400,1913,1648,3561
NWDeKalb,CBDAtlanta,3566,619,1138,2178,2703,576,5744,3322,1714,5323,5457,10780
NWDeKalb,SEAtlanta,1440,348,184,1078,2051,117,2518,2399,301,1972,3246,5218
NWDeKalb,SFulton,360,71,7,118,227,5,478,298,12,438,350,788
NWDeKalb,Tri-Cities,1137,227,145,276,652,54,1413,879,199,1509,982,2491
NWDeKalb,Shannon,636,113,35,138,245,20,774,358,55,784,403,1187
NWDeKalb,WCherokee,26,6,0,8,24,0,34,30,0,32,32,64
NWDeKalb,NCherokee,12,2,0,6,33,0,18,35,0,14,39,53
NWDeKalb,ECentCherokee,189,42,0,63,226,6,252,268,6,231,295,526
NWDeKalb,Woodstock,298,75,1,71,137,3,369,212,4,374,211,585
NWDeKalb,Airport,419,80,153,52,83,9,471,163,162,652,144,796
NWDeKalb,NEClayton,975,203,22,363,884,22,1338,1087,44,1200,1269,2469
NWDeKalb,Riverdale,490,98,18,115,251,12,605,349,30,606,378,984
NWDeKalb,SClayton,405,76,2,84,265,2,489,341,4,483,351,834
NWDeKalb,NWCobb,599,121,10,109,214,10,708,335,20,730,333,1063
NWDeKalb,NECobb,671,147,12,202,490,4,873,637,16,830,696,1526
NWDeKalb,SWCobb,227,37,5,62,140,3,289,177,8,269,205,474
NWDeKalb,Marietta,354,87,8,80,176,12,434,263,20,449,268,717
NWDeKalb,Cumberland,1581,290,76,445,744,31,2026,1034,107,1947,1220,3167
NWDeKalb,SCobb,655,127,31,173,359,10,828,486,41,813,542,1355
NWDeKalb,Chamblee,7342,1325,349,8136,16303,395,15478,17628,744,9016,24834,33850
NWDeKalb,NWDeKalb,26755,4165,1868,43252,53823,2749,70007,57988,4617,32788,99824,132612
NWDeKalb,NEDeKalb,10037,1708,459,11372,23515,722,21409,25223,1181,12204,35609,47813
NWDeKalb,Atlanta-DeKalb,1930,280,122,3381,4708,121,5311,4988,243,2332,8210,10542
NWDeKalb,Decatur,3511,575,285,6873,8577,482,10384,9152,767,4371,15932,20303
NWDeKalb,SWDeKalb,4695,834,272,6233,12891,469,10928,13725,741,5801,19593,25394
NWDeKalb,SEDeKalb,3611,698,131,2644,7029,297,6255,7727,428,4440,9970,14410
NWDeKalb,SDeKalb,2695,486,77,1558,3636,119,4253,4122,196,3258,5313,8571
NWDeKalb,WDouglas,207,56,2,57,164,7,264,220,9,265,228,493
NWDeKalb,EDouglas,389,67,12,100,222,3,489,289,15,468,325,793
NWDeKalb,WFayette,125,27,0,39,70,2,164,97,2,152,111,263
NWDeKalb,EFayette,199,52,2,52,124,1,251,176,3,253,177,430
NWDeKalb,NGwinnett,1046,155,5,255,806,18,1301,961,23,1206,1079,2285
NWDeKalb,CentGwinnett,2184,386,10,698,2909,99,2882,3295,109,2580,3706,6286
NWDeKalb,EGwinnett,509,89,1,150,525,13,659,614,14,599,688,1287
NWDeKalb,Norcross,2884,568,53,1572,5617,264,4456,6185,317,3505,7453,10958
NWDeKalb,Lilburn,1764,314,26,1110,4241,108,2874,4555,134,2104,5459,7563
NWDeKalb,Snellville,1464,275,7,621,3238,65,2085,3513,72,1746,3924,5670
NWDeKalb,NHenry,861,126,10,292,883,15,1153,1009,25,997,1190,2187
NWDeKalb,EHenry,395,56,4,106,212,1,501,268,5,455,319,774
NWDeKalb,SHenry,531,89,2,120,306,5,651,395,7,622,431,1053
NWDeKalb,SRockdale,497,81,3,134,268,8,631,349,11,581,410,991
NWDeKalb,NRockdale,533,78,2,119,384,15,652,462,17,613,518,1131
NWDeKalb,NBarrow,112,22,0,31,114,0,143,136,0,134,145,279
NWDeKalb,SBarrow,99,22,0,35,133,0,134,155,0,121,168,289
NWDeKalb,NWBartow,9,5,0,3,20,0,12,25,0,14,23,37
NWDeKalb,NEBartow,12,2,0,6,48,0,18,50,0,14,54,68
NWDeKalb,SWBartow,17,7,0,6,97,0,23,104,0,24,103,127
NWDeKalb,Cartersville,74,12,0,20,113,2,94,125,2,86,135,221
NWDeKalb,NECarroll,43,13,1,14,39,0,57,52,1,57,53,110
NWDeKalb,WCarroll,2,0,0,2,7,0,4,7,0,2,9,11
NWDeKalb,CentralCarroll,22,6,0,10,12,0,32,18,0,28,22,50
NWDeKalb,SECarroll,3,0,0,4,7,0,7,7,0,3,11,14
NWDeKalb,WCoweta,41,5,0,10,53,2,51,58,2,46,65,111
NWDeKalb,NCoweta,221,49,4,79,265,7,300,314,11,274,351,625
NWDeKalb,SCoweta,17,5,0,15,34,0,32,39,0,22,49,71
NWDeKalb,SECoweta,41,4,0,13,51,0,54,55,0,45,64,109
NWDeKalb,NForsyth,61,18,0,26,180,0,87,198,0,79,206,285
NWDeKalb,Cumming,231,46,2,97,479,26,328,525,28,279,602,881
NWDeKalb,SForsyth,214,43,0,63,260,12,277,303,12,257,335,592
NWDeKalb,NHall,23,0,0,6,41,0,29,41,0,23,47,70
NWDeKalb,Gainesville,61,7,0,11,43,0,72,50,0,68,54,122
NWDeKalb,SHall,187,28,2,36,194,5,223,222,7,217,235,452
NWDeKalb,WNewton,761,116,13,153,407,15,914,523,28,890,575,1465
NWDeKalb,ENewton,84,16,0,27,78,0,111,94,0,100,105,205
NWDeKalb,NPaulding,56,15,0,20,85,0,76,100,0,71,105,176
NWDeKalb,WPaulding,16,7,0,3,45,0,19,52,0,23,48,71
NWDeKalb,EPaulding,198,37,2,70,133,8,268,170,10,237,211,448
NWDeKalb,NSpalding,62,15,1,21,29,0,83,44,1,78,50,128
NWDeKalb,SSpalding,24,7,0,7,14,0,31,21,0,31,21,52
NWDeKalb,WWalton,272,55,2,85,316,5,357,371,7,329,406,735
NWDeKalb,EWalton,102,22,0,44,58,0,146,80,0,124,102,226
NEDeKalb,NFulton,1559,295,19,408,1032,21,1967,1327,40,1873,1461,3334
NEDeKalb,Roswell,1085,170,12,466,1183,13,1551,1353,25,1267,1662,2929
NEDeKalb,SandySprings,4426,697,165,1625,2805,93,6051,3502,258,5288,4523,9811
NEDeKalb,Buckhead,4130,712,372,1705,3493,177,5835,4205,549,5214,5375,10589
NEDeKalb,NWAtlanta,1048,251,118,280,510,88,1328,761,206,1417,878,2295
NEDeKalb,NEAtlanta,4578,816,805,1833,3333,479,6411,4149,1284,6199,5645,11844
NEDeKalb,SWAtlanta,929,212,148,242,389,124,1171,601,272,1289,755,2044
NEDeKalb,CBDAtlanta,3341,687,2252,706,1423,726,4047,2110,2978,6280,2855,9135
NEDeKalb,SEAtlanta,1106,248,125,366,616,92,1472,864,217,1479,1074,2553
NEDeKalb,SFulton,222,57,10,62,105,3,284,162,13,289,170,459
NEDeKalb,Tri-Cities,879,164,95,129,184,47,1008,348,142,1138,360,1498
NEDeKalb,Shannon,406,83,18,100,155,16,506,238,34,507,271,778
NEDeKalb,WCherokee,24,6,0,13,20,0,37,26,0,30,33,63
NEDeKalb,NCherokee,16,2,0,7,2,0,23,4,0,18,9,27
NEDeKalb,ECentCherokee,227,30,0,70,88,1,297,118,1,257,159,416
NEDeKalb,Woodstock,248,49,0,63,138,1,311,187,1,297,202,499
NEDeKalb,Airport,610,82,220,35,32,3,645,114,223,912,70,982
NEDeKalb,NEClayton,973,167,6,241,518,9,1214,685,15,1146,768,1914
NEDeKalb,Riverdale,386,82,9,81,218,20,467,300,29,477,319,796
NEDeKalb,SClayton,384,68,2,73,138,0,457,206,2,454,211,665
NEDeKalb,NWCobb,484,83,4,107,166,6,591,249,10,571,279,850
NEDeKalb,NECobb,814,137,2,244,448,5,1058,585,7,953,697,1650
NEDeKalb,SWCobb,205,26,0,43,128,3,248,154,3,231,174,405
NEDeKalb,Marietta,427,82,11,91,183,12,518,265,23,520,286,806
NEDeKalb,Cumberland,1809,310,60,330,641,25,2139,951,85,2179,996,3175
NEDeKalb,SCobb,498,86,13,109,236,10,607,322,23,597,355,952
NEDeKalb,Chamblee,9649,1739,219,11360,21573,275,21009,23312,494,11607,33208,44815
NEDeKalb,NWDeKalb,9525,1649,447,11183,22416,694,20708,24065,1141,11621,34293,45914
NEDeKalb,NEDeKalb,39821,6931,1178,78077,130274,2711,117898,137205,3889,47930,211062,258992
NEDeKalb,Atlanta-DeKalb,783,130,41,705,1343,70,1488,1473,111,954,2118,3072
NEDeKalb,Decatur,1358,278,91,1633,3690,264,2991,3968,355,1727,5587,7314
NEDeKalb,SWDeKalb,4625,846,189,6025,14446,498,10650,15292,687,5660,20969,26629
NEDeKalb,SEDeKalb,6047,1113,106,7732,20477,361,13779,21590,467,7266,28570,35836
NEDeKalb,SDeKalb,3120,520,29,1836,4633,84,4956,5153,113,3669,6553,10222
NEDeKalb,WDouglas,125,23,0,37,43,1,162,66,1,148,81,229
NEDeKalb,EDouglas,203,42,8,61,102,4,264,144,12,253,167,420
NEDeKalb,WFayette,118,19,1,41,56,0,159,75,1,138,97,235
NEDeKalb,EFayette,169,19,2,63,89,1,232,108,3,190,153,343
NEDeKalb,NGwinnett,2326,349,1,519,1115,6,2845,1464,7,2676,1640,4316
NEDeKalb,CentGwinnett,5475,957,17,2729,5966,37,8204,6923,54,6449,8732,15181
NEDeKalb,EGwinnett,1282,210,0,341,994,3,1623,1204,3,1492,1338,2830
NEDeKalb,Norcross,9377,1717,82,11209,23674,127,20586,25391,209,11176,35010,46186
NEDeKalb,Lilburn,8059,1410,91,9349,22706,75,17408,24116,166,9560,32130,41690
NEDeKalb,Snellville,4252,786,17,2477,7664,62,6729,8450,79,5055,10203,15258
NEDeKalb,NHenry,947,135,1,305,690,2,1252,825,3,1083,997,2080
NEDeKalb,EHenry,482,91,0,135,258,3,617,349,3,573,396,969
NEDeKalb,SHenry,533,84,1,126,311,2,659,395,3,618,439,1057
NEDeKalb,SRockdale,766,123,2,221,615,9,987,738,11,891,845,1736
NEDeKalb,NRockdale,1007,165,2,301,772,4,1308,937,6,1174,1077,2251
NEDeKalb,NBarrow,281,35,0,46,101,0,327,136,0,316,147,463
NEDeKalb,SBarrow,242,31,0,54,116,1,296,147,1,273,171,444
NEDeKalb,NWBartow,4,0,0,4,6,0,8,6,0,4,10,14
NEDeKalb,NEBartow,14,1,0,1,24,0,15,25,0,15,25,40
NEDeKalb,SWBartow,14,5,0,4,35,0,18,40,0,19,39,58
NEDeKalb,Cartersville,59,5,0,22,43,0,81,48,0,64,65,129
NEDeKalb,NECarroll,26,6,0,10,9,0,36,15,0,32,19,51
NEDeKalb,WCarroll,1,2,0,1,5,0,2,7,0,3,6,9
NEDeKalb,CentralCarroll,6,1,0,4,34,0,10,35,0,7,38,45
NEDeKalb,SECarroll,4,0,0,1,0,0,5,0,0,4,1,5
NEDeKalb,WCoweta,17,1,0,8,24,0,25,25,0,18,32,50
NEDeKalb,NCoweta,114,19,1,33,55,3,147,74,4,134,91,225
NEDeKalb,SCoweta,9,0,0,2,10,0,11,10,0,9,12,21
NEDeKalb,SECoweta,22,1,0,13,32,0,35,33,0,23,45,68
NEDeKalb,NForsyth,120,15,0,31,99,0,151,114,0,135,130,265
NEDeKalb,Cumming,352,55,1,73,197,1,425,252,2,408,271,679
NEDeKalb,SForsyth,348,57,0,131,228,2,479,285,2,405,361,766
NEDeKalb,NHall,52,7,0,12,36,0,64,43,0,59,48,107
NEDeKalb,Gainesville,175,24,0,47,72,0,222,96,0,199,119,318
NEDeKalb,SHall,460,72,0,78,139,0,538,211,0,532,217,749
NEDeKalb,WNewton,1065,183,2,190,429,9,1255,612,11,1250,628,1878
NEDeKalb,ENewton,120,16,0,39,66,0,159,82,0,136,105,241
NEDeKalb,NPaulding,56,10,0,14,34,0,70,44,0,66,48,114
NEDeKalb,WPaulding,17,5,0,11,14,0,28,19,0,22,25,47
NEDeKalb,EPaulding,160,19,0,48,46,0,208,65,0,179,94,273
NEDeKalb,NSpalding,55,10,0,14,29,0,69,39,0,65,43,108
NEDeKalb,SSpalding,32,3,0,6,10,0,38,13,0,35,16,51
NEDeKalb,WWalton,706,126,0,182,626,0,888,752,0,832,808,1640
NEDeKalb,EWalton,241,45,1,85,114,0,326,159,1,287,199,486
Atlanta-DeKalb,NFulton,131,28,16,23,78,4,154,106,20,175,105,280
Atlanta-DeKalb,Roswell,79,11,13,14,28,5,93,39,18,103,47,150
Atlanta-DeKalb,SandySprings,540,87,173,101,116,24,641,203,197,800,241,1041
Atlanta-DeKalb,Buckhead,932,165,176,731,1233,112,1663,1398,288,1273,2076,3349
Atlanta-DeKalb,NWAtlanta,415,78,65,345,708,65,760,786,130,558,1118,1676
Atlanta-DeKalb,NEAtlanta,2631,456,312,4834,6658,374,7465,7114,686,3399,11866,15265
Atlanta-DeKalb,SWAtlanta,549,100,78,487,940,91,1036,1040,169,727,1518,2245
Atlanta-DeKalb,CBDAtlanta,2105,319,698,2230,3466,644,4335,3785,1342,3122,6340,9462
Atlanta-DeKalb,SEAtlanta,947,232,76,1975,3549,122,2922,3781,198,1255,5646,6901
Atlanta-DeKalb,SFulton,122,15,7,54,74,2,176,89,9,144,130,274
Atlanta-DeKalb,Tri-Cities,501,97,79,247,415,62,748,512,141,677,724,1401
Atlanta-DeKalb,Shannon,190,33,18,46,100,11,236,133,29,241,157,398
Atlanta-DeKalb,WCherokee,3,0,0,2,1,0,5,1,0,3,3,6
Atlanta-DeKalb,NCherokee,0,0,0,1,6,0,1,6,0,0,7,7
Atlanta-DeKalb,ECentCherokee,21,4,0,5,13,2,26,17,2,25,20,45
Atlanta-DeKalb,Woodstock,34,5,0,15,7,0,49,12,0,39,22,61
Atlanta-DeKalb,Airport,335,59,187,55,79,18,390,138,205,581,152,733
Atlanta-DeKalb,NEClayton,396,83,12,306,657,21,702,740,33,491,984,1475
Atlanta-DeKalb,Riverdale,164,26,4,67,140,6,231,166,10,194,213,407
Atlanta-DeKalb,SClayton,112,12,2,45,81,1,157,93,3,126,127,253
Atlanta-DeKalb,NWCobb,101,15,6,24,46,4,125,61,10,122,74,196
Atlanta-DeKalb,NECobb,98,29,2,38,76,1,136,105,3,129,115,244
Atlanta-DeKalb,SWCobb,52,5,2,10,23,0,62,28,2,59,33,92
Atlanta-DeKalb,Marietta,90,14,10,23,24,11,113,38,21,114,58,172
Atlanta-DeKalb,Cumberland,467,92,66,129,210,17,596,302,83,625,356,981
Atlanta-DeKalb,SCobb,196,41,13,84,231,6,280,272,19,250,321,571
Atlanta-DeKalb,Chamblee,719,122,150,339,627,46,1058,749,196,991,1012,2003
Atlanta-DeKalb,NWDeKalb,1891,327,109,3415,4716,129,5306,5043,238,2327,8260,10587
Atlanta-DeKalb,NEDeKalb,805,151,54,693,1362,78,1498,1513,132,1010,2133,3143
Atlanta-DeKalb,Atlanta-DeKalb,1473,232,62,5352,9176,169,6825,9408,231,1767,14697,16464
Atlanta-DeKalb,Decatur,769,130,51,1845,3250,77,2614,3380,128,950,5172,6122
Atlanta-DeKalb,SWDeKalb,1513,317,100,3230,7917,258,4743,8234,358,1930,11405,13335
Atlanta-DeKalb,SEDeKalb,595,129,42,368,1127,54,963,1256,96,766,1549,2315
Atlanta-DeKalb,SDeKalb,973,183,35,1081,2406,104,2054,2589,139,1191,3591,4782
Atlanta-DeKalb,WDouglas,48,5,0,20,43,2,68,48,2,53,65,118
Atlanta-DeKalb,EDouglas,90,16,5,40,54,4,130,70,9,111,98,209
Atlanta-DeKalb,WFayette,37,8,1,20,30,0,57,38,1,46,50,96
Atlanta-DeKalb,EFayette,59,11,1,18,49,1,77,60,2,71,68,139
Atlanta-DeKalb,NGwinnett,78,12,2,29,62,2,107,74,4,92,93,185
Atlanta-DeKalb,CentGwinnett,167,26,8,52,121,1,219,147,9,201,174,375
Atlanta-DeKalb,EGwinnett,40,14,0,16,26,1,56,40,1,54,43,97
Atlanta-DeKalb,Norcross,265,44,21,83,243,4,348,287,25,330,330,660
Atlanta-DeKalb,Lilburn,155,30,0,78,258,2,233,288,2,185,338,523
Atlanta-DeKalb,Snellville,175,22,5,49,144,1,224,166,6,202,194,396
Atlanta-DeKalb,NHenry,198,40,2,98,325,4,296,365,6,240,427,667
Atlanta-DeKalb,EHenry,69,6,0,22,48,0,91,54,0,75,70,145
Atlanta-DeKalb,SHenry,130,22,1,41,102,0,171,124,1,153,143,296
Atlanta-DeKalb,SRockdale,122,21,1,37,147,0,159,168,1,144,184,328
Atlanta-DeKalb,NRockdale,146,26,2,40,75,0,186,101,2,174,115,289
Atlanta-DeKalb,NBarrow,7,1,0,5,2,0,12,3,0,8,7,15
Atlanta-DeKalb,SBarrow,8,1,0,5,9,0,13,10,0,9,14,23
Atlanta-DeKalb,NWBartow,0,0,0,0,0,0,0,0,0,0,0,0
Atlanta-DeKalb,NEBartow,0,1,0,0,7,0,0,8,0,1,7,8
Atlanta-DeKalb,SWBartow,2,0,0,7,3,0,9,3,0,2,10,12
Atlanta-DeKalb,Cartersville,9,0,0,8,16,0,17,16,0,9,24,33
Atlanta-DeKalb,NECarroll,11,2,0,11,7,0,22,9,0,13,18,31
Atlanta-DeKalb,WCarroll,3,0,0,1,10,0,4,10,0,3,11,14
Atlanta-DeKalb,CentralCarroll,8,0,0,8,26,0,16,26,0,8,34,42
Atlanta-DeKalb,SECarroll,0,0,0,1,9,0,1,9,0,0,10,10
Atlanta-DeKalb,WCoweta,13,4,0,1,3,0,14,7,0,17,4,21
Atlanta-DeKalb,NCoweta,61,8,2,17,20,1,78,28,3,71,38,109
Atlanta-DeKalb,SCoweta,5,1,0,1,6,0,6,7,0,6,7,13
Atlanta-DeKalb,SECoweta,9,1,0,1,23,0,10,24,0,10,24,34
Atlanta-DeKalb,NForsyth,1,3,0,3,32,0,4,35,0,4,35,39
Atlanta-DeKalb,Cumming,18,3,0,12,30,0,30,33,0,21,42,63
Atlanta-DeKalb,SForsyth,20,6,0,1,13,2,21,19,2,26,16,42
Atlanta-DeKalb,NHall,2,1,0,0,2,0,2,3,0,3,2,5
Atlanta-DeKalb,Gainesville,4,0,0,5,12,0,9,12,0,4,17,21
Atlanta-DeKalb,SHall,15,1,0,5,19,0,20,20,0,16,24,40
Atlanta-DeKalb,WNewton,150,29,1,37,81,0,187,110,1,180,118,298
Atlanta-DeKalb,ENewton,11,2,0,7,6,0,18,8,0,13,13,26
Atlanta-DeKalb,NPaulding,7,1,0,4,8,0,11,9,0,8,12,20
Atlanta-DeKalb,WPaulding,4,1,0,3,5,0,7,6,0,5,8,13
Atlanta-DeKalb,EPaulding,46,11,3,19,75,0,65,86,3,60,94,154
Atlanta-DeKalb,NSpalding,12,3,0,7,5,0,19,8,0,15,12,27
Atlanta-DeKalb,SSpalding,9,1,0,4,4,0,13,5,0,10,8,18
Atlanta-DeKalb,WWalton,35,6,0,17,28,0,52,34,0,41,45,86
Atlanta-DeKalb,EWalton,6,1,0,6,23,0,12,24,0,7,29,36
Decatur,NFulton,146,12,10,32,68,4,178,80,14,168,104,272
Decatur,Roswell,101,13,13,27,89,11,128,102,24,127,127,254
Decatur,SandySprings,520,85,121,108,120,22,628,205,143,726,250,976
Decatur,Buckhead,867,137,161,430,651,105,1297,788,266,1165,1186,2351
Decatur,NWAtlanta,336,54,100,174,258,69,510,312,169,490,501,991
Decatur,NEAtlanta,1637,253,312,1428,2487,198,3065,2740,510,2202,4113,6315
Decatur,SWAtlanta,372,56,139,164,276,96,536,332,235,567,536,1103
Decatur,CBDAtlanta,1193,167,700,577,859,341,1770,1026,1041,2060,1777,3837
Decatur,SEAtlanta,431,84,91,354,659,83,785,743,174,606,1096,1702
Decatur,SFulton,90,20,6,26,66,2,116,86,8,116,94,210
Decatur,Tri-Cities,303,56,99,64,197,43,367,253,142,458,304,762
Decatur,Shannon,154,26,32,33,45,8,187,71,40,212,86,298
Decatur,WCherokee,4,1,0,4,6,0,8,7,0,5,10,15
Decatur,NCherokee,0,0,0,3,5,0,3,5,0,0,8,8
Decatur,ECentCherokee,23,4,1,10,15,1,33,19,2,28,26,54
Decatur,Woodstock,23,12,2,10,16,3,33,28,5,37,29,66
Decatur,Airport,165,29,117,19,30,4,184,59,121,311,53,364
Decatur,NEClayton,260,49,11,123,354,11,383,403,22,320,488,808
Decatur,Riverdale,104,22,18,23,50,7,127,72,25,144,80,224
Decatur,SClayton,96,16,5,27,41,2,123,57,7,117,70,187
Decatur,NWCobb,82,15,8,24,13,4,106,28,12,105,41,146
Decatur,NECobb,88,13,9,28,65,5,116,78,14,110,98,208
Decatur,SWCobb,45,8,2,6,35,4,51,43,6,55,45,100
Decatur,Marietta,77,16,6,10,40,2,87,56,8,99,52,151
Decatur,Cumberland,300,69,67,64,107,19,364,176,86,436,190,626
Decatur,SCobb,140,25,31,29,54,11,169,79,42,196,94,290
Decatur,Chamblee,874,142,131,509,972,44,1383,1114,175,1147,1525,2672
Decatur,NWDeKalb,3359,525,288,6854,8399,467,10213,8924,755,4172,15720,19892
Decatur,NEDeKalb,1504,275,93,1656,3593,253,3160,3868,346,1872,5502,7374
Decatur,Atlanta-DeKalb,793,117,52,1780,3518,92,2573,3635,144,962,5390,6352
Decatur,Decatur,2384,379,222,6609,9486,410,8993,9865,632,2985,16505,19490
Decatur,SWDeKalb,1924,387,181,3944,9317,554,5868,9704,735,2492,13815,16307
Decatur,SEDeKalb,1073,180,112,830,2725,236,1903,2905,348,1365,3791,5156
Decatur,SDeKalb,950,163,60,864,2168,122,1814,2331,182,1173,3154,4327
Decatur,WDouglas,37,6,1,11,53,3,48,59,4,44,67,111
Decatur,EDouglas,89,7,10,41,65,7,130,72,17,106,113,219
Decatur,WFayette,15,5,1,11,15,0,26,20,1,21,26,47
Decatur,EFayette,35,4,5,13,43,1,48,47,6,44,57,101
Decatur,NGwinnett,142,15,7,35,117,2,177,132,9,164,154,318
Decatur,CentGwinnett,256,33,14,96,249,12,352,282,26,303,357,660
Decatur,EGwinnett,85,6,1,25,29,2,110,35,3,92,56,148
Decatur,Norcross,353,60,13,191,480,41,544,540,54,426,712,1138
Decatur,Lilburn,269,52,7,174,416,14,443,468,21,328,604,932
Decatur,Snellville,214,47,3,148,419,41,362,466,44,264,608,872
Decatur,NHenry,243,25,7,107,243,7,350,268,14,275,357,632
Decatur,EHenry,81,19,2,36,106,0,117,125,2,102,142,244
Decatur,SHenry,116,17,1,29,104,5,145,121,6,134,138,272
Decatur,SRockdale,139,19,2,44,172,6,183,191,8,160,222,382
Decatur,NRockdale,147,30,3,50,113,1,197,143,4,180,164,344
Decatur,NBarrow,10,2,0,2,20,1,12,22,1,12,23,35
Decatur,SBarrow,6,0,0,4,5,0,10,5,0,6,9,15
Decatur,NWBartow,0,0,0,2,1,0,2,1,0,0,3,3
Decatur,NEBartow,0,0,0,1,2,0,1,2,0,0,3,3
Decatur,SWBartow,4,2,0,0,9,0,4,11,0,6,9,15
Decatur,Cartersville,4,1,1,2,14,0,6,15,1,6,16,22
Decatur,NECarroll,6,1,0,4,16,0,10,17,0,7,20,27
Decatur,WCarroll,1,0,0,0,0,0,1,0,0,1,0,1
Decatur,CentralCarroll,9,2,0,2,1,0,11,3,0,11,3,14
Decatur,SECarroll,1,0,0,0,1,0,1,1,0,1,1,2
Decatur,WCoweta,11,1,0,2,6,0,13,7,0,12,8,20
Decatur,NCoweta,36,4,1,14,45,2,50,49,3,41,61,102
Decatur,SCoweta,0,1,0,2,5,0,2,6,0,1,7,8
Decatur,SECoweta,5,1,1,1,0,0,6,1,1,7,1,8
Decatur,NForsyth,4,1,0,5,24,0,9,25,0,5,29,34
Decatur,Cumming,20,4,0,16,21,3,36,25,3,24,40,64
Decatur,SForsyth,31,5,1,6,56,1,37,61,2,37,63,100
Decatur,NHall,0,0,0,1,1,0,1,1,0,0,2,2
Decatur,Gainesville,5,0,1,4,8,0,9,8,1,6,12,18
Decatur,SHall,30,3,0,10,18,0,40,21,0,33,28,61
Decatur,WNewton,172,25,4,47,96,1,219,121,5,201,144,345
Decatur,ENewton,23,4,0,4,14,0,27,18,0,27,18,45
Decatur,NPaulding,10,1,1,6,37,0,16,38,1,12,43,55
Decatur,WPaulding,5,0,0,1,10,0,6,10,0,5,11,16
Decatur,EPaulding,38,7,1,11,34,1,49,41,2,46,46,92
Decatur,NSpalding,13,6,0,4,1,0,17,7,0,19,5,24
Decatur,SSpalding,5,1,0,3,6,0,8,7,0,6,9,15
Decatur,WWalton,36,6,0,20,20,0,56,26,0,42,40,82
Decatur,EWalton,22,2,0,9,26,0,31,28,0,24,35,59
SWDeKalb,NFulton,331,54,33,65,141,3,396,195,36,418,209,627
SWDeKalb,Roswell,192,34,11,56,120,4,248,154,15,237,180,417
SWDeKalb,SandySprings,1414,267,252,174,479,47,1588,746,299,1933,700,2633
SWDeKalb,Buckhead,2081,400,469,581,1301,202,2662,1701,671,2950,2084,5034
SWDeKalb,NWAtlanta,842,170,160,321,730,101,1163,900,261,1172,1152,2324
SWDeKalb,NEAtlanta,3251,701,717,2192,5244,380,5443,5945,1097,4669,7816,12485
SWDeKalb,SWAtlanta,1114,237,214,582,1262,135,1696,1499,349,1565,1979,3544
SWDeKalb,CBDAtlanta,3699,748,1928,1684,3992,1004,5383,4740,2932,6375,6680,13055
SWDeKalb,SEAtlanta,1870,423,152,2323,6028,135,4193,6451,287,2445,8486,10931
SWDeKalb,SFulton,228,45,13,52,132,0,280,177,13,286,184,470
SWDeKalb,Tri-Cities,1089,218,100,385,806,40,1474,1024,140,1407,1231,2638
SWDeKalb,Shannon,427,69,20,130,279,8,557,348,28,516,417,933
SWDeKalb,WCherokee,2,1,0,0,3,0,2,4,0,3,3,6
SWDeKalb,NCherokee,1,0,0,1,6,0,2,6,0,1,7,8
SWDeKalb,ECentCherokee,42,7,0,18,35,0,60,42,0,49,53,102
SWDeKalb,Woodstock,46,14,0,20,42,0,66,56,0,60,62,122
SWDeKalb,Airport,950,165,282,116,183,13,1066,348,295,1397,312,1709
SWDeKalb,NEClayton,1322,278,19,925,2109,33,2247,2387,52,1619,3067,4686
SWDeKalb,Riverdale,417,81,12,146,424,2,563,505,14,510,572,1082
SWDeKalb,SClayton,394,70,2,155,369,1,549,439,3,466,525,991
SWDeKalb,NWCobb,146,31,2,39,82,6,185,113,8,179,127,306
SWDeKalb,NECobb,181,34,2,58,137,1,239,171,3,217,196,413
SWDeKalb,SWCobb,87,14,1,20,60,1,107,74,2,102,81,183
SWDeKalb,Marietta,180,47,7,35,50,11,215,97,18,234,96,330
SWDeKalb,Cumberland,814,198,80,134,228,13,948,426,93,1092,375,1467
SWDeKalb,SCobb,385,70,34,115,360,16,500,430,50,489,491,980
SWDeKalb,Chamblee,2104,400,217,725,1751,87,2829,2151,304,2721,2563,5284
SWDeKalb,NWDeKalb,4203,813,251,6078,12231,450,10281,13044,701,5267,18759,24026
SWDeKalb,NEDeKalb,4550,830,197,6001,14605,512,10551,15435,709,5577,21118,26695
SWDeKalb,Atlanta-DeKalb,1355,283,82,3221,7625,229,4576,7908,311,1720,11075,12795
SWDeKalb,Decatur,1756,340,136,3883,9159,479,5639,9499,615,2232,13521,15753
SWDeKalb,SWDeKalb,8597,1834,404,25849,57980,1274,34446,59814,1678,10835,85103,95938
SWDeKalb,SEDeKalb,3894,762,142,6503,17586,487,10397,18348,629,4798,24576,29374
SWDeKalb,SDeKalb,5023,1023,122,7908,21533,346,12931,22556,468,6168,29787,35955
SWDeKalb,WDouglas,104,24,2,33,87,4,137,111,6,130,124,254
SWDeKalb,EDouglas,196,33,7,59,119,0,255,152,7,236,178,414
SWDeKalb,WFayette,88,13,1,29,55,0,117,68,1,102,84,186
SWDeKalb,EFayette,162,30,1,54,51,0,216,81,1,193,105,298
SWDeKalb,NGwinnett,230,32,1,83,71,2,313,103,3,263,156,419
SWDeKalb,CentGwinnett,609,101,5,202,568,3,811,669,8,715,773,1488
SWDeKalb,EGwinnett,169,31,0,43,196,0,212,227,0,200,239,439
SWDeKalb,Norcross,945,190,27,382,967,21,1327,1157,48,1162,1370,2532
SWDeKalb,Lilburn,801,132,13,507,1449,14,1308,1581,27,946,1970,2916
SWDeKalb,Snellville,763,123,6,308,1185,13,1071,1308,19,892,1506,2398
SWDeKalb,NHenry,973,174,4,571,2202,10,1544,2376,14,1151,2783,3934
SWDeKalb,EHenry,336,63,0,140,313,1,476,376,1,399,454,853
SWDeKalb,SHenry,522,91,2,119,279,0,641,370,2,615,398,1013
SWDeKalb,SRockdale,562,89,3,238,674,2,800,763,5,654,914,1568
SWDeKalb,NRockdale,626,125,3,226,591,3,852,716,6,754,820,1574
SWDeKalb,NBarrow,34,7,0,18,20,1,52,27,1,41,39,80
SWDeKalb,SBarrow,23,5,0,13,27,0,36,32,0,28,40,68
SWDeKalb,NWBartow,2,0,0,0,6,0,2,6,0,2,6,8
SWDeKalb,NEBartow,1,0,0,2,3,0,3,3,0,1,5,6
SWDeKalb,SWBartow,3,1,0,2,16,0,5,17,0,4,18,22
SWDeKalb,Cartersville,14,4,0,7,8,0,21,12,0,18,15,33
SWDeKalb,NECarroll,16,6,1,9,35,0,25,41,1,23,44,67
SWDeKalb,WCarroll,1,2,0,1,0,0,2,2,0,3,1,4
SWDeKalb,CentralCarroll,16,3,0,4,22,0,20,25,0,19,26,45
SWDeKalb,SECarroll,1,0,0,1,0,0,2,0,0,1,1,2
SWDeKalb,WCoweta,26,5,0,5,28,0,31,33,0,31,33,64
SWDeKalb,NCoweta,139,21,2,41,86,0,180,107,2,162,127,289
SWDeKalb,SCoweta,4,1,0,4,3,0,8,4,0,5,7,12
SWDeKalb,SECoweta,28,2,0,7,5,0,35,7,0,30,12,42
SWDeKalb,NForsyth,13,3,0,3,37,0,16,40,0,16,40,56
SWDeKalb,Cumming,40,14,0,19,95,2,59,109,2,54,116,170
SWDeKalb,SForsyth,61,14,1,20,56,1,81,70,2,76,77,153
SWDeKalb,NHall,0,0,0,1,6,0,1,6,0,0,7,7
SWDeKalb,Gainesville,13,2,0,15,14,0,28,16,0,15,29,44
SWDeKalb,SHall,54,6,0,14,81,0,68,87,0,60,95,155
SWDeKalb,WNewton,692,117,5,150,440,3,842,557,8,814,593,1407
SWDeKalb,ENewton,69,18,1,16,27,0,85,45,1,88,43,131
SWDeKalb,NPaulding,5,1,0,5,32,0,10,33,0,6,37,43
SWDeKalb,WPaulding,8,1,0,5,6,0,13,7,0,9,11,20
SWDeKalb,EPaulding,81,20,0,21,64,4,102,84,4,101,89,190
SWDeKalb,NSpalding,62,5,0,10,28,0,72,33,0,67,38,105
SWDeKalb,SSpalding,21,2,0,16,11,0,37,13,0,23,27,50
SWDeKalb,WWalton,162,25,0,59,180,0,221,205,0,187,239,426
SWDeKalb,EWalton,59,10,0,23,60,0,82,70,0,69,83,152
SEDeKalb,NFulton,443,58,12,80,149,5,523,207,17,513,234,747
SEDeKalb,Roswell,235,40,9,54,127,0,289,167,9,284,181,465
SEDeKalb,SandySprings,1602,295,117,186,557,32,1788,852,149,2014,775,2789
SEDeKalb,Buckhead,1973,360,348,286,705,72,2259,1065,420,2681,1063,3744
SEDeKalb,NWAtlanta,702,150,72,99,262,38,801,412,110,924,399,1323
SEDeKalb,NEAtlanta,2915,594,612,731,1470,274,3646,2064,886,4121,2475,6596
SEDeKalb,SWAtlanta,662,136,77,185,256,72,847,392,149,875,513,1388
SEDeKalb,CBDAtlanta,3144,717,2058,498,1267,683,3642,1984,2741,5919,2448,8367
SEDeKalb,SEAtlanta,986,179,53,338,840,35,1324,1019,88,1218,1213,2431
SEDeKalb,SFulton,141,30,2,30,33,1,171,63,3,173,64,237
SEDeKalb,Tri-Cities,963,167,53,122,240,10,1085,407,63,1183,372,1555
SEDeKalb,Shannon,239,49,5,63,194,0,302,243,5,293,257,550
SEDeKalb,WCherokee,0,0,0,0,1,0,0,1,0,0,1,1
SEDeKalb,NCherokee,0,0,0,0,0,0,0,0,0,0,0,0
SEDeKalb,ECentCherokee,21,0,0,11,19,0,32,19,0,21,30,51
SEDeKalb,Woodstock,25,5,0,23,23,0,48,28,0,30,46,76
SEDeKalb,Airport,856,133,183,54,108,3,910,241,186,1172,165,1337
SEDeKalb,NEClayton,808,151,3,298,730,7,1106,881,10,962,1035,1997
SEDeKalb,Riverdale,212,37,1,61,212,1,273,249,2,250,274,524
SEDeKalb,SClayton,210,43,0,73,128,1,283,171,1,253,202,455
SEDeKalb,NWCobb,87,26,1,64,81,7,151,107,8,114,152,266
SEDeKalb,NECobb,151,29,0,41,82,0,192,111,0,180,123,303
SEDeKalb,SWCobb,36,8,0,17,42,0,53,50,0,44,59,103
SEDeKalb,Marietta,178,32,5,43,77,15,221,109,20,215,135,350
SEDeKalb,Cumberland,824,183,41,93,133,2,917,316,43,1048,228,1276
SEDeKalb,SCobb,223,56,10,41,159,1,264,215,11,289,201,490
SEDeKalb,Chamblee,2262,433,115,481,1369,34,2743,1802,149,2810,1884,4694
SEDeKalb,NWDeKalb,3515,604,127,2646,7420,369,6161,8024,496,4246,10435,14681
SEDeKalb,NEDeKalb,5650,1059,101,7646,20159,374,13296,21218,475,6810,28179,34989
SEDeKalb,Atlanta-DeKalb,535,111,38,363,1085,78,898,1196,116,684,1526,2210
SEDeKalb,Decatur,988,147,89,907,2813,254,1895,2960,343,1224,3974,5198
SEDeKalb,SWDeKalb,3267,660,103,6395,17442,424,9662,18102,527,4030,24261,28291
SEDeKalb,SEDeKalb,16506,3200,334,40250,90610,1045,56756,93810,1379,20040,131905,151945
SEDeKalb,SDeKalb,5801,1133,86,10612,25489,288,16413,26622,374,7020,36389,43409
SEDeKalb,WDouglas,46,11,0,17,13,0,63,24,0,57,30,87
SEDeKalb,EDouglas,99,24,1,29,79,0,128,103,1,124,108,232
SEDeKalb,WFayette,48,6,0,17,31,0,65,37,0,54,48,102
SEDeKalb,EFayette,85,23,0,31,94,0,116,117,0,108,125,233
SEDeKalb,NGwinnett,316,65,0,116,261,0,432,326,0,381,377,758
SEDeKalb,CentGwinnett,1035,191,2,544,1408,7,1579,1599,9,1228,1959,3187
SEDeKalb,EGwinnett,346,55,0,154,383,0,500,438,0,401,537,938
SEDeKalb,Norcross,1274,284,6,568,1511,3,1842,1795,9,1564,2082,3646
SEDeKalb,Lilburn,1648,330,5,2436,7301,9,4084,7631,14,1983,9746,11729
SEDeKalb,Snellville,2389,453,5,2576,7858,15,4965,8311,20,2847,10449,13296
SEDeKalb,NHenry,900,187,4,655,2019,2,1555,2206,6,1091,2676,3767
SEDeKalb,EHenry,490,91,1,212,674,1,702,765,2,582,887,1469
SEDeKalb,SHenry,407,88,0,140,421,0,547,509,0,495,561,1056
SEDeKalb,SRockdale,1482,265,7,1382,3546,17,2864,3811,24,1754,4945,6699
SEDeKalb,NRockdale,2507,494,8,2074,5322,11,4581,5816,19,3009,7407,10416
SEDeKalb,NBarrow,64,11,0,19,38,0,83,49,0,75,57,132
SEDeKalb,SBarrow,75,16,0,18,44,0,93,60,0,91,62,153
SEDeKalb,NWBartow,0,0,0,1,0,0,1,0,0,0,1,1
SEDeKalb,NEBartow,0,0,0,1,0,0,1,0,0,0,1,1
SEDeKalb,SWBartow,0,0,0,1,4,0,1,4,0,0,5,5
SEDeKalb,Cartersville,0,2,0,8,6,0,8,8,0,2,14,16
SEDeKalb,NECarroll,2,1,0,8,2,0,10,3,0,3,10,13
SEDeKalb,WCarroll,0,0,0,0,0,0,0,0,0,0,0,0
SEDeKalb,CentralCarroll,5,4,0,2,4,0,7,8,0,9,6,15
SEDeKalb,SECarroll,0,0,0,0,0,0,0,0,0,0,0,0
SEDeKalb,WCoweta,12,1,0,4,11,0,16,12,0,13,15,28
SEDeKalb,NCoweta,55,8,1,23,73,0,78,81,1,64,96,160
SEDeKalb,SCoweta,1,1,0,1,19,0,2,20,0,2,20,22
SEDeKalb,SECoweta,8,1,0,1,17,0,9,18,0,9,18,27
SEDeKalb,NForsyth,9,1,0,4,6,0,13,7,0,10,10,20
SEDeKalb,Cumming,39,6,0,10,55,0,49,61,0,45,65,110
SEDeKalb,SForsyth,70,12,1,28,42,0,98,54,1,83,70,153
SEDeKalb,NHall,1,0,0,0,4,0,1,4,0,1,4,5
SEDeKalb,Gainesville,27,4,0,11,29,0,38,33,0,31,40,71
SEDeKalb,SHall,44,2,0,19,59,0,63,61,0,46,78,124
SEDeKalb,WNewton,1402,262,7,461,1084,3,1863,1346,10,1671,1548,3219
SEDeKalb,ENewton,139,25,0,64,100,0,203,125,0,164,164,328
SEDeKalb,NPaulding,4,0,0,2,0,0,6,0,0,4,2,6
SEDeKalb,WPaulding,1,0,0,0,1,0,1,1,0,1,1,2
SEDeKalb,EPaulding,25,2,0,16,8,0,41,10,0,27,24,51
SEDeKalb,NSpalding,53,8,0,10,48,0,63,56,0,61,58,119
SEDeKalb,SSpalding,18,2,0,10,10,0,28,12,0,20,20,40
SEDeKalb,WWalton,549,88,0,226,802,2,775,890,2,637,1030,1667
SEDeKalb,EWalton,180,31,0,54,101,0,234,132,0,211,155,366
SDeKalb,NFulton,288,49,5,69,95,7,357,144,12,342,171,513
SDeKalb,Roswell,201,21,4,49,131,2,250,152,6,226,182,408
SDeKalb,SandySprings,1242,182,58,154,231,11,1396,413,69,1482,396,1878
SDeKalb,Buckhead,1669,371,163,283,802,55,1952,1173,218,2203,1140,3343
SDeKalb,NWAtlanta,802,196,44,239,779,31,1041,975,75,1042,1049,2091
SDeKalb,NEAtlanta,3020,641,260,1274,2890,142,4294,3531,402,3921,4306,8227
SDeKalb,SWAtlanta,917,195,50,464,935,42,1381,1130,92,1162,1441,2603
SDeKalb,CBDAtlanta,4096,816,1138,1269,2891,514,5365,3707,1652,6050,4674,10724
SDeKalb,SEAtlanta,1842,401,46,1743,4166,57,3585,4567,103,2289,5966,8255
SDeKalb,SFulton,284,65,1,95,145,2,379,210,3,350,242,592
SDeKalb,Tri-Cities,1459,312,31,493,1055,13,1952,1367,44,1802,1561,3363
SDeKalb,Shannon,586,104,6,198,491,3,784,595,9,696,692,1388
SDeKalb,WCherokee,2,0,0,1,2,0,3,2,0,2,3,5
SDeKalb,NCherokee,2,0,0,0,10,0,2,10,0,2,10,12
SDeKalb,ECentCherokee,24,6,0,12,59,0,36,65,0,30,71,101
SDeKalb,Woodstock,53,13,0,13,36,0,66,49,0,66,49,115
SDeKalb,Airport,1231,247,103,283,573,6,1514,820,109,1581,862,2443
SDeKalb,NEClayton,3000,688,15,3177,7340,46,6177,8028,61,3703,10563,14266
SDeKalb,Riverdale,566,124,4,301,912,6,867,1036,10,694,1219,1913
SDeKalb,SClayton,827,153,1,391,1006,1,1218,1159,2,981,1398,2379
SDeKalb,NWCobb,132,44,1,59,110,4,191,154,5,177,173,350
SDeKalb,NECobb,185,49,1,48,161,0,233,210,1,235,209,444
SDeKalb,SWCobb,82,13,1,28,41,0,110,54,1,96,69,165
SDeKalb,Marietta,146,55,2,56,92,5,202,147,7,203,153,356
SDeKalb,Cumberland,812,231,20,121,228,6,933,459,26,1063,355,1418
SDeKalb,SCobb,344,85,3,101,203,1,445,288,4,432,305,737
SDeKalb,Chamblee,1761,342,65,356,676,44,2117,1018,109,2168,1076,3244
SDeKalb,NWDeKalb,2589,480,75,1569,3463,105,4158,3943,180,3144,5137,8281
SDeKalb,NEDeKalb,3202,552,30,1788,4465,86,4990,5017,116,3784,6339,10123
SDeKalb,Atlanta-DeKalb,781,170,23,1042,2259,90,1823,2429,113,974,3391,4365
SDeKalb,Decatur,891,182,57,868,2198,128,1759,2380,185,1130,3194,4324
SDeKalb,SWDeKalb,4548,923,124,7736,21264,335,12284,22187,459,5595,29335,34930
SDeKalb,SEDeKalb,5706,1111,80,10647,25824,333,16353,26935,413,6897,36804,43701
SDeKalb,SDeKalb,15956,3207,209,41754,105447,725,57710,108654,934,19372,147926,167298
SDeKalb,WDouglas,107,29,0,34,82,0,141,111,0,136,116,252
SDeKalb,EDouglas,226,46,0,64,112,7,290,158,7,272,183,455
SDeKalb,WFayette,162,30,0,51,99,0,213,129,0,192,150,342
SDeKalb,EFayette,281,47,0,101,128,2,382,175,2,328,231,559
SDeKalb,NGwinnett,217,41,0,77,144,1,294,185,1,258,222,480
SDeKalb,CentGwinnett,622,114,1,196,442,3,818,556,4,737,641,1378
SDeKalb,EGwinnett,198,43,0,59,149,0,257,192,0,241,208,449
SDeKalb,Norcross,930,175,7,258,616,5,1188,791,12,1112,879,1991
SDeKalb,Lilburn,667,124,3,418,1282,0,1085,1406,3,794,1700,2494
SDeKalb,Snellville,997,160,7,565,1712,8,1562,1872,15,1164,2285,3449
SDeKalb,NHenry,2820,515,9,3470,11020,21,6290,11535,30,3344,14511,17855
SDeKalb,EHenry,971,167,0,613,1815,2,1584,1982,2,1138,2430,3568
SDeKalb,SHenry,1159,221,0,377,951,4,1536,1172,4,1380,1332,2712
SDeKalb,SRockdale,1546,316,5,2093,5810,8,3639,6126,13,1867,7911,9778
SDeKalb,NRockdale,2060,398,6,1681,4601,10,3741,4999,16,2464,6292,8756
SDeKalb,NBarrow,36,6,0,11,59,0,47,65,0,42,70,112
SDeKalb,SBarrow,41,12,0,18,51,0,59,63,0,53,69,122
SDeKalb,NWBartow,0,0,0,1,0,0,1,0,0,0,1,1
SDeKalb,NEBartow,2,0,0,2,3,0,4,3,0,2,5,7
SDeKalb,SWBartow,5,1,0,1,5,0,6,6,0,6,6,12
SDeKalb,Cartersville,12,3,0,4,4,0,16,7,0,15,8,23
SDeKalb,NECarroll,18,3,0,4,17,0,22,20,0,21,21,42
SDeKalb,WCarroll,0,0,0,3,0,0,3,0,0,0,3,3
SDeKalb,CentralCarroll,16,3,0,7,5,0,23,8,0,19,12,31
SDeKalb,SECarroll,4,0,0,1,4,0,5,4,0,4,5,9
SDeKalb,WCoweta,35,9,0,8,64,0,43,73,0,44,72,116
SDeKalb,NCoweta,239,32,0,74,149,2,313,181,2,271,225,496
SDeKalb,SCoweta,13,0,0,4,29,0,17,29,0,13,33,46
SDeKalb,SECoweta,32,7,0,14,27,0,46,34,0,39,41,80
SDeKalb,NForsyth,7,1,0,5,10,0,12,11,0,8,15,23
SDeKalb,Cumming,34,2,0,24,66,0,58,68,0,36,90,126
SDeKalb,SForsyth,67,5,0,11,36,0,78,41,0,72,47,119
SDeKalb,NHall,2,0,0,5,10,0,7,10,0,2,15,17
SDeKalb,Gainesville,7,2,0,7,28,0,14,30,0,9,35,44
SDeKalb,SHall,28,2,0,10,22,0,38,24,0,30,32,62
SDeKalb,WNewton,1258,272,3,530,1458,7,1788,1730,10,1533,1995,3528
SDeKalb,ENewton,138,19,0,54,98,0,192,117,0,157,152,309
SDeKalb,NPaulding,14,5,0,4,3,0,18,8,0,19,7,26
SDeKalb,WPaulding,7,3,0,8,14,0,15,17,0,10,22,32
SDeKalb,EPaulding,100,16,0,23,94,0,123,110,0,116,117,233
SDeKalb,NSpalding,101,16,0,25,65,0,126,81,0,117,90,207
SDeKalb,SSpalding,60,10,0,14,20,0,74,30,0,70,34,104
SDeKalb,WWalton,326,65,0,134,283,1,460,348,1,391,418,809
SDeKalb,EWalton,103,23,0,45,144,0,148,167,0,126,189,315
WDouglas,NFulton,62,9,1,16,31,0,78,40,1,72,47,119
WDouglas,Roswell,51,7,1,11,11,0,62,18,1,59,22,81
WDouglas,SandySprings,422,49,5,69,139,5,491,188,10,476,213,689
WDouglas,Buckhead,519,83,23,101,263,1,620,346,24,625,365,990
WDouglas,NWAtlanta,624,110,4,102,392,3,726,502,7,738,497,1235
WDouglas,NEAtlanta,534,117,22,159,351,14,693,468,36,673,524,1197
WDouglas,SWAtlanta,881,169,11,280,858,2,1161,1027,13,1061,1140,2201
WDouglas,CBDAtlanta,832,109,151,160,393,29,992,502,180,1092,582,1674
WDouglas,SEAtlanta,310,59,0,89,160,3,399,219,3,369,252,621
WDouglas,SFulton,1535,243,0,846,2529,0,2381,2772,0,1778,3375,5153
WDouglas,Tri-Cities,650,106,3,128,372,1,778,478,4,759,501,1260
WDouglas,Shannon,756,120,1,240,790,1,996,910,2,877,1031,1908
WDouglas,WCherokee,5,0,0,4,2,0,9,2,0,5,6,11
WDouglas,NCherokee,2,1,0,2,9,0,4,10,0,3,11,14
WDouglas,ECentCherokee,33,9,0,7,15,0,40,24,0,42,22,64
WDouglas,Woodstock,87,15,0,29,84,0,116,99,0,102,113,215
WDouglas,Airport,362,55,12,35,77,0,397,132,12,429,112,541
WDouglas,NEClayton,247,43,0,47,93,1,294,136,1,290,141,431
WDouglas,Riverdale,129,16,0,42,158,0,171,174,0,145,200,345
WDouglas,SClayton,108,16,0,25,35,0,133,51,0,124,60,184
WDouglas,NWCobb,593,103,1,142,405,4,735,508,5,697,551,1248
WDouglas,NECobb,284,56,0,47,129,0,331,185,0,340,176,516
WDouglas,SWCobb,798,157,0,395,1115,0,1193,1272,0,955,1510,2465
WDouglas,Marietta,505,91,1,119,225,0,624,316,1,597,344,941
WDouglas,Cumberland,1058,166,1,151,311,0,1209,477,1,1225,462,1687
WDouglas,SCobb,1436,248,0,554,1544,1,1990,1792,1,1684,2099,3783
WDouglas,Chamblee,303,55,4,67,110,1,370,165,5,362,178,540
WDouglas,NWDeKalb,233,49,2,68,157,6,301,206,8,284,231,515
WDouglas,NEDeKalb,115,33,0,30,62,1,145,95,1,148,93,241
WDouglas,Atlanta-DeKalb,39,13,0,19,30,1,58,43,1,52,50,102
WDouglas,Decatur,38,5,1,13,73,3,51,78,4,44,89,133
WDouglas,SWDeKalb,111,16,2,41,104,4,152,120,6,129,149,278
WDouglas,SEDeKalb,51,5,0,18,35,0,69,40,0,56,53,109
WDouglas,SDeKalb,118,25,0,39,172,0,157,197,0,143,211,354
WDouglas,WDouglas,19122,3581,0,38227,92341,0,57349,95922,0,22703,130568,153271
WDouglas,EDouglas,7750,1439,3,11683,28526,14,19433,29965,17,9192,40223,49415
WDouglas,WFayette,342,57,0,86,230,0,428,287,0,399,316,715
WDouglas,EFayette,215,33,0,42,117,0,257,150,0,248,159,407
WDouglas,NGwinnett,7,3,0,2,5,0,9,8,0,10,7,17
WDouglas,CentGwinnett,45,5,0,16,49,0,61,54,0,50,65,115
WDouglas,EGwinnett,2,1,0,3,15,0,5,16,0,3,18,21
WDouglas,Norcross,115,19,0,21,61,0,136,80,0,134,82,216
WDouglas,Lilburn,15,0,0,8,38,0,23,38,0,15,46,61
WDouglas,Snellville,12,3,0,12,47,0,24,50,0,15,59,74
WDouglas,NHenry,48,7,0,16,34,0,64,41,0,55,50,105
WDouglas,EHenry,7,1,0,7,13,0,14,14,0,8,20,28
WDouglas,SHenry,38,9,0,8,31,0,46,40,0,47,39,86
WDouglas,SRockdale,13,1,0,1,3,0,14,4,0,14,4,18
WDouglas,NRockdale,13,2,0,5,87,0,18,89,0,15,92,107
WDouglas,NBarrow,1,0,0,2,0,0,3,0,0,1,2,3
WDouglas,SBarrow,0,0,0,0,0,0,0,0,0,0,0,0
WDouglas,NWBartow,7,2,0,3,13,0,10,15,0,9,16,25
WDouglas,NEBartow,11,0,0,5,3,0,16,3,0,11,8,19
WDouglas,SWBartow,34,8,0,13,21,0,47,29,0,42,34,76
WDouglas,Cartersville,114,12,0,31,115,0,145,127,0,126,146,272
WDouglas,NECarroll,2832,537,0,2828,7364,0,5660,7901,0,3369,10192,13561
WDouglas,WCarroll,278,52,0,71,131,0,349,183,0,330,202,532
WDouglas,CentralCarroll,2085,394,0,1117,2635,0,3202,3029,0,2479,3752,6231
WDouglas,SECarroll,284,54,0,132,339,0,416,393,0,338,471,809
WDouglas,WCoweta,321,62,0,78,203,0,399,265,0,383,281,664
WDouglas,NCoweta,822,158,0,255,625,0,1077,783,0,980,880,1860
WDouglas,SCoweta,52,12,0,11,16,0,63,28,0,64,27,91
WDouglas,SECoweta,51,4,0,21,17,0,72,21,0,55,38,93
WDouglas,NForsyth,1,1,0,2,0,0,3,1,0,2,2,4
WDouglas,Cumming,8,1,0,5,1,0,13,2,0,9,6,15
WDouglas,SForsyth,18,1,0,5,5,0,23,6,0,19,10,29
WDouglas,NHall,0,0,0,0,0,0,0,0,0,0,0,0
WDouglas,Gainesville,0,0,0,0,0,0,0,0,0,0,0,0
WDouglas,SHall,1,1,0,1,0,0,2,1,0,2,1,3
WDouglas,WNewton,6,0,0,2,27,0,8,27,0,6,29,35
WDouglas,ENewton,0,1,0,0,0,0,0,1,0,1,0,1
WDouglas,NPaulding,211,45,0,55,165,0,266,210,0,256,220,476
WDouglas,WPaulding,481,90,0,260,771,0,741,861,0,571,1031,1602
WDouglas,EPaulding,3078,592,0,2535,7508,0,5613,8100,0,3670,10043,13713
WDouglas,NSpalding,10,0,0,4,17,0,14,17,0,10,21,31
WDouglas,SSpalding,12,2,0,3,3,0,15,5,0,14,6,20
WDouglas,WWalton,1,0,0,3,1,0,4,1,0,1,4,5
WDouglas,EWalton,0,0,0,1,0,0,1,0,0,0,1,1
EDouglas,NFulton,153,26,2,35,75,0,188,101,2,181,110,291
EDouglas,Roswell,113,27,1,36,86,0,149,113,1,141,122,263
EDouglas,SandySprings,746,124,27,128,156,3,874,280,30,897,287,1184
EDouglas,Buckhead,854,145,59,223,592,6,1077,737,65,1058,821,1879
EDouglas,NWAtlanta,1064,194,9,487,1269,13,1551,1463,22,1267,1769,3036
EDouglas,NEAtlanta,1097,186,65,362,962,54,1459,1148,119,1348,1378,2726
EDouglas,SWAtlanta,1941,382,17,1414,3273,31,3355,3655,48,2340,4718,7058
EDouglas,CBDAtlanta,1499,243,371,378,1282,138,1877,1525,509,2113,1798,3911
EDouglas,SEAtlanta,463,86,6,223,500,10,686,586,16,555,733,1288
EDouglas,SFulton,2829,504,7,2610,5777,5,5439,6281,12,3340,8392,11732
EDouglas,Tri-Cities,809,169,7,302,824,3,1111,993,10,985,1129,2114
EDouglas,Shannon,874,167,0,435,1279,1,1309,1446,1,1041,1715,2756
EDouglas,WCherokee,17,3,0,4,13,0,21,16,0,20,17,37
EDouglas,NCherokee,7,1,0,4,4,0,11,5,0,8,8,16
EDouglas,ECentCherokee,107,21,0,29,31,0,136,52,0,128,60,188
EDouglas,Woodstock,203,44,0,34,87,0,237,131,0,247,121,368
EDouglas,Airport,423,65,53,55,148,2,478,213,55,541,205,746
EDouglas,NEClayton,322,63,1,63,101,0,385,164,1,386,164,550
EDouglas,Riverdale,193,37,0,51,128,0,244,165,0,230,179,409
EDouglas,SClayton,125,22,0,28,38,0,153,60,0,147,66,213
EDouglas,NWCobb,1186,240,0,380,786,5,1566,1026,5,1426,1171,2597
EDouglas,NECobb,599,101,0,142,168,0,741,269,0,700,310,1010
EDouglas,SWCobb,3557,637,5,4109,9018,3,7666,9655,8,4199,13130,17329
EDouglas,Marietta,1173,204,4,459,912,12,1632,1116,16,1381,1383,2764
EDouglas,Cumberland,2087,355,10,592,1365,6,2679,1720,16,2452,1963,4415
EDouglas,SCobb,5036,920,26,7004,15518,42,12040,16438,68,5982,22564,28546
EDouglas,Chamblee,532,88,18,74,171,2,606,259,20,638,247,885
EDouglas,NWDeKalb,405,70,11,94,213,4,499,283,15,486,311,797
EDouglas,NEDeKalb,230,50,8,58,117,4,288,167,12,288,179,467
EDouglas,Atlanta-DeKalb,95,17,5,35,50,3,130,67,8,117,88,205
EDouglas,Decatur,91,15,10,30,61,7,121,76,17,116,98,214
EDouglas,SWDeKalb,209,30,7,50,136,1,259,166,8,246,187,433
EDouglas,SEDeKalb,96,31,1,30,42,0,126,73,1,128,72,200
EDouglas,SDeKalb,210,51,0,63,131,6,273,182,6,261,200,461
EDouglas,WDouglas,8123,1543,3,11817,28906,14,19940,30449,17,9669,40737,50406
EDouglas,EDouglas,24476,4614,8,49887,98949,23,74363,103563,31,29098,148859,177957
EDouglas,WFayette,326,50,0,95,179,0,421,229,0,376,274,650
EDouglas,EFayette,231,31,0,54,120,1,285,151,1,262,175,437
EDouglas,NGwinnett,31,5,0,10,20,0,41,25,0,36,30,66
EDouglas,CentGwinnett,92,15,0,33,33,0,125,48,0,107,66,173
EDouglas,EGwinnett,16,5,0,7,9,0,23,14,0,21,16,37
EDouglas,Norcross,225,37,2,36,79,0,261,116,2,264,115,379
EDouglas,Lilburn,53,13,0,17,28,0,70,41,0,66,45,111
EDouglas,Snellville,42,10,0,6,15,0,48,25,0,52,21,73
EDouglas,NHenry,83,21,0,26,49,0,109,70,0,104,75,179
EDouglas,EHenry,45,11,0,5,10,0,50,21,0,56,15,71
EDouglas,SHenry,92,13,0,27,81,0,119,94,0,105,108,213
EDouglas,SRockdale,41,1,0,12,21,0,53,22,0,42,33,75
EDouglas,NRockdale,52,8,0,12,27,0,64,35,0,60,39,99
EDouglas,NBarrow,1,1,0,0,0,0,1,1,0,2,0,2
EDouglas,SBarrow,1,1,0,1,2,0,2,3,0,2,3,5
EDouglas,NWBartow,15,2,0,6,28,0,21,30,0,17,34,51
EDouglas,NEBartow,21,2,0,14,49,0,35,51,0,23,63,86
EDouglas,SWBartow,48,10,0,24,52,0,72,62,0,58,76,134
EDouglas,Cartersville,160,24,0,43,37,0,203,61,0,184,80,264
EDouglas,NECarroll,1258,247,1,382,1300,0,1640,1547,1,1506,1682,3188
EDouglas,WCarroll,127,20,0,36,67,0,163,87,0,147,103,250
EDouglas,CentralCarroll,757,120,1,217,353,0,974,473,1,878,570,1448
EDouglas,SECarroll,110,30,0,46,97,0,156,127,0,140,143,283
EDouglas,WCoweta,164,33,0,38,129,0,202,162,0,197,167,364
EDouglas,NCoweta,727,111,0,164,413,0,891,524,0,838,577,1415
EDouglas,SCoweta,43,8,0,13,23,0,56,31,0,51,36,87
EDouglas,SECoweta,62,10,0,16,22,0,78,32,0,72,38,110
EDouglas,NForsyth,4,0,0,2,1,0,6,1,0,4,3,7
EDouglas,Cumming,25,1,0,13,24,0,38,25,0,26,37,63
EDouglas,SForsyth,27,6,0,3,31,0,30,37,0,33,34,67
EDouglas,NHall,0,0,0,0,0,0,0,0,0,0,0,0
EDouglas,Gainesville,0,0,0,0,0,0,0,0,0,0,0,0
EDouglas,SHall,2,0,0,1,0,0,3,0,0,2,1,3
EDouglas,WNewton,33,6,0,13,27,0,46,33,0,39,40,79
EDouglas,ENewton,3,0,0,0,0,0,3,0,0,3,0,3
EDouglas,NPaulding,438,75,0,135,320,0,573,395,0,513,455,968
EDouglas,WPaulding,406,64,0,145,329,1,551,393,1,470,475,945
EDouglas,EPaulding,5084,923,6,3809,11212,7,8893,12135,13,6013,15028,21041
EDouglas,NSpalding,17,2,0,6,4,0,23,6,0,19,10,29
EDouglas,SSpalding,13,3,0,9,6,0,22,9,0,16,15,31
EDouglas,WWalton,3,2,0,4,21,0,7,23,0,5,25,30
EDouglas,EWalton,2,0,0,0,1,0,2,1,0,2,1,3
WFayette,NFulton,37,2,0,6,40,0,43,42,0,39,46,85
WFayette,Roswell,16,2,1,5,2,0,21,4,1,19,7,26
WFayette,SandySprings,125,12,2,31,55,3,156,67,5,139,89,228
WFayette,Buckhead,200,34,10,45,86,0,245,120,10,244,131,375
WFayette,NWAtlanta,191,27,3,41,56,1,232,83,4,221,98,319
WFayette,NEAtlanta,313,57,15,111,218,8,424,275,23,385,337,722
WFayette,SWAtlanta,325,57,3,105,194,1,430,251,4,385,300,685
WFayette,CBDAtlanta,287,63,64,75,234,9,362,297,73,414,318,732
WFayette,SEAtlanta,291,59,2,110,192,3,401,251,5,352,305,657
WFayette,SFulton,898,182,0,595,1559,1,1493,1741,1,1080,2155,3235
WFayette,Tri-Cities,962,161,4,217,516,0,1179,677,4,1127,733,1860
WFayette,Shannon,2646,454,3,2186,5145,4,4832,5599,7,3103,7335,10438
WFayette,WCherokee,0,1,0,0,1,0,0,2,0,1,1,2
WFayette,NCherokee,0,0,0,0,0,0,0,0,0,0,0,0
WFayette,ECentCherokee,2,1,0,3,5,0,5,6,0,3,8,11
WFayette,Woodstock,7,0,0,6,2,0,13,2,0,7,8,15
WFayette,Airport,514,81,13,119,267,1,633,348,14,608,387,995
WFayette,NEClayton,703,122,2,170,386,8,873,508,10,827,564,1391
WFayette,Riverdale,815,152,4,480,1145,0,1295,1297,4,971,1625,2596
WFayette,SClayton,1278,258,0,608,1357,2,1886,1615,2,1536,1967,3503
WFayette,NWCobb,57,6,0,24,29,1,81,35,1,63,54,117
WFayette,NECobb,56,11,0,22,30,0,78,41,0,67,52,119
WFayette,SWCobb,77,11,0,13,29,0,90,40,0,88,42,130
WFayette,Marietta,79,19,0,25,21,2,104,40,2,98,48,146
WFayette,Cumberland,379,52,1,54,99,0,433,151,1,432,153,585
WFayette,SCobb,226,33,0,47,80,0,273,113,0,259,127,386
WFayette,Chamblee,119,38,6,36,55,0,155,93,6,163,91,254
WFayette,NWDeKalb,145,32,0,42,93,2,187,125,2,177,137,314
WFayette,NEDeKalb,113,29,1,39,59,0,152,88,1,143,98,241
WFayette,Atlanta-DeKalb,36,7,1,13,23,0,49,30,1,44,36,80
WFayette,Decatur,18,3,1,14,13,0,32,16,1,22,27,49
WFayette,SWDeKalb,99,12,1,23,62,0,122,74,1,112,85,197
WFayette,SEDeKalb,54,4,0,19,29,0,73,33,0,58,48,106
WFayette,SDeKalb,176,29,0,63,82,0,239,111,0,205,145,350
WFayette,WDouglas,356,57,0,88,264,0,444,321,0,413,352,765
WFayette,EDouglas,332,44,0,97,180,0,429,224,0,376,277,653
WFayette,WFayette,26651,4551,0,49172,96443,0,75823,100994,0,31202,145615,176817
WFayette,EFayette,4946,878,0,4748,12148,0,9694,13026,0,5824,16896,22720
WFayette,NGwinnett,3,3,0,3,13,0,6,16,0,6,16,22
WFayette,CentGwinnett,15,3,0,6,19,0,21,22,0,18,25,43
WFayette,EGwinnett,4,0,0,3,0,0,7,0,0,4,3,7
WFayette,Norcross,56,15,1,18,22,0,74,37,1,72,40,112
WFayette,Lilburn,17,0,0,9,30,0,26,30,0,17,39,56
WFayette,Snellville,14,2,0,5,6,0,19,8,0,16,11,27
WFayette,NHenry,357,66,0,99,214,0,456,280,0,423,313,736
WFayette,EHenry,187,26,0,47,76,0,234,102,0,213,123,336
WFayette,SHenry,975,162,0,227,474,0,1202,636,0,1137,701,1838
WFayette,SRockdale,42,8,0,14,18,0,56,26,0,50,32,82
WFayette,NRockdale,20,3,0,11,11,0,31,14,0,23,22,45
WFayette,NBarrow,0,1,0,0,0,0,0,1,0,1,0,1
WFayette,SBarrow,0,0,0,0,0,0,0,0,0,0,0,0
WFayette,NWBartow,0,0,0,0,0,0,0,0,0,0,0,0
WFayette,NEBartow,0,0,0,0,0,0,0,0,0,0,0,0
WFayette,SWBartow,0,0,0,1,0,0,1,0,0,0,1,1
WFayette,Cartersville,2,0,0,0,1,0,2,1,0,2,1,3
WFayette,NECarroll,82,13,0,13,18,0,95,31,0,95,31,126
WFayette,WCarroll,24,3,0,9,30,0,33,33,0,27,39,66
WFayette,CentralCarroll,191,34,0,95,71,0,286,105,0,225,166,391
WFayette,SECarroll,54,8,0,14,34,0,68,42,0,62,48,110
WFayette,WCoweta,742,143,0,178,502,0,920,645,0,885,680,1565
WFayette,NCoweta,6571,1110,0,4706,12568,0,11277,13678,0,7681,17274,24955
WFayette,SCoweta,521,79,0,151,373,0,672,452,0,600,524,1124
WFayette,SECoweta,2653,471,0,2559,7058,0,5212,7529,0,3124,9617,12741
WFayette,NForsyth,0,0,0,0,0,0,0,0,0,0,0,0
WFayette,Cumming,3,0,0,1,4,0,4,4,0,3,5,8
WFayette,SForsyth,1,0,0,0,0,0,1,0,0,1,0,1
WFayette,NHall,0,0,0,0,0,0,0,0,0,0,0,0
WFayette,Gainesville,0,0,0,0,0,0,0,0,0,0,0,0
WFayette,SHall,2,0,0,1,0,0,3,0,0,2,1,3
WFayette,WNewton,64,11,0,17,52,0,81,63,0,75,69,144
WFayette,ENewton,7,2,0,0,2,0,7,4,0,9,2,11
WFayette,NPaulding,11,1,0,3,17,0,14,18,0,12,20,32
WFayette,WPaulding,16,0,0,10,42,0,26,42,0,16,52,68
WFayette,EPaulding,89,17,0,29,31,0,118,48,0,106,60,166
WFayette,NSpalding,658,117,0,200,339,0,858,456,0,775,539,1314
WFayette,SSpalding,681,99,0,189,391,0,870,490,0,780,580,1360
WFayette,WWalton,7,1,0,1,10,0,8,11,0,8,11,19
WFayette,EWalton,2,0,0,1,0,0,3,0,0,2,1,3
EFayette,NFulton,42,11,1,8,34,0,50,45,1,54,42,96
EFayette,Roswell,22,7,0,16,38,0,38,45,0,29,54,83
EFayette,SandySprings,176,37,11,37,77,1,213,114,12,224,115,339
EFayette,Buckhead,318,76,21,54,220,2,372,296,23,415,276,691
EFayette,NWAtlanta,206,39,3,66,104,0,272,143,3,248,170,418
EFayette,NEAtlanta,523,113,31,141,276,14,664,389,45,667,431,1098
EFayette,SWAtlanta,370,67,7,160,319,5,530,386,12,444,484,928
EFayette,CBDAtlanta,607,115,160,147,425,32,754,540,192,882,604,1486
EFayette,SEAtlanta,438,89,2,168,532,3,606,621,5,529,703,1232
EFayette,SFulton,522,85,0,248,464,0,770,549,0,607,712,1319
EFayette,Tri-Cities,1163,202,4,457,1129,4,1620,1331,8,1369,1590,2959
EFayette,Shannon,2366,419,10,2609,6636,7,4975,7055,17,2795,9252,12047
EFayette,WCherokee,1,0,0,0,0,0,1,0,0,1,0,1
EFayette,NCherokee,0,0,0,0,0,0,0,0,0,0,0,0
EFayette,ECentCherokee,4,0,0,5,1,0,9,1,0,4,6,10
EFayette,Woodstock,4,2,0,16,7,0,20,9,0,6,23,29
EFayette,Airport,895,140,15,411,913,1,1306,1053,16,1050,1325,2375
EFayette,NEClayton,1616,258,10,959,1949,36,2575,2207,46,1884,2944,4828
EFayette,Riverdale,2448,514,3,3584,9400,10,6032,9914,13,2965,12994,15959
EFayette,SClayton,3938,774,10,4288,10802,3,8226,11576,13,4722,15093,19815
EFayette,NWCobb,46,11,0,9,40,1,55,51,1,57,50,107
EFayette,NECobb,69,10,0,15,66,0,84,76,0,79,81,160
EFayette,SWCobb,45,7,0,8,22,0,53,29,0,52,30,82
EFayette,Marietta,90,17,1,32,38,2,122,55,3,108,72,180
EFayette,Cumberland,413,57,2,65,98,1,478,155,3,472,164,636
EFayette,SCobb,210,22,0,60,117,0,270,139,0,232,177,409
EFayette,Chamblee,209,67,14,38,109,1,247,176,15,290,148,438
EFayette,NWDeKalb,215,43,2,71,125,1,286,168,3,260,197,457
EFayette,NEDeKalb,200,20,2,65,90,1,265,110,3,222,156,378
EFayette,Atlanta-DeKalb,62,11,1,20,46,1,82,57,2,74,67,141
EFayette,Decatur,39,4,5,14,22,1,53,26,6,48,37,85
EFayette,SWDeKalb,155,29,1,53,96,0,208,125,1,185,149,334
EFayette,SEDeKalb,94,26,0,27,61,0,121,87,0,120,88,208
EFayette,SDeKalb,305,51,0,95,161,2,400,212,2,356,258,614
EFayette,WDouglas,217,31,0,47,111,0,264,142,0,248,158,406
EFayette,EDouglas,198,41,0,59,104,1,257,145,1,239,164,403
EFayette,WFayette,5153,866,0,4842,11853,0,9995,12719,0,6019,16695,22714
EFayette,EFayette,17349,3102,0,34306,66346,0,51655,69448,0,20451,100652,121103
EFayette,NGwinnett,7,4,0,6,22,0,13,26,0,11,28,39
EFayette,CentGwinnett,57,9,0,20,53,0,77,62,0,66,73,139
EFayette,EGwinnett,9,0,0,3,7,0,12,7,0,9,10,19
EFayette,Norcross,74,19,0,18,51,0,92,70,0,93,69,162
EFayette,Lilburn,39,4,0,19,48,0,58,52,0,43,67,110
EFayette,Snellville,37,9,0,9,66,0,46,75,0,46,75,121
EFayette,NHenry,798,146,0,328,978,0,1126,1124,0,944,1306,2250
EFayette,EHenry,367,61,0,69,218,0,436,279,0,428,287,715
EFayette,SHenry,2094,361,0,798,2068,0,2892,2429,0,2455,2866,5321
EFayette,SRockdale,79,16,0,21,28,0,100,44,0,95,49,144
EFayette,NRockdale,61,12,0,17,22,0,78,34,0,73,39,112
EFayette,NBarrow,1,0,0,0,0,0,1,0,0,1,0,1
EFayette,SBarrow,3,1,0,1,0,0,4,1,0,4,1,5
EFayette,NWBartow,1,0,0,0,0,0,1,0,0,1,0,1
EFayette,NEBartow,0,0,0,0,0,0,0,0,0,0,0,0
EFayette,SWBartow,0,0,0,0,0,0,0,0,0,0,0,0
EFayette,Cartersville,9,1,0,2,0,0,11,1,0,10,2,12
EFayette,NECarroll,36,4,0,10,26,0,46,30,0,40,36,76
EFayette,WCarroll,6,2,0,2,2,0,8,4,0,8,4,12
EFayette,CentralCarroll,68,14,0,25,55,0,93,69,0,82,80,162
EFayette,SECarroll,18,4,0,7,4,0,25,8,0,22,11,33
EFayette,WCoweta,223,25,0,36,120,0,259,145,0,248,156,404
EFayette,NCoweta,1574,314,0,568,1519,0,2142,1833,0,1888,2087,3975
EFayette,SCoweta,146,24,0,26,49,0,172,73,0,170,75,245
EFayette,SECoweta,967,177,0,618,1505,0,1585,1682,0,1144,2123,3267
EFayette,NForsyth,3,0,0,1,0,0,4,0,0,3,1,4
EFayette,Cumming,4,0,0,6,3,0,10,3,0,4,9,13
EFayette,SForsyth,12,1,0,4,0,0,16,1,0,13,4,17
EFayette,NHall,0,0,0,0,0,0,0,0,0,0,0,0
EFayette,Gainesville,1,0,0,1,1,0,2,1,0,1,2,3
EFayette,SHall,2,0,0,0,17,0,2,17,0,2,17,19
EFayette,WNewton,157,26,0,35,126,0,192,152,0,183,161,344
EFayette,ENewton,5,1,0,3,2,0,8,3,0,6,5,11
EFayette,NPaulding,8,1,0,2,15,0,10,16,0,9,17,26
EFayette,WPaulding,8,2,0,4,1,0,12,3,0,10,5,15
EFayette,EPaulding,54,14,0,12,64,0,66,78,0,68,76,144
EFayette,NSpalding,1066,209,0,574,1352,0,1640,1561,0,1275,1926,3201
EFayette,SSpalding,815,157,0,378,758,0,1193,915,0,972,1136,2108
EFayette,WWalton,12,4,0,3,1,0,15,5,0,16,4,20
EFayette,EWalton,3,1,0,2,1,0,5,2,0,4,3,7
NGwinnett,NFulton,5724,992,1,2540,6631,8,8264,7623,9,6717,9179,15896
NGwinnett,Roswell,1208,195,1,304,790,2,1512,985,3,1404,1096,2500
NGwinnett,SandySprings,2121,348,25,327,637,13,2448,985,38,2494,977,3471
NGwinnett,Buckhead,1353,231,28,214,508,8,1567,739,36,1612,730,2342
NGwinnett,NWAtlanta,334,73,3,61,134,2,395,207,5,410,197,607
NGwinnett,NEAtlanta,971,216,50,223,636,29,1194,852,79,1237,888,2125
NGwinnett,SWAtlanta,134,37,3,58,112,7,192,149,10,174,177,351
NGwinnett,CBDAtlanta,621,167,162,119,540,35,740,707,197,950,694,1644
NGwinnett,SEAtlanta,129,40,2,48,102,2,177,142,4,171,152,323
NGwinnett,SFulton,26,7,0,4,4,0,30,11,0,33,8,41
NGwinnett,Tri-Cities,168,59,3,32,97,0,200,156,3,230,129,359
NGwinnett,Shannon,23,8,0,18,26,0,41,34,0,31,44,75
NGwinnett,WCherokee,21,4,0,18,48,0,39,52,0,25,66,91
NGwinnett,NCherokee,46,7,0,17,59,0,63,66,0,53,76,129
NGwinnett,ECentCherokee,392,61,0,145,291,0,537,352,0,453,436,889
NGwinnett,Woodstock,171,17,0,65,99,0,236,116,0,188,164,352
NGwinnett,Airport,54,19,9,7,25,0,61,44,9,82,32,114
NGwinnett,NEClayton,97,19,0,25,118,0,122,137,0,116,143,259
NGwinnett,Riverdale,25,9,0,9,9,0,34,18,0,34,18,52
NGwinnett,SClayton,20,9,0,7,36,0,27,45,0,29,43,72
NGwinnett,NWCobb,133,30,0,80,100,5,213,130,5,163,185,348
NGwinnett,NECobb,484,69,0,115,169,0,599,238,0,553,284,837
NGwinnett,SWCobb,39,4,0,18,40,0,57,44,0,43,58,101
NGwinnett,Marietta,225,25,0,93,96,4,318,121,4,250,193,443
NGwinnett,Cumberland,928,150,2,118,242,2,1046,392,4,1080,362,1442
NGwinnett,SCobb,159,24,0,41,89,1,200,113,1,183,131,314
NGwinnett,Chamblee,3140,481,16,547,1169,13,3687,1650,29,3637,1729,5366
NGwinnett,NWDeKalb,1122,167,5,277,884,19,1399,1051,24,1294,1180,2474
NGwinnett,NEDeKalb,2300,347,1,501,1096,6,2801,1443,7,2648,1603,4251
NGwinnett,Atlanta-DeKalb,86,9,2,21,37,1,107,46,3,97,59,156
NGwinnett,Decatur,151,24,7,41,167,2,192,191,9,182,210,392
NGwinnett,SWDeKalb,257,29,1,86,113,1,343,142,2,287,200,487
NGwinnett,SEDeKalb,286,45,0,127,222,0,413,267,0,331,349,680
NGwinnett,SDeKalb,235,46,0,83,108,1,318,154,1,281,192,473
NGwinnett,WDouglas,12,3,0,1,1,0,13,4,0,15,2,17
NGwinnett,EDouglas,30,5,0,9,25,0,39,30,0,35,34,69
NGwinnett,WFayette,4,2,0,7,13,0,11,15,0,6,20,26
NGwinnett,EFayette,8,2,0,6,36,0,14,38,0,10,42,52
NGwinnett,NGwinnett,87575,15686,8,155369,358095,4,242944,373781,12,103269,513468,616737
NGwinnett,CentGwinnett,30428,5510,36,30362,74089,70,60790,79599,106,35974,104521,140495
NGwinnett,EGwinnett,8901,1617,0,8785,22950,5,17686,24567,5,10518,31740,42258
NGwinnett,Norcross,7650,1211,4,2019,5019,4,9669,6230,8,8865,7042,15907
NGwinnett,Lilburn,1539,240,1,668,1575,2,2207,1815,3,1780,2245,4025
NGwinnett,Snellville,2807,465,0,1396,3664,0,4203,4129,0,3272,5060,8332
NGwinnett,NHenry,52,9,0,24,74,0,76,83,0,61,98,159
NGwinnett,EHenry,42,7,0,15,34,0,57,41,0,49,49,98
NGwinnett,SHenry,24,3,0,13,38,0,37,41,0,27,51,78
NGwinnett,SRockdale,108,10,0,35,48,0,143,58,0,118,83,201
NGwinnett,NRockdale,328,54,0,71,151,0,399,205,0,382,222,604
NGwinnett,NBarrow,4309,720,2,3162,8937,0,7471,9657,2,5031,12099,17130
NGwinnett,SBarrow,2149,382,0,927,2362,0,3076,2744,0,2531,3289,5820
NGwinnett,NWBartow,2,0,0,0,36,0,2,36,0,2,36,38
NGwinnett,NEBartow,2,0,0,3,14,0,5,14,0,2,17,19
NGwinnett,SWBartow,0,1,0,1,0,0,1,1,0,1,1,2
NGwinnett,Cartersville,8,0,0,8,3,0,16,3,0,8,11,19
NGwinnett,NECarroll,0,0,0,0,1,0,0,1,0,0,1,1
NGwinnett,WCarroll,0,0,0,0,0,0,0,0,0,0,0,0
NGwinnett,CentralCarroll,0,0,0,2,0,0,2,0,0,0,2,2
NGwinnett,SECarroll,0,0,0,0,0,0,0,0,0,0,0,0
NGwinnett,WCoweta,0,0,0,0,0,0,0,0,0,0,0,0
NGwinnett,NCoweta,2,1,0,0,10,0,2,11,0,3,10,13
NGwinnett,SCoweta,1,0,0,0,0,0,1,0,0,1,0,1
NGwinnett,SECoweta,0,0,0,0,0,0,0,0,0,0,0,0
NGwinnett,NForsyth,1105,186,0,354,993,0,1459,1179,0,1291,1347,2638
NGwinnett,Cumming,4833,861,0,3366,9285,0,8199,10146,0,5694,12651,18345
NGwinnett,SForsyth,4366,738,0,3189,9117,0,7555,9855,0,5104,12306,17410
NGwinnett,NHall,670,109,0,159,428,0,829,537,0,779,587,1366
NGwinnett,Gainesville,4422,843,0,920,2948,0,5342,3791,0,5265,3868,9133
NGwinnett,SHall,10478,1822,2,9672,25589,0,20150,27411,2,12302,35261,47563
NGwinnett,WNewton,339,58,0,60,151,0,399,209,0,397,211,608
NGwinnett,ENewton,54,12,0,16,36,0,70,48,0,66,52,118
NGwinnett,NPaulding,1,1,0,0,12,0,1,13,0,2,12,14
NGwinnett,WPaulding,2,0,0,1,0,0,3,0,0,2,1,3
NGwinnett,EPaulding,17,1,0,8,18,0,25,19,0,18,26,44
NGwinnett,NSpalding,0,2,0,0,0,0,0,2,0,2,0,2
NGwinnett,SSpalding,0,0,0,0,1,0,0,1,0,0,1,1
NGwinnett,WWalton,888,182,0,310,742,0,1198,924,0,1070,1052,2122
NGwinnett,EWalton,729,121,0,199,502,0,928,623,0,850,701,1551
CentGwinnett,NFulton,10019,2022,24,8773,20494,45,18792,22516,69,12065,29312,41377
CentGwinnett,Roswell,2311,390,2,1242,3365,1,3553,3755,3,2703,4608,7311
CentGwinnett,SandySprings,3780,626,54,798,1675,31,4578,2301,85,4460,2504,6964
CentGwinnett,Buckhead,2409,417,102,445,866,38,2854,1283,140,2928,1349,4277
CentGwinnett,NWAtlanta,630,129,16,93,213,8,723,342,24,775,314,1089
CentGwinnett,NEAtlanta,2001,391,183,405,1008,112,2406,1399,295,2575,1525,4100
CentGwinnett,SWAtlanta,308,87,11,83,188,22,391,275,33,406,293,699
CentGwinnett,CBDAtlanta,1318,344,523,214,498,85,1532,842,608,2185,797,2982
CentGwinnett,SEAtlanta,342,88,14,103,146,7,445,234,21,444,256,700
CentGwinnett,SFulton,79,17,0,35,91,0,114,108,0,96,126,222
CentGwinnett,Tri-Cities,350,116,12,59,90,1,409,206,13,478,150,628
CentGwinnett,Shannon,84,22,1,36,59,2,120,81,3,107,97,204
CentGwinnett,WCherokee,52,10,0,23,35,0,75,45,0,62,58,120
CentGwinnett,NCherokee,54,4,0,33,52,0,87,56,0,58,85,143
CentGwinnett,ECentCherokee,571,111,0,229,418,0,800,529,0,682,647,1329
CentGwinnett,Woodstock,360,64,1,99,222,0,459,286,1,425,321,746
CentGwinnett,Airport,152,43,44,10,19,0,162,62,44,239,29,268
CentGwinnett,NEClayton,256,53,2,58,71,2,314,124,4,311,131,442
CentGwinnett,Riverdale,68,24,0,21,47,0,89,71,0,92,68,160
CentGwinnett,SClayton,72,24,0,34,55,0,106,79,0,96,89,185
CentGwinnett,NWCobb,345,66,2,156,173,10,501,239,12,413,339,752
CentGwinnett,NECobb,840,135,1,239,364,0,1079,499,1,976,603,1579
CentGwinnett,SWCobb,123,12,0,41,65,0,164,77,0,135,106,241
CentGwinnett,Marietta,398,61,4,148,114,17,546,175,21,463,279,742
CentGwinnett,Cumberland,1545,250,8,229,350,8,1774,600,16,1803,587,2390
CentGwinnett,SCobb,321,55,1,79,130,0,400,185,1,377,209,586
CentGwinnett,Chamblee,6368,1007,75,1996,4626,50,8364,5633,125,7450,6672,14122
CentGwinnett,NWDeKalb,2135,353,11,652,3086,120,2787,3439,131,2499,3858,6357
CentGwinnett,NEDeKalb,5201,890,11,2690,5852,25,7891,6742,36,6102,8567,14669
CentGwinnett,Atlanta-DeKalb,169,28,6,46,146,2,215,174,8,203,194,397
CentGwinnett,Decatur,270,47,13,88,222,16,358,269,29,330,326,656
CentGwinnett,SWDeKalb,587,105,6,193,590,1,780,695,7,698,784,1482
CentGwinnett,SEDeKalb,1025,172,2,565,1449,4,1590,1621,6,1199,2018,3217
CentGwinnett,SDeKalb,580,124,1,187,387,4,767,511,5,705,578,1283
CentGwinnett,WDouglas,38,5,0,14,51,0,52,56,0,43,65,108
CentGwinnett,EDouglas,91,15,0,25,67,0,116,82,0,106,92,198
CentGwinnett,WFayette,14,2,0,6,9,0,20,11,0,16,15,31
CentGwinnett,EFayette,46,8,0,14,59,0,60,67,0,54,73,127
CentGwinnett,NGwinnett,31998,5602,40,30531,74837,68,62529,80439,108,37640,105436,143076
CentGwinnett,CentGwinnett,134643,24892,735,208983,418551,1256,343626,443443,1991,160270,628790,789060
CentGwinnett,EGwinnett,14359,2626,15,14908,38195,38,29267,40821,53,17000,53141,70141
CentGwinnett,Norcross,23912,4126,180,19996,42818,228,43908,46944,408,28218,63042,91260
CentGwinnett,Lilburn,7988,1466,30,9290,23963,39,17278,25429,69,9484,33292,42776
CentGwinnett,Snellville,11636,2249,18,12738,34829,26,24374,37078,44,13903,47593,61496
CentGwinnett,NHenry,208,28,0,63,104,0,271,132,0,236,167,403
CentGwinnett,EHenry,154,24,0,32,81,0,186,105,0,178,113,291
CentGwinnett,SHenry,98,14,0,36,60,0,134,74,0,112,96,208
CentGwinnett,SRockdale,276,41,0,69,266,0,345,307,0,317,335,652
CentGwinnett,NRockdale,829,148,0,255,599,0,1084,747,0,977,854,1831
CentGwinnett,NBarrow,2318,391,0,697,1695,0,3015,2086,0,2709,2392,5101
CentGwinnett,SBarrow,2013,347,0,682,1739,0,2695,2086,0,2360,2421,4781
CentGwinnett,NWBartow,3,0,0,1,0,0,4,0,0,3,1,4
CentGwinnett,NEBartow,5,2,0,6,2,0,11,4,0,7,8,15
CentGwinnett,SWBartow,7,0,0,2,6,0,9,6,0,7,8,15
CentGwinnett,Cartersville,33,7,0,18,51,0,51,58,0,40,69,109
CentGwinnett,NECarroll,5,1,0,5,4,0,10,5,0,6,9,15
CentGwinnett,WCarroll,0,0,0,0,0,0,0,0,0,0,0,0
CentGwinnett,CentralCarroll,1,0,0,1,0,0,2,0,0,1,1,2
CentGwinnett,SECarroll,0,0,0,0,0,0,0,0,0,0,0,0
CentGwinnett,WCoweta,3,0,0,2,1,0,5,1,0,3,3,6
CentGwinnett,NCoweta,17,4,0,17,10,0,34,14,0,21,27,48
CentGwinnett,SCoweta,0,0,0,0,0,0,0,0,0,0,0,0
CentGwinnett,SECoweta,1,1,0,1,0,0,2,1,0,2,1,3
CentGwinnett,NForsyth,813,120,0,206,635,0,1019,755,0,933,841,1774
CentGwinnett,Cumming,2671,479,0,989,2786,0,3660,3265,0,3150,3775,6925
CentGwinnett,SForsyth,4156,825,1,2810,7562,0,6966,8387,1,4982,10372,15354
CentGwinnett,NHall,368,65,0,97,305,0,465,370,0,433,402,835
CentGwinnett,Gainesville,1346,295,0,274,711,0,1620,1006,0,1641,985,2626
CentGwinnett,SHall,3349,538,0,1049,2569,0,4398,3107,0,3887,3618,7505
CentGwinnett,WNewton,794,121,0,210,458,0,1004,579,0,915,668,1583
CentGwinnett,ENewton,139,16,0,51,72,0,190,88,0,155,123,278
CentGwinnett,NPaulding,16,1,0,3,19,0,19,20,0,17,22,39
CentGwinnett,WPaulding,8,2,0,4,6,0,12,8,0,10,10,20
CentGwinnett,EPaulding,70,18,0,34,42,0,104,60,0,88,76,164
CentGwinnett,NSpalding,4,2,0,5,4,0,9,6,0,6,9,15
CentGwinnett,SSpalding,2,0,0,0,9,0,2,9,0,2,9,11
CentGwinnett,WWalton,2249,408,0,972,2643,0,3221,3051,0,2657,3615,6272
CentGwinnett,EWalton,1000,163,0,322,802,0,1322,965,0,1163,1124,2287
EGwinnett,NFulton,967,166,0,170,359,0,1137,525,0,1133,529,1662
EGwinnett,Roswell,312,61,0,50,109,0,362,170,0,373,159,532
EGwinnett,SandySprings,767,135,3,122,245,3,889,380,6,905,370,1275
EGwinnett,Buckhead,540,92,4,93,209,0,633,301,4,636,302,938
EGwinnett,NWAtlanta,167,30,0,19,94,1,186,124,1,197,114,311
EGwinnett,NEAtlanta,402,85,9,106,325,23,508,410,32,496,454,950
EGwinnett,SWAtlanta,79,23,0,17,86,5,96,109,5,102,108,210
EGwinnett,CBDAtlanta,338,75,53,70,222,21,408,297,74,466,313,779
EGwinnett,SEAtlanta,84,21,0,33,74,2,117,95,2,105,109,214
EGwinnett,SFulton,16,7,0,1,3,0,17,10,0,23,4,27
EGwinnett,Tri-Cities,89,40,3,12,18,0,101,58,3,132,30,162
EGwinnett,Shannon,15,3,0,4,8,0,19,11,0,18,12,30
EGwinnett,WCherokee,4,1,0,1,6,0,5,7,0,5,7,12
EGwinnett,NCherokee,4,0,0,1,4,0,5,4,0,4,5,9
EGwinnett,ECentCherokee,42,7,0,10,42,0,52,49,0,49,52,101
EGwinnett,Woodstock,30,5,0,13,36,0,43,41,0,35,49,84
EGwinnett,Airport,46,6,1,9,14,0,55,20,1,53,23,76
EGwinnett,NEClayton,92,14,0,13,20,0,105,34,0,106,33,139
EGwinnett,Riverdale,21,3,1,4,16,0,25,19,1,25,20,45
EGwinnett,SClayton,16,5,0,5,5,0,21,10,0,21,10,31
EGwinnett,NWCobb,41,6,0,23,24,0,64,30,0,47,47,94
EGwinnett,NECobb,161,28,0,28,67,0,189,95,0,189,95,284
EGwinnett,SWCobb,12,2,0,3,8,0,15,10,0,14,11,25
EGwinnett,Marietta,100,12,1,28,37,3,128,49,4,113,68,181
EGwinnett,Cumberland,406,75,0,48,176,0,454,251,0,481,224,705
EGwinnett,SCobb,64,3,0,12,50,1,76,53,1,67,63,130
EGwinnett,Chamblee,1242,195,5,214,442,2,1456,637,7,1442,658,2100
EGwinnett,NWDeKalb,539,101,1,143,587,13,682,688,14,641,743,1384
EGwinnett,NEDeKalb,1322,246,0,380,985,2,1702,1231,2,1568,1367,2935
EGwinnett,Atlanta-DeKalb,60,8,0,18,33,1,78,41,1,68,52,120
EGwinnett,Decatur,73,15,1,26,45,2,99,60,3,89,73,162
EGwinnett,SWDeKalb,152,35,0,54,179,0,206,214,0,187,233,420
EGwinnett,SEDeKalb,377,49,0,147,404,0,524,453,0,426,551,977
EGwinnett,SDeKalb,210,37,0,50,118,0,260,155,0,247,168,415
EGwinnett,WDouglas,2,0,0,5,10,0,7,10,0,2,15,17
EGwinnett,EDouglas,18,4,0,5,10,0,23,14,0,22,15,37
EGwinnett,WFayette,7,0,0,3,2,0,10,2,0,7,5,12
EGwinnett,EFayette,13,1,0,4,9,0,17,10,0,14,13,27
EGwinnett,NGwinnett,8615,1620,0,8702,22668,3,17317,24288,3,10235,31373,41608
EGwinnett,CentGwinnett,13362,2510,15,14947,38452,45,28309,40962,60,15887,53444,69331
EGwinnett,EGwinnett,16982,3073,0,36980,88895,5,53962,91968,5,20055,125880,145935
EGwinnett,Norcross,2719,423,2,513,1292,0,3232,1715,2,3144,1805,4949
EGwinnett,Lilburn,1166,228,0,724,2085,2,1890,2313,2,1394,2811,4205
EGwinnett,Snellville,5223,991,0,7884,21969,0,13107,22960,0,6214,29853,36067
EGwinnett,NHenry,58,11,0,16,30,0,74,41,0,69,46,115
EGwinnett,EHenry,30,5,0,14,13,0,44,18,0,35,27,62
EGwinnett,SHenry,50,7,0,15,49,0,65,56,0,57,64,121
EGwinnett,SRockdale,100,28,0,28,90,0,128,118,0,128,118,246
EGwinnett,NRockdale,595,107,0,155,332,0,750,439,0,702,487,1189
EGwinnett,NBarrow,2103,380,0,1644,4802,0,3747,5182,0,2483,6446,8929
EGwinnett,SBarrow,1969,340,0,1824,5152,0,3793,5492,0,2309,6976,9285
EGwinnett,NWBartow,0,0,0,0,0,0,0,0,0,0,0,0
EGwinnett,NEBartow,0,0,0,0,0,0,0,0,0,0,0,0
EGwinnett,SWBartow,0,0,0,0,0,0,0,0,0,0,0,0
EGwinnett,Cartersville,0,0,0,0,3,0,0,3,0,0,3,3
EGwinnett,NECarroll,0,0,0,0,1,0,0,1,0,0,1,1
EGwinnett,WCarroll,0,0,0,0,0,0,0,0,0,0,0,0
EGwinnett,CentralCarroll,0,0,0,1,0,0,1,0,0,0,1,1
EGwinnett,SECarroll,0,0,0,0,0,0,0,0,0,0,0,0
EGwinnett,WCoweta,0,0,0,0,0,0,0,0,0,0,0,0
EGwinnett,NCoweta,2,1,0,1,0,0,3,1,0,3,1,4
EGwinnett,SCoweta,0,0,0,0,0,0,0,0,0,0,0,0
EGwinnett,SECoweta,0,0,0,0,0,0,0,0,0,0,0,0
EGwinnett,NForsyth,68,11,0,24,71,0,92,82,0,79,95,174
EGwinnett,Cumming,298,57,0,74,175,0,372,232,0,355,249,604
EGwinnett,SForsyth,430,75,0,84,235,0,514,310,0,505,319,824
EGwinnett,NHall,47,11,0,14,80,0,61,91,0,58,94,152
EGwinnett,Gainesville,532,109,0,73,181,0,605,290,0,641,254,895
EGwinnett,SHall,771,151,0,401,635,0,1172,786,0,922,1036,1958
EGwinnett,WNewton,460,82,0,134,389,0,594,471,0,542,523,1065
EGwinnett,ENewton,65,10,0,29,47,0,94,57,0,75,76,151
EGwinnett,NPaulding,1,1,0,2,1,0,3,2,0,2,3,5
EGwinnett,WPaulding,0,0,0,1,0,0,1,0,0,0,1,1
EGwinnett,EPaulding,5,2,0,2,11,0,7,13,0,7,13,20
EGwinnett,NSpalding,4,0,0,0,0,0,4,0,0,4,0,4
EGwinnett,SSpalding,4,0,0,0,0,0,4,0,0,4,0,4
EGwinnett,WWalton,1859,327,0,2073,6167,0,3932,6494,0,2186,8240,10426
EGwinnett,EWalton,1165,212,0,559,1503,0,1724,1715,0,1377,2062,3439
Norcross,NFulton,7599,1453,27,4578,11926,36,12177,13379,63,9079,16540,25619
Norcross,Roswell,5066,953,15,4494,10366,11,9560,11319,26,6034,14871,20905
Norcross,SandySprings,6062,1057,114,4287,7936,110,10349,8993,224,7233,12333,19566
Norcross,Buckhead,3481,658,296,1022,2181,110,4503,2839,406,4435,3313,7748
Norcross,NWAtlanta,736,191,55,144,339,16,880,530,71,982,499,1481
Norcross,NEAtlanta,2538,519,414,761,2001,270,3299,2520,684,3471,3032,6503
Norcross,SWAtlanta,495,110,52,112,256,38,607,366,90,657,406,1063
Norcross,CBDAtlanta,1432,352,899,284,783,254,1716,1135,1153,2683,1321,4004
Norcross,SEAtlanta,440,111,45,102,267,19,542,378,64,596,388,984
Norcross,SFulton,165,37,0,28,71,0,193,108,0,202,99,301
Norcross,Tri-Cities,410,117,33,47,134,10,457,251,43,560,191,751
Norcross,Shannon,210,54,9,36,62,0,246,116,9,273,98,371
Norcross,WCherokee,86,8,0,24,36,0,110,44,0,94,60,154
Norcross,NCherokee,49,7,0,11,39,0,60,46,0,56,50,106
Norcross,ECentCherokee,769,114,0,162,349,0,931,463,0,883,511,1394
Norcross,Woodstock,793,153,0,129,319,0,922,472,0,946,448,1394
Norcross,Airport,167,38,78,13,20,1,180,58,79,283,34,317
Norcross,NEClayton,410,69,4,73,258,1,483,327,5,483,332,815
Norcross,Riverdale,145,44,2,36,52,0,181,96,2,191,88,279
Norcross,SClayton,175,35,1,30,62,0,205,97,1,211,92,303
Norcross,NWCobb,827,146,3,212,277,22,1039,423,25,976,511,1487
Norcross,NECobb,1548,271,1,469,1015,0,2017,1286,1,1820,1484,3304
Norcross,SWCobb,285,36,0,53,97,0,338,133,0,321,150,471
Norcross,Marietta,578,94,4,190,294,28,768,388,32,676,512,1188
Norcross,Cumberland,2142,355,35,460,851,11,2602,1206,46,2532,1322,3854
Norcross,SCobb,525,86,6,116,200,0,641,286,6,617,316,933
Norcross,Chamblee,12520,2387,213,13684,27452,239,26204,29839,452,15120,41375,56495
Norcross,NWDeKalb,2696,524,50,1473,5959,302,4169,6483,352,3270,7734,11004
Norcross,NEDeKalb,8965,1651,79,11108,23289,137,20073,24940,216,10695,34534,45229
Norcross,Atlanta-DeKalb,250,41,27,82,177,4,332,218,31,318,263,581
Norcross,Decatur,405,45,14,191,453,42,596,498,56,464,686,1150
Norcross,SWDeKalb,966,206,26,406,953,20,1372,1159,46,1198,1379,2577
Norcross,SEDeKalb,1345,269,9,553,1506,4,1898,1775,13,1623,2063,3686
Norcross,SDeKalb,961,177,8,221,606,6,1182,783,14,1146,833,1979
Norcross,WDouglas,119,11,0,19,27,0,138,38,0,130,46,176
Norcross,EDouglas,196,27,2,37,82,0,233,109,2,225,119,344
Norcross,WFayette,46,15,1,15,37,0,61,52,1,62,52,114
Norcross,EFayette,64,18,0,21,49,0,85,67,0,82,70,152
Norcross,NGwinnett,7838,1162,4,2000,5112,4,9838,6274,8,9004,7116,16120
Norcross,CentGwinnett,25435,4355,191,20315,43667,253,45750,48022,444,29981,64235,94216
Norcross,EGwinnett,2678,428,2,542,1286,0,3220,1714,2,3108,1828,4936
Norcross,Norcross,71071,13282,650,106176,188068,853,177247,201350,1503,85003,295097,380100
Norcross,Lilburn,9646,1730,56,10974,28148,104,20620,29878,160,11432,39226,50658
Norcross,Snellville,3654,749,7,1261,4068,5,4915,4817,12,4410,5334,9744
Norcross,NHenry,399,63,1,66,133,0,465,196,1,463,199,662
Norcross,EHenry,221,34,0,40,119,0,261,153,0,255,159,414
Norcross,SHenry,220,36,0,42,50,0,262,86,0,256,92,348
Norcross,SRockdale,308,43,0,63,110,0,371,153,0,351,173,524
Norcross,NRockdale,416,72,0,96,160,0,512,232,0,488,256,744
Norcross,NBarrow,697,106,0,99,198,0,796,304,0,803,297,1100
Norcross,SBarrow,612,83,0,79,197,0,691,280,0,695,276,971
Norcross,NWBartow,14,1,0,3,10,0,17,11,0,15,13,28
Norcross,NEBartow,12,3,0,3,12,0,15,15,0,15,15,30
Norcross,SWBartow,30,5,0,6,7,0,36,12,0,35,13,48
Norcross,Cartersville,88,15,0,27,23,0,115,38,0,103,50,153
Norcross,NECarroll,23,4,0,9,2,0,32,6,0,27,11,38
Norcross,WCarroll,0,0,0,0,1,0,0,1,0,0,1,1
Norcross,CentralCarroll,12,0,0,2,10,0,14,10,0,12,12,24
Norcross,SECarroll,1,0,0,2,2,0,3,2,0,1,4,5
Norcross,WCoweta,9,6,0,4,4,0,13,10,0,15,8,23
Norcross,NCoweta,66,15,0,22,46,0,88,61,0,81,68,149
Norcross,SCoweta,5,0,0,2,5,0,7,5,0,5,7,12
Norcross,SECoweta,11,2,0,2,1,0,13,3,0,13,3,16
Norcross,NForsyth,637,99,0,89,239,0,726,338,0,736,328,1064
Norcross,Cumming,1813,287,0,366,899,2,2179,1186,2,2100,1267,3367
Norcross,SForsyth,2294,456,3,957,2381,3,3251,2837,6,2753,3341,6094
Norcross,NHall,187,24,0,37,107,0,224,131,0,211,144,355
Norcross,Gainesville,513,84,0,79,224,0,592,308,0,597,303,900
Norcross,SHall,1353,197,0,202,446,0,1555,643,0,1550,648,2198
Norcross,WNewton,488,83,0,78,164,0,566,247,0,571,242,813
Norcross,ENewton,54,5,0,15,30,0,69,35,0,59,45,104
Norcross,NPaulding,83,15,0,20,54,0,103,69,0,98,74,172
Norcross,WPaulding,25,1,0,4,19,0,29,20,0,26,23,49
Norcross,EPaulding,242,38,0,36,104,0,278,142,0,280,140,420
Norcross,NSpalding,21,1,0,6,25,0,27,26,0,22,31,53
Norcross,SSpalding,10,0,0,2,7,0,12,7,0,10,9,19
Norcross,WWalton,648,106,0,117,283,0,765,389,0,754,400,1154
Norcross,EWalton,284,42,0,56,92,0,340,134,0,326,148,474
Lilburn,NFulton,993,182,1,400,1061,2,1393,1243,3,1176,1463,2639
Lilburn,Roswell,522,90,3,259,628,1,781,718,4,615,888,1503
Lilburn,SandySprings,1483,241,33,392,875,11,1875,1116,44,1757,1278,3035
Lilburn,Buckhead,1022,168,39,260,526,12,1282,694,51,1229,798,2027
Lilburn,NWAtlanta,290,57,7,65,203,1,355,260,8,354,269,623
Lilburn,NEAtlanta,980,189,83,393,848,54,1373,1037,137,1252,1295,2547
Lilburn,SWAtlanta,155,20,11,77,100,15,232,120,26,186,192,378
Lilburn,CBDAtlanta,821,152,322,191,297,100,1012,449,422,1295,588,1883
Lilburn,SEAtlanta,232,54,4,73,94,6,305,148,10,290,173,463
Lilburn,SFulton,54,6,1,11,44,0,65,50,1,61,55,116
Lilburn,Tri-Cities,233,33,4,25,41,0,258,74,4,270,66,336
Lilburn,Shannon,70,7,0,14,41,0,84,48,0,77,55,132
Lilburn,WCherokee,5,0,0,4,3,0,9,3,0,5,7,12
Lilburn,NCherokee,2,2,0,2,5,0,4,7,0,4,7,11
Lilburn,ECentCherokee,59,6,0,16,39,0,75,45,0,65,55,120
Lilburn,Woodstock,85,15,0,22,53,0,107,68,0,100,75,175
Lilburn,Airport,136,23,32,5,12,0,141,35,32,191,17,208
Lilburn,NEClayton,239,42,0,38,84,1,277,126,1,281,123,404
Lilburn,Riverdale,57,7,1,15,16,0,72,23,1,65,31,96
Lilburn,SClayton,72,8,0,16,36,0,88,44,0,80,52,132
Lilburn,NWCobb,123,20,0,80,39,7,203,59,7,143,126,269
Lilburn,NECobb,270,41,0,75,120,0,345,161,0,311,195,506
Lilburn,SWCobb,22,7,0,15,12,0,37,19,0,29,27,56
Lilburn,Marietta,153,29,2,67,90,8,220,119,10,184,165,349
Lilburn,Cumberland,603,102,3,96,165,3,699,267,6,708,264,972
Lilburn,SCobb,134,23,0,45,60,0,179,83,0,157,105,262
Lilburn,Chamblee,2484,401,25,1152,3039,17,3636,3440,42,2910,4208,7118
Lilburn,NWDeKalb,1781,270,26,1121,4308,108,2902,4578,134,2077,5537,7614
Lilburn,NEDeKalb,7526,1284,91,9339,21911,77,16865,23195,168,8901,31327,40228
Lilburn,Atlanta-DeKalb,128,26,0,93,248,2,221,274,2,154,343,497
Lilburn,Decatur,245,36,7,186,460,11,431,496,18,288,657,945
Lilburn,SWDeKalb,761,108,13,522,1335,12,1283,1443,25,882,1869,2751
Lilburn,SEDeKalb,1691,348,5,2501,7364,9,4192,7712,14,2044,9874,11918
Lilburn,SDeKalb,661,145,3,427,1199,0,1088,1344,3,809,1626,2435
Lilburn,WDouglas,18,3,0,12,22,0,30,25,0,21,34,55
Lilburn,EDouglas,50,15,0,13,6,0,63,21,0,65,19,84
Lilburn,WFayette,19,2,0,7,27,0,26,29,0,21,34,55
Lilburn,EFayette,45,3,0,14,39,0,59,42,0,48,53,101
Lilburn,NGwinnett,1567,297,1,655,1610,2,2222,1907,3,1865,2267,4132
Lilburn,CentGwinnett,8174,1453,30,9293,24291,48,17467,25744,78,9657,33632,43289
Lilburn,EGwinnett,1212,201,0,700,2197,2,1912,2398,2,1413,2899,4312
Lilburn,Norcross,9397,1631,54,10886,28594,95,20283,30225,149,11082,39575,50657
Lilburn,Lilburn,17518,3118,29,40169,86809,90,57687,89927,119,20665,127068,147733
Lilburn,Snellville,5421,954,4,7829,21305,4,13250,22259,8,6379,29138,35517
Lilburn,NHenry,204,24,0,72,197,0,276,221,0,228,269,497
Lilburn,EHenry,137,23,0,29,73,0,166,96,0,160,102,262
Lilburn,SHenry,99,14,0,35,42,0,134,56,0,113,77,190
Lilburn,SRockdale,246,50,0,124,424,0,370,474,0,296,548,844
Lilburn,NRockdale,645,134,0,329,822,0,974,956,0,779,1151,1930
Lilburn,NBarrow,182,28,0,57,150,0,239,178,0,210,207,417
Lilburn,SBarrow,188,37,0,45,129,0,233,166,0,225,174,399
Lilburn,NWBartow,0,0,0,2,9,0,2,9,0,0,11,11
Lilburn,NEBartow,1,0,0,0,0,0,1,0,0,1,0,1
Lilburn,SWBartow,1,0,0,0,1,0,1,1,0,1,1,2
Lilburn,Cartersville,16,4,0,5,12,0,21,16,0,20,17,37
Lilburn,NECarroll,7,0,0,3,19,0,10,19,0,7,22,29
Lilburn,WCarroll,0,0,0,0,0,0,0,0,0,0,0,0
Lilburn,CentralCarroll,0,0,0,2,0,0,2,0,0,0,2,2
Lilburn,SECarroll,0,0,0,0,0,0,0,0,0,0,0,0
Lilburn,WCoweta,1,0,0,0,0,0,1,0,0,1,0,1
Lilburn,NCoweta,21,5,0,9,6,0,30,11,0,26,15,41
Lilburn,SCoweta,2,0,0,1,2,0,3,2,0,2,3,5
Lilburn,SECoweta,0,0,0,0,0,0,0,0,0,0,0,0
Lilburn,NForsyth,68,5,0,16,69,0,84,74,0,73,85,158
Lilburn,Cumming,151,24,0,59,175,0,210,199,0,175,234,409
Lilburn,SForsyth,263,52,0,117,285,0,380,337,0,315,402,717
Lilburn,NHall,18,8,0,13,29,0,31,37,0,26,42,68
Lilburn,Gainesville,116,20,0,33,79,0,149,99,0,136,112,248
Lilburn,SHall,233,38,0,78,159,0,311,197,0,271,237,508
Lilburn,WNewton,426,60,0,101,272,0,527,332,0,486,373,859
Lilburn,ENewton,50,5,0,18,50,0,68,55,0,55,68,123
Lilburn,NPaulding,11,1,0,0,6,0,11,7,0,12,6,18
Lilburn,WPaulding,4,0,0,1,0,0,5,0,0,4,1,5
Lilburn,EPaulding,25,3,0,11,18,0,36,21,0,28,29,57
Lilburn,NSpalding,15,0,0,4,7,0,19,7,0,15,11,26
Lilburn,SSpalding,6,0,0,2,0,0,8,0,0,6,2,8
Lilburn,WWalton,598,110,0,270,841,0,868,951,0,708,1111,1819
Lilburn,EWalton,211,55,0,61,119,0,272,174,0,266,180,446
Snellville,NFulton,954,151,0,247,452,3,1201,603,3,1105,702,1807
Snellville,Roswell,350,51,1,69,172,0,419,223,1,402,241,643
Snellville,SandySprings,1143,176,11,174,302,20,1317,478,31,1330,496,1826
Snellville,Buckhead,895,152,24,166,364,10,1061,516,34,1071,540,1611
Snellville,NWAtlanta,300,50,3,50,93,3,350,143,6,353,146,499
Snellville,NEAtlanta,984,162,44,350,619,62,1334,781,106,1190,1031,2221
Snellville,SWAtlanta,207,37,3,79,103,11,286,140,14,247,193,440
Snellville,CBDAtlanta,1009,159,289,235,426,92,1244,585,381,1457,753,2210
Snellville,SEAtlanta,285,64,2,77,116,6,362,180,8,351,199,550
Snellville,SFulton,53,7,0,12,25,0,65,32,0,60,37,97
Snellville,Tri-Cities,320,67,3,24,35,1,344,102,4,390,60,450
Snellville,Shannon,89,11,0,14,13,0,103,24,0,100,27,127
Snellville,WCherokee,4,0,0,1,28,0,5,28,0,4,29,33
Snellville,NCherokee,4,0,0,3,33,0,7,33,0,4,36,40
Snellville,ECentCherokee,61,10,0,20,15,0,81,25,0,71,35,106
Snellville,Woodstock,46,4,0,12,32,0,58,36,0,50,44,94
Snellville,Airport,210,36,25,15,38,0,225,74,25,271,53,324
Snellville,NEClayton,304,48,0,62,77,2,366,125,2,352,141,493
Snellville,Riverdale,50,9,0,16,92,0,66,101,0,59,108,167
Snellville,SClayton,74,13,0,23,45,0,97,58,0,87,68,155
Snellville,NWCobb,72,11,0,58,34,5,130,45,5,83,97,180
Snellville,NECobb,223,34,0,52,113,0,275,147,0,257,165,422
Snellville,SWCobb,23,2,0,15,32,0,38,34,0,25,47,72
Snellville,Marietta,125,35,0,63,44,6,188,79,6,160,113,273
Snellville,Cumberland,543,109,0,76,139,4,619,248,4,652,219,871
Snellville,SCobb,102,13,1,21,60,0,123,73,1,116,81,197
Snellville,Chamblee,1625,264,13,344,724,16,1969,988,29,1902,1084,2986
Snellville,NWDeKalb,1482,270,6,688,3800,68,2170,4070,74,1758,4556,6314
Snellville,NEDeKalb,4064,767,17,2389,7532,65,6453,8299,82,4848,9986,14834
Snellville,Atlanta-DeKalb,147,20,5,65,135,2,212,155,7,172,202,374
Snellville,Decatur,225,35,3,160,456,37,385,491,40,263,653,916
Snellville,SWDeKalb,685,116,6,307,1067,9,992,1183,15,807,1383,2190
Snellville,SEDeKalb,2239,423,5,2613,7708,15,4852,8131,20,2667,10336,13003
Snellville,SDeKalb,966,158,7,543,1690,8,1509,1848,15,1131,2241,3372
Snellville,WDouglas,16,3,0,8,48,0,24,51,0,19,56,75
Snellville,EDouglas,43,16,0,7,22,0,50,38,0,59,29,88
Snellville,WFayette,18,2,0,9,8,0,27,10,0,20,17,37
Snellville,EFayette,48,7,0,14,33,0,62,40,0,55,47,102
Snellville,NGwinnett,2786,520,0,1353,3726,0,4139,4246,0,3306,5079,8385
Snellville,CentGwinnett,11495,2181,18,12647,34222,26,24142,36403,44,13694,46895,60589
Snellville,EGwinnett,5369,1025,0,7994,22337,0,13363,23362,0,6394,30331,36725
Snellville,Norcross,3611,720,7,1282,3939,5,4893,4659,12,4338,5226,9564
Snellville,Lilburn,4857,902,4,7771,21358,4,12628,22260,8,5763,29133,34896
Snellville,Snellville,31736,5957,0,76297,176889,4,108033,182846,4,37693,253190,290883
Snellville,NHenry,245,46,0,74,231,0,319,277,0,291,305,596
Snellville,EHenry,176,31,0,64,265,0,240,296,0,207,329,536
Snellville,SHenry,203,37,0,59,116,0,262,153,0,240,175,415
Snellville,SRockdale,523,98,0,309,917,0,832,1015,0,621,1226,1847
Snellville,NRockdale,2544,471,0,1606,4209,0,4150,4680,0,3015,5815,8830
Snellville,NBarrow,516,90,0,117,357,0,633,447,0,606,474,1080
Snellville,SBarrow,632,123,0,196,694,0,828,817,0,755,890,1645
Snellville,NWBartow,0,0,0,0,0,0,0,0,0,0,0,0
Snellville,NEBartow,0,0,0,1,0,0,1,0,0,0,1,1
Snellville,SWBartow,0,0,0,1,0,0,1,0,0,0,1,1
Snellville,Cartersville,3,0,0,4,4,0,7,4,0,3,8,11
Snellville,NECarroll,2,0,0,4,3,0,6,3,0,2,7,9
Snellville,WCarroll,0,0,0,0,0,0,0,0,0,0,0,0
Snellville,CentralCarroll,1,1,0,0,0,0,1,1,0,2,0,2
Snellville,SECarroll,0,0,0,0,0,0,0,0,0,0,0,0
Snellville,WCoweta,1,0,0,1,2,0,2,2,0,1,3,4
Snellville,NCoweta,15,3,0,6,39,0,21,42,0,18,45,63
Snellville,SCoweta,1,0,0,0,0,0,1,0,0,1,0,1
Snellville,SECoweta,0,0,0,1,10,0,1,10,0,0,11,11
Snellville,NForsyth,52,6,0,19,56,0,71,62,0,58,75,133
Snellville,Cumming,200,31,0,58,119,0,258,150,0,231,177,408
Snellville,SForsyth,329,58,0,84,167,0,413,225,0,387,251,638
Snellville,NHall,25,10,0,15,20,0,40,30,0,35,35,70
Snellville,Gainesville,191,27,0,40,81,0,231,108,0,218,121,339
Snellville,SHall,315,58,0,114,135,0,429,193,0,373,249,622
Snellville,WNewton,1216,234,0,437,1199,2,1653,1433,2,1450,1638,3088
Snellville,ENewton,135,20,0,52,114,0,187,134,0,155,166,321
Snellville,NPaulding,6,0,0,1,0,0,7,0,0,6,1,7
Snellville,WPaulding,0,0,0,0,1,0,0,1,0,0,1,1
Snellville,EPaulding,16,2,0,9,14,0,25,16,0,18,23,41
Snellville,NSpalding,22,6,0,4,34,0,26,40,0,28,38,66
Snellville,SSpalding,4,1,0,8,5,0,12,6,0,5,13,18
Snellville,WWalton,3356,626,0,4171,11518,0,7527,12144,0,3982,15689,19671
Snellville,EWalton,949,176,0,370,997,0,1319,1173,0,1125,1367,2492
NHenry,NFulton,123,11,0,29,39,0,152,50,0,134,68,202
NHenry,Roswell,89,11,0,26,32,0,115,43,0,100,58,158
NHenry,SandySprings,528,73,31,66,79,1,594,152,32,632,146,778
NHenry,Buckhead,666,157,36,98,362,5,764,519,41,859,465,1324
NHenry,NWAtlanta,330,57,7,70,254,1,400,311,8,394,325,719
NHenry,NEAtlanta,1138,215,70,285,723,15,1423,938,85,1423,1023,2446
NHenry,SWAtlanta,385,71,3,124,372,3,509,443,6,459,499,958
NHenry,CBDAtlanta,1332,270,283,297,922,50,1629,1192,333,1885,1269,3154
NHenry,SEAtlanta,935,174,8,394,1077,6,1329,1251,14,1117,1477,2594
NHenry,SFulton,169,29,0,48,122,0,217,151,0,198,170,368
NHenry,Tri-Cities,1464,268,12,265,705,3,1729,973,15,1744,973,2717
NHenry,Shannon,443,80,0,144,318,0,587,398,0,523,462,985
NHenry,WCherokee,0,0,0,1,9,0,1,9,0,0,10,10
NHenry,NCherokee,0,0,0,0,0,0,0,0,0,0,0,0
NHenry,ECentCherokee,6,0,0,6,11,0,12,11,0,6,17,23
NHenry,Woodstock,22,7,0,11,39,0,33,46,0,29,50,79
NHenry,Airport,1074,182,32,222,514,1,1296,696,33,1288,737,2025
NHenry,NEClayton,5517,1019,33,6413,17578,92,11930,18597,125,6569,24083,30652
NHenry,Riverdale,974,200,1,800,2579,1,1774,2779,2,1175,3380,4555
NHenry,SClayton,4017,749,10,6034,14533,12,10051,15282,22,4776,20579,25355
NHenry,NWCobb,45,13,2,33,77,0,78,90,2,60,110,170
NHenry,NECobb,94,20,0,24,32,0,118,52,0,114,56,170
NHenry,SWCobb,42,6,0,14,28,0,56,34,0,48,42,90
NHenry,Marietta,100,29,1,24,80,1,124,109,2,130,105,235
NHenry,Cumberland,415,126,5,41,151,3,456,277,8,546,195,741
NHenry,SCobb,173,37,0,33,69,0,206,106,0,210,102,312
NHenry,Chamblee,632,125,14,97,248,1,729,373,15,771,346,1117
NHenry,NWDeKalb,834,130,10,325,897,13,1159,1027,23,974,1235,2209
NHenry,NEDeKalb,943,143,1,310,682,2,1253,825,3,1087,994,2081
NHenry,Atlanta-DeKalb,175,38,2,106,352,3,281,390,5,215,461,676
NHenry,Decatur,219,46,7,120,261,5,339,307,12,272,386,658
NHenry,SWDeKalb,802,164,4,559,1957,10,1361,2121,14,970,2526,3496
NHenry,SEDeKalb,903,154,4,674,1917,2,1577,2071,6,1061,2593,3654
NHenry,SDeKalb,2623,517,8,3446,10934,25,6069,11451,33,3148,14405,17553
NHenry,WDouglas,44,9,0,13,33,0,57,42,0,53,46,99
NHenry,EDouglas,96,16,0,23,38,0,119,54,0,112,61,173
NHenry,WFayette,342,67,0,93,179,0,435,246,0,409,272,681
NHenry,EFayette,771,158,0,300,889,0,1071,1047,0,929,1189,2118
NHenry,NGwinnett,55,5,0,25,86,0,80,91,0,60,111,171
NHenry,CentGwinnett,210,46,0,61,102,0,271,148,0,256,163,419
NHenry,EGwinnett,55,7,0,14,28,0,69,35,0,62,42,104
NHenry,Norcross,425,72,1,61,168,0,486,240,1,498,229,727
NHenry,Lilburn,199,30,0,64,198,0,263,228,0,229,262,491
NHenry,Snellville,233,59,0,81,214,0,314,273,0,292,295,587
NHenry,NHenry,17517,3314,4,42481,93058,5,59998,96372,9,20835,135544,156379
NHenry,EHenry,3384,649,0,4131,10669,1,7515,11318,1,4033,14801,18834
NHenry,SHenry,5804,1118,1,6152,15854,0,11956,16972,1,6923,22006,28929
NHenry,SRockdale,953,208,0,966,2425,0,1919,2633,0,1161,3391,4552
NHenry,NRockdale,822,155,0,361,945,0,1183,1100,0,977,1306,2283
NHenry,NBarrow,7,4,0,2,2,0,9,6,0,11,4,15
NHenry,SBarrow,11,4,0,9,16,0,20,20,0,15,25,40
NHenry,NWBartow,0,0,0,1,0,0,1,0,0,0,1,1
NHenry,NEBartow,0,0,0,0,16,0,0,16,0,0,16,16
NHenry,SWBartow,1,0,0,0,0,0,1,0,0,1,0,1
NHenry,Cartersville,2,1,0,2,3,0,4,4,0,3,5,8
NHenry,NECarroll,2,1,0,3,6,0,5,7,0,3,9,12
NHenry,WCarroll,0,0,0,0,0,0,0,0,0,0,0,0
NHenry,CentralCarroll,4,0,0,4,1,0,8,1,0,4,5,9
NHenry,SECarroll,0,0,0,1,0,0,1,0,0,0,1,1
NHenry,WCoweta,21,2,0,4,6,0,25,8,0,23,10,33
NHenry,NCoweta,148,39,0,53,112,0,201,151,0,187,165,352
NHenry,SCoweta,11,0,0,4,21,0,15,21,0,11,25,36
NHenry,SECoweta,61,14,0,29,54,0,90,68,0,75,83,158
NHenry,NForsyth,1,0,0,0,1,0,1,1,0,1,1,2
NHenry,Cumming,8,1,0,6,15,0,14,16,0,9,21,30
NHenry,SForsyth,27,5,0,4,12,0,31,17,0,32,16,48
NHenry,NHall,0,0,0,0,16,0,0,16,0,0,16,16
NHenry,Gainesville,3,0,0,3,0,0,6,0,0,3,3,6
NHenry,SHall,4,1,0,1,5,0,5,6,0,5,6,11
NHenry,WNewton,1099,186,0,385,1073,0,1484,1259,0,1285,1458,2743
NHenry,ENewton,48,11,0,27,77,0,75,88,0,59,104,163
NHenry,NPaulding,4,2,0,1,1,0,5,3,0,6,2,8
NHenry,WPaulding,0,0,0,1,2,0,1,2,0,0,3,3
NHenry,EPaulding,23,4,0,12,10,0,35,14,0,27,22,49
NHenry,NSpalding,385,71,0,134,331,0,519,402,0,456,465,921
NHenry,SSpalding,222,28,0,36,117,0,258,145,0,250,153,403
NHenry,WWalton,110,15,0,38,82,0,148,97,0,125,120,245
NHenry,EWalton,58,6,0,21,34,0,79,40,0,64,55,119
EHenry,NFulton,54,9,0,15,23,0,69,32,0,63,38,101
EHenry,Roswell,41,4,0,9,7,0,50,11,0,45,16,61
EHenry,SandySprings,239,38,3,32,60,0,271,98,3,280,92,372
EHenry,Buckhead,254,72,4,51,126,1,305,198,5,330,178,508
EHenry,NWAtlanta,169,41,0,21,61,0,190,102,0,210,82,292
EHenry,NEAtlanta,417,68,15,108,203,9,525,271,24,500,320,820
EHenry,SWAtlanta,184,24,0,60,110,1,244,134,1,208,171,379
EHenry,CBDAtlanta,410,98,62,87,238,10,497,336,72,570,335,905
EHenry,SEAtlanta,364,71,0,94,198,3,458,269,3,435,295,730
EHenry,SFulton,76,7,0,15,36,1,91,43,1,83,52,135
EHenry,Tri-Cities,651,115,0,71,213,1,722,328,1,766,285,1051
EHenry,Shannon,205,46,0,41,130,0,246,176,0,251,171,422
EHenry,WCherokee,0,0,0,0,0,0,0,0,0,0,0,0
EHenry,NCherokee,0,0,0,0,0,0,0,0,0,0,0,0
EHenry,ECentCherokee,0,0,0,0,2,0,0,2,0,0,2,2
EHenry,Woodstock,6,2,0,1,5,0,7,7,0,8,6,14
EHenry,Airport,453,57,10,47,71,3,500,128,13,520,121,641
EHenry,NEClayton,1523,291,3,534,1478,7,2057,1769,10,1817,2019,3836
EHenry,Riverdale,333,68,0,114,389,0,447,457,0,401,503,904
EHenry,SClayton,1060,189,0,531,1483,0,1591,1672,0,1249,2014,3263
EHenry,NWCobb,15,3,0,6,10,1,21,13,1,18,17,35
EHenry,NECobb,56,6,0,13,17,0,69,23,0,62,30,92
EHenry,SWCobb,11,0,0,4,4,0,15,4,0,11,8,19
EHenry,Marietta,41,17,0,7,23,1,48,40,1,58,31,89
EHenry,Cumberland,206,60,0,27,69,0,233,129,0,266,96,362
EHenry,SCobb,67,23,0,15,21,0,82,44,0,90,36,126
EHenry,Chamblee,345,58,4,61,123,1,406,181,5,407,185,592
EHenry,NWDeKalb,387,67,4,115,307,1,502,374,5,458,423,881
EHenry,NEDeKalb,538,88,0,141,323,3,679,411,3,626,467,1093
EHenry,Atlanta-DeKalb,63,11,0,19,54,0,82,65,0,74,73,147
EHenry,Decatur,79,22,2,40,97,0,119,119,2,103,137,240
EHenry,SWDeKalb,347,59,0,141,301,1,488,360,1,406,443,849
EHenry,SEDeKalb,497,80,1,232,673,1,729,753,2,578,906,1484
EHenry,SDeKalb,913,177,0,616,1680,2,1529,1857,2,1090,2298,3388
EHenry,WDouglas,10,4,0,7,17,0,17,21,0,14,24,38
EHenry,EDouglas,51,14,0,11,21,0,62,35,0,65,32,97
EHenry,WFayette,229,44,0,47,77,0,276,121,0,273,124,397
EHenry,EFayette,405,75,0,84,195,0,489,270,0,480,279,759
EHenry,NGwinnett,40,4,0,13,36,0,53,40,0,44,49,93
EHenry,CentGwinnett,175,31,0,42,123,0,217,154,0,206,165,371
EHenry,EGwinnett,34,5,0,11,15,0,45,20,0,39,26,65
EHenry,Norcross,259,34,0,38,138,0,297,172,0,293,176,469
EHenry,Lilburn,136,22,0,39,83,0,175,105,0,158,122,280
EHenry,Snellville,188,22,0,65,202,0,253,224,0,210,267,477
EHenry,NHenry,3224,573,0,4099,10560,1,7323,11133,1,3797,14660,18457
EHenry,EHenry,7549,1372,0,17599,42978,0,25148,44350,0,8921,60577,69498
EHenry,SHenry,7388,1396,0,9800,26096,0,17188,27492,0,8784,35896,44680
EHenry,SRockdale,886,149,0,1029,2879,1,1915,3028,1,1035,3909,4944
EHenry,NRockdale,1381,225,0,619,1555,0,2000,1780,0,1606,2174,3780
EHenry,NBarrow,9,3,0,0,1,0,9,4,0,12,1,13
EHenry,SBarrow,9,0,0,2,14,0,11,14,0,9,16,25
EHenry,NWBartow,0,0,0,0,0,0,0,0,0,0,0,0
EHenry,NEBartow,0,0,0,0,0,0,0,0,0,0,0,0
EHenry,SWBartow,0,0,0,0,0,0,0,0,0,0,0,0
EHenry,Cartersville,0,0,0,0,0,0,0,0,0,0,0,0
EHenry,NECarroll,1,0,0,0,0,0,1,0,0,1,0,1
EHenry,WCarroll,0,0,0,0,0,0,0,0,0,0,0,0
EHenry,CentralCarroll,2,0,0,1,1,0,3,1,0,2,2,4
EHenry,SECarroll,0,0,0,0,0,0,0,0,0,0,0,0
EHenry,WCoweta,1,1,0,3,0,0,4,1,0,2,3,5
EHenry,NCoweta,43,2,0,16,30,0,59,32,0,45,46,91
EHenry,SCoweta,4,1,0,1,7,0,5,8,0,5,8,13
EHenry,SECoweta,11,3,0,4,39,0,15,42,0,14,43,57
EHenry,NForsyth,1,0,0,0,0,0,1,0,0,1,0,1
EHenry,Cumming,2,1,0,2,1,0,4,2,0,3,3,6
EHenry,SForsyth,9,2,0,3,0,0,12,2,0,11,3,14
EHenry,NHall,0,0,0,0,0,0,0,0,0,0,0,0
EHenry,Gainesville,1,0,0,2,0,0,3,0,0,1,2,3
EHenry,SHall,2,0,0,2,0,0,4,0,0,2,2,4
EHenry,WNewton,1988,368,0,1704,5344,0,3692,5712,0,2356,7048,9404
EHenry,ENewton,101,19,0,70,92,0,171,111,0,120,162,282
EHenry,NPaulding,1,0,0,0,0,0,1,0,0,1,0,1
EHenry,WPaulding,1,0,0,0,0,0,1,0,0,1,0,1
EHenry,EPaulding,6,1,0,1,4,0,7,5,0,7,5,12
EHenry,NSpalding,469,89,0,174,347,0,643,436,0,558,521,1079
EHenry,SSpalding,274,54,0,57,171,0,331,225,0,328,228,556
EHenry,WWalton,71,13,0,33,73,0,104,86,0,84,106,190
EHenry,EWalton,106,30,0,29,36,0,135,66,0,136,65,201
SHenry,NFulton,76,14,0,16,20,0,92,34,0,90,36,126
SHenry,Roswell,55,7,0,18,23,0,73,30,0,62,41,103
SHenry,SandySprings,285,64,13,47,81,3,332,145,16,362,131,493
SHenry,Buckhead,489,123,21,93,273,2,582,396,23,633,368,1001
SHenry,NWAtlanta,353,60,3,36,110,2,389,170,5,416,148,564
SHenry,NEAtlanta,906,198,34,191,415,13,1097,613,47,1138,619,1757
SHenry,SWAtlanta,311,57,1,127,175,4,438,232,5,369,306,675
SHenry,CBDAtlanta,1017,206,160,171,500,25,1188,706,185,1383,696,2079
SHenry,SEAtlanta,794,149,0,160,440,4,954,589,4,943,604,1547
SHenry,SFulton,187,28,0,44,104,0,231,132,0,215,148,363
SHenry,Tri-Cities,1379,241,4,161,340,0,1540,581,4,1624,501,2125
SHenry,Shannon,546,114,0,119,264,0,665,378,0,660,383,1043
SHenry,WCherokee,0,0,0,1,0,0,1,0,0,0,1,1
SHenry,NCherokee,0,0,0,0,0,0,0,0,0,0,0,0
SHenry,ECentCherokee,4,0,0,1,9,0,5,9,0,4,10,14
SHenry,Woodstock,9,0,0,1,10,0,10,10,0,9,11,20
SHenry,Airport,1096,170,19,89,211,0,1185,381,19,1285,300,1585
SHenry,NEClayton,3420,622,11,1205,2658,39,4625,3280,50,4053,3902,7955
SHenry,Riverdale,959,204,1,427,1197,2,1386,1401,3,1164,1626,2790
SHenry,SClayton,4478,883,7,3625,9845,17,8103,10728,24,5368,13487,18855
SHenry,NWCobb,40,11,0,18,27,0,58,38,0,51,45,96
SHenry,NECobb,74,23,0,19,47,0,93,70,0,97,66,163
SHenry,SWCobb,24,4,0,8,43,0,32,47,0,28,51,79
SHenry,Marietta,86,22,0,16,97,0,102,119,0,108,113,221
SHenry,Cumberland,395,97,0,43,173,0,438,270,0,492,216,708
SHenry,SCobb,171,36,0,26,62,0,197,98,0,207,88,295
SHenry,Chamblee,412,73,9,81,150,2,493,223,11,494,233,727
SHenry,NWDeKalb,583,107,2,144,398,4,727,505,6,692,546,1238
SHenry,NEDeKalb,569,82,1,123,315,2,692,397,3,652,440,1092
SHenry,Atlanta-DeKalb,109,19,1,37,86,0,146,105,1,129,123,252
SHenry,Decatur,115,17,1,38,71,4,153,88,5,133,113,246
SHenry,SWDeKalb,455,73,2,116,269,0,571,342,2,530,385,915
SHenry,SEDeKalb,388,76,0,134,332,0,522,408,0,464,466,930
SHenry,SDeKalb,1145,220,0,348,993,4,1493,1213,4,1365,1345,2710
SHenry,WDouglas,31,8,0,6,14,0,37,22,0,39,20,59
SHenry,EDouglas,90,14,0,26,90,0,116,104,0,104,116,220
SHenry,WFayette,959,170,0,230,543,0,1189,713,0,1129,773,1902
SHenry,EFayette,2119,373,0,822,2048,0,2941,2421,0,2492,2870,5362
SHenry,NGwinnett,21,4,0,16,16,0,37,20,0,25,32,57
SHenry,CentGwinnett,106,14,0,49,58,0,155,72,0,120,107,227
SHenry,EGwinnett,43,4,0,12,33,0,55,37,0,47,45,92
SHenry,Norcross,274,32,0,49,50,0,323,82,0,306,99,405
SHenry,Lilburn,109,15,0,32,51,0,141,66,0,124,83,207
SHenry,Snellville,195,27,0,44,100,0,239,127,0,222,144,366
SHenry,NHenry,5581,1069,1,6142,15672,0,11723,16741,1,6651,21814,28465
SHenry,EHenry,7781,1493,0,9943,26222,0,17724,27715,0,9274,36165,45439
SHenry,SHenry,50175,9150,0,86838,191205,0,137013,200355,0,59325,278043,337368
SHenry,SRockdale,829,179,0,412,1102,0,1241,1281,0,1008,1514,2522
SHenry,NRockdale,806,152,0,189,479,0,995,631,0,958,668,1626
SHenry,NBarrow,8,1,0,4,3,0,12,4,0,9,7,16
SHenry,SBarrow,15,0,0,2,4,0,17,4,0,15,6,21
SHenry,NWBartow,0,0,0,0,0,0,0,0,0,0,0,0
SHenry,NEBartow,0,0,0,0,0,0,0,0,0,0,0,0
SHenry,SWBartow,1,0,0,0,0,0,1,0,0,1,0,1
SHenry,Cartersville,0,0,0,0,0,0,0,0,0,0,0,0
SHenry,NECarroll,3,0,0,4,10,0,7,10,0,3,14,17
SHenry,WCarroll,0,0,0,1,0,0,1,0,0,0,1,1
SHenry,CentralCarroll,8,0,0,9,4,0,17,4,0,8,13,21
SHenry,SECarroll,1,0,0,2,1,0,3,1,0,1,3,4
SHenry,WCoweta,28,0,0,14,32,0,42,32,0,28,46,74
SHenry,NCoweta,290,59,0,87,142,0,377,201,0,349,229,578
SHenry,SCoweta,29,6,0,12,30,0,41,36,0,35,42,77
SHenry,SECoweta,222,35,0,65,74,0,287,109,0,257,139,396
SHenry,NForsyth,0,0,0,0,0,0,0,0,0,0,0,0
SHenry,Cumming,1,0,0,3,1,0,4,1,0,1,4,5
SHenry,SForsyth,13,0,0,3,3,0,16,3,0,13,6,19
SHenry,NHall,0,0,0,0,0,0,0,0,0,0,0,0
SHenry,Gainesville,0,0,0,0,1,0,0,1,0,0,1,1
SHenry,SHall,2,0,0,0,0,0,2,0,0,2,0,2
SHenry,WNewton,2182,439,0,780,1998,0,2962,2437,0,2621,2778,5399
SHenry,ENewton,146,27,0,56,133,0,202,160,0,173,189,362
SHenry,NPaulding,1,0,0,1,0,0,2,0,0,1,1,2
SHenry,WPaulding,0,0,0,1,0,0,1,0,0,0,1,1
SHenry,EPaulding,10,2,0,9,14,0,19,16,0,12,23,35
SHenry,NSpalding,3926,747,0,2856,7408,0,6782,8155,0,4673,10264,14937
SHenry,SSpalding,1933,363,0,685,1623,0,2618,1986,0,2296,2308,4604
SHenry,WWalton,113,21,0,32,48,0,145,69,0,134,80,214
SHenry,EWalton,86,18,0,37,41,0,123,59,0,104,78,182
SRockdale,NFulton,83,19,1,12,11,0,95,30,1,103,23,126
SRockdale,Roswell,47,4,0,9,11,0,56,15,0,51,20,71
SRockdale,SandySprings,366,62,6,28,63,3,394,125,9,434,94,528
SRockdale,Buckhead,383,73,24,54,196,3,437,269,27,480,253,733
SRockdale,NWAtlanta,176,41,1,22,59,2,198,100,3,218,83,301
SRockdale,NEAtlanta,579,117,28,130,301,14,709,418,42,724,445,1169
SRockdale,SWAtlanta,163,34,0,38,116,5,201,150,5,197,159,356
SRockdale,CBDAtlanta,635,134,91,131,261,25,766,395,116,860,417,1277
SRockdale,SEAtlanta,267,50,2,64,210,1,331,260,3,319,275,594
SRockdale,SFulton,33,6,0,6,27,0,39,33,0,39,33,72
SRockdale,Tri-Cities,277,73,2,39,55,0,316,128,2,352,94,446
SRockdale,Shannon,64,8,0,16,25,0,80,33,0,72,41,113
SRockdale,WCherokee,0,0,0,0,0,0,0,0,0,0,0,0
SRockdale,NCherokee,0,0,0,0,0,0,0,0,0,0,0,0
SRockdale,ECentCherokee,1,0,0,0,5,0,1,5,0,1,5,6
SRockdale,Woodstock,5,0,0,5,2,0,10,2,0,5,7,12
SRockdale,Airport,288,44,20,18,60,0,306,104,20,352,78,430
SRockdale,NEClayton,562,107,1,195,415,1,757,522,2,670,611,1281
SRockdale,Riverdale,87,15,0,31,74,0,118,89,0,102,105,207
SRockdale,SClayton,239,43,1,101,264,0,340,307,1,283,365,648
SRockdale,NWCobb,18,8,0,13,16,2,31,24,2,26,31,57
SRockdale,NECobb,48,18,0,12,28,0,60,46,0,66,40,106
SRockdale,SWCobb,11,5,0,2,2,0,13,7,0,16,4,20
SRockdale,Marietta,46,14,1,9,39,2,55,53,3,61,50,111
SRockdale,Cumberland,237,72,2,27,99,1,264,171,3,311,127,438
SRockdale,SCobb,54,23,0,22,60,1,76,83,1,77,83,160
SRockdale,Chamblee,543,93,4,67,121,1,610,214,5,640,189,829
SRockdale,NWDeKalb,526,89,3,135,351,11,661,440,14,618,497,1115
SRockdale,NEDeKalb,750,126,2,227,615,9,977,741,11,878,851,1729
SRockdale,Atlanta-DeKalb,83,22,1,39,123,0,122,145,1,106,162,268
SRockdale,Decatur,137,23,2,45,131,6,182,154,8,162,182,344
SRockdale,SWDeKalb,470,93,3,236,664,1,706,757,4,566,901,1467
SRockdale,SEDeKalb,1342,235,7,1394,3370,12,2736,3605,19,1584,4776,6360
SRockdale,SDeKalb,1442,280,5,2073,6117,9,3515,6397,14,1727,8199,9926
SRockdale,WDouglas,15,1,0,2,10,0,17,11,0,16,12,28
SRockdale,EDouglas,43,7,0,11,22,0,54,29,0,50,33,83
SRockdale,WFayette,45,9,0,19,14,0,64,23,0,54,33,87
SRockdale,EFayette,86,20,0,16,23,0,102,43,0,106,39,145
SRockdale,NGwinnett,113,9,0,25,36,0,138,45,0,122,61,183
SRockdale,CentGwinnett,300,54,0,100,262,0,400,316,0,354,362,716
SRockdale,EGwinnett,97,13,0,37,72,0,134,85,0,110,109,219
SRockdale,Norcross,344,44,0,51,125,0,395,169,0,388,176,564
SRockdale,Lilburn,254,45,0,118,418,0,372,463,0,299,536,835
SRockdale,Snellville,505,79,0,321,932,0,826,1011,0,584,1253,1837
SRockdale,NHenry,927,208,0,916,2511,0,1843,2719,0,1135,3427,4562
SRockdale,EHenry,909,166,0,1022,2887,1,1931,3053,1,1075,3910,4985
SRockdale,SHenry,823,161,0,424,1091,0,1247,1252,0,984,1515,2499
SRockdale,SRockdale,3902,812,0,11249,28108,0,15151,28920,0,4714,39357,44071
SRockdale,NRockdale,4423,923,0,7399,18621,0,11822,19544,0,5346,26020,31366
SRockdale,NBarrow,23,5,0,11,12,0,34,17,0,28,23,51
SRockdale,SBarrow,24,6,0,12,13,0,36,19,0,30,25,55
SRockdale,NWBartow,0,0,0,1,0,0,1,0,0,0,1,1
SRockdale,NEBartow,0,0,0,0,0,0,0,0,0,0,0,0
SRockdale,SWBartow,0,0,0,0,0,0,0,0,0,0,0,0
SRockdale,Cartersville,0,0,0,1,0,0,1,0,0,0,1,1
SRockdale,NECarroll,1,0,0,1,0,0,2,0,0,1,1,2
SRockdale,WCarroll,0,0,0,0,0,0,0,0,0,0,0,0
SRockdale,CentralCarroll,0,0,0,1,0,0,1,0,0,0,1,1
SRockdale,SECarroll,0,0,0,0,0,0,0,0,0,0,0,0
SRockdale,WCoweta,1,0,0,0,4,0,1,4,0,1,4,5
SRockdale,NCoweta,10,2,0,4,3,0,14,5,0,12,7,19
SRockdale,SCoweta,0,0,0,0,0,0,0,0,0,0,0,0
SRockdale,SECoweta,0,2,0,0,0,0,0,2,0,2,0,2
SRockdale,NForsyth,1,0,0,1,0,0,2,0,0,1,1,2
SRockdale,Cumming,5,1,0,2,2,0,7,3,0,6,4,10
SRockdale,SForsyth,19,1,0,3,11,0,22,12,0,20,14,34
SRockdale,NHall,0,0,0,0,1,0,0,1,0,0,1,1
SRockdale,Gainesville,11,2,0,3,2,0,14,4,0,13,5,18
SRockdale,SHall,8,0,0,5,6,0,13,6,0,8,11,19
SRockdale,WNewton,2300,459,2,2751,8159,0,5051,8618,2,2761,10910,13671
SRockdale,ENewton,113,21,0,65,183,0,178,204,0,134,248,382
SRockdale,NPaulding,0,0,0,0,0,0,0,0,0,0,0,0
SRockdale,WPaulding,1,0,0,0,1,0,1,1,0,1,1,2
SRockdale,EPaulding,5,3,0,6,16,0,11,19,0,8,22,30
SRockdale,NSpalding,71,19,0,27,21,0,98,40,0,90,48,138
SRockdale,SSpalding,42,8,0,13,9,0,55,17,0,50,22,72
SRockdale,WWalton,259,50,0,96,282,0,355,332,0,309,378,687
SRockdale,EWalton,158,33,0,39,133,0,197,166,0,191,172,363
NRockdale,NFulton,113,14,0,33,24,1,146,38,1,127,58,185
NRockdale,Roswell,62,9,0,17,9,0,79,18,0,71,26,97
NRockdale,SandySprings,355,64,15,38,46,1,393,110,16,434,85,519
NRockdale,Buckhead,324,99,22,47,137,3,371,236,25,445,187,632
NRockdale,NWAtlanta,163,53,1,40,40,1,203,93,2,217,81,298
NRockdale,NEAtlanta,505,119,29,124,235,18,629,354,47,653,377,1030
NRockdale,SWAtlanta,136,35,4,56,87,4,192,122,8,175,147,322
NRockdale,CBDAtlanta,605,117,106,101,208,25,706,325,131,828,334,1162
NRockdale,SEAtlanta,262,70,2,71,114,2,333,184,4,334,187,521
NRockdale,SFulton,44,9,0,11,11,0,55,20,0,53,22,75
NRockdale,Tri-Cities,245,47,10,30,52,1,275,99,11,302,83,385
NRockdale,Shannon,80,12,1,16,19,2,96,31,3,93,37,130
NRockdale,WCherokee,0,0,0,1,0,0,1,0,0,0,1,1
NRockdale,NCherokee,1,0,0,0,16,0,1,16,0,1,16,17
NRockdale,ECentCherokee,3,0,0,1,6,0,4,6,0,3,7,10
NRockdale,Woodstock,6,1,0,4,4,0,10,5,0,7,8,15
NRockdale,Airport,227,32,29,12,24,0,239,56,29,288,36,324
NRockdale,NEClayton,387,61,2,94,170,1,481,231,3,450,265,715
NRockdale,Riverdale,74,16,0,19,75,0,93,91,0,90,94,184
NRockdale,SClayton,206,37,2,44,172,0,250,209,2,245,216,461
NRockdale,NWCobb,24,5,0,18,53,1,42,58,1,29,72,101
NRockdale,NECobb,75,11,0,9,24,0,84,35,0,86,33,119
NRockdale,SWCobb,20,3,0,9,7,0,29,10,0,23,16,39
NRockdale,Marietta,42,19,1,9,15,2,51,34,3,62,26,88
NRockdale,Cumberland,212,53,3,34,53,1,246,106,4,268,88,356
NRockdale,SCobb,87,24,0,24,35,1,111,59,1,111,60,171
NRockdale,Chamblee,522,75,6,69,77,2,591,152,8,603,148,751
NRockdale,NWDeKalb,515,99,2,122,358,15,637,457,17,616,495,1111
NRockdale,NEDeKalb,949,178,2,275,757,4,1224,935,6,1129,1036,2165
NRockdale,Atlanta-DeKalb,99,27,2,33,84,0,132,111,2,128,117,245
NRockdale,Decatur,142,17,3,56,97,1,198,114,4,162,154,316
NRockdale,SWDeKalb,571,109,3,216,490,2,787,599,5,683,708,1391
NRockdale,SEDeKalb,2333,442,8,2076,5238,9,4409,5680,17,2783,7323,10106
NRockdale,SDeKalb,1851,349,6,1650,4579,10,3501,4928,16,2206,6239,8445
NRockdale,WDouglas,16,5,0,6,84,0,22,89,0,21,90,111
NRockdale,EDouglas,42,10,0,13,23,0,55,33,0,52,36,88
NRockdale,WFayette,26,3,0,9,12,0,35,15,0,29,21,50
NRockdale,EFayette,54,11,0,19,17,0,73,28,0,65,36,101
NRockdale,NGwinnett,330,45,0,77,168,0,407,213,0,375,245,620
NRockdale,CentGwinnett,853,139,0,241,570,0,1094,709,0,992,811,1803
NRockdale,EGwinnett,586,128,0,187,342,0,773,470,0,714,529,1243
NRockdale,Norcross,490,76,0,95,210,0,585,286,0,566,305,871
NRockdale,Lilburn,632,110,0,321,778,0,953,888,0,742,1099,1841
NRockdale,Snellville,2509,470,0,1580,4082,0,4089,4552,0,2979,5662,8641
NRockdale,NHenry,781,135,0,358,1030,0,1139,1165,0,916,1388,2304
NRockdale,EHenry,1320,214,0,644,1475,0,1964,1689,0,1534,2119,3653
NRockdale,SHenry,783,140,0,182,372,0,965,512,0,923,554,1477
NRockdale,SRockdale,4632,914,0,7402,18709,0,12034,19623,0,5546,26111,31657
NRockdale,NRockdale,23279,4562,0,45015,86671,0,68294,91233,0,27841,131686,159527
NRockdale,NBarrow,122,21,0,24,35,0,146,56,0,143,59,202
NRockdale,SBarrow,155,34,0,40,85,0,195,119,0,189,125,314
NRockdale,NWBartow,0,0,0,0,4,0,0,4,0,0,4,4
NRockdale,NEBartow,0,0,0,0,0,0,0,0,0,0,0,0
NRockdale,SWBartow,0,0,0,0,0,0,0,0,0,0,0,0
NRockdale,Cartersville,0,0,0,0,1,0,0,1,0,0,1,1
NRockdale,NECarroll,2,0,0,1,4,0,3,4,0,2,5,7
NRockdale,WCarroll,0,0,0,0,0,0,0,0,0,0,0,0
NRockdale,CentralCarroll,1,0,0,0,2,0,1,2,0,1,2,3
NRockdale,SECarroll,0,0,0,0,0,0,0,0,0,0,0,0
NRockdale,WCoweta,1,0,0,0,0,0,1,0,0,1,0,1
NRockdale,NCoweta,20,2,0,13,5,0,33,7,0,22,18,40
NRockdale,SCoweta,1,0,0,0,0,0,1,0,0,1,0,1
NRockdale,SECoweta,4,1,0,1,0,0,5,1,0,5,1,6
NRockdale,NForsyth,6,2,0,1,2,0,7,4,0,8,3,11
NRockdale,Cumming,10,2,0,1,31,0,11,33,0,12,32,44
NRockdale,SForsyth,33,4,0,7,11,0,40,15,0,37,18,55
NRockdale,NHall,1,1,0,2,0,0,3,1,0,2,2,4
NRockdale,Gainesville,18,3,0,7,36,0,25,39,0,21,43,64
NRockdale,SHall,46,6,0,22,7,0,68,13,0,52,29,81
NRockdale,WNewton,8644,1685,0,7766,19176,0,16410,20861,0,10329,26942,37271
NRockdale,ENewton,664,123,0,262,721,0,926,844,0,787,983,1770
NRockdale,NPaulding,3,0,0,2,0,0,5,0,0,3,2,5
NRockdale,WPaulding,0,0,0,2,1,0,2,1,0,0,3,3
NRockdale,EPaulding,10,3,0,9,29,0,19,32,0,13,38,51
NRockdale,NSpalding,66,10,0,16,8,0,82,18,0,76,24,100
NRockdale,SSpalding,53,9,0,8,9,0,61,18,0,62,17,79
NRockdale,WWalton,1720,344,0,906,2730,0,2626,3074,0,2064,3636,5700
NRockdale,EWalton,749,156,0,183,391,0,932,547,0,905,574,1479
NBarrow,NFulton,384,45,0,63,96,0,447,141,0,429,159,588
NBarrow,Roswell,93,9,0,32,74,0,125,83,0,102,106,208
NBarrow,SandySprings,216,43,0,34,92,0,250,135,0,259,126,385
NBarrow,Buckhead,129,24,0,20,60,0,149,84,0,153,80,233
NBarrow,NWAtlanta,40,7,0,6,16,0,46,23,0,47,22,69
NBarrow,NEAtlanta,83,20,1,27,133,4,110,153,5,104,164,268
NBarrow,SWAtlanta,20,1,0,2,26,0,22,27,0,21,28,49
NBarrow,CBDAtlanta,52,9,2,22,82,2,74,91,4,63,106,169
NBarrow,SEAtlanta,18,3,0,4,8,0,22,11,0,21,12,33
NBarrow,SFulton,4,0,0,2,0,0,6,0,0,4,2,6
NBarrow,Tri-Cities,31,9,0,3,10,1,34,19,1,40,14,54
NBarrow,Shannon,3,2,0,1,2,0,4,4,0,5,3,8
NBarrow,WCherokee,0,1,0,1,0,0,1,1,0,1,1,2
NBarrow,NCherokee,1,0,0,1,0,0,2,0,0,1,1,2
NBarrow,ECentCherokee,18,7,0,5,3,0,23,10,0,25,8,33
NBarrow,Woodstock,7,1,0,2,1,0,9,2,0,8,3,11
NBarrow,Airport,7,1,0,2,1,0,9,2,0,8,3,11
NBarrow,NEClayton,11,1,0,2,14,0,13,15,0,12,16,28
NBarrow,Riverdale,2,0,0,0,1,0,2,1,0,2,1,3
NBarrow,SClayton,1,1,0,1,3,0,2,4,0,2,4,6
NBarrow,NWCobb,8,4,0,5,9,0,13,13,0,12,14,26
NBarrow,NECobb,45,6,0,14,32,0,59,38,0,51,46,97
NBarrow,SWCobb,1,0,0,1,2,0,2,2,0,1,3,4
NBarrow,Marietta,14,4,0,7,13,0,21,17,0,18,20,38
NBarrow,Cumberland,92,15,0,15,33,0,107,48,0,107,48,155
NBarrow,SCobb,20,1,0,3,11,0,23,12,0,21,14,35
NBarrow,Chamblee,341,43,1,47,75,0,388,118,1,385,122,507
NBarrow,NWDeKalb,121,24,0,33,128,0,154,152,0,145,161,306
NBarrow,NEDeKalb,296,43,0,41,123,0,337,166,0,339,164,503
NBarrow,Atlanta-DeKalb,5,2,0,5,5,0,10,7,0,7,10,17
NBarrow,Decatur,12,3,0,4,4,1,16,7,1,15,9,24
NBarrow,SWDeKalb,22,4,0,18,41,1,40,45,1,26,60,86
NBarrow,SEDeKalb,73,8,0,21,13,0,94,21,0,81,34,115
NBarrow,SDeKalb,36,10,0,16,22,0,52,32,0,46,38,84
NBarrow,WDouglas,1,0,0,0,0,0,1,0,0,1,0,1
NBarrow,EDouglas,2,1,0,1,1,0,3,2,0,3,2,5
NBarrow,WFayette,0,0,0,0,0,0,0,0,0,0,0,0
NBarrow,EFayette,4,0,0,0,0,0,4,0,0,4,0,4
NBarrow,NGwinnett,4055,690,2,3138,8722,0,7193,9412,2,4747,11860,16607
NBarrow,CentGwinnett,2318,369,0,706,1690,0,3024,2059,0,2687,2396,5083
NBarrow,EGwinnett,1917,358,0,1630,4779,0,3547,5137,0,2275,6409,8684
NBarrow,Norcross,733,113,0,104,206,0,837,319,0,846,310,1156
NBarrow,Lilburn,196,28,0,58,178,0,254,206,0,224,236,460
NBarrow,Snellville,512,88,0,131,370,0,643,458,0,600,501,1101
NBarrow,NHenry,9,4,0,3,1,0,12,5,0,13,4,17
NBarrow,EHenry,6,4,0,0,6,0,6,10,0,10,6,16
NBarrow,SHenry,10,1,0,5,2,0,15,3,0,11,7,18
NBarrow,SRockdale,28,1,0,10,11,0,38,12,0,29,21,50
NBarrow,NRockdale,126,29,0,28,70,0,154,99,0,155,98,253
NBarrow,NBarrow,18975,3542,0,35290,75449,0,54265,78991,0,22517,110739,133256
NBarrow,SBarrow,4532,908,0,6331,16973,0,10863,17881,0,5440,23304,28744
NBarrow,NWBartow,0,0,0,0,0,0,0,0,0,0,0,0
NBarrow,NEBartow,0,0,0,0,0,0,0,0,0,0,0,0
NBarrow,SWBartow,0,0,0,0,0,0,0,0,0,0,0,0
NBarrow,Cartersville,0,0,0,1,9,0,1,9,0,0,10,10
NBarrow,NECarroll,0,0,0,0,0,0,0,0,0,0,0,0
NBarrow,WCarroll,0,0,0,0,0,0,0,0,0,0,0,0
NBarrow,CentralCarroll,0,0,0,0,0,0,0,0,0,0,0,0
NBarrow,SECarroll,0,0,0,0,0,0,0,0,0,0,0,0
NBarrow,WCoweta,0,0,0,0,0,0,0,0,0,0,0,0
NBarrow,NCoweta,0,0,0,0,0,0,0,0,0,0,0,0
NBarrow,SCoweta,0,0,0,0,0,0,0,0,0,0,0,0
NBarrow,SECoweta,0,0,0,0,0,0,0,0,0,0,0,0
NBarrow,NForsyth,61,11,0,22,15,0,83,26,0,72,37,109
NBarrow,Cumming,198,26,0,52,116,0,250,142,0,224,168,392
NBarrow,SForsyth,209,27,0,38,76,0,247,103,0,236,114,350
NBarrow,NHall,75,13,0,25,34,0,100,47,0,88,59,147
NBarrow,Gainesville,902,209,0,253,680,0,1155,889,0,1111,933,2044
NBarrow,SHall,1450,290,0,1281,3524,0,2731,3814,0,1740,4805,6545
NBarrow,WNewton,172,31,0,40,85,0,212,116,0,203,125,328
NBarrow,ENewton,23,6,0,11,63,0,34,69,0,29,74,103
NBarrow,NPaulding,0,0,0,0,0,0,0,0,0,0,0,0
NBarrow,WPaulding,0,0,0,0,0,0,0,0,0,0,0,0
NBarrow,EPaulding,0,0,0,0,0,0,0,0,0,0,0,0
NBarrow,NSpalding,1,0,0,0,0,0,1,0,0,1,0,1
NBarrow,SSpalding,1,0,0,0,1,0,1,1,0,1,1,2
NBarrow,WWalton,494,79,0,231,531,0,725,610,0,573,762,1335
NBarrow,EWalton,1065,207,0,493,1056,0,1558,1263,0,1272,1549,2821
SBarrow,NFulton,255,39,0,29,96,0,284,135,0,294,125,419
SBarrow,Roswell,68,19,0,18,45,0,86,64,0,87,63,150
SBarrow,SandySprings,179,31,0,37,164,0,216,195,0,210,201,411
SBarrow,Buckhead,97,19,0,30,101,0,127,120,0,116,131,247
SBarrow,NWAtlanta,34,6,0,3,25,1,37,31,1,40,29,69
SBarrow,NEAtlanta,84,16,0,30,117,0,114,133,0,100,147,247
SBarrow,SWAtlanta,3,6,0,5,28,0,8,34,0,9,33,42
SBarrow,CBDAtlanta,28,17,3,30,85,2,58,102,5,48,117,165
SBarrow,SEAtlanta,14,6,0,2,15,0,16,21,0,20,17,37
SBarrow,SFulton,3,0,0,0,1,0,3,1,0,3,1,4
SBarrow,Tri-Cities,16,2,0,1,15,0,17,17,0,18,16,34
SBarrow,Shannon,2,0,0,1,2,0,3,2,0,2,3,5
SBarrow,WCherokee,0,0,0,0,1,0,0,1,0,0,1,1
SBarrow,NCherokee,2,0,0,0,0,0,2,0,0,2,0,2
SBarrow,ECentCherokee,13,0,0,4,5,0,17,5,0,13,9,22
SBarrow,Woodstock,7,1,0,3,2,0,10,3,0,8,5,13
SBarrow,Airport,6,0,0,2,1,0,8,1,0,6,3,9
SBarrow,NEClayton,17,0,0,5,10,0,22,10,0,17,15,32
SBarrow,Riverdale,1,1,0,1,2,0,2,3,0,2,3,5
SBarrow,SClayton,6,0,0,2,5,0,8,5,0,6,7,13
SBarrow,NWCobb,6,1,0,2,5,0,8,6,0,7,7,14
SBarrow,NECobb,41,4,0,6,34,0,47,38,0,45,40,85
SBarrow,SWCobb,3,0,0,0,1,0,3,1,0,3,1,4
SBarrow,Marietta,20,2,0,3,5,0,23,7,0,22,8,30
SBarrow,Cumberland,70,10,0,24,24,0,94,34,0,80,48,128
SBarrow,SCobb,13,3,0,2,3,0,15,6,0,16,5,21
SBarrow,Chamblee,284,48,0,62,228,0,346,276,0,332,290,622
SBarrow,NWDeKalb,115,20,0,41,150,0,156,170,0,135,191,326
SBarrow,NEDeKalb,241,47,0,52,146,1,293,193,1,288,199,487
SBarrow,Atlanta-DeKalb,10,1,0,6,11,0,16,12,0,11,17,28
SBarrow,Decatur,8,3,0,7,21,0,15,24,0,11,28,39
SBarrow,SWDeKalb,25,2,0,13,18,0,38,20,0,27,31,58
SBarrow,SEDeKalb,89,14,0,15,61,0,104,75,0,103,76,179
SBarrow,SDeKalb,56,14,0,13,45,0,69,59,0,70,58,128
SBarrow,WDouglas,0,0,0,0,0,0,0,0,0,0,0,0
SBarrow,EDouglas,1,0,0,1,3,0,2,3,0,1,4,5
SBarrow,WFayette,0,0,0,0,0,0,0,0,0,0,0,0
SBarrow,EFayette,2,2,0,1,0,0,3,2,0,4,1,5
SBarrow,NGwinnett,2145,397,0,933,2375,0,3078,2772,0,2542,3308,5850
SBarrow,CentGwinnett,1943,349,0,670,1639,0,2613,1988,0,2292,2309,4601
SBarrow,EGwinnett,1736,333,0,1757,5118,0,3493,5451,0,2069,6875,8944
SBarrow,Norcross,649,96,0,77,172,0,726,268,0,745,249,994
SBarrow,Lilburn,198,27,0,50,141,0,248,168,0,225,191,416
SBarrow,Snellville,631,137,0,214,591,0,845,728,0,768,805,1573
SBarrow,NHenry,13,3,0,5,6,0,18,9,0,16,11,27
SBarrow,EHenry,6,2,0,4,12,0,10,14,0,8,16,24
SBarrow,SHenry,9,2,0,1,10,0,10,12,0,11,11,22
SBarrow,SRockdale,29,3,0,10,14,0,39,17,0,32,24,56
SBarrow,NRockdale,180,41,0,40,78,0,220,119,0,221,118,339
SBarrow,NBarrow,4438,868,0,6210,17021,0,10648,17889,0,5306,23231,28537
SBarrow,SBarrow,9544,1744,0,17649,39520,0,27193,41264,0,11288,57169,68457
SBarrow,NWBartow,0,0,0,0,0,0,0,0,0,0,0,0
SBarrow,NEBartow,0,0,0,0,0,0,0,0,0,0,0,0
SBarrow,SWBartow,0,0,0,0,0,0,0,0,0,0,0,0
SBarrow,Cartersville,0,0,0,0,0,0,0,0,0,0,0,0
SBarrow,NECarroll,0,0,0,0,0,0,0,0,0,0,0,0
SBarrow,WCarroll,0,0,0,0,0,0,0,0,0,0,0,0
SBarrow,CentralCarroll,0,0,0,0,0,0,0,0,0,0,0,0
SBarrow,SECarroll,0,0,0,0,0,0,0,0,0,0,0,0
SBarrow,WCoweta,0,0,0,0,0,0,0,0,0,0,0,0
SBarrow,NCoweta,0,0,0,0,4,0,0,4,0,0,4,4
SBarrow,SCoweta,0,0,0,0,0,0,0,0,0,0,0,0
SBarrow,SECoweta,0,0,0,0,0,0,0,0,0,0,0,0
SBarrow,NForsyth,26,3,0,6,8,0,32,11,0,29,14,43
SBarrow,Cumming,108,23,0,25,91,0,133,114,0,131,116,247
SBarrow,SForsyth,114,15,0,24,41,0,138,56,0,129,65,194
SBarrow,NHall,35,4,0,3,20,0,38,24,0,39,23,62
SBarrow,Gainesville,385,83,0,65,199,0,450,282,0,468,264,732
SBarrow,SHall,476,81,0,199,408,0,675,489,0,557,607,1164
SBarrow,WNewton,212,37,0,51,74,0,263,111,0,249,125,374
SBarrow,ENewton,31,1,0,10,8,0,41,9,0,32,18,50
SBarrow,NPaulding,0,0,0,0,0,0,0,0,0,0,0,0
SBarrow,WPaulding,0,0,0,0,0,0,0,0,0,0,0,0
SBarrow,EPaulding,0,0,0,1,0,0,1,0,0,0,1,1
SBarrow,NSpalding,1,0,0,0,0,0,1,0,0,1,0,1
SBarrow,SSpalding,0,0,0,1,0,0,1,0,0,0,1,1
SBarrow,WWalton,621,98,0,357,949,0,978,1047,0,719,1306,2025
SBarrow,EWalton,1464,285,0,892,2260,0,2356,2545,0,1749,3152,4901
NWBartow,NFulton,54,3,0,13,25,0,67,28,0,57,38,95
NWBartow,Roswell,44,9,0,6,14,0,50,23,0,53,20,73
NWBartow,SandySprings,86,12,0,10,40,0,96,52,0,98,50,148
NWBartow,Buckhead,64,11,1,20,52,0,84,63,1,76,72,148
NWBartow,NWAtlanta,31,4,0,3,8,0,34,12,0,35,11,46
NWBartow,NEAtlanta,22,7,0,12,27,0,34,34,0,29,39,68
NWBartow,SWAtlanta,10,1,0,1,2,0,11,3,0,11,3,14
NWBartow,CBDAtlanta,15,3,0,8,23,0,23,26,0,18,31,49
NWBartow,SEAtlanta,5,4,0,2,4,0,7,8,0,9,6,15
NWBartow,SFulton,4,1,0,0,1,0,4,2,0,5,1,6
NWBartow,Tri-Cities,7,1,0,0,18,0,7,19,0,8,18,26
NWBartow,Shannon,0,0,0,0,0,0,0,0,0,0,0,0
NWBartow,WCherokee,118,12,0,42,46,0,160,58,0,130,88,218
NWBartow,NCherokee,26,1,0,6,3,0,32,4,0,27,9,36
NWBartow,ECentCherokee,247,51,0,62,181,0,309,232,0,298,243,541
NWBartow,Woodstock,205,45,0,54,131,0,259,176,0,250,185,435
NWBartow,Airport,0,1,0,0,0,0,0,1,0,1,0,1
NWBartow,NEClayton,0,0,0,0,1,0,0,1,0,0,1,1
NWBartow,Riverdale,0,0,0,0,1,0,0,1,0,0,1,1
NWBartow,SClayton,0,0,0,1,0,0,1,0,0,0,1,1
NWBartow,NWCobb,679,125,0,162,340,0,841,465,0,804,502,1306
NWBartow,NECobb,221,41,0,39,108,0,260,149,0,262,147,409
NWBartow,SWCobb,46,11,0,9,19,0,55,30,0,57,28,85
NWBartow,Marietta,202,37,0,54,84,0,256,121,0,239,138,377
NWBartow,Cumberland,208,22,0,36,115,0,244,137,0,230,151,381
NWBartow,SCobb,44,11,0,13,49,0,57,60,0,55,62,117
NWBartow,Chamblee,40,7,0,17,3,0,57,10,0,47,20,67
NWBartow,NWDeKalb,10,3,0,2,16,0,12,19,0,13,18,31
NWBartow,NEDeKalb,5,0,0,4,6,0,9,6,0,5,10,15
NWBartow,Atlanta-DeKalb,0,0,0,0,0,0,0,0,0,0,0,0
NWBartow,Decatur,2,0,0,0,1,0,2,1,0,2,1,3
NWBartow,SWDeKalb,0,0,0,0,4,0,0,4,0,0,4,4
NWBartow,SEDeKalb,0,0,0,1,2,0,1,2,0,0,3,3
NWBartow,SDeKalb,1,0,0,2,0,0,3,0,0,1,2,3
NWBartow,WDouglas,8,1,0,4,23,0,12,24,0,9,27,36
NWBartow,EDouglas,17,5,0,9,32,0,26,37,0,22,41,63
NWBartow,WFayette,0,0,0,0,0,0,0,0,0,0,0,0
NWBartow,EFayette,1,0,0,0,0,0,1,0,0,1,0,1
NWBartow,NGwinnett,3,1,0,1,0,0,4,1,0,4,1,5
NWBartow,CentGwinnett,3,0,0,0,1,0,3,1,0,3,1,4
NWBartow,EGwinnett,0,0,0,0,0,0,0,0,0,0,0,0
NWBartow,Norcross,17,2,0,4,7,0,21,9,0,19,11,30
NWBartow,Lilburn,1,0,0,1,9,0,2,9,0,1,10,11
NWBartow,Snellville,1,0,0,0,5,0,1,5,0,1,5,6
NWBartow,NHenry,0,0,0,0,0,0,0,0,0,0,0,0
NWBartow,EHenry,0,0,0,0,0,0,0,0,0,0,0,0
NWBartow,SHenry,0,0,0,0,0,0,0,0,0,0,0,0
NWBartow,SRockdale,0,0,0,0,0,0,0,0,0,0,0,0
NWBartow,NRockdale,0,0,0,0,0,0,0,0,0,0,0,0
NWBartow,NBarrow,0,0,0,0,0,0,0,0,0,0,0,0
NWBartow,SBarrow,0,0,0,0,0,0,0,0,0,0,0,0
NWBartow,NWBartow,6214,1231,0,12108,27561,0,18322,28792,0,7445,39669,47114
NWBartow,NEBartow,679,105,0,567,1561,0,1246,1666,0,784,2128,2912
NWBartow,SWBartow,421,76,0,359,971,0,780,1047,0,497,1330,1827
NWBartow,Cartersville,3357,645,0,2625,6993,0,5982,7638,0,4002,9618,13620
NWBartow,NECarroll,6,1,0,3,10,0,9,11,0,7,13,20
NWBartow,WCarroll,1,0,0,0,0,0,1,0,0,1,0,1
NWBartow,CentralCarroll,7,1,0,4,5,0,11,6,0,8,9,17
NWBartow,SECarroll,0,0,0,0,0,0,0,0,0,0,0,0
NWBartow,WCoweta,0,0,0,0,0,0,0,0,0,0,0,0
NWBartow,NCoweta,0,0,0,0,0,0,0,0,0,0,0,0
NWBartow,SCoweta,0,0,0,0,0,0,0,0,0,0,0,0
NWBartow,SECoweta,0,0,0,0,0,0,0,0,0,0,0,0
NWBartow,NForsyth,3,1,0,1,5,0,4,6,0,4,6,10
NWBartow,Cumming,14,2,0,11,32,0,25,34,0,16,43,59
NWBartow,SForsyth,19,0,0,2,5,0,21,5,0,19,7,26
NWBartow,NHall,0,0,0,0,0,0,0,0,0,0,0,0
NWBartow,Gainesville,1,1,0,0,0,0,1,1,0,2,0,2
NWBartow,SHall,0,0,0,0,0,0,0,0,0,0,0,0
NWBartow,WNewton,0,0,0,0,0,0,0,0,0,0,0,0
NWBartow,ENewton,0,0,0,0,0,0,0,0,0,0,0,0
NWBartow,NPaulding,138,21,0,26,76,0,164,97,0,159,102,261
NWBartow,WPaulding,7,0,0,3,23,0,10,23,0,7,26,33
NWBartow,EPaulding,133,17,0,33,78,0,166,95,0,150,111,261
NWBartow,NSpalding,0,0,0,0,0,0,0,0,0,0,0,0
NWBartow,SSpalding,0,0,0,0,0,0,0,0,0,0,0,0
NWBartow,WWalton,0,0,0,0,0,0,0,0,0,0,0,0
NWBartow,EWalton,0,0,0,0,0,0,0,0,0,0,0,0
NEBartow,NFulton,83,20,0,43,63,0,126,83,0,103,106,209
NEBartow,Roswell,36,5,0,22,32,0,58,37,0,41,54,95
NEBartow,SandySprings,86,13,0,25,34,0,111,47,0,99,59,158
NEBartow,Buckhead,45,10,0,30,61,0,75,71,0,55,91,146
NEBartow,NWAtlanta,30,3,0,6,18,0,36,21,0,33,24,57
NEBartow,NEAtlanta,16,2,0,16,108,0,32,110,0,18,124,142
NEBartow,SWAtlanta,11,1,0,3,36,0,14,37,0,12,39,51
NEBartow,CBDAtlanta,20,5,0,14,91,1,34,96,1,25,106,131
NEBartow,SEAtlanta,1,1,0,2,7,0,3,8,0,2,9,11
NEBartow,SFulton,2,0,0,2,1,0,4,1,0,2,3,5
NEBartow,Tri-Cities,2,0,0,1,8,0,3,8,0,2,9,11
NEBartow,Shannon,2,0,0,0,3,0,2,3,0,2,3,5
NEBartow,WCherokee,355,64,0,292,620,0,647,684,0,419,912,1331
NEBartow,NCherokee,44,7,0,7,38,0,51,45,0,51,45,96
NEBartow,ECentCherokee,509,89,0,212,490,0,721,579,0,598,702,1300
NEBartow,Woodstock,224,39,0,81,279,0,305,318,0,263,360,623
NEBartow,Airport,2,0,0,0,0,0,2,0,0,2,0,2
NEBartow,NEClayton,3,1,0,1,0,0,4,1,0,4,1,5
NEBartow,Riverdale,0,0,0,0,0,0,0,0,0,0,0,0
NEBartow,SClayton,0,0,0,0,0,0,0,0,0,0,0,0
NEBartow,NWCobb,586,89,0,191,506,1,777,595,1,675,698,1373
NEBartow,NECobb,191,26,0,82,91,0,273,117,0,217,173,390
NEBartow,SWCobb,40,9,0,17,26,0,57,35,0,49,43,92
NEBartow,Marietta,160,28,0,70,149,0,230,177,0,188,219,407
NEBartow,Cumberland,197,36,0,54,157,0,251,193,0,233,211,444
NEBartow,SCobb,30,4,0,18,59,0,48,63,0,34,77,111
NEBartow,Chamblee,36,7,1,16,26,0,52,33,1,44,42,86
NEBartow,NWDeKalb,14,0,0,7,71,0,21,71,0,14,78,92
NEBartow,NEDeKalb,9,1,0,2,27,0,11,28,0,10,29,39
NEBartow,Atlanta-DeKalb,1,1,0,0,7,0,1,8,0,2,7,9
NEBartow,Decatur,0,0,0,1,12,0,1,12,0,0,13,13
NEBartow,SWDeKalb,2,0,0,1,4,0,3,4,0,2,5,7
NEBartow,SEDeKalb,0,0,0,1,0,0,1,0,0,0,1,1
NEBartow,SDeKalb,0,1,0,2,3,0,2,4,0,1,5,6
NEBartow,WDouglas,10,1,0,4,5,0,14,6,0,11,9,20
NEBartow,EDouglas,25,5,0,16,32,0,41,37,0,30,48,78
NEBartow,WFayette,0,0,0,0,0,0,0,0,0,0,0,0
NEBartow,EFayette,0,0,0,0,0,0,0,0,0,0,0,0
NEBartow,NGwinnett,3,0,0,2,12,0,5,12,0,3,14,17
NEBartow,CentGwinnett,5,0,0,8,13,0,13,13,0,5,21,26
NEBartow,EGwinnett,0,0,0,0,0,0,0,0,0,0,0,0
NEBartow,Norcross,16,4,0,4,3,0,20,7,0,20,7,27
NEBartow,Lilburn,3,0,0,0,0,0,3,0,0,3,0,3
NEBartow,Snellville,0,0,0,1,0,0,1,0,0,0,1,1
NEBartow,NHenry,0,0,0,0,16,0,0,16,0,0,16,16
NEBartow,EHenry,0,0,0,0,0,0,0,0,0,0,0,0
NEBartow,SHenry,0,0,0,0,0,0,0,0,0,0,0,0
NEBartow,SRockdale,0,0,0,0,0,0,0,0,0,0,0,0
NEBartow,NRockdale,0,0,0,0,0,0,0,0,0,0,0,0
NEBartow,NBarrow,0,0,0,0,0,0,0,0,0,0,0,0
NEBartow,SBarrow,0,0,0,0,0,0,0,0,0,0,0,0
NEBartow,NWBartow,666,120,0,552,1574,0,1218,1694,0,786,2126,2912
NEBartow,NEBartow,3029,536,0,4304,9500,0,7333,10036,0,3565,13804,17369
NEBartow,SWBartow,173,31,0,83,204,0,256,235,0,204,287,491
NEBartow,Cartersville,2615,478,0,2819,6957,0,5434,7435,0,3093,9776,12869
NEBartow,NECarroll,9,0,0,0,2,0,9,2,0,9,2,11
NEBartow,WCarroll,0,0,0,0,0,0,0,0,0,0,0,0
NEBartow,CentralCarroll,1,1,0,1,2,0,2,3,0,2,3,5
NEBartow,SECarroll,0,0,0,0,0,0,0,0,0,0,0,0
NEBartow,WCoweta,1,0,0,0,0,0,1,0,0,1,0,1
NEBartow,NCoweta,0,0,0,0,0,0,0,0,0,0,0,0
NEBartow,SCoweta,0,0,0,0,0,0,0,0,0,0,0,0
NEBartow,SECoweta,0,0,0,0,0,0,0,0,0,0,0,0
NEBartow,NForsyth,20,1,0,9,16,0,29,17,0,21,25,46
NEBartow,Cumming,44,4,0,29,54,0,73,58,0,48,83,131
NEBartow,SForsyth,36,5,0,6,8,0,42,13,0,41,14,55
NEBartow,NHall,1,0,0,0,0,0,1,0,0,1,0,1
NEBartow,Gainesville,3,1,0,8,0,0,11,1,0,4,8,12
NEBartow,SHall,1,0,0,0,0,0,1,0,0,1,0,1
NEBartow,WNewton,0,0,0,0,0,0,0,0,0,0,0,0
NEBartow,ENewton,0,0,0,0,0,0,0,0,0,0,0,0
NEBartow,NPaulding,109,16,0,18,52,0,127,68,0,125,70,195
NEBartow,WPaulding,7,0,0,1,4,0,8,4,0,7,5,12
NEBartow,EPaulding,104,6,0,25,49,0,129,55,0,110,74,184
NEBartow,NSpalding,0,0,0,0,0,0,0,0,0,0,0,0
NEBartow,SSpalding,0,0,0,0,0,0,0,0,0,0,0,0
NEBartow,WWalton,0,0,0,0,0,0,0,0,0,0,0,0
NEBartow,EWalton,0,0,0,0,0,0,0,0,0,0,0,0
SWBartow,NFulton,86,15,0,25,112,0,111,127,0,101,137,238
SWBartow,Roswell,59,5,0,20,55,0,79,60,0,64,75,139
SWBartow,SandySprings,137,22,0,41,43,0,178,65,0,159,84,243
SWBartow,Buckhead,97,22,0,42,209,0,139,231,0,119,251,370
SWBartow,NWAtlanta,42,12,0,18,40,0,60,52,0,54,58,112
SWBartow,NEAtlanta,45,14,0,30,190,0,75,204,0,59,220,279
SWBartow,SWAtlanta,17,1,0,7,23,0,24,24,0,18,30,48
SWBartow,CBDAtlanta,20,3,0,21,195,0,41,198,0,23,216,239
SWBartow,SEAtlanta,9,2,0,3,61,0,12,63,0,11,64,75
SWBartow,SFulton,14,3,0,2,6,0,16,9,0,17,8,25
SWBartow,Tri-Cities,15,5,0,4,30,0,19,35,0,20,34,54
SWBartow,Shannon,4,0,0,3,0,0,7,0,0,4,3,7
SWBartow,WCherokee,44,5,0,16,42,0,60,47,0,49,58,107
SWBartow,NCherokee,18,1,0,2,2,0,20,3,0,19,4,23
SWBartow,ECentCherokee,171,20,0,54,55,0,225,75,0,191,109,300
SWBartow,Woodstock,324,49,0,116,380,0,440,429,0,373,496,869
SWBartow,Airport,2,0,0,0,0,0,2,0,0,2,0,2
SWBartow,NEClayton,6,0,0,2,2,0,8,2,0,6,4,10
SWBartow,Riverdale,2,0,0,0,0,0,2,0,0,2,0,2
SWBartow,SClayton,0,0,0,0,0,0,0,0,0,0,0,0
SWBartow,NWCobb,1166,195,0,447,1217,0,1613,1412,0,1361,1664,3025
SWBartow,NECobb,342,61,0,86,280,0,428,341,0,403,366,769
SWBartow,SWCobb,101,12,0,30,68,0,131,80,0,113,98,211
SWBartow,Marietta,329,53,0,93,239,0,422,292,0,382,332,714
SWBartow,Cumberland,356,53,0,60,155,0,416,208,0,409,215,624
SWBartow,SCobb,83,10,0,31,65,0,114,75,0,93,96,189
SWBartow,Chamblee,90,17,0,25,65,0,115,82,0,107,90,197
SWBartow,NWDeKalb,22,3,0,11,161,0,33,164,0,25,172,197
SWBartow,NEDeKalb,22,7,0,9,5,0,31,12,0,29,14,43
SWBartow,Atlanta-DeKalb,1,0,0,5,25,0,6,25,0,1,30,31
SWBartow,Decatur,3,1,0,0,5,0,3,6,0,4,5,9
SWBartow,SWDeKalb,3,0,0,2,12,0,5,12,0,3,14,17
SWBartow,SEDeKalb,0,0,0,0,1,0,0,1,0,0,1,1
SWBartow,SDeKalb,2,0,0,1,8,0,3,8,0,2,9,11
SWBartow,WDouglas,35,12,0,12,12,0,47,24,0,47,24,71
SWBartow,EDouglas,56,12,0,31,47,0,87,59,0,68,78,146
SWBartow,WFayette,0,0,0,0,1,0,0,1,0,0,1,1
SWBartow,EFayette,0,0,0,0,0,0,0,0,0,0,0,0
SWBartow,NGwinnett,0,0,0,2,0,0,2,0,0,0,2,2
SWBartow,CentGwinnett,6,0,0,4,4,0,10,4,0,6,8,14
SWBartow,EGwinnett,0,0,0,0,0,0,0,0,0,0,0,0
SWBartow,Norcross,38,2,0,3,32,0,41,34,0,40,35,75
SWBartow,Lilburn,3,0,0,1,1,0,4,1,0,3,2,5
SWBartow,Snellville,0,0,0,0,0,0,0,0,0,0,0,0
SWBartow,NHenry,2,0,0,0,0,0,2,0,0,2,0,2
SWBartow,EHenry,0,0,0,0,0,0,0,0,0,0,0,0
SWBartow,SHenry,1,0,0,0,0,0,1,0,0,1,0,1
SWBartow,SRockdale,0,0,0,0,0,0,0,0,0,0,0,0
SWBartow,NRockdale,0,0,0,0,0,0,0,0,0,0,0,0
SWBartow,NBarrow,0,0,0,0,0,0,0,0,0,0,0,0
SWBartow,SBarrow,0,0,0,0,0,0,0,0,0,0,0,0
SWBartow,NWBartow,445,81,0,367,1058,0,812,1139,0,526,1425,1951
SWBartow,NEBartow,171,29,0,79,221,0,250,250,0,200,300,500
SWBartow,SWBartow,4398,895,0,6950,16880,0,11348,17775,0,5293,23830,29123
SWBartow,Cartersville,3878,747,0,4816,13485,0,8694,14232,0,4625,18301,22926
SWBartow,NECarroll,22,4,0,10,5,0,32,9,0,26,15,41
SWBartow,WCarroll,4,0,0,0,1,0,4,1,0,4,1,5
SWBartow,CentralCarroll,10,3,0,8,12,0,18,15,0,13,20,33
SWBartow,SECarroll,0,0,0,0,0,0,0,0,0,0,0,0
SWBartow,WCoweta,1,0,0,0,1,0,1,1,0,1,1,2
SWBartow,NCoweta,1,0,0,0,0,0,1,0,0,1,0,1
SWBartow,SCoweta,0,0,0,0,0,0,0,0,0,0,0,0
SWBartow,SECoweta,0,0,0,0,0,0,0,0,0,0,0,0
SWBartow,NForsyth,4,0,0,2,15,0,6,15,0,4,17,21
SWBartow,Cumming,10,5,0,7,46,0,17,51,0,15,53,68
SWBartow,SForsyth,16,1,0,4,0,0,20,1,0,17,4,21
SWBartow,NHall,0,0,0,0,0,0,0,0,0,0,0,0
SWBartow,Gainesville,0,0,0,0,0,0,0,0,0,0,0,0
SWBartow,SHall,0,0,0,0,0,0,0,0,0,0,0,0
SWBartow,WNewton,0,0,0,0,0,0,0,0,0,0,0,0
SWBartow,ENewton,0,0,0,0,0,0,0,0,0,0,0,0
SWBartow,NPaulding,437,82,0,275,618,0,712,700,0,519,893,1412
SWBartow,WPaulding,40,7,0,10,43,0,50,50,0,47,53,100
SWBartow,EPaulding,365,64,0,167,385,0,532,449,0,429,552,981
SWBartow,NSpalding,0,0,0,0,0,0,0,0,0,0,0,0
SWBartow,SSpalding,0,0,0,0,0,0,0,0,0,0,0,0
SWBartow,WWalton,0,0,0,0,0,0,0,0,0,0,0,0
SWBartow,EWalton,0,0,0,0,0,0,0,0,0,0,0,0
Cartersville,NFulton,262,46,0,76,106,0,338,152,0,308,182,490
Cartersville,Roswell,180,25,0,45,48,0,225,73,0,205,93,298
Cartersville,SandySprings,406,52,1,54,102,0,460,154,1,459,156,615
Cartersville,Buckhead,312,46,4,52,120,1,364,166,5,362,173,535
Cartersville,NWAtlanta,140,28,0,24,42,1,164,70,1,168,67,235
Cartersville,NEAtlanta,190,34,8,59,213,1,249,247,9,232,273,505
Cartersville,SWAtlanta,50,8,1,19,49,0,69,57,1,59,68,127
Cartersville,CBDAtlanta,122,30,7,35,185,0,157,215,7,159,220,379
Cartersville,SEAtlanta,25,7,0,15,84,0,40,91,0,32,99,131
Cartersville,SFulton,38,8,0,14,9,0,52,17,0,46,23,69
Cartersville,Tri-Cities,41,2,0,10,24,0,51,26,0,43,34,77
Cartersville,Shannon,11,1,0,3,22,0,14,23,0,12,25,37
Cartersville,WCherokee,923,153,0,468,1210,0,1391,1363,0,1076,1678,2754
Cartersville,NCherokee,79,15,0,24,53,0,103,68,0,94,77,171
Cartersville,ECentCherokee,921,180,0,265,649,0,1186,829,0,1101,914,2015
Cartersville,Woodstock,1616,272,0,900,2196,0,2516,2468,0,1888,3096,4984
Cartersville,Airport,7,4,0,4,5,0,11,9,0,11,9,20
Cartersville,NEClayton,18,4,0,5,4,0,23,8,0,22,9,31
Cartersville,Riverdale,1,1,0,5,8,0,6,9,0,2,13,15
Cartersville,SClayton,4,0,0,1,0,0,5,0,0,4,1,5
Cartersville,NWCobb,5316,942,1,3876,9067,9,9192,10009,10,6259,12952,19211
Cartersville,NECobb,1128,190,2,266,563,0,1394,753,2,1320,829,2149
Cartersville,SWCobb,374,64,0,129,299,0,503,363,0,438,428,866
Cartersville,Marietta,915,156,0,248,479,2,1163,635,2,1071,729,1800
Cartersville,Cumberland,975,160,1,139,289,0,1114,449,1,1136,428,1564
Cartersville,SCobb,205,30,0,65,188,1,270,218,1,235,254,489
Cartersville,Chamblee,231,48,1,41,70,0,272,118,1,280,111,391
Cartersville,NWDeKalb,87,15,0,22,147,2,109,162,2,102,171,273
Cartersville,NEDeKalb,52,11,0,25,45,0,77,56,0,63,70,133
Cartersville,Atlanta-DeKalb,11,0,0,8,15,0,19,15,0,11,23,34
Cartersville,Decatur,4,2,1,5,18,0,9,20,1,7,23,30
Cartersville,SWDeKalb,12,7,0,10,17,0,22,24,0,19,27,46
Cartersville,SEDeKalb,0,1,0,7,5,0,7,6,0,1,12,13
Cartersville,SDeKalb,9,9,0,4,24,0,13,33,0,18,28,46
Cartersville,WDouglas,110,12,0,23,114,0,133,126,0,122,137,259
Cartersville,EDouglas,180,24,0,46,65,0,226,89,0,204,111,315
Cartersville,WFayette,2,0,0,0,1,0,2,1,0,2,1,3
Cartersville,EFayette,9,1,0,2,0,0,11,1,0,10,2,12
Cartersville,NGwinnett,7,0,0,5,1,0,12,1,0,7,6,13
Cartersville,CentGwinnett,39,5,0,18,42,0,57,47,0,44,60,104
Cartersville,EGwinnett,1,0,0,0,2,0,1,2,0,1,2,3
Cartersville,Norcross,122,11,0,23,21,0,145,32,0,133,44,177
Cartersville,Lilburn,19,2,0,10,11,0,29,13,0,21,21,42
Cartersville,Snellville,3,0,0,4,6,0,7,6,0,3,10,13
Cartersville,NHenry,2,1,0,3,2,0,5,3,0,3,5,8
Cartersville,EHenry,1,0,0,0,1,0,1,1,0,1,1,2
Cartersville,SHenry,0,0,0,0,16,0,0,16,0,0,16,16
Cartersville,SRockdale,0,0,0,0,0,0,0,0,0,0,0,0
Cartersville,NRockdale,1,0,0,0,0,0,1,0,0,1,0,1
Cartersville,NBarrow,0,0,0,1,9,0,1,9,0,0,10,10
Cartersville,SBarrow,0,0,0,0,0,0,0,0,0,0,0,0
Cartersville,NWBartow,3507,672,0,2674,6896,0,6181,7568,0,4179,9570,13749
Cartersville,NEBartow,2688,491,0,2820,6973,0,5508,7464,0,3179,9793,12972
Cartersville,SWBartow,4059,776,0,4804,13793,0,8863,14569,0,4835,18597,23432
Cartersville,Cartersville,40579,7101,0,62553,120841,0,103132,127942,0,47680,183394,231074
Cartersville,NECarroll,71,10,0,18,18,0,89,28,0,81,36,117
Cartersville,WCarroll,6,1,0,1,0,0,7,1,0,7,1,8
Cartersville,CentralCarroll,37,1,0,7,18,0,44,19,0,38,25,63
Cartersville,SECarroll,3,0,0,1,2,0,4,2,0,3,3,6
Cartersville,WCoweta,3,0,0,0,0,0,3,0,0,3,0,3
Cartersville,NCoweta,0,0,0,3,1,0,3,1,0,0,4,4
Cartersville,SCoweta,0,0,0,0,0,0,0,0,0,0,0,0
Cartersville,SECoweta,0,0,0,0,0,0,0,0,0,0,0,0
Cartersville,NForsyth,62,10,0,22,12,0,84,22,0,72,34,106
Cartersville,Cumming,85,14,0,41,91,0,126,105,0,99,132,231
Cartersville,SForsyth,73,6,0,10,13,0,83,19,0,79,23,102
Cartersville,NHall,1,0,0,0,1,0,1,1,0,1,1,2
Cartersville,Gainesville,3,0,0,4,0,0,7,0,0,3,4,7
Cartersville,SHall,1,1,0,0,0,0,1,1,0,2,0,2
Cartersville,WNewton,1,0,0,0,0,0,1,0,0,1,0,1
Cartersville,ENewton,0,0,0,0,0,0,0,0,0,0,0,0
Cartersville,NPaulding,1655,289,0,1300,3178,0,2955,3467,0,1944,4478,6422
Cartersville,WPaulding,158,42,0,51,177,0,209,219,0,200,228,428
Cartersville,EPaulding,1083,166,0,320,715,0,1403,881,0,1249,1035,2284
Cartersville,NSpalding,0,0,0,0,0,0,0,0,0,0,0,0
Cartersville,SSpalding,0,0,0,0,0,0,0,0,0,0,0,0
Cartersville,WWalton,0,0,0,1,0,0,1,0,0,0,1,1
Cartersville,EWalton,0,1,0,0,0,0,0,1,0,1,0,1
NECarroll,NFulton,13,0,0,4,8,0,17,8,0,13,12,25
NECarroll,Roswell,15,1,0,4,12,0,19,13,0,16,16,32
NECarroll,SandySprings,72,12,1,21,28,0,93,40,1,85,49,134
NECarroll,Buckhead,104,11,2,34,46,1,138,57,3,117,81,198
NECarroll,NWAtlanta,162,31,0,28,29,0,190,60,0,193,57,250
NECarroll,NEAtlanta,120,22,1,47,127,0,167,149,1,143,174,317
NECarroll,SWAtlanta,200,34,0,31,39,0,231,73,0,234,70,304
NECarroll,CBDAtlanta,96,16,6,42,119,2,138,135,8,118,163,281
NECarroll,SEAtlanta,46,6,0,19,17,0,65,23,0,52,36,88
NECarroll,SFulton,268,47,0,44,148,0,312,195,0,315,192,507
NECarroll,Tri-Cities,103,14,0,15,50,0,118,64,0,117,65,182
NECarroll,Shannon,110,18,0,26,56,0,136,74,0,128,82,210
NECarroll,WCherokee,2,0,0,1,0,0,3,0,0,2,1,3
NECarroll,NCherokee,0,0,0,0,0,0,0,0,0,0,0,0
NECarroll,ECentCherokee,5,2,0,4,4,0,9,6,0,7,8,15
NECarroll,Woodstock,44,5,0,14,2,0,58,7,0,49,16,65
NECarroll,Airport,45,7,0,4,8,0,49,15,0,52,12,64
NECarroll,NEClayton,27,6,0,10,11,1,37,17,1,33,22,55
NECarroll,Riverdale,14,2,0,2,22,0,16,24,0,16,24,40
NECarroll,SClayton,8,1,0,3,6,0,11,7,0,9,9,18
NECarroll,NWCobb,324,65,0,47,98,0,371,163,0,389,145,534
NECarroll,NECobb,102,18,0,27,21,0,129,39,0,120,48,168
NECarroll,SWCobb,247,51,0,52,132,0,299,183,0,298,184,482
NECarroll,Marietta,151,28,0,35,69,0,186,97,0,179,104,283
NECarroll,Cumberland,340,62,1,43,80,1,383,142,2,403,124,527
NECarroll,SCobb,373,74,0,76,181,0,449,255,0,447,257,704
NECarroll,Chamblee,56,10,0,13,20,0,69,30,0,66,33,99
NECarroll,NWDeKalb,49,15,1,21,73,0,70,88,1,65,94,159
NECarroll,NEDeKalb,29,5,0,13,13,0,42,18,0,34,26,60
NECarroll,Atlanta-DeKalb,7,2,0,7,6,0,14,8,0,9,13,22
NECarroll,Decatur,8,2,0,1,7,0,9,9,0,10,8,18
NECarroll,SWDeKalb,13,6,1,11,32,0,24,38,1,20,43,63
NECarroll,SEDeKalb,4,0,0,8,2,0,12,2,0,4,10,14
NECarroll,SDeKalb,27,4,0,10,40,0,37,44,0,31,50,81
NECarroll,WDouglas,2727,532,0,2810,7388,0,5537,7920,0,3259,10198,13457
NECarroll,EDouglas,1246,220,1,371,1214,0,1617,1434,1,1467,1585,3052
NECarroll,WFayette,98,12,0,21,32,0,119,44,0,110,53,163
NECarroll,EFayette,30,7,0,12,12,0,42,19,0,37,24,61
NECarroll,NGwinnett,0,0,0,0,0,0,0,0,0,0,0,0
NECarroll,CentGwinnett,6,2,0,4,6,0,10,8,0,8,10,18
NECarroll,EGwinnett,0,0,0,0,1,0,0,1,0,0,1,1
NECarroll,Norcross,24,2,0,5,1,0,29,3,0,26,6,32
NECarroll,Lilburn,7,3,0,3,17,0,10,20,0,10,20,30
NECarroll,Snellville,1,0,0,4,2,0,5,2,0,1,6,7
NECarroll,NHenry,2,1,0,4,6,0,6,7,0,3,10,13
NECarroll,EHenry,1,0,0,0,1,0,1,1,0,1,1,2
NECarroll,SHenry,5,0,0,2,12,0,7,12,0,5,14,19
NECarroll,SRockdale,1,0,0,1,0,0,2,0,0,1,1,2
NECarroll,NRockdale,0,0,0,4,5,0,4,5,0,0,9,9
NECarroll,NBarrow,0,0,0,0,0,0,0,0,0,0,0,0
NECarroll,SBarrow,0,0,0,0,0,0,0,0,0,0,0,0
NECarroll,NWBartow,3,0,0,3,4,0,6,4,0,3,7,10
NECarroll,NEBartow,5,0,0,0,1,0,5,1,0,5,1,6
NECarroll,SWBartow,21,3,0,6,8,0,27,11,0,24,14,38
NECarroll,Cartersville,71,15,0,21,25,0,92,40,0,86,46,132
NECarroll,NECarroll,12757,2605,0,24004,51867,0,36761,54472,0,15362,75871,91233
NECarroll,WCarroll,593,117,0,232,518,0,825,635,0,710,750,1460
NECarroll,CentralCarroll,3512,703,4,2785,7295,0,6297,7998,4,4219,10080,14299
NECarroll,SECarroll,173,27,0,74,204,0,247,231,0,200,278,478
NECarroll,WCoweta,142,13,0,28,61,0,170,74,0,155,89,244
NECarroll,NCoweta,254,32,0,61,119,0,315,151,0,286,180,466
NECarroll,SCoweta,13,5,0,11,19,0,24,24,0,18,30,48
NECarroll,SECoweta,10,2,0,3,19,0,13,21,0,12,22,34
NECarroll,NForsyth,0,0,0,0,0,0,0,0,0,0,0,0
NECarroll,Cumming,0,0,0,0,0,0,0,0,0,0,0,0
NECarroll,SForsyth,3,0,0,0,0,0,3,0,0,3,0,3
NECarroll,NHall,0,0,0,0,0,0,0,0,0,0,0,0
NECarroll,Gainesville,0,0,0,0,0,0,0,0,0,0,0,0
NECarroll,SHall,0,0,0,0,0,0,0,0,0,0,0,0
NECarroll,WNewton,1,0,0,0,0,0,1,0,0,1,0,1
NECarroll,ENewton,1,0,0,0,0,0,1,0,0,1,0,1
NECarroll,NPaulding,155,22,0,39,129,0,194,151,0,177,168,345
NECarroll,WPaulding,963,206,0,1045,2697,0,2008,2903,0,1169,3742,4911
NECarroll,EPaulding,1679,324,0,1025,3179,0,2704,3503,0,2003,4204,6207
NECarroll,NSpalding,0,0,0,1,1,0,1,1,0,0,2,2
NECarroll,SSpalding,2,0,0,0,0,0,2,0,0,2,0,2
NECarroll,WWalton,0,0,0,0,0,0,0,0,0,0,0,0
NECarroll,EWalton,0,0,0,0,0,0,0,0,0,0,0,0
WCarroll,NFulton,0,0,0,1,1,0,1,1,0,0,2,2
WCarroll,Roswell,1,0,0,0,0,0,1,0,0,1,0,1
WCarroll,SandySprings,2,0,0,1,1,0,3,1,0,2,2,4
WCarroll,Buckhead,11,0,0,8,17,0,19,17,0,11,25,36
WCarroll,NWAtlanta,20,2,0,4,3,0,24,5,0,22,7,29
WCarroll,NEAtlanta,10,1,0,11,26,0,21,27,0,11,37,48
WCarroll,SWAtlanta,21,3,0,20,32,0,41,35,0,24,52,76
WCarroll,CBDAtlanta,12,0,0,16,20,0,28,20,0,12,36,48
WCarroll,SEAtlanta,8,1,0,5,1,0,13,2,0,9,6,15
WCarroll,SFulton,35,7,0,11,10,0,46,17,0,42,21,63
WCarroll,Tri-Cities,19,5,0,4,5,0,23,10,0,24,9,33
WCarroll,Shannon,28,7,0,8,37,0,36,44,0,35,45,80
WCarroll,WCherokee,0,0,0,0,0,0,0,0,0,0,0,0
WCarroll,NCherokee,0,0,0,0,0,0,0,0,0,0,0,0
WCarroll,ECentCherokee,0,0,0,0,0,0,0,0,0,0,0,0
WCarroll,Woodstock,2,0,0,1,5,0,3,5,0,2,6,8
WCarroll,Airport,5,0,0,1,9,0,6,9,0,5,10,15
WCarroll,NEClayton,5,0,0,2,2,0,7,2,0,5,4,9
WCarroll,Riverdale,3,0,0,3,6,0,6,6,0,3,9,12
WCarroll,SClayton,3,0,0,2,0,0,5,0,0,3,2,5
WCarroll,NWCobb,20,2,0,10,29,0,30,31,0,22,39,61
WCarroll,NECobb,7,0,0,2,0,0,9,0,0,7,2,9
WCarroll,SWCobb,27,7,0,7,3,0,34,10,0,34,10,44
WCarroll,Marietta,15,0,0,5,2,0,20,2,0,15,7,22
WCarroll,Cumberland,28,4,0,8,6,0,36,10,0,32,14,46
WCarroll,SCobb,44,7,0,26,12,0,70,19,0,51,38,89
WCarroll,Chamblee,1,0,0,2,18,0,3,18,0,1,20,21
WCarroll,NWDeKalb,5,0,0,3,12,0,8,12,0,5,15,20
WCarroll,NEDeKalb,1,1,0,1,0,0,2,1,0,2,1,3
WCarroll,Atlanta-DeKalb,0,0,0,2,0,0,2,0,0,0,2,2
WCarroll,Decatur,0,0,0,0,0,0,0,0,0,0,0,0
WCarroll,SWDeKalb,3,0,0,0,0,0,3,0,0,3,0,3
WCarroll,SEDeKalb,1,0,0,0,0,0,1,0,0,1,0,1
WCarroll,SDeKalb,1,1,0,1,1,0,2,2,0,2,2,4
WCarroll,WDouglas,266,53,0,54,100,0,320,153,0,319,154,473
WCarroll,EDouglas,135,24,0,41,58,0,176,82,0,159,99,258
WCarroll,WFayette,28,1,0,12,22,0,40,23,0,29,34,63
WCarroll,EFayette,7,0,0,3,2,0,10,2,0,7,5,12
WCarroll,NGwinnett,0,0,0,0,0,0,0,0,0,0,0,0
WCarroll,CentGwinnett,0,0,0,0,0,0,0,0,0,0,0,0
WCarroll,EGwinnett,0,0,0,0,0,0,0,0,0,0,0,0
WCarroll,Norcross,1,0,0,0,0,0,1,0,0,1,0,1
WCarroll,Lilburn,0,0,0,1,0,0,1,0,0,0,1,1
WCarroll,Snellville,0,0,0,0,0,0,0,0,0,0,0,0
WCarroll,NHenry,0,0,0,1,0,0,1,0,0,0,1,1
WCarroll,EHenry,0,0,0,0,0,0,0,0,0,0,0,0
WCarroll,SHenry,0,0,0,1,0,0,1,0,0,0,1,1
WCarroll,SRockdale,0,0,0,0,0,0,0,0,0,0,0,0
WCarroll,NRockdale,0,0,0,0,0,0,0,0,0,0,0,0
WCarroll,NBarrow,0,0,0,0,0,0,0,0,0,0,0,0
WCarroll,SBarrow,0,0,0,0,0,0,0,0,0,0,0,0
WCarroll,NWBartow,0,0,0,0,0,0,0,0,0,0,0,0
WCarroll,NEBartow,0,0,0,0,0,0,0,0,0,0,0,0
WCarroll,SWBartow,4,0,0,1,0,0,5,0,0,4,1,5
WCarroll,Cartersville,6,2,0,2,1,0,8,3,0,8,3,11
WCarroll,NECarroll,599,118,0,225,529,0,824,647,0,717,754,1471
WCarroll,WCarroll,5442,1041,0,7975,15569,0,13417,16610,0,6483,23544,30027
WCarroll,CentralCarroll,3910,735,18,2762,7060,13,6672,7795,31,4663,9835,14498
WCarroll,SECarroll,247,50,0,202,746,0,449,796,0,297,948,1245
WCarroll,WCoweta,68,14,0,26,65,0,94,79,0,82,91,173
WCarroll,NCoweta,143,19,0,42,107,0,185,126,0,162,149,311
WCarroll,SCoweta,9,3,0,1,7,0,10,10,0,12,8,20
WCarroll,SECoweta,4,1,0,1,5,0,5,6,0,5,6,11
WCarroll,NForsyth,0,0,0,0,0,0,0,0,0,0,0,0
WCarroll,Cumming,0,0,0,0,0,0,0,0,0,0,0,0
WCarroll,SForsyth,0,0,0,0,0,0,0,0,0,0,0,0
WCarroll,NHall,0,0,0,0,0,0,0,0,0,0,0,0
WCarroll,Gainesville,0,0,0,0,0,0,0,0,0,0,0,0
WCarroll,SHall,0,0,0,0,0,0,0,0,0,0,0,0
WCarroll,WNewton,0,0,0,0,0,0,0,0,0,0,0,0
WCarroll,ENewton,0,0,0,0,0,0,0,0,0,0,0,0
WCarroll,NPaulding,19,1,0,6,6,0,25,7,0,20,12,32
WCarroll,WPaulding,90,13,0,14,43,0,104,56,0,103,57,160
WCarroll,EPaulding,157,28,0,29,147,0,186,175,0,185,176,361
WCarroll,NSpalding,0,0,0,0,16,0,0,16,0,0,16,16
WCarroll,SSpalding,1,0,0,0,16,0,1,16,0,1,16,17
WCarroll,WWalton,0,0,0,0,0,0,0,0,0,0,0,0
WCarroll,EWalton,0,0,0,0,0,0,0,0,0,0,0,0
CentralCarroll,NFulton,4,2,0,2,2,0,6,4,0,6,4,10
CentralCarroll,Roswell,6,0,0,4,18,0,10,18,0,6,22,28
CentralCarroll,SandySprings,49,4,0,14,19,0,63,23,0,53,33,86
CentralCarroll,Buckhead,60,12,1,15,52,0,75,64,1,73,67,140
CentralCarroll,NWAtlanta,124,20,0,23,39,0,147,59,0,144,62,206
CentralCarroll,NEAtlanta,60,15,0,41,32,1,101,47,1,75,74,149
CentralCarroll,SWAtlanta,129,25,0,25,93,0,154,118,0,154,118,272
CentralCarroll,CBDAtlanta,66,11,3,28,32,1,94,43,4,80,61,141
CentralCarroll,SEAtlanta,34,6,0,14,16,0,48,22,0,40,30,70
CentralCarroll,SFulton,331,55,0,149,201,0,480,256,0,386,350,736
CentralCarroll,Tri-Cities,122,18,1,30,82,0,152,100,1,141,112,253
CentralCarroll,Shannon,206,31,0,70,127,0,276,158,0,237,197,434
CentralCarroll,WCherokee,0,0,0,0,1,0,0,1,0,0,1,1
CentralCarroll,NCherokee,0,0,0,0,0,0,0,0,0,0,0,0
CentralCarroll,ECentCherokee,2,0,0,2,1,0,4,1,0,2,3,5
CentralCarroll,Woodstock,14,1,0,6,15,0,20,16,0,15,21,36
CentralCarroll,Airport,71,13,1,7,34,0,78,47,1,85,41,126
CentralCarroll,NEClayton,50,6,0,10,26,0,60,32,0,56,36,92
CentralCarroll,Riverdale,28,4,0,13,27,0,41,31,0,32,40,72
CentralCarroll,SClayton,25,3,0,16,16,0,41,19,0,28,32,60
CentralCarroll,NWCobb,152,22,0,45,86,0,197,108,0,174,131,305
CentralCarroll,NECobb,48,6,0,15,8,0,63,14,0,54,23,77
CentralCarroll,SWCobb,157,26,0,47,36,0,204,62,0,183,83,266
CentralCarroll,Marietta,83,15,0,14,26,0,97,41,0,98,40,138
CentralCarroll,Cumberland,181,26,0,33,60,0,214,86,0,207,93,300
CentralCarroll,SCobb,233,34,0,52,115,0,285,149,0,267,167,434
CentralCarroll,Chamblee,30,6,0,5,11,0,35,17,0,36,16,52
CentralCarroll,NWDeKalb,28,5,0,9,3,0,37,8,0,33,12,45
CentralCarroll,NEDeKalb,8,2,0,7,34,0,15,36,0,10,41,51
CentralCarroll,Atlanta-DeKalb,8,0,0,4,4,0,12,4,0,8,8,16
CentralCarroll,Decatur,5,1,0,0,1,0,5,2,0,6,1,7
CentralCarroll,SWDeKalb,17,1,0,6,25,0,23,26,0,18,31,49
CentralCarroll,SEDeKalb,5,3,0,3,4,0,8,7,0,8,7,15
CentralCarroll,SDeKalb,23,0,0,10,5,0,33,5,0,23,15,38
CentralCarroll,WDouglas,2017,404,0,1095,2585,0,3112,2989,0,2421,3680,6101
CentralCarroll,EDouglas,744,145,1,224,444,0,968,589,1,890,668,1558
CentralCarroll,WFayette,186,31,0,92,64,0,278,95,0,217,156,373
CentralCarroll,EFayette,70,17,0,27,48,0,97,65,0,87,75,162
CentralCarroll,NGwinnett,0,0,0,1,0,0,1,0,0,0,1,1
CentralCarroll,CentGwinnett,1,0,0,1,1,0,2,1,0,1,2,3
CentralCarroll,EGwinnett,0,0,0,0,0,0,0,0,0,0,0,0
CentralCarroll,Norcross,7,1,0,0,28,0,7,29,0,8,28,36
CentralCarroll,Lilburn,0,0,0,3,0,0,3,0,0,0,3,3
CentralCarroll,Snellville,0,1,0,0,9,0,0,10,0,1,9,10
CentralCarroll,NHenry,3,1,0,5,4,0,8,5,0,4,9,13
CentralCarroll,EHenry,2,0,0,1,0,0,3,0,0,2,1,3
CentralCarroll,SHenry,5,1,0,8,3,0,13,4,0,6,11,17
CentralCarroll,SRockdale,0,0,0,1,0,0,1,0,0,0,1,1
CentralCarroll,NRockdale,1,0,0,0,0,0,1,0,0,1,0,1
CentralCarroll,NBarrow,0,0,0,0,0,0,0,0,0,0,0,0
CentralCarroll,SBarrow,0,0,0,0,0,0,0,0,0,0,0,0
CentralCarroll,NWBartow,4,0,0,2,4,0,6,4,0,4,6,10
CentralCarroll,NEBartow,2,0,0,1,1,0,3,1,0,2,2,4
CentralCarroll,SWBartow,10,1,0,5,14,0,15,15,0,11,19,30
CentralCarroll,Cartersville,41,3,0,9,23,0,50,26,0,44,32,76
CentralCarroll,NECarroll,3547,663,4,2775,7342,0,6322,8005,4,4214,10117,14331
CentralCarroll,WCarroll,3927,735,18,2745,7182,13,6672,7917,31,4680,9940,14620
CentralCarroll,CentralCarroll,42802,8141,211,55391,111520,570,98193,119661,781,51154,167481,218635
CentralCarroll,SECarroll,2193,431,7,1971,5320,0,4164,5751,7,2631,7291,9922
CentralCarroll,WCoweta,960,192,1,440,764,2,1400,956,3,1153,1206,2359
CentralCarroll,NCoweta,1079,179,0,456,767,2,1535,946,2,1258,1225,2483
CentralCarroll,SCoweta,138,19,0,85,31,0,223,50,0,157,116,273
CentralCarroll,SECoweta,67,12,0,59,24,0,126,36,0,79,83,162
CentralCarroll,NForsyth,0,0,0,0,0,0,0,0,0,0,0,0
CentralCarroll,Cumming,1,0,0,0,0,0,1,0,0,1,0,1
CentralCarroll,SForsyth,0,0,0,1,0,0,1,0,0,0,1,1
CentralCarroll,NHall,0,0,0,0,0,0,0,0,0,0,0,0
CentralCarroll,Gainesville,0,0,0,0,0,0,0,0,0,0,0,0
CentralCarroll,SHall,0,0,0,0,0,0,0,0,0,0,0,0
CentralCarroll,WNewton,0,0,0,0,0,0,0,0,0,0,0,0
CentralCarroll,ENewton,0,0,0,0,0,0,0,0,0,0,0,0
CentralCarroll,NPaulding,108,15,0,34,34,0,142,49,0,123,68,191
CentralCarroll,WPaulding,421,81,0,210,317,0,631,398,0,502,527,1029
CentralCarroll,EPaulding,802,147,0,326,411,0,1128,558,0,949,737,1686
CentralCarroll,NSpalding,2,2,0,3,2,0,5,4,0,4,5,9
CentralCarroll,SSpalding,5,2,0,5,0,0,10,2,0,7,5,12
CentralCarroll,WWalton,0,0,0,0,0,0,0,0,0,0,0,0
CentralCarroll,EWalton,0,0,0,0,1,0,0,1,0,0,1,1
SECarroll,NFulton,1,0,0,0,0,0,1,0,0,1,0,1
SECarroll,Roswell,1,1,0,1,0,0,2,1,0,2,1,3
SECarroll,SandySprings,12,1,0,1,3,0,13,4,0,13,4,17
SECarroll,Buckhead,10,1,0,11,13,0,21,14,0,11,24,35
SECarroll,NWAtlanta,11,6,0,0,15,0,11,21,0,17,15,32
SECarroll,NEAtlanta,16,4,0,15,25,0,31,29,0,20,40,60
SECarroll,SWAtlanta,33,6,0,8,43,0,41,49,0,39,51,90
SECarroll,CBDAtlanta,12,4,0,10,14,0,22,18,0,16,24,40
SECarroll,SEAtlanta,5,2,0,7,21,0,12,23,0,7,28,35
SECarroll,SFulton,51,16,0,22,33,0,73,49,0,67,55,122
SECarroll,Tri-Cities,34,5,0,7,7,0,41,12,0,39,14,53
SECarroll,Shannon,52,10,0,10,10,0,62,20,0,62,20,82
SECarroll,WCherokee,0,0,0,0,0,0,0,0,0,0,0,0
SECarroll,NCherokee,0,0,0,0,0,0,0,0,0,0,0,0
SECarroll,ECentCherokee,2,1,0,1,0,0,3,1,0,3,1,4
SECarroll,Woodstock,2,0,0,1,0,0,3,0,0,2,1,3
SECarroll,Airport,23,3,0,1,1,0,24,4,0,26,2,28
SECarroll,NEClayton,12,2,0,10,20,0,22,22,0,14,30,44
SECarroll,Riverdale,11,0,0,2,14,0,13,14,0,11,16,27
SECarroll,SClayton,10,1,0,2,1,0,12,2,0,11,3,14
SECarroll,NWCobb,15,1,0,4,33,0,19,34,0,16,37,53
SECarroll,NECobb,5,0,0,2,0,0,7,0,0,5,2,7
SECarroll,SWCobb,19,1,0,6,32,0,25,33,0,20,38,58
SECarroll,Marietta,10,4,0,4,19,0,14,23,0,14,23,37
SECarroll,Cumberland,33,3,0,4,34,0,37,37,0,36,38,74
SECarroll,SCobb,49,6,0,18,53,0,67,59,0,55,71,126
SECarroll,Chamblee,5,0,0,1,6,0,6,6,0,5,7,12
SECarroll,NWDeKalb,4,1,0,3,6,0,7,7,0,5,9,14
SECarroll,NEDeKalb,4,0,0,0,4,0,4,4,0,4,4,8
SECarroll,Atlanta-DeKalb,0,0,0,0,10,0,0,10,0,0,10,10
SECarroll,Decatur,0,0,0,1,0,0,1,0,0,0,1,1
SECarroll,SWDeKalb,4,0,0,1,17,0,5,17,0,4,18,22
SECarroll,SEDeKalb,0,0,0,0,0,0,0,0,0,0,0,0
SECarroll,SDeKalb,5,0,0,0,4,0,5,4,0,5,4,9
SECarroll,WDouglas,263,41,0,149,273,0,412,314,0,304,422,726
SECarroll,EDouglas,128,20,0,39,106,0,167,126,0,148,145,293
SECarroll,WFayette,52,11,0,17,53,0,69,64,0,63,70,133
SECarroll,EFayette,17,5,0,6,8,0,23,13,0,22,14,36
SECarroll,NGwinnett,0,0,0,0,0,0,0,0,0,0,0,0
SECarroll,CentGwinnett,1,0,0,0,0,0,1,0,0,1,0,1
SECarroll,EGwinnett,0,0,0,0,0,0,0,0,0,0,0,0
SECarroll,Norcross,1,1,0,2,2,0,3,3,0,2,4,6
SECarroll,Lilburn,0,0,0,2,0,0,2,0,0,0,2,2
SECarroll,Snellville,0,0,0,0,0,0,0,0,0,0,0,0
SECarroll,NHenry,2,0,0,1,1,0,3,1,0,2,2,4
SECarroll,EHenry,0,0,0,0,0,0,0,0,0,0,0,0
SECarroll,SHenry,1,0,0,1,0,0,2,0,0,1,1,2
SECarroll,SRockdale,0,0,0,0,0,0,0,0,0,0,0,0
SECarroll,NRockdale,0,0,0,0,0,0,0,0,0,0,0,0
SECarroll,NBarrow,0,0,0,0,0,0,0,0,0,0,0,0
SECarroll,SBarrow,0,0,0,0,0,0,0,0,0,0,0,0
SECarroll,NWBartow,0,0,0,0,0,0,0,0,0,0,0,0
SECarroll,NEBartow,1,0,0,0,0,0,1,0,0,1,0,1
SECarroll,SWBartow,0,0,0,0,2,0,0,2,0,0,2,2
SECarroll,Cartersville,3,0,0,3,1,0,6,1,0,3,4,7
SECarroll,NECarroll,168,33,0,79,241,0,247,274,0,201,320,521
SECarroll,WCarroll,263,53,0,210,705,0,473,758,0,316,915,1231
SECarroll,CentralCarroll,2133,440,7,1955,5379,0,4088,5819,7,2580,7334,9914
SECarroll,SECarroll,1564,295,0,2761,6383,0,4325,6678,0,1859,9144,11003
SECarroll,WCoweta,253,57,0,227,710,0,480,767,0,310,937,1247
SECarroll,NCoweta,388,78,0,231,578,0,619,656,0,466,809,1275
SECarroll,SCoweta,28,8,0,8,10,0,36,18,0,36,18,54
SECarroll,SECoweta,12,3,0,9,23,0,21,26,0,15,32,47
SECarroll,NForsyth,0,0,0,0,0,0,0,0,0,0,0,0
SECarroll,Cumming,0,0,0,0,0,0,0,0,0,0,0,0
SECarroll,SForsyth,0,0,0,0,0,0,0,0,0,0,0,0
SECarroll,NHall,0,0,0,0,0,0,0,0,0,0,0,0
SECarroll,Gainesville,0,0,0,0,0,0,0,0,0,0,0,0
SECarroll,SHall,0,0,0,0,0,0,0,0,0,0,0,0
SECarroll,WNewton,0,0,0,0,0,0,0,0,0,0,0,0
SECarroll,ENewton,0,0,0,0,0,0,0,0,0,0,0,0
SECarroll,NPaulding,3,0,0,0,1,0,3,1,0,3,1,4
SECarroll,WPaulding,9,5,0,5,7,0,14,12,0,14,12,26
SECarroll,EPaulding,59,10,0,27,47,0,86,57,0,69,74,143
SECarroll,NSpalding,1,1,0,2,0,0,3,1,0,2,2,4
SECarroll,SSpalding,3,0,0,1,1,0,4,1,0,3,2,5
SECarroll,WWalton,0,0,0,0,0,0,0,0,0,0,0,0
SECarroll,EWalton,0,0,0,0,0,0,0,0,0,0,0,0
WCoweta,NFulton,6,0,0,2,1,0,8,1,0,6,3,9
WCoweta,Roswell,3,0,0,1,0,0,4,0,0,3,1,4
WCoweta,SandySprings,34,3,0,3,7,0,37,10,0,37,10,47
WCoweta,Buckhead,51,9,0,20,43,0,71,52,0,60,63,123
WCoweta,NWAtlanta,78,15,0,11,12,0,89,27,0,93,23,116
WCoweta,NEAtlanta,109,14,4,23,116,0,132,130,4,127,139,266
WCoweta,SWAtlanta,126,13,0,30,103,0,156,116,0,139,133,272
WCoweta,CBDAtlanta,127,18,10,30,100,4,157,118,14,155,134,289
WCoweta,SEAtlanta,78,11,0,22,67,0,100,78,0,89,89,178
WCoweta,SFulton,307,35,0,100,270,0,407,305,0,342,370,712
WCoweta,Tri-Cities,281,56,0,29,73,0,310,129,0,337,102,439
WCoweta,Shannon,469,88,1,84,207,0,553,295,1,558,291,849
WCoweta,WCherokee,0,0,0,0,0,0,0,0,0,0,0,0
WCoweta,NCherokee,0,0,0,0,0,0,0,0,0,0,0,0
WCoweta,ECentCherokee,0,0,0,1,0,0,1,0,0,0,1,1
WCoweta,Woodstock,0,0,0,2,0,0,2,0,0,0,2,2
WCoweta,Airport,195,32,2,16,10,0,211,42,2,229,26,255
WCoweta,NEClayton,153,15,0,23,109,0,176,124,0,168,132,300
WCoweta,Riverdale,71,16,0,19,70,0,90,86,0,87,89,176
WCoweta,SClayton,81,7,0,17,41,0,98,48,0,88,58,146
WCoweta,NWCobb,15,3,0,9,4,0,24,7,0,18,13,31
WCoweta,NECobb,16,4,0,1,6,0,17,10,0,20,7,27
WCoweta,SWCobb,28,6,0,6,4,0,34,10,0,34,10,44
WCoweta,Marietta,32,4,0,6,9,0,38,13,0,36,15,51
WCoweta,Cumberland,126,25,0,17,26,0,143,51,0,151,43,194
WCoweta,SCobb,117,13,0,28,56,0,145,69,0,130,84,214
WCoweta,Chamblee,30,6,0,4,10,0,34,16,0,36,14,50
WCoweta,NWDeKalb,45,7,0,9,66,2,54,73,2,52,77,129
WCoweta,NEDeKalb,24,1,0,11,52,0,35,53,0,25,63,88
WCoweta,Atlanta-DeKalb,16,4,0,1,2,0,17,6,0,20,3,23
WCoweta,Decatur,13,1,0,2,18,0,15,19,0,14,20,34
WCoweta,SWDeKalb,35,5,0,3,14,0,38,19,0,40,17,57
WCoweta,SEDeKalb,8,0,0,5,11,0,13,11,0,8,16,24
WCoweta,SDeKalb,39,9,0,4,31,0,43,40,0,48,35,83
WCoweta,WDouglas,299,56,0,79,227,0,378,283,0,355,306,661
WCoweta,EDouglas,192,38,0,41,111,0,233,149,0,230,152,382
WCoweta,WFayette,757,148,0,163,482,0,920,630,0,905,645,1550
WCoweta,EFayette,233,39,0,35,83,0,268,122,0,272,118,390
WCoweta,NGwinnett,0,0,0,1,0,0,1,0,0,0,1,1
WCoweta,CentGwinnett,4,0,0,3,5,0,7,5,0,4,8,12
WCoweta,EGwinnett,0,0,0,0,0,0,0,0,0,0,0,0
WCoweta,Norcross,8,4,0,2,17,0,10,21,0,12,19,31
WCoweta,Lilburn,1,0,0,0,0,0,1,0,0,1,0,1
WCoweta,Snellville,4,0,0,2,2,0,6,2,0,4,4,8
WCoweta,NHenry,19,2,0,3,10,0,22,12,0,21,13,34
WCoweta,EHenry,5,0,0,2,0,0,7,0,0,5,2,7
WCoweta,SHenry,25,0,0,12,6,0,37,6,0,25,18,43
WCoweta,SRockdale,1,1,0,0,0,0,1,1,0,2,0,2
WCoweta,NRockdale,1,1,0,0,5,0,1,6,0,2,5,7
WCoweta,NBarrow,0,0,0,0,0,0,0,0,0,0,0,0
WCoweta,SBarrow,0,0,0,0,0,0,0,0,0,0,0,0
WCoweta,NWBartow,0,0,0,0,0,0,0,0,0,0,0,0
WCoweta,NEBartow,0,0,0,0,0,0,0,0,0,0,0,0
WCoweta,SWBartow,1,0,0,1,0,0,2,0,0,1,1,2
WCoweta,Cartersville,1,1,0,1,0,0,2,1,0,2,1,3
WCoweta,NECarroll,140,23,0,38,52,0,178,75,0,163,90,253
WCoweta,WCarroll,70,13,0,21,49,0,91,62,0,83,70,153
WCoweta,CentralCarroll,966,187,1,452,737,0,1418,924,1,1154,1189,2343
WCoweta,SECarroll,250,56,0,209,759,0,459,815,0,306,968,1274
WCoweta,WCoweta,7682,1520,0,14924,33580,0,22606,35100,0,9202,48504,57706
WCoweta,NCoweta,7322,1375,0,9979,23070,0,17301,24445,0,8697,33049,41746
WCoweta,SCoweta,710,121,0,657,1826,0,1367,1947,0,831,2483,3314
WCoweta,SECoweta,202,35,0,129,344,0,331,379,0,237,473,710
WCoweta,NForsyth,0,0,0,0,0,0,0,0,0,0,0,0
WCoweta,Cumming,0,0,0,0,0,0,0,0,0,0,0,0
WCoweta,SForsyth,1,0,0,0,0,0,1,0,0,1,0,1
WCoweta,NHall,0,0,0,0,0,0,0,0,0,0,0,0
WCoweta,Gainesville,0,0,0,0,0,0,0,0,0,0,0,0
WCoweta,SHall,0,0,0,0,0,0,0,0,0,0,0,0
WCoweta,WNewton,0,1,0,0,0,0,0,1,0,1,0,1
WCoweta,ENewton,0,0,0,0,0,0,0,0,0,0,0,0
WCoweta,NPaulding,9,0,0,2,2,0,11,2,0,9,4,13
WCoweta,WPaulding,9,4,0,4,14,0,13,18,0,13,18,31
WCoweta,EPaulding,74,8,0,14,36,0,88,44,0,82,50,132
WCoweta,NSpalding,42,11,0,12,40,0,54,51,0,53,52,105
WCoweta,SSpalding,59,8,0,8,9,0,67,17,0,67,17,84
WCoweta,WWalton,0,0,0,0,0,0,0,0,0,0,0,0
WCoweta,EWalton,0,0,0,0,0,0,0,0,0,0,0,0
NCoweta,NFulton,17,1,0,4,9,0,21,10,0,18,13,31
NCoweta,Roswell,23,3,0,6,13,0,29,16,0,26,19,45
NCoweta,SandySprings,209,25,10,47,50,3,256,75,13,244,100,344
NCoweta,Buckhead,345,72,23,65,140,5,410,212,28,440,210,650
NCoweta,NWAtlanta,386,59,4,54,120,3,440,179,7,449,177,626
NCoweta,NEAtlanta,594,113,57,153,371,26,747,484,83,764,550,1314
NCoweta,SWAtlanta,567,105,1,149,352,5,716,457,6,673,506,1179
NCoweta,CBDAtlanta,602,107,212,144,305,47,746,412,259,921,496,1417
NCoweta,SEAtlanta,527,83,2,117,297,2,644,380,4,612,416,1028
NCoweta,SFulton,1780,332,0,1804,3928,0,3584,4260,0,2112,5732,7844
NCoweta,Tri-Cities,1570,258,5,224,589,3,1794,847,8,1833,816,2649
NCoweta,Shannon,2995,507,7,1282,3795,8,4277,4302,15,3509,5085,8594
NCoweta,WCherokee,0,0,0,0,0,0,0,0,0,0,0,0
NCoweta,NCherokee,0,0,0,0,0,0,0,0,0,0,0,0
NCoweta,ECentCherokee,2,1,0,4,3,0,6,4,0,3,7,10
NCoweta,Woodstock,12,2,0,2,12,0,14,14,0,14,14,28
NCoweta,Airport,1052,158,47,82,195,2,1134,353,49,1257,279,1536
NCoweta,NEClayton,693,138,2,119,277,0,812,415,2,833,396,1229
NCoweta,Riverdale,498,77,0,162,446,0,660,523,0,575,608,1183
NCoweta,SClayton,553,93,1,143,224,0,696,317,1,647,367,1014
NCoweta,NWCobb,73,13,0,26,43,1,99,56,1,86,70,156
NCoweta,NECobb,90,16,0,23,84,0,113,100,0,106,107,213
NCoweta,SWCobb,108,20,0,31,45,0,139,65,0,128,76,204
NCoweta,Marietta,127,27,0,34,46,2,161,73,2,154,82,236
NCoweta,Cumberland,628,86,4,74,148,1,702,234,5,718,223,941
NCoweta,SCobb,352,60,0,71,129,1,423,189,1,412,201,613
NCoweta,Chamblee,227,35,11,37,76,3,264,111,14,273,116,389
NCoweta,NWDeKalb,252,46,4,78,251,8,330,297,12,302,337,639
NCoweta,NEDeKalb,148,32,1,37,92,3,185,124,4,181,132,313
NCoweta,Atlanta-DeKalb,48,8,2,15,42,0,63,50,2,58,57,115
NCoweta,Decatur,38,7,1,16,86,2,54,93,3,46,104,150
NCoweta,SWDeKalb,129,20,2,40,68,0,169,88,2,151,108,259
NCoweta,SEDeKalb,57,13,1,31,45,0,88,58,1,71,76,147
NCoweta,SDeKalb,223,44,0,63,157,2,286,201,2,267,222,489
NCoweta,WDouglas,831,155,0,246,589,0,1077,744,0,986,835,1821
NCoweta,EDouglas,717,114,0,164,387,0,881,501,0,831,551,1382
NCoweta,WFayette,6368,1065,0,4693,12586,0,11061,13651,0,7433,17279,24712
NCoweta,EFayette,1631,277,0,602,1617,0,2233,1894,0,1908,2219,4127
NCoweta,NGwinnett,4,0,0,1,15,0,5,15,0,4,16,20
NCoweta,CentGwinnett,25,6,0,22,33,0,47,39,0,31,55,86
NCoweta,EGwinnett,1,2,0,2,1,0,3,3,0,3,3,6
NCoweta,Norcross,76,22,0,21,46,0,97,68,0,98,67,165
NCoweta,Lilburn,16,2,0,6,6,0,22,8,0,18,12,30
NCoweta,Snellville,11,3,0,5,33,0,16,36,0,14,38,52
NCoweta,NHenry,174,29,0,49,162,0,223,191,0,203,211,414
NCoweta,EHenry,30,4,0,12,31,0,42,35,0,34,43,77
NCoweta,SHenry,281,51,0,77,180,0,358,231,0,332,257,589
NCoweta,SRockdale,10,0,0,4,6,0,14,6,0,10,10,20
NCoweta,NRockdale,17,3,0,8,8,0,25,11,0,20,16,36
NCoweta,NBarrow,0,0,0,0,0,0,0,0,0,0,0,0
NCoweta,SBarrow,0,0,0,0,4,0,0,4,0,0,4,4
NCoweta,NWBartow,0,0,0,0,0,0,0,0,0,0,0,0
NCoweta,NEBartow,0,0,0,0,0,0,0,0,0,0,0,0
NCoweta,SWBartow,0,0,0,0,0,0,0,0,0,0,0,0
NCoweta,Cartersville,0,0,0,4,4,0,4,4,0,0,8,8
NCoweta,NECarroll,251,35,0,53,116,0,304,151,0,286,169,455
NCoweta,WCarroll,151,12,0,42,120,0,193,132,0,163,162,325
NCoweta,CentralCarroll,1082,177,0,435,756,4,1517,933,4,1259,1195,2454
NCoweta,SECarroll,395,65,0,250,589,0,645,654,0,460,839,1299
NCoweta,WCoweta,7463,1460,0,9967,23112,0,17430,24572,0,8923,33079,42002
NCoweta,NCoweta,43519,7625,0,75966,165149,0,119485,172774,0,51144,241115,292259
NCoweta,SCoweta,2436,459,0,2460,6401,0,4896,6860,0,2895,8861,11756
NCoweta,SECoweta,2118,359,0,2779,6652,0,4897,7011,0,2477,9431,11908
NCoweta,NForsyth,0,0,0,0,0,0,0,0,0,0,0,0
NCoweta,Cumming,1,0,0,1,0,0,2,0,0,1,1,2
NCoweta,SForsyth,5,1,0,3,3,0,8,4,0,6,6,12
NCoweta,NHall,0,0,0,0,0,0,0,0,0,0,0,0
NCoweta,Gainesville,0,0,0,0,0,0,0,0,0,0,0,0
NCoweta,SHall,0,0,0,2,2,0,2,2,0,0,4,4
NCoweta,WNewton,7,2,0,5,4,0,12,6,0,9,9,18
NCoweta,ENewton,0,0,0,0,1,0,0,1,0,0,1,1
NCoweta,NPaulding,10,1,0,6,28,0,16,29,0,11,34,45
NCoweta,WPaulding,42,3,0,16,15,0,58,18,0,45,31,76
NCoweta,EPaulding,183,27,0,50,98,0,233,125,0,210,148,358
NCoweta,NSpalding,297,52,0,82,98,0,379,150,0,349,180,529
NCoweta,SSpalding,311,35,0,66,141,0,377,176,0,346,207,553
NCoweta,WWalton,3,0,0,0,0,0,3,0,0,3,0,3
NCoweta,EWalton,4,0,0,1,0,0,5,0,0,4,1,5
SCoweta,NFulton,1,0,0,0,0,0,1,0,0,1,0,1
SCoweta,Roswell,3,0,0,0,0,0,3,0,0,3,0,3
SCoweta,SandySprings,12,3,0,2,2,0,14,5,0,15,4,19
SCoweta,Buckhead,15,6,0,12,28,0,27,34,0,21,40,61
SCoweta,NWAtlanta,26,4,0,5,16,0,31,20,0,30,21,51
SCoweta,NEAtlanta,32,4,1,19,79,0,51,83,1,37,98,135
SCoweta,SWAtlanta,53,8,0,11,18,0,64,26,0,61,29,90
SCoweta,CBDAtlanta,33,7,6,29,129,0,62,136,6,46,158,204
SCoweta,SEAtlanta,40,9,0,12,49,0,52,58,0,49,61,110
SCoweta,SFulton,77,6,0,12,102,0,89,108,0,83,114,197
SCoweta,Tri-Cities,122,16,0,26,54,0,148,70,0,138,80,218
SCoweta,Shannon,208,29,0,50,68,0,258,97,0,237,118,355
SCoweta,WCherokee,0,0,0,0,0,0,0,0,0,0,0,0
SCoweta,NCherokee,0,0,0,0,0,0,0,0,0,0,0,0
SCoweta,ECentCherokee,0,0,0,0,0,0,0,0,0,0,0,0
SCoweta,Woodstock,0,0,0,0,1,0,0,1,0,0,1,1
SCoweta,Airport,75,12,1,9,44,0,84,56,1,88,53,141
SCoweta,NEClayton,66,11,0,14,15,0,80,26,0,77,29,106
SCoweta,Riverdale,25,3,0,16,61,0,41,64,0,28,77,105
SCoweta,SClayton,47,7,0,15,37,0,62,44,0,54,52,106
SCoweta,NWCobb,2,0,0,3,0,0,5,0,0,2,3,5
SCoweta,NECobb,2,1,0,3,0,0,5,1,0,3,3,6
SCoweta,SWCobb,4,0,0,1,4,0,5,4,0,4,5,9
SCoweta,Marietta,5,3,0,4,7,0,9,10,0,8,11,19
SCoweta,Cumberland,48,7,0,8,26,0,56,33,0,55,34,89
SCoweta,SCobb,14,3,0,8,17,0,22,20,0,17,25,42
SCoweta,Chamblee,12,1,1,5,4,0,17,5,1,14,9,23
SCoweta,NWDeKalb,19,4,0,14,40,0,33,44,0,23,54,77
SCoweta,NEDeKalb,11,0,0,2,26,0,13,26,0,11,28,39
SCoweta,Atlanta-DeKalb,4,1,0,1,4,0,5,5,0,5,5,10
SCoweta,Decatur,1,1,0,2,5,0,3,6,0,2,7,9
SCoweta,SWDeKalb,8,5,0,3,2,0,11,7,0,13,5,18
SCoweta,SEDeKalb,2,1,0,3,19,0,5,20,0,3,22,25
SCoweta,SDeKalb,17,2,0,8,26,0,25,28,0,19,34,53
SCoweta,WDouglas,54,9,0,12,10,0,66,19,0,63,22,85
SCoweta,EDouglas,35,8,0,9,59,0,44,67,0,43,68,111
SCoweta,WFayette,510,89,0,164,366,0,674,455,0,599,530,1129
SCoweta,EFayette,164,34,0,36,110,0,200,144,0,198,146,344
SCoweta,NGwinnett,1,0,0,0,0,0,1,0,0,1,0,1
SCoweta,CentGwinnett,2,0,0,1,1,0,3,1,0,2,2,4
SCoweta,EGwinnett,0,0,0,0,0,0,0,0,0,0,0,0
SCoweta,Norcross,3,0,0,1,4,0,4,4,0,3,5,8
SCoweta,Lilburn,2,0,0,0,1,0,2,1,0,2,1,3
SCoweta,Snellville,0,0,0,0,0,0,0,0,0,0,0,0
SCoweta,NHenry,7,0,0,4,26,0,11,26,0,7,30,37
SCoweta,EHenry,5,0,0,3,7,0,8,7,0,5,10,15
SCoweta,SHenry,34,6,0,16,25,0,50,31,0,40,41,81
SCoweta,SRockdale,0,0,0,1,0,0,1,0,0,0,1,1
SCoweta,NRockdale,0,0,0,0,1,0,0,1,0,0,1,1
SCoweta,NBarrow,0,0,0,0,0,0,0,0,0,0,0,0
SCoweta,SBarrow,0,0,0,0,0,0,0,0,0,0,0,0
SCoweta,NWBartow,0,0,0,0,0,0,0,0,0,0,0,0
SCoweta,NEBartow,0,0,0,0,0,0,0,0,0,0,0,0
SCoweta,SWBartow,0,0,0,0,0,0,0,0,0,0,0,0
SCoweta,Cartersville,1,0,0,0,0,0,1,0,0,1,0,1
SCoweta,NECarroll,27,4,0,12,22,0,39,26,0,31,34,65
SCoweta,WCarroll,8,2,0,2,1,0,10,3,0,10,3,13
SCoweta,CentralCarroll,155,19,0,80,58,0,235,77,0,174,138,312
SCoweta,SECarroll,36,3,0,7,12,0,43,15,0,39,19,58
SCoweta,WCoweta,633,110,0,676,1775,0,1309,1885,0,743,2451,3194
SCoweta,NCoweta,2388,456,0,2433,6361,0,4821,6817,0,2844,8794,11638
SCoweta,SCoweta,2630,467,0,4352,9679,0,6982,10146,0,3097,14031,17128
SCoweta,SECoweta,301,71,0,291,781,0,592,852,0,372,1072,1444
SCoweta,NForsyth,0,0,0,0,0,0,0,0,0,0,0,0
SCoweta,Cumming,0,0,0,0,0,0,0,0,0,0,0,0
SCoweta,SForsyth,0,0,0,0,0,0,0,0,0,0,0,0
SCoweta,NHall,0,0,0,0,0,0,0,0,0,0,0,0
SCoweta,Gainesville,0,0,0,0,0,0,0,0,0,0,0,0
SCoweta,SHall,0,0,0,0,0,0,0,0,0,0,0,0
SCoweta,WNewton,1,0,0,0,0,0,1,0,0,1,0,1
SCoweta,ENewton,0,0,0,0,0,0,0,0,0,0,0,0
SCoweta,NPaulding,0,0,0,0,0,0,0,0,0,0,0,0
SCoweta,WPaulding,2,0,0,0,4,0,2,4,0,2,4,6
SCoweta,EPaulding,10,2,0,3,2,0,13,4,0,12,5,17
SCoweta,NSpalding,38,10,0,30,31,0,68,41,0,48,61,109
SCoweta,SSpalding,55,13,0,17,55,0,72,68,0,68,72,140
SCoweta,WWalton,0,0,0,0,0,0,0,0,0,0,0,0
SCoweta,EWalton,0,0,0,0,0,0,0,0,0,0,0,0
SECoweta,NFulton,4,0,0,0,0,0,4,0,0,4,0,4
SECoweta,Roswell,4,0,0,0,1,0,4,1,0,4,1,5
SECoweta,SandySprings,22,2,0,6,2,0,28,4,0,24,8,32
SECoweta,Buckhead,51,11,0,13,54,0,64,65,0,62,67,129
SECoweta,NWAtlanta,51,5,0,9,32,0,60,37,0,56,41,97
SECoweta,NEAtlanta,74,17,1,24,114,0,98,131,1,92,138,230
SECoweta,SWAtlanta,68,18,0,19,59,0,87,77,0,86,78,164
SECoweta,CBDAtlanta,55,14,7,33,118,5,88,132,12,76,156,232
SECoweta,SEAtlanta,78,10,0,16,45,0,94,55,0,88,61,149
SECoweta,SFulton,115,19,0,30,52,0,145,71,0,134,82,216
SECoweta,Tri-Cities,244,38,0,47,65,0,291,103,0,282,112,394
SECoweta,Shannon,295,53,0,83,229,0,378,282,0,348,312,660
SECoweta,WCherokee,0,0,0,0,0,0,0,0,0,0,0,0
SECoweta,NCherokee,0,0,0,0,0,0,0,0,0,0,0,0
SECoweta,ECentCherokee,1,0,0,0,0,0,1,0,0,1,0,1
SECoweta,Woodstock,0,0,0,0,0,0,0,0,0,0,0,0
SECoweta,Airport,129,27,5,12,11,0,141,38,5,161,23,184
SECoweta,NEClayton,202,32,0,47,99,1,249,131,1,234,147,381
SECoweta,Riverdale,137,29,0,64,168,0,201,197,0,166,232,398
SECoweta,SClayton,223,40,0,84,173,0,307,213,0,263,257,520
SECoweta,NWCobb,8,0,0,2,10,0,10,10,0,8,12,20
SECoweta,NECobb,9,2,0,4,7,0,13,9,0,11,11,22
SECoweta,SWCobb,18,4,0,2,33,0,20,37,0,22,35,57
SECoweta,Marietta,13,5,0,2,2,0,15,7,0,18,4,22
SECoweta,Cumberland,86,7,0,15,23,0,101,30,0,93,38,131
SECoweta,SCobb,41,5,0,12,12,0,53,17,0,46,24,70
SECoweta,Chamblee,19,7,0,11,14,0,30,21,0,26,25,51
SECoweta,NWDeKalb,36,3,0,13,29,0,49,32,0,39,42,81
SECoweta,NEDeKalb,23,6,0,11,24,0,34,30,0,29,35,64
SECoweta,Atlanta-DeKalb,6,3,0,2,40,0,8,43,0,9,42,51
SECoweta,Decatur,10,1,1,4,1,0,14,2,1,12,5,17
SECoweta,SWDeKalb,19,2,0,6,7,0,25,9,0,21,13,34
SECoweta,SEDeKalb,12,2,0,2,1,0,14,3,0,14,3,17
SECoweta,SDeKalb,40,7,0,13,42,0,53,49,0,47,55,102
SECoweta,WDouglas,61,5,0,19,26,0,80,31,0,66,45,111
SECoweta,EDouglas,75,10,0,13,43,0,88,53,0,85,56,141
SECoweta,WFayette,2490,441,0,2535,7057,0,5025,7498,0,2931,9592,12523
SECoweta,EFayette,910,181,0,638,1349,0,1548,1530,0,1091,1987,3078
SECoweta,NGwinnett,0,0,0,0,0,0,0,0,0,0,0,0
SECoweta,CentGwinnett,1,0,0,3,0,0,4,0,0,1,3,4
SECoweta,EGwinnett,1,0,0,0,0,0,1,0,0,1,0,1
SECoweta,Norcross,11,1,0,3,3,0,14,4,0,12,6,18
SECoweta,Lilburn,3,0,0,0,0,0,3,0,0,3,0,3
SECoweta,Snellville,0,0,0,1,11,0,1,11,0,0,12,12
SECoweta,NHenry,64,8,0,29,71,0,93,79,0,72,100,172
SECoweta,EHenry,16,3,0,5,11,0,21,14,0,19,16,35
SECoweta,SHenry,250,40,0,66,92,0,316,132,0,290,158,448
SECoweta,SRockdale,1,0,0,1,1,0,2,1,0,1,2,3
SECoweta,NRockdale,2,2,0,0,16,0,2,18,0,4,16,20
SECoweta,NBarrow,0,0,0,0,0,0,0,0,0,0,0,0
SECoweta,SBarrow,0,0,0,0,0,0,0,0,0,0,0,0
SECoweta,NWBartow,0,0,0,0,0,0,0,0,0,0,0,0
SECoweta,NEBartow,0,0,0,0,0,0,0,0,0,0,0,0
SECoweta,SWBartow,0,0,0,0,0,0,0,0,0,0,0,0
SECoweta,Cartersville,0,0,0,0,0,0,0,0,0,0,0,0
SECoweta,NECarroll,15,2,0,3,15,0,18,17,0,17,18,35
SECoweta,WCarroll,6,0,0,2,5,0,8,5,0,6,7,13
SECoweta,CentralCarroll,70,17,0,64,23,0,134,40,0,87,87,174
SECoweta,SECarroll,9,1,0,12,23,0,21,24,0,10,35,45
SECoweta,WCoweta,222,39,0,133,278,0,355,317,0,261,411,672
SECoweta,NCoweta,2056,360,0,2761,6714,0,4817,7074,0,2416,9475,11891
SECoweta,SCoweta,326,65,0,321,785,0,647,850,0,391,1106,1497
SECoweta,SECoweta,2566,433,0,5535,12325,0,8101,12758,0,2999,17860,20859
SECoweta,NForsyth,0,0,0,0,0,0,0,0,0,0,0,0
SECoweta,Cumming,0,0,0,0,0,0,0,0,0,0,0,0
SECoweta,SForsyth,0,0,0,0,0,0,0,0,0,0,0,0
SECoweta,NHall,0,0,0,0,0,0,0,0,0,0,0,0
SECoweta,Gainesville,0,0,0,0,0,0,0,0,0,0,0,0
SECoweta,SHall,0,0,0,0,0,0,0,0,0,0,0,0
SECoweta,WNewton,10,2,0,8,1,0,18,3,0,12,9,21
SECoweta,ENewton,0,0,0,0,0,0,0,0,0,0,0,0
SECoweta,NPaulding,1,0,0,0,0,0,1,0,0,1,0,1
SECoweta,WPaulding,1,0,0,0,0,0,1,0,0,1,0,1
SECoweta,EPaulding,14,1,0,1,1,0,15,2,0,15,2,17
SECoweta,NSpalding,344,58,0,139,327,0,483,385,0,402,466,868
SECoweta,SSpalding,407,78,0,211,352,0,618,430,0,485,563,1048
SECoweta,WWalton,0,0,0,0,0,0,0,0,0,0,0,0
SECoweta,EWalton,0,0,0,0,0,0,0,0,0,0,0,0
NForsyth,NFulton,3560,599,0,630,1739,1,4190,2338,1,4159,2370,6529
NForsyth,Roswell,856,159,1,158,504,1,1014,663,2,1016,663,1679
NForsyth,SandySprings,735,105,1,138,364,3,873,469,4,841,505,1346
NForsyth,Buckhead,243,35,0,61,258,9,304,293,9,278,328,606
NForsyth,NWAtlanta,58,13,0,13,57,1,71,70,1,71,71,142
NForsyth,NEAtlanta,97,10,2,56,232,1,153,242,3,109,289,398
NForsyth,SWAtlanta,24,4,0,12,39,0,36,43,0,28,51,79
NForsyth,CBDAtlanta,46,12,3,34,253,2,80,265,5,61,289,350
NForsyth,SEAtlanta,17,1,0,8,104,0,25,105,0,18,112,130
NForsyth,SFulton,3,0,0,3,16,0,6,16,0,3,19,22
NForsyth,Tri-Cities,24,5,0,6,19,0,30,24,0,29,25,54
NForsyth,Shannon,5,0,0,0,0,0,5,0,0,5,0,5
NForsyth,WCherokee,71,9,0,43,53,0,114,62,0,80,96,176
NForsyth,NCherokee,183,33,0,88,219,0,271,252,0,216,307,523
NForsyth,ECentCherokee,1503,226,0,794,2137,0,2297,2363,0,1729,2931,4660
NForsyth,Woodstock,288,45,0,76,160,0,364,205,0,333,236,569
NForsyth,Airport,4,4,1,3,2,0,7,6,1,9,5,14
NForsyth,NEClayton,7,2,0,5,23,0,12,25,0,9,28,37
NForsyth,Riverdale,0,0,0,1,2,0,1,2,0,0,3,3
NForsyth,SClayton,3,0,0,0,5,0,3,5,0,3,5,8
NForsyth,NWCobb,222,32,0,82,123,0,304,155,0,254,205,459
NForsyth,NECobb,421,65,0,94,233,0,515,298,0,486,327,813
NForsyth,SWCobb,13,2,0,10,5,0,23,7,0,15,15,30
NForsyth,Marietta,173,17,0,47,134,0,220,151,0,190,181,371
NForsyth,Cumberland,322,42,0,51,163,0,373,205,0,364,214,578
NForsyth,SCobb,36,9,0,17,46,0,53,55,0,45,63,108
NForsyth,Chamblee,460,65,0,117,256,0,577,321,0,525,373,898
NForsyth,NWDeKalb,80,17,0,28,271,0,108,288,0,97,299,396
NForsyth,NEDeKalb,152,21,0,35,107,0,187,128,0,173,142,315
NForsyth,Atlanta-DeKalb,3,3,0,1,27,0,4,30,0,6,28,34
NForsyth,Decatur,9,3,0,3,16,0,12,19,0,12,19,31
NForsyth,SWDeKalb,12,4,0,4,35,0,16,39,0,16,39,55
NForsyth,SEDeKalb,8,0,0,5,2,0,13,2,0,8,7,15
NForsyth,SDeKalb,6,1,0,3,23,0,9,24,0,7,26,33
NForsyth,WDouglas,2,0,0,1,0,0,3,0,0,2,1,3
NForsyth,EDouglas,8,1,0,3,12,0,11,13,0,9,15,24
NForsyth,WFayette,1,0,0,0,0,0,1,0,0,1,0,1
NForsyth,EFayette,2,0,0,1,1,0,3,1,0,2,2,4
NForsyth,NGwinnett,1108,201,0,351,1037,0,1459,1238,0,1309,1388,2697
NForsyth,CentGwinnett,882,160,0,231,567,0,1113,727,0,1042,798,1840
NForsyth,EGwinnett,62,9,0,21,79,0,83,88,0,71,100,171
NForsyth,Norcross,698,104,0,100,309,0,798,413,0,802,409,1211
NForsyth,Lilburn,58,8,0,14,67,0,72,75,0,66,81,147
NForsyth,Snellville,51,6,0,19,82,0,70,88,0,57,101,158
NForsyth,NHenry,2,0,0,1,0,0,3,0,0,2,1,3
NForsyth,EHenry,2,0,0,0,0,0,2,0,0,2,0,2
NForsyth,SHenry,0,0,0,0,0,0,0,0,0,0,0,0
NForsyth,SRockdale,0,0,0,0,0,0,0,0,0,0,0,0
NForsyth,NRockdale,6,2,0,2,2,0,8,4,0,8,4,12
NForsyth,NBarrow,60,9,0,29,26,0,89,35,0,69,55,124
NForsyth,SBarrow,27,3,0,11,3,0,38,6,0,30,14,44
NForsyth,NWBartow,4,0,0,1,13,0,5,13,0,4,14,18
NForsyth,NEBartow,13,2,0,8,15,0,21,17,0,15,23,38
NForsyth,SWBartow,2,0,0,3,5,0,5,5,0,2,8,10
NForsyth,Cartersville,66,13,0,28,58,0,94,71,0,79,86,165
NForsyth,NECarroll,0,0,0,0,0,0,0,0,0,0,0,0
NForsyth,WCarroll,0,0,0,0,0,0,0,0,0,0,0,0
NForsyth,CentralCarroll,0,0,0,0,0,0,0,0,0,0,0,0
NForsyth,SECarroll,0,0,0,0,0,0,0,0,0,0,0,0
NForsyth,WCoweta,0,0,0,0,0,0,0,0,0,0,0,0
NForsyth,NCoweta,0,0,0,0,0,0,0,0,0,0,0,0
NForsyth,SCoweta,0,0,0,0,0,0,0,0,0,0,0,0
NForsyth,SECoweta,0,0,0,0,0,0,0,0,0,0,0,0
NForsyth,NForsyth,18286,3246,0,40157,98938,0,58443,102184,0,21532,139095,160627
NForsyth,Cumming,9966,1808,0,12302,36032,0,22268,37840,0,11774,48334,60108
NForsyth,SForsyth,2349,407,0,694,1677,0,3043,2084,0,2756,2371,5127
NForsyth,NHall,548,97,0,240,504,0,788,601,0,645,744,1389
NForsyth,Gainesville,3645,618,1,2221,5856,7,5866,6474,8,4264,8084,12348
NForsyth,SHall,1028,198,0,656,1027,0,1684,1225,0,1226,1683,2909
NForsyth,WNewton,2,0,0,1,4,0,3,4,0,2,5,7
NForsyth,ENewton,0,0,0,0,0,0,0,0,0,0,0,0
NForsyth,NPaulding,7,0,0,1,6,0,8,6,0,7,7,14
NForsyth,WPaulding,0,0,0,0,0,0,0,0,0,0,0,0
NForsyth,EPaulding,11,1,0,4,3,0,15,4,0,12,7,19
NForsyth,NSpalding,0,0,0,0,0,0,0,0,0,0,0,0
NForsyth,SSpalding,0,0,0,0,0,0,0,0,0,0,0,0
NForsyth,WWalton,12,1,0,6,22,0,18,23,0,13,28,41
NForsyth,EWalton,7,1,0,1,2,0,8,3,0,8,3,11
Cumming,NFulton,11687,2094,19,4866,13487,19,16553,15581,38,13800,18372,32172
Cumming,Roswell,2503,438,3,705,2214,2,3208,2652,5,2944,2921,5865
Cumming,SandySprings,1963,322,14,394,915,28,2357,1237,42,2299,1337,3636
Cumming,Buckhead,700,125,20,126,342,3,826,467,23,845,471,1316
Cumming,NWAtlanta,128,19,0,33,134,5,161,153,5,147,172,319
Cumming,NEAtlanta,381,61,16,119,603,43,500,664,59,458,765,1223
Cumming,SWAtlanta,57,14,0,31,114,7,88,128,7,71,152,223
Cumming,CBDAtlanta,209,39,58,68,525,43,277,564,101,306,636,942
Cumming,SEAtlanta,41,11,0,32,93,3,73,104,3,52,128,180
Cumming,SFulton,15,1,0,6,4,0,21,5,0,16,10,26
Cumming,Tri-Cities,61,18,0,27,33,1,88,51,1,79,61,140
Cumming,Shannon,5,1,0,6,27,0,11,28,0,6,33,39
Cumming,WCherokee,205,39,0,106,207,0,311,246,0,244,313,557
Cumming,NCherokee,439,81,0,265,618,0,704,699,0,520,883,1403
Cumming,ECentCherokee,4260,798,0,3587,9466,0,7847,10264,0,5058,13053,18111
Cumming,Woodstock,796,104,0,214,371,0,1010,475,0,900,585,1485
Cumming,Airport,21,9,6,6,8,0,27,17,6,36,14,50
Cumming,NEClayton,38,9,0,13,23,0,51,32,0,47,36,83
Cumming,Riverdale,9,0,0,5,15,0,14,15,0,9,20,29
Cumming,SClayton,9,1,0,0,12,0,9,13,0,10,12,22
Cumming,NWCobb,465,80,0,182,210,8,647,290,8,545,400,945
Cumming,NECobb,1068,194,0,270,515,0,1338,709,0,1262,785,2047
Cumming,SWCobb,48,2,0,10,25,0,58,27,0,50,35,85
Cumming,Marietta,376,56,1,105,159,3,481,215,4,433,267,700
Cumming,Cumberland,665,107,0,124,293,3,789,400,3,772,420,1192
Cumming,SCobb,109,25,0,35,86,0,144,111,0,134,121,255
Cumming,Chamblee,1273,219,11,250,611,6,1523,830,17,1503,867,2370
Cumming,NWDeKalb,271,49,2,99,683,26,370,732,28,322,808,1130
Cumming,NEDeKalb,390,65,1,88,241,0,478,306,1,456,329,785
Cumming,Atlanta-DeKalb,22,5,0,15,21,0,37,26,0,27,36,63
Cumming,Decatur,24,3,0,16,29,3,40,32,3,27,48,75
Cumming,SWDeKalb,43,9,0,21,93,2,64,102,2,52,116,168
Cumming,SEDeKalb,34,5,0,12,36,0,46,41,0,39,48,87
Cumming,SDeKalb,31,6,0,23,70,0,54,76,0,37,93,130
Cumming,WDouglas,8,1,0,3,4,0,11,5,0,9,7,16
Cumming,EDouglas,30,1,0,14,11,0,44,12,0,31,25,56
Cumming,WFayette,3,0,0,0,6,0,3,6,0,3,6,9
Cumming,EFayette,3,1,0,6,12,0,9,13,0,4,18,22
Cumming,NGwinnett,4909,829,0,3361,9344,0,8270,10173,0,5738,12705,18443
Cumming,CentGwinnett,2741,472,0,991,2835,0,3732,3307,0,3213,3826,7039
Cumming,EGwinnett,297,43,0,67,146,0,364,189,0,340,213,553
Cumming,Norcross,1910,305,0,375,899,2,2285,1204,2,2215,1276,3491
Cumming,Lilburn,139,27,0,60,116,0,199,143,0,166,176,342
Cumming,Snellville,212,32,0,58,193,0,270,225,0,244,251,495
Cumming,NHenry,6,1,0,6,19,0,12,20,0,7,25,32
Cumming,EHenry,1,1,0,2,1,0,3,2,0,2,3,5
Cumming,SHenry,0,0,0,2,1,0,2,1,0,0,3,3
Cumming,SRockdale,2,1,0,0,2,0,2,3,0,3,2,5
Cumming,NRockdale,7,2,0,4,27,0,11,29,0,9,31,40
Cumming,NBarrow,175,29,0,48,96,0,223,125,0,204,144,348
Cumming,SBarrow,99,20,0,15,107,0,114,127,0,119,122,241
Cumming,NWBartow,10,2,0,10,17,0,20,19,0,12,27,39
Cumming,NEBartow,44,7,0,25,54,0,69,61,0,51,79,130
Cumming,SWBartow,9,0,0,5,41,0,14,41,0,9,46,55
Cumming,Cartersville,92,17,0,40,90,0,132,107,0,109,130,239
Cumming,NECarroll,0,0,0,0,0,0,0,0,0,0,0,0
Cumming,WCarroll,0,0,0,0,0,0,0,0,0,0,0,0
Cumming,CentralCarroll,0,0,0,0,0,0,0,0,0,0,0,0
Cumming,SECarroll,0,0,0,0,0,0,0,0,0,0,0,0
Cumming,WCoweta,0,0,0,0,0,0,0,0,0,0,0,0
Cumming,NCoweta,1,0,0,1,1,0,2,1,0,1,2,3
Cumming,SCoweta,0,0,0,0,0,0,0,0,0,0,0,0
Cumming,SECoweta,0,0,0,0,0,0,0,0,0,0,0,0
Cumming,NForsyth,10696,1826,0,12438,36380,0,23134,38206,0,12522,48818,61340
Cumming,Cumming,55889,9972,0,101722,236145,0,157611,246117,0,65861,337867,403728
Cumming,SForsyth,10620,1872,0,9954,26151,0,20574,28023,0,12492,36105,48597
Cumming,NHall,536,72,0,117,325,0,653,397,0,608,442,1050
Cumming,Gainesville,2551,443,3,1108,2349,0,3659,2792,3,2997,3457,6454
Cumming,SHall,1389,248,0,739,1218,0,2128,1466,0,1637,1957,3594
Cumming,WNewton,12,2,0,1,9,0,13,11,0,14,10,24
Cumming,ENewton,1,0,0,0,9,0,1,9,0,1,9,10
Cumming,NPaulding,12,1,0,9,29,0,21,30,0,13,38,51
Cumming,WPaulding,0,1,0,1,0,0,1,1,0,1,1,2
Cumming,EPaulding,39,4,0,11,19,0,50,23,0,43,30,73
Cumming,NSpalding,0,0,0,0,4,0,0,4,0,0,4,4
Cumming,SSpalding,0,0,0,0,0,0,0,0,0,0,0,0
Cumming,WWalton,60,11,0,23,32,0,83,43,0,71,55,126
Cumming,EWalton,37,8,0,10,66,0,47,74,0,45,76,121
SForsyth,NFulton,15832,3038,56,17137,36346,67,32969,39384,123,18926,53550,72476
SForsyth,Roswell,2227,438,1,1294,3897,15,3521,4335,16,2666,5206,7872
SForsyth,SandySprings,1424,246,18,358,1062,31,1782,1308,49,1688,1451,3139
SForsyth,Buckhead,511,100,19,80,338,7,591,438,26,630,425,1055
SForsyth,NWAtlanta,79,18,0,23,74,3,102,92,3,97,100,197
SForsyth,NEAtlanta,282,47,39,78,358,41,360,405,80,368,477,845
SForsyth,SWAtlanta,62,12,2,20,28,4,82,40,6,76,52,128
SForsyth,CBDAtlanta,180,52,63,51,213,37,231,265,100,295,301,596
SForsyth,SEAtlanta,38,13,1,25,63,3,63,76,4,52,91,143
SForsyth,SFulton,21,6,0,9,8,0,30,14,0,27,17,44
SForsyth,Tri-Cities,54,11,3,10,21,1,64,32,4,68,32,100
SForsyth,Shannon,14,3,0,7,6,0,21,9,0,17,13,30
SForsyth,WCherokee,148,26,0,35,78,0,183,104,0,174,113,287
SForsyth,NCherokee,196,38,0,44,169,0,240,207,0,234,213,447
SForsyth,ECentCherokee,2024,390,0,819,1874,1,2843,2264,1,2414,2694,5108
SForsyth,Woodstock,504,97,0,109,215,0,613,312,0,601,324,925
SForsyth,Airport,20,6,6,3,4,0,23,10,6,32,7,39
SForsyth,NEClayton,33,7,0,15,31,0,48,38,0,40,46,86
SForsyth,Riverdale,19,4,0,3,10,0,22,14,0,23,13,36
SForsyth,SClayton,15,5,0,2,7,0,17,12,0,20,9,29
SForsyth,NWCobb,282,52,1,60,86,1,342,138,2,335,147,482
SForsyth,NECobb,772,142,0,212,613,0,984,755,0,914,825,1739
SForsyth,SWCobb,53,9,0,8,23,0,61,32,0,62,31,93
SForsyth,Marietta,205,25,0,57,68,0,262,93,0,230,125,355
SForsyth,Cumberland,424,76,2,76,176,2,500,252,4,502,254,756
SForsyth,SCobb,77,10,0,24,38,0,101,48,0,87,62,149
SForsyth,Chamblee,1146,224,12,304,790,1,1450,1014,13,1382,1095,2477
SForsyth,NWDeKalb,232,51,0,69,336,15,301,387,15,283,420,703
SForsyth,NEDeKalb,405,66,0,130,293,2,535,359,2,471,425,896
SForsyth,Atlanta-DeKalb,17,3,0,3,14,1,20,17,1,20,18,38
SForsyth,Decatur,27,5,2,8,34,1,35,39,3,34,43,77
SForsyth,SWDeKalb,63,13,1,28,40,0,91,53,1,77,68,145
SForsyth,SEDeKalb,67,10,1,23,75,0,90,85,1,78,98,176
SForsyth,SDeKalb,59,6,0,15,56,0,74,62,0,65,71,136
SForsyth,WDouglas,15,2,0,4,1,0,19,3,0,17,5,22
SForsyth,EDouglas,28,6,0,3,30,0,31,36,0,34,33,67
SForsyth,WFayette,5,0,0,1,0,0,6,0,0,5,1,6
SForsyth,EFayette,8,2,0,2,3,0,10,5,0,10,5,15
SForsyth,NGwinnett,4312,781,0,3161,8846,0,7473,9627,0,5093,12007,17100
SForsyth,CentGwinnett,4213,755,1,2861,7400,0,7074,8155,1,4969,10261,15230
SForsyth,EGwinnett,406,67,0,73,231,0,479,298,0,473,304,777
SForsyth,Norcross,2304,436,2,968,2459,3,3272,2895,5,2742,3430,6172
SForsyth,Lilburn,281,61,0,99,304,0,380,365,0,342,403,745
SForsyth,Snellville,319,44,0,91,209,0,410,253,0,363,300,663
SForsyth,NHenry,21,9,0,3,2,0,24,11,0,30,5,35
SForsyth,EHenry,8,4,0,3,5,0,11,9,0,12,8,20
SForsyth,SHenry,11,2,0,3,2,0,14,4,0,13,5,18
SForsyth,SRockdale,12,2,0,4,2,0,16,4,0,14,6,20
SForsyth,NRockdale,34,7,0,9,10,0,43,17,0,41,19,60
SForsyth,NBarrow,195,24,0,38,105,0,233,129,0,219,143,362
SForsyth,SBarrow,95,16,0,29,32,0,124,48,0,111,61,172
SForsyth,NWBartow,15,1,0,3,3,0,18,4,0,16,6,22
SForsyth,NEBartow,29,3,0,9,8,0,38,11,0,32,17,49
SForsyth,SWBartow,7,0,0,3,1,0,10,1,0,7,4,11
SForsyth,Cartersville,57,7,0,15,16,0,72,23,0,64,31,95
SForsyth,NECarroll,1,0,0,0,0,0,1,0,0,1,0,1
SForsyth,WCarroll,0,0,0,0,0,0,0,0,0,0,0,0
SForsyth,CentralCarroll,0,1,0,1,0,0,1,1,0,1,1,2
SForsyth,SECarroll,0,0,0,0,0,0,0,0,0,0,0,0
SForsyth,WCoweta,1,0,0,1,0,0,2,0,0,1,1,2
SForsyth,NCoweta,4,0,0,5,2,0,9,2,0,4,7,11
SForsyth,SCoweta,0,0,0,0,0,0,0,0,0,0,0,0
SForsyth,SECoweta,0,0,0,1,0,0,1,0,0,0,1,1
SForsyth,NForsyth,2380,406,0,641,1774,0,3021,2180,0,2786,2415,5201
SForsyth,Cumming,11360,1954,0,10017,26339,0,21377,28293,0,13314,36356,49670
SForsyth,SForsyth,22780,4439,6,39802,83342,5,62582,87781,11,27225,123149,150374
SForsyth,NHall,235,21,0,33,64,0,268,85,0,256,97,353
SForsyth,Gainesville,524,96,0,79,256,0,603,352,0,620,335,955
SForsyth,SHall,737,134,0,203,413,0,940,547,0,871,616,1487
SForsyth,WNewton,24,2,0,13,15,0,37,17,0,26,28,54
SForsyth,ENewton,3,0,0,0,4,0,3,4,0,3,4,7
SForsyth,NPaulding,27,6,0,5,11,0,32,17,0,33,16,49
SForsyth,WPaulding,4,0,0,3,4,0,7,4,0,4,7,11
SForsyth,EPaulding,41,7,0,16,19,0,57,26,0,48,35,83
SForsyth,NSpalding,2,0,0,2,1,0,4,1,0,2,3,5
SForsyth,SSpalding,1,1,0,0,0,0,1,1,0,2,0,2
SForsyth,WWalton,92,19,0,19,18,0,111,37,0,111,37,148
SForsyth,EWalton,53,8,0,15,17,0,68,25,0,61,32,93
NHall,NFulton,337,46,0,55,175,0,392,221,0,383,230,613
NHall,Roswell,77,11,0,24,64,0,101,75,0,88,88,176
NHall,SandySprings,64,15,0,16,28,0,80,43,0,79,44,123
NHall,Buckhead,24,2,0,9,14,0,33,16,0,26,23,49
NHall,NWAtlanta,5,4,0,2,11,0,7,15,0,9,13,22
NHall,NEAtlanta,12,1,0,10,26,0,22,27,0,13,36,49
NHall,SWAtlanta,2,0,0,0,4,0,2,4,0,2,4,6
NHall,CBDAtlanta,7,1,0,3,20,0,10,21,0,8,23,31
NHall,SEAtlanta,2,0,0,0,6,0,2,6,0,2,6,8
NHall,SFulton,0,0,0,0,0,0,0,0,0,0,0,0
NHall,Tri-Cities,1,1,0,0,5,0,1,6,0,2,5,7
NHall,Shannon,0,0,0,0,0,0,0,0,0,0,0,0
NHall,WCherokee,2,0,0,0,0,0,2,0,0,2,0,2
NHall,NCherokee,6,0,0,4,2,0,10,2,0,6,6,12
NHall,ECentCherokee,57,17,0,14,34,0,71,51,0,74,48,122
NHall,Woodstock,18,1,0,4,9,0,22,10,0,19,13,32
NHall,Airport,1,1,0,0,0,0,1,1,0,2,0,2
NHall,NEClayton,1,0,0,1,0,0,2,0,0,1,1,2
NHall,Riverdale,0,0,0,0,0,0,0,0,0,0,0,0
NHall,SClayton,0,0,0,0,0,0,0,0,0,0,0,0
NHall,NWCobb,11,3,0,5,7,0,16,10,0,14,12,26
NHall,NECobb,26,5,0,8,20,0,34,25,0,31,28,59
NHall,SWCobb,1,0,0,0,0,0,1,0,0,1,0,1
NHall,Marietta,4,1,0,2,1,0,6,2,0,5,3,8
NHall,Cumberland,16,2,0,3,40,0,19,42,0,18,43,61
NHall,SCobb,4,0,0,2,9,0,6,9,0,4,11,15
NHall,Chamblee,73,15,0,21,74,0,94,89,0,88,95,183
NHall,NWDeKalb,21,2,0,13,48,0,34,50,0,23,61,84
NHall,NEDeKalb,57,8,0,13,35,0,70,43,0,65,48,113
NHall,Atlanta-DeKalb,2,0,0,0,1,0,2,1,0,2,1,3
NHall,Decatur,1,0,0,3,2,0,4,2,0,1,5,6
NHall,SWDeKalb,3,0,0,1,6,0,4,6,0,3,7,10
NHall,SEDeKalb,2,0,0,0,19,0,2,19,0,2,19,21
NHall,SDeKalb,1,0,0,2,10,0,3,10,0,1,12,13
NHall,WDouglas,0,0,0,0,0,0,0,0,0,0,0,0
NHall,EDouglas,0,0,0,0,0,0,0,0,0,0,0,0
NHall,WFayette,0,0,0,0,0,0,0,0,0,0,0,0
NHall,EFayette,0,0,0,0,0,0,0,0,0,0,0,0
NHall,NGwinnett,712,117,0,161,391,0,873,508,0,829,552,1381
NHall,CentGwinnett,387,73,0,93,290,0,480,363,0,460,383,843
NHall,EGwinnett,50,17,0,15,121,0,65,138,0,67,136,203
NHall,Norcross,200,21,0,37,125,0,237,146,0,221,162,383
NHall,Lilburn,25,7,0,8,32,0,33,39,0,32,40,72
NHall,Snellville,29,2,0,14,59,0,43,61,0,31,73,104
NHall,NHenry,0,0,0,0,16,0,0,16,0,0,16,16
NHall,EHenry,0,0,0,0,0,0,0,0,0,0,0,0
NHall,SHenry,0,0,0,0,0,0,0,0,0,0,0,0
NHall,SRockdale,0,0,0,0,0,0,0,0,0,0,0,0
NHall,NRockdale,4,0,0,1,0,0,5,0,0,4,1,5
NHall,NBarrow,93,9,0,25,56,0,118,65,0,102,81,183
NHall,SBarrow,28,6,0,7,5,0,35,11,0,34,12,46
NHall,NWBartow,0,0,0,0,0,0,0,0,0,0,0,0
NHall,NEBartow,0,0,0,0,0,0,0,0,0,0,0,0
NHall,SWBartow,0,0,0,0,0,0,0,0,0,0,0,0
NHall,Cartersville,1,0,0,0,0,0,1,0,0,1,0,1
NHall,NECarroll,0,0,0,0,0,0,0,0,0,0,0,0
NHall,WCarroll,0,0,0,0,0,0,0,0,0,0,0,0
NHall,CentralCarroll,0,0,0,0,0,0,0,0,0,0,0,0
NHall,SECarroll,0,0,0,0,0,0,0,0,0,0,0,0
NHall,WCoweta,0,0,0,0,0,0,0,0,0,0,0,0
NHall,NCoweta,0,0,0,0,0,0,0,0,0,0,0,0
NHall,SCoweta,0,0,0,0,0,0,0,0,0,0,0,0
NHall,SECoweta,0,0,0,0,0,0,0,0,0,0,0,0
NHall,NForsyth,549,93,0,245,492,0,794,585,0,642,737,1379
NHall,Cumming,536,62,0,120,334,0,656,396,0,598,454,1052
NHall,SForsyth,251,33,0,40,50,0,291,83,0,284,90,374
NHall,NHall,9290,1802,0,16036,39325,0,25326,41127,0,11092,55361,66453
NHall,Gainesville,9809,1850,22,8770,23762,21,18579,25612,43,11681,32553,44234
NHall,SHall,1445,260,1,596,1024,0,2041,1284,1,1706,1620,3326
NHall,WNewton,1,0,0,3,0,0,4,0,0,1,3,4
NHall,ENewton,0,0,0,0,0,0,0,0,0,0,0,0
NHall,NPaulding,0,0,0,0,0,0,0,0,0,0,0,0
NHall,WPaulding,0,0,0,0,0,0,0,0,0,0,0,0
NHall,EPaulding,0,0,0,0,1,0,0,1,0,0,1,1
NHall,NSpalding,0,0,0,0,0,0,0,0,0,0,0,0
NHall,SSpalding,0,0,0,0,0,0,0,0,0,0,0,0
NHall,WWalton,4,0,0,5,5,0,9,5,0,4,10,14
NHall,EWalton,12,2,0,5,0,0,17,2,0,14,5,19
Gainesville,NFulton,739,114,1,106,202,0,845,316,1,854,308,1162
Gainesville,Roswell,157,32,0,43,46,0,200,78,0,189,89,278
Gainesville,SandySprings,142,21,0,37,99,0,179,120,0,163,136,299
Gainesville,Buckhead,39,9,0,17,60,0,56,69,0,48,77,125
Gainesville,NWAtlanta,23,6,0,9,20,0,32,26,0,29,29,58
Gainesville,NEAtlanta,29,14,0,26,62,5,55,76,5,43,93,136
Gainesville,SWAtlanta,5,0,0,2,12,0,7,12,0,5,14,19
Gainesville,CBDAtlanta,16,1,0,6,51,0,22,52,0,17,57,74
Gainesville,SEAtlanta,7,3,0,0,15,0,7,18,0,10,15,25
Gainesville,SFulton,0,0,0,0,1,0,0,1,0,0,1,1
Gainesville,Tri-Cities,8,1,0,3,6,0,11,7,0,9,9,18
Gainesville,Shannon,1,0,0,1,0,0,2,0,0,1,1,2
Gainesville,WCherokee,15,2,0,6,42,0,21,44,0,17,48,65
Gainesville,NCherokee,32,4,0,13,38,0,45,42,0,36,51,87
Gainesville,ECentCherokee,184,28,0,46,119,0,230,147,0,212,165,377
Gainesville,Woodstock,36,5,0,11,21,0,47,26,0,41,32,73
Gainesville,Airport,2,1,0,2,0,0,4,1,0,3,2,5
Gainesville,NEClayton,5,1,0,1,0,0,6,1,0,6,1,7
Gainesville,Riverdale,0,0,0,1,0,0,1,0,0,0,1,1
Gainesville,SClayton,1,0,0,0,0,0,1,0,0,1,0,1
Gainesville,NWCobb,15,2,0,10,28,0,25,30,0,17,38,55
Gainesville,NECobb,61,9,0,23,51,0,84,60,0,70,74,144
Gainesville,SWCobb,1,0,0,1,12,0,2,12,0,1,13,14
Gainesville,Marietta,11,6,0,5,16,0,16,22,0,17,21,38
Gainesville,Cumberland,58,14,0,24,13,0,82,27,0,72,37,109
Gainesville,SCobb,4,2,0,3,12,0,7,14,0,6,15,21
Gainesville,Chamblee,189,26,0,53,101,0,242,127,0,215,154,369
Gainesville,NWDeKalb,48,11,0,15,106,0,63,117,0,59,121,180
Gainesville,NEDeKalb,182,29,0,56,81,0,238,110,0,211,137,348
Gainesville,Atlanta-DeKalb,9,0,0,4,11,0,13,11,0,9,15,24
Gainesville,Decatur,5,1,1,7,4,0,12,5,1,7,11,18
Gainesville,SWDeKalb,16,2,0,15,12,0,31,14,0,18,27,45
Gainesville,SEDeKalb,28,2,0,8,31,0,36,33,0,30,39,69
Gainesville,SDeKalb,6,5,0,3,18,0,9,23,0,11,21,32
Gainesville,WDouglas,0,0,0,0,0,0,0,0,0,0,0,0
Gainesville,EDouglas,1,0,0,1,0,0,2,0,0,1,1,2
Gainesville,WFayette,0,0,0,0,0,0,0,0,0,0,0,0
Gainesville,EFayette,0,1,0,0,0,0,0,1,0,1,0,1
Gainesville,NGwinnett,4264,843,0,956,3028,0,5220,3871,0,5107,3984,9091
Gainesville,CentGwinnett,1445,282,0,258,670,0,1703,952,0,1727,928,2655
Gainesville,EGwinnett,497,86,0,75,163,0,572,249,0,583,238,821
Gainesville,Norcross,549,89,0,80,187,0,629,276,0,638,267,905
Gainesville,Lilburn,109,20,0,30,37,0,139,57,0,129,67,196
Gainesville,Snellville,180,30,0,45,65,0,225,95,0,210,110,320
Gainesville,NHenry,3,0,0,2,0,0,5,0,0,3,2,5
Gainesville,EHenry,2,0,0,1,0,0,3,0,0,2,1,3
Gainesville,SHenry,0,0,0,1,0,0,1,0,0,0,1,1
Gainesville,SRockdale,9,2,0,3,1,0,12,3,0,11,4,15
Gainesville,NRockdale,15,3,0,6,7,0,21,10,0,18,13,31
Gainesville,NBarrow,908,151,0,234,684,0,1142,835,0,1059,918,1977
Gainesville,SBarrow,359,69,0,56,217,0,415,286,0,428,273,701
Gainesville,NWBartow,0,0,0,0,0,0,0,0,0,0,0,0
Gainesville,NEBartow,3,1,0,3,0,0,6,1,0,4,3,7
Gainesville,SWBartow,0,0,0,1,0,0,1,0,0,0,1,1
Gainesville,Cartersville,6,1,0,2,1,0,8,2,0,7,3,10
Gainesville,NECarroll,0,0,0,0,0,0,0,0,0,0,0,0
Gainesville,WCarroll,0,0,0,0,0,0,0,0,0,0,0,0
Gainesville,CentralCarroll,0,0,0,0,0,0,0,0,0,0,0,0
Gainesville,SECarroll,0,0,0,0,0,0,0,0,0,0,0,0
Gainesville,WCoweta,0,0,0,0,0,0,0,0,0,0,0,0
Gainesville,NCoweta,0,0,0,0,0,0,0,0,0,0,0,0
Gainesville,SCoweta,0,0,0,0,0,0,0,0,0,0,0,0
Gainesville,SECoweta,0,0,0,0,0,0,0,0,0,0,0,0
Gainesville,NForsyth,3571,679,1,2237,5890,7,5808,6569,8,4251,8134,12385
Gainesville,Cumming,2534,410,3,1054,2396,0,3588,2806,3,2947,3450,6397
Gainesville,SForsyth,552,98,0,75,217,0,627,315,0,650,292,942
Gainesville,NHall,10004,1940,22,8800,23934,21,18804,25874,43,11966,32755,44721
Gainesville,Gainesville,78442,14721,462,97751,234234,811,176193,248955,1273,93625,332796,426421
Gainesville,SHall,13705,2579,38,10740,26400,55,24445,28979,93,16322,37195,53517
Gainesville,WNewton,18,5,0,6,26,0,24,31,0,23,32,55
Gainesville,ENewton,5,0,0,3,1,0,8,1,0,5,4,9
Gainesville,NPaulding,0,0,0,0,0,0,0,0,0,0,0,0
Gainesville,WPaulding,0,0,0,0,0,0,0,0,0,0,0,0
Gainesville,EPaulding,1,0,0,2,0,0,3,0,0,1,2,3
Gainesville,NSpalding,0,0,0,0,0,0,0,0,0,0,0,0
Gainesville,SSpalding,0,0,0,0,0,0,0,0,0,0,0,0
Gainesville,WWalton,79,13,0,20,27,0,99,40,0,92,47,139
Gainesville,EWalton,82,11,0,22,48,0,104,59,0,93,70,163
SHall,NFulton,940,159,1,194,360,0,1134,519,1,1100,554,1654
SHall,Roswell,235,39,0,54,71,0,289,110,0,274,125,399
SHall,SandySprings,375,45,1,53,86,1,428,131,2,421,140,561
SHall,Buckhead,200,46,1,44,109,1,244,155,2,247,154,401
SHall,NWAtlanta,59,16,0,14,31,1,73,47,1,75,46,121
SHall,NEAtlanta,149,38,2,36,147,5,185,185,7,189,188,377
SHall,SWAtlanta,20,6,1,6,40,0,26,46,1,27,46,73
SHall,CBDAtlanta,89,28,10,38,121,2,127,149,12,127,161,288
SHall,SEAtlanta,22,3,3,11,28,0,33,31,3,28,39,67
SHall,SFulton,6,2,0,0,0,0,6,2,0,8,0,8
SHall,Tri-Cities,26,8,0,6,13,0,32,21,0,34,19,53
SHall,Shannon,1,4,0,2,5,0,3,9,0,5,7,12
SHall,WCherokee,12,1,0,3,19,0,15,20,0,13,22,35
SHall,NCherokee,12,2,0,8,21,0,20,23,0,14,29,43
SHall,ECentCherokee,118,16,0,49,61,0,167,77,0,134,110,244
SHall,Woodstock,31,4,0,10,26,0,41,30,0,35,36,71
SHall,Airport,3,1,0,5,6,0,8,7,0,4,11,15
SHall,NEClayton,13,3,0,4,22,0,17,25,0,16,26,42
SHall,Riverdale,3,0,0,2,1,0,5,1,0,3,3,6
SHall,SClayton,4,0,0,0,9,0,4,9,0,4,9,13
SHall,NWCobb,25,1,0,7,2,0,32,3,0,26,9,35
SHall,NECobb,65,13,0,26,75,0,91,88,0,78,101,179
SHall,SWCobb,6,2,0,3,0,0,9,2,0,8,3,11
SHall,Marietta,42,5,0,10,18,0,52,23,0,47,28,75
SHall,Cumberland,196,27,0,35,61,0,231,88,0,223,96,319
SHall,SCobb,16,0,0,12,9,0,28,9,0,16,21,37
SHall,Chamblee,570,85,1,70,239,0,640,324,1,656,309,965
SHall,NWDeKalb,207,32,2,45,214,5,252,246,7,241,264,505
SHall,NEDeKalb,495,59,0,107,268,0,602,327,0,554,375,929
SHall,Atlanta-DeKalb,15,2,0,2,19,0,17,21,0,17,21,38
SHall,Decatur,30,1,0,11,27,0,41,28,0,31,38,69
SHall,SWDeKalb,56,4,0,16,96,0,72,100,0,60,112,172
SHall,SEDeKalb,45,3,0,21,31,0,66,34,0,48,52,100
SHall,SDeKalb,26,3,0,9,22,0,35,25,0,29,31,60
SHall,WDouglas,2,0,0,1,0,0,3,0,0,2,1,3
SHall,EDouglas,5,0,0,1,1,0,6,1,0,5,2,7
SHall,WFayette,1,0,0,3,0,0,4,0,0,1,3,4
SHall,EFayette,1,1,0,2,17,0,3,18,0,2,19,21
SHall,NGwinnett,10141,1780,2,9590,25372,0,19731,27152,2,11923,34962,46885
SHall,CentGwinnett,3293,571,0,1008,2546,0,4301,3117,0,3864,3554,7418
SHall,EGwinnett,791,145,0,392,661,0,1183,806,0,936,1053,1989
SHall,Norcross,1374,212,0,194,477,0,1568,689,0,1586,671,2257
SHall,Lilburn,248,41,0,72,98,0,320,139,0,289,170,459
SHall,Snellville,300,55,0,117,156,0,417,211,0,355,273,628
SHall,NHenry,3,0,0,3,5,0,6,5,0,3,8,11
SHall,EHenry,0,1,0,2,0,0,2,1,0,1,2,3
SHall,SHenry,2,0,0,0,0,0,2,0,0,2,0,2
SHall,SRockdale,11,0,0,4,4,0,15,4,0,11,8,19
SHall,NRockdale,38,4,0,17,10,0,55,14,0,42,27,69
SHall,NBarrow,1431,293,0,1269,3457,0,2700,3750,0,1724,4726,6450
SHall,SBarrow,455,81,0,221,369,0,676,450,0,536,590,1126
SHall,NWBartow,1,0,0,0,0,0,1,0,0,1,0,1
SHall,NEBartow,4,0,0,0,0,0,4,0,0,4,0,4
SHall,SWBartow,0,0,0,0,0,0,0,0,0,0,0,0
SHall,Cartersville,1,0,0,0,0,0,1,0,0,1,0,1
SHall,NECarroll,0,0,0,0,0,0,0,0,0,0,0,0
SHall,WCarroll,0,0,0,0,0,0,0,0,0,0,0,0
SHall,CentralCarroll,0,0,0,0,0,0,0,0,0,0,0,0
SHall,SECarroll,0,0,0,0,0,0,0,0,0,0,0,0
SHall,WCoweta,0,0,0,0,0,0,0,0,0,0,0,0
SHall,NCoweta,0,0,0,1,3,0,1,3,0,0,4,4
SHall,SCoweta,0,0,0,0,0,0,0,0,0,0,0,0
SHall,SECoweta,0,0,0,0,0,0,0,0,0,0,0,0
SHall,NForsyth,1047,157,0,672,1005,0,1719,1162,0,1204,1677,2881
SHall,Cumming,1467,233,0,692,1392,0,2159,1625,0,1700,2084,3784
SHall,SForsyth,762,126,0,214,378,0,976,504,0,888,592,1480
SHall,NHall,1395,261,1,607,1026,0,2002,1287,1,1657,1633,3290
SHall,Gainesville,13779,2581,38,10745,26545,49,24524,29126,87,16398,37339,53737
SHall,SHall,26885,5228,15,49804,115233,37,76689,120461,52,32128,165074,197202
SHall,WNewton,25,8,0,16,22,0,41,30,0,33,38,71
SHall,ENewton,6,1,0,2,5,0,8,6,0,7,7,14
SHall,NPaulding,0,0,0,0,1,0,0,1,0,0,1,1
SHall,WPaulding,0,0,0,1,0,0,1,0,0,0,1,1
SHall,EPaulding,0,0,0,2,1,0,2,1,0,0,3,3
SHall,NSpalding,0,0,0,0,0,0,0,0,0,0,0,0
SHall,SSpalding,0,0,0,0,0,0,0,0,0,0,0,0
SHall,WWalton,107,19,0,50,66,0,157,85,0,126,116,242
SHall,EWalton,147,18,0,53,97,0,200,115,0,165,150,315
WNewton,NFulton,123,28,0,23,58,0,146,86,0,151,81,232
WNewton,Roswell,64,12,0,10,21,0,74,33,0,76,31,107
WNewton,SandySprings,397,72,7,60,97,1,457,169,8,476,158,634
WNewton,Buckhead,432,106,16,66,174,3,498,280,19,554,243,797
WNewton,NWAtlanta,235,51,0,35,69,2,270,120,2,286,106,392
WNewton,NEAtlanta,694,157,15,137,358,11,831,515,26,866,506,1372
WNewton,SWAtlanta,191,41,0,38,96,1,229,137,1,232,135,367
WNewton,CBDAtlanta,733,140,94,139,362,13,872,502,107,967,514,1481
WNewton,SEAtlanta,330,74,1,77,100,3,407,174,4,405,180,585
WNewton,SFulton,37,8,0,12,52,0,49,60,0,45,64,109
WNewton,Tri-Cities,391,75,0,44,154,0,435,229,0,466,198,664
WNewton,Shannon,107,23,0,22,46,0,129,69,0,130,68,198
WNewton,WCherokee,0,0,0,0,0,0,0,0,0,0,0,0
WNewton,NCherokee,0,0,0,0,0,0,0,0,0,0,0,0
WNewton,ECentCherokee,4,0,0,1,2,0,5,2,0,4,3,7
WNewton,Woodstock,8,3,0,4,0,0,12,3,0,11,4,15
WNewton,Airport,292,50,12,25,59,1,317,109,13,354,85,439
WNewton,NEClayton,695,121,0,114,191,1,809,312,1,816,306,1122
WNewton,Riverdale,127,18,0,28,44,0,155,62,0,145,72,217
WNewton,SClayton,373,58,0,71,186,0,444,244,0,431,257,688
WNewton,NWCobb,22,8,0,5,21,0,27,29,0,30,26,56
WNewton,NECobb,69,14,0,11,56,0,80,70,0,83,67,150
WNewton,SWCobb,10,6,0,4,8,0,14,14,0,16,12,28
WNewton,Marietta,52,18,0,14,17,0,66,35,0,70,31,101
WNewton,Cumberland,280,72,1,33,66,0,313,138,1,353,99,452
WNewton,SCobb,90,22,0,23,28,0,113,50,0,112,51,163
WNewton,Chamblee,648,85,8,93,249,1,741,334,9,741,343,1084
WNewton,NWDeKalb,811,143,13,169,466,16,980,609,29,967,651,1618
WNewton,NEDeKalb,1129,178,2,223,454,8,1352,632,10,1309,685,1994
WNewton,Atlanta-DeKalb,135,27,1,33,44,0,168,71,1,163,77,240
WNewton,Decatur,157,33,4,49,86,1,206,119,5,194,136,330
WNewton,SWDeKalb,602,128,5,141,399,2,743,527,7,735,542,1277
WNewton,SEDeKalb,1303,256,7,414,1106,3,1717,1362,10,1566,1523,3089
WNewton,SDeKalb,1195,248,3,548,1247,7,1743,1495,10,1446,1802,3248
WNewton,WDouglas,7,0,0,4,25,0,11,25,0,7,29,36
WNewton,EDouglas,43,5,0,13,18,0,56,23,0,48,31,79
WNewton,WFayette,76,15,0,25,62,0,101,77,0,91,87,178
WNewton,EFayette,170,32,0,28,131,0,198,163,0,202,159,361
WNewton,NGwinnett,370,65,0,70,147,0,440,212,0,435,217,652
WNewton,CentGwinnett,832,153,0,208,477,0,1040,630,0,985,685,1670
WNewton,EGwinnett,463,77,0,131,343,0,594,420,0,540,474,1014
WNewton,Norcross,543,94,0,84,168,0,627,262,0,637,252,889
WNewton,Lilburn,426,71,0,104,285,0,530,356,0,497,389,886
WNewton,Snellville,1252,199,0,465,1203,2,1717,1402,2,1451,1670,3121
WNewton,NHenry,1017,203,0,416,1102,0,1433,1305,0,1220,1518,2738
WNewton,EHenry,1982,334,0,1690,5356,0,3672,5690,0,2316,7046,9362
WNewton,SHenry,2222,435,0,832,2042,0,3054,2477,0,2657,2874,5531
WNewton,SRockdale,2141,423,2,2801,8268,0,4942,8691,2,2566,11069,13635
WNewton,NRockdale,8100,1555,0,7636,18945,0,15736,20500,0,9655,26581,36236
WNewton,NBarrow,170,28,0,43,49,0,213,77,0,198,92,290
WNewton,SBarrow,184,30,0,46,80,0,230,110,0,214,126,340
WNewton,NWBartow,0,0,0,0,0,0,0,0,0,0,0,0
WNewton,NEBartow,0,0,0,0,0,0,0,0,0,0,0,0
WNewton,SWBartow,0,0,0,0,0,0,0,0,0,0,0,0
WNewton,Cartersville,0,0,0,0,0,0,0,0,0,0,0,0
WNewton,NECarroll,1,0,0,0,0,0,1,0,0,1,0,1
WNewton,WCarroll,0,0,0,0,0,0,0,0,0,0,0,0
WNewton,CentralCarroll,0,0,0,0,0,0,0,0,0,0,0,0
WNewton,SECarroll,0,0,0,0,0,0,0,0,0,0,0,0
WNewton,WCoweta,0,0,0,0,0,0,0,0,0,0,0,0
WNewton,NCoweta,10,2,0,8,2,0,18,4,0,12,10,22
WNewton,SCoweta,0,0,0,0,0,0,0,0,0,0,0,0
WNewton,SECoweta,7,0,0,6,1,0,13,1,0,7,7,14
WNewton,NForsyth,1,2,0,1,0,0,2,2,0,3,1,4
WNewton,Cumming,5,3,0,0,9,0,5,12,0,8,9,17
WNewton,SForsyth,27,2,0,8,8,0,35,10,0,29,16,45
WNewton,NHall,0,1,0,3,1,0,3,2,0,1,4,5
WNewton,Gainesville,21,6,0,7,22,0,28,28,0,27,29,56
WNewton,SHall,25,6,0,13,21,0,38,27,0,31,34,65
WNewton,WNewton,38146,7512,0,69842,157805,0,107988,165317,0,45658,227647,273305
WNewton,ENewton,2812,520,0,3154,8086,0,5966,8606,0,3332,11240,14572
WNewton,NPaulding,0,0,0,0,0,0,0,0,0,0,0,0
WNewton,WPaulding,0,0,0,0,9,0,0,9,0,0,9,9
WNewton,EPaulding,6,3,0,2,3,0,8,6,0,9,5,14
WNewton,NSpalding,223,40,0,47,102,0,270,142,0,263,149,412
WNewton,SSpalding,114,22,0,24,36,0,138,58,0,136,60,196
WNewton,WWalton,2070,394,0,1394,3843,0,3464,4237,0,2464,5237,7701
WNewton,EWalton,1969,379,0,672,1618,0,2641,1997,0,2348,2290,4638
ENewton,NFulton,10,2,0,3,8,0,13,10,0,12,11,23
ENewton,Roswell,5,0,0,2,1,0,7,1,0,5,3,8
ENewton,SandySprings,25,7,0,6,22,0,31,29,0,32,28,60
ENewton,Buckhead,44,8,0,16,41,1,60,49,1,52,58,110
ENewton,NWAtlanta,19,9,0,6,22,0,25,31,0,28,28,56
ENewton,NEAtlanta,77,19,1,28,71,0,105,90,1,97,99,196
ENewton,SWAtlanta,33,9,1,7,23,0,40,32,1,43,30,73
ENewton,CBDAtlanta,56,12,4,28,44,1,84,56,5,72,73,145
ENewton,SEAtlanta,33,6,0,16,15,0,49,21,0,39,31,70
ENewton,SFulton,4,1,0,0,5,0,4,6,0,5,5,10
ENewton,Tri-Cities,27,14,0,4,28,0,31,42,0,41,32,73
ENewton,Shannon,4,3,0,2,2,0,6,5,0,7,4,11
ENewton,WCherokee,0,0,0,0,0,0,0,0,0,0,0,0
ENewton,NCherokee,0,0,0,0,0,0,0,0,0,0,0,0
ENewton,ECentCherokee,0,0,0,0,0,0,0,0,0,0,0,0
ENewton,Woodstock,0,0,0,0,0,0,0,0,0,0,0,0
ENewton,Airport,23,6,1,1,25,0,24,31,1,30,26,56
ENewton,NEClayton,58,14,0,21,13,0,79,27,0,72,34,106
ENewton,Riverdale,7,1,0,5,9,0,12,10,0,8,14,22
ENewton,SClayton,27,7,0,7,6,0,34,13,0,34,13,47
ENewton,NWCobb,3,1,0,1,0,0,4,1,0,4,1,5
ENewton,NECobb,1,2,0,0,9,0,1,11,0,3,9,12
ENewton,SWCobb,2,0,0,0,0,0,2,0,0,2,0,2
ENewton,Marietta,5,0,0,3,4,0,8,4,0,5,7,12
ENewton,Cumberland,39,8,0,8,8,0,47,16,0,47,16,63
ENewton,SCobb,4,3,0,4,4,0,8,7,0,7,8,15
ENewton,Chamblee,54,7,1,16,33,0,70,40,1,62,49,111
ENewton,NWDeKalb,84,17,0,37,97,0,121,114,0,101,134,235
ENewton,NEDeKalb,141,25,0,28,67,0,169,92,0,166,95,261
ENewton,Atlanta-DeKalb,13,3,0,6,46,0,19,49,0,16,52,68
ENewton,Decatur,21,4,0,5,10,0,26,14,0,25,15,40
ENewton,SWDeKalb,80,17,1,22,30,0,102,47,1,98,52,150
ENewton,SEDeKalb,146,27,0,49,112,0,195,139,0,173,161,334
ENewton,SDeKalb,137,18,0,52,85,0,189,103,0,155,137,292
ENewton,WDouglas,1,0,0,0,0,0,1,0,0,1,0,1
ENewton,EDouglas,3,0,0,0,8,0,3,8,0,3,8,11
ENewton,WFayette,7,1,0,0,1,0,7,2,0,8,1,9
ENewton,EFayette,8,1,0,4,3,0,12,4,0,9,7,16
ENewton,NGwinnett,59,11,0,21,57,0,80,68,0,70,78,148
ENewton,CentGwinnett,143,31,0,51,67,0,194,98,0,174,118,292
ENewton,EGwinnett,51,12,0,24,56,0,75,68,0,63,80,143
ENewton,Norcross,58,10,0,12,23,0,70,33,0,68,35,103
ENewton,Lilburn,43,6,0,19,40,0,62,46,0,49,59,108
ENewton,Snellville,149,21,0,47,97,0,196,118,0,170,144,314
ENewton,NHenry,54,16,0,31,89,0,85,105,0,70,120,190
ENewton,EHenry,87,16,0,76,87,0,163,103,0,103,163,266
ENewton,SHenry,186,31,0,50,126,0,236,157,0,217,176,393
ENewton,SRockdale,118,19,0,61,161,0,179,180,0,137,222,359
ENewton,NRockdale,682,121,0,257,736,0,939,857,0,803,993,1796
ENewton,NBarrow,29,8,0,11,68,0,40,76,0,37,79,116
ENewton,SBarrow,33,2,0,11,5,0,44,7,0,35,16,51
ENewton,NWBartow,0,0,0,0,0,0,0,0,0,0,0,0
ENewton,NEBartow,0,0,0,0,0,0,0,0,0,0,0,0
ENewton,SWBartow,0,0,0,0,0,0,0,0,0,0,0,0
ENewton,Cartersville,0,0,0,0,0,0,0,0,0,0,0,0
ENewton,NECarroll,1,0,0,0,0,0,1,0,0,1,0,1
ENewton,WCarroll,0,0,0,0,0,0,0,0,0,0,0,0
ENewton,CentralCarroll,0,0,0,0,0,0,0,0,0,0,0,0
ENewton,SECarroll,0,0,0,0,0,0,0,0,0,0,0,0
ENewton,WCoweta,0,0,0,0,0,0,0,0,0,0,0,0
ENewton,NCoweta,0,0,0,0,1,0,0,1,0,0,1,1
ENewton,SCoweta,0,0,0,0,0,0,0,0,0,0,0,0
ENewton,SECoweta,1,0,0,0,0,0,1,0,0,1,0,1
ENewton,NForsyth,0,0,0,0,0,0,0,0,0,0,0,0
ENewton,Cumming,2,0,0,0,13,0,2,13,0,2,13,15
ENewton,SForsyth,2,0,0,1,0,0,3,0,0,2,1,3
ENewton,NHall,0,0,0,0,0,0,0,0,0,0,0,0
ENewton,Gainesville,3,1,0,3,5,0,6,6,0,4,8,12
ENewton,SHall,3,3,0,3,5,0,6,8,0,6,8,14
ENewton,WNewton,2616,506,0,3119,8067,0,5735,8573,0,3122,11186,14308
ENewton,ENewton,3067,544,0,6008,14752,0,9075,15296,0,3611,20760,24371
ENewton,NPaulding,0,0,0,0,0,0,0,0,0,0,0,0
ENewton,WPaulding,0,0,0,0,0,0,0,0,0,0,0,0
ENewton,EPaulding,1,0,0,0,0,0,1,0,0,1,0,1
ENewton,NSpalding,12,3,0,6,6,0,18,9,0,15,12,27
ENewton,SSpalding,12,1,0,4,0,0,16,1,0,13,4,17
ENewton,WWalton,217,31,0,151,282,0,368,313,0,248,433,681
ENewton,EWalton,847,162,0,782,1717,0,1629,1879,0,1009,2499,3508
NPaulding,NFulton,130,18,0,34,36,0,164,54,0,148,70,218
NPaulding,Roswell,117,23,0,24,70,0,141,93,0,140,94,234
NPaulding,SandySprings,346,43,0,39,73,0,385,116,0,389,112,501
NPaulding,Buckhead,240,42,0,58,136,0,298,178,0,282,194,476
NPaulding,NWAtlanta,140,26,1,23,41,0,163,67,1,167,64,231
NPaulding,NEAtlanta,170,36,1,48,171,0,218,207,1,207,219,426
NPaulding,SWAtlanta,86,13,0,29,36,0,115,49,0,99,65,164
NPaulding,CBDAtlanta,112,28,11,34,132,0,146,160,11,151,166,317
NPaulding,SEAtlanta,35,6,0,15,50,0,50,56,0,41,65,106
NPaulding,SFulton,92,10,0,19,25,0,111,35,0,102,44,146
NPaulding,Tri-Cities,63,7,0,16,31,0,79,38,0,70,47,117
NPaulding,Shannon,36,3,0,5,13,0,41,16,0,39,18,57
NPaulding,WCherokee,35,3,0,15,10,0,50,13,0,38,25,63
NPaulding,NCherokee,5,3,0,2,2,0,7,5,0,8,4,12
NPaulding,ECentCherokee,171,29,0,46,123,0,217,152,0,200,169,369
NPaulding,Woodstock,639,107,0,275,690,0,914,797,0,746,965,1711
NPaulding,Airport,22,10,0,8,5,0,30,15,0,32,13,45
NPaulding,NEClayton,19,7,0,8,11,0,27,18,0,26,19,45
NPaulding,Riverdale,9,0,0,2,10,0,11,10,0,9,12,21
NPaulding,SClayton,4,1,0,4,29,0,8,30,0,5,33,38
NPaulding,NWCobb,3949,728,0,4603,13208,2,8552,13936,2,4677,17813,22490
NPaulding,NECobb,698,144,0,223,597,0,921,741,0,842,820,1662
NPaulding,SWCobb,715,119,0,508,1349,0,1223,1468,0,834,1857,2691
NPaulding,Marietta,1068,175,0,386,966,3,1454,1141,3,1243,1355,2598
NPaulding,Cumberland,880,134,0,144,297,0,1024,431,0,1014,441,1455
NPaulding,SCobb,462,82,0,170,449,1,632,531,1,544,620,1164
NPaulding,Chamblee,210,26,1,44,97,0,254,123,1,237,141,378
NPaulding,NWDeKalb,60,19,0,17,152,0,77,171,0,79,169,248
NPaulding,NEDeKalb,51,6,0,16,57,0,67,63,0,57,73,130
NPaulding,Atlanta-DeKalb,4,1,0,2,5,0,6,6,0,5,7,12
NPaulding,Decatur,6,0,1,6,1,0,12,1,1,7,7,14
NPaulding,SWDeKalb,10,3,0,5,11,0,15,14,0,13,16,29
NPaulding,SEDeKalb,8,1,0,2,2,0,10,3,0,9,4,13
NPaulding,SDeKalb,13,4,0,7,5,0,20,9,0,17,12,29
NPaulding,WDouglas,224,44,0,55,152,0,279,196,0,268,207,475
NPaulding,EDouglas,458,87,0,143,325,0,601,412,0,545,468,1013
NPaulding,WFayette,8,1,0,8,17,0,16,18,0,9,25,34
NPaulding,EFayette,10,1,0,1,6,0,11,7,0,11,7,18
NPaulding,NGwinnett,3,0,0,3,8,0,6,8,0,3,11,14
NPaulding,CentGwinnett,26,4,0,7,13,0,33,17,0,30,20,50
NPaulding,EGwinnett,1,0,0,2,1,0,3,1,0,1,3,4
NPaulding,Norcross,97,13,0,17,40,0,114,53,0,110,57,167
NPaulding,Lilburn,10,2,0,2,7,0,12,9,0,12,9,21
NPaulding,Snellville,5,0,0,1,2,0,6,2,0,5,3,8
NPaulding,NHenry,5,3,0,3,2,0,8,5,0,8,5,13
NPaulding,EHenry,0,0,0,0,0,0,0,0,0,0,0,0
NPaulding,SHenry,0,0,0,0,0,0,0,0,0,0,0,0
NPaulding,SRockdale,0,0,0,0,0,0,0,0,0,0,0,0
NPaulding,NRockdale,1,0,0,3,0,0,4,0,0,1,3,4
NPaulding,NBarrow,0,0,0,0,0,0,0,0,0,0,0,0
NPaulding,SBarrow,0,0,0,0,0,0,0,0,0,0,0,0
NPaulding,NWBartow,125,15,0,27,105,0,152,120,0,140,132,272
NPaulding,NEBartow,104,14,0,14,50,0,118,64,0,118,64,182
NPaulding,SWBartow,465,82,0,288,686,0,753,768,0,547,974,1521
NPaulding,Cartersville,1669,267,0,1320,3218,0,2989,3485,0,1936,4538,6474
NPaulding,NECarroll,157,21,0,43,121,0,200,142,0,178,164,342
NPaulding,WCarroll,24,1,0,3,8,0,27,9,0,25,11,36
NPaulding,CentralCarroll,106,26,0,33,57,0,139,83,0,132,90,222
NPaulding,SECarroll,5,0,0,1,1,0,6,1,0,5,2,7
NPaulding,WCoweta,5,0,0,1,0,0,6,0,0,5,1,6
NPaulding,NCoweta,11,0,0,5,32,0,16,32,0,11,37,48
NPaulding,SCoweta,0,0,0,0,0,0,0,0,0,0,0,0
NPaulding,SECoweta,0,2,0,0,0,0,0,2,0,2,0,2
NPaulding,NForsyth,4,1,0,1,4,0,5,5,0,5,5,10
NPaulding,Cumming,13,2,0,7,20,0,20,22,0,15,27,42
NPaulding,SForsyth,35,5,0,4,13,0,39,18,0,40,17,57
NPaulding,NHall,0,0,0,0,0,0,0,0,0,0,0,0
NPaulding,Gainesville,0,0,0,0,0,0,0,0,0,0,0,0
NPaulding,SHall,0,0,0,0,0,0,0,0,0,0,0,0
NPaulding,WNewton,0,0,0,0,0,0,0,0,0,0,0,0
NPaulding,ENewton,0,0,0,0,0,0,0,0,0,0,0,0
NPaulding,NPaulding,5319,881,0,10833,25255,0,16152,26136,0,6200,36088,42288
NPaulding,WPaulding,297,43,0,228,662,0,525,705,0,340,890,1230
NPaulding,EPaulding,3062,555,0,3988,11168,0,7050,11723,0,3617,15156,18773
NPaulding,NSpalding,0,0,0,0,0,0,0,0,0,0,0,0
NPaulding,SSpalding,0,0,0,0,0,0,0,0,0,0,0,0
NPaulding,WWalton,0,0,0,0,0,0,0,0,0,0,0,0
NPaulding,EWalton,0,0,0,0,0,0,0,0,0,0,0,0
WPaulding,NFulton,26,4,0,15,11,0,41,15,0,30,26,56
WPaulding,Roswell,26,4,0,6,15,0,32,19,0,30,21,51
WPaulding,SandySprings,104,17,0,22,51,0,126,68,0,121,73,194
WPaulding,Buckhead,79,8,0,37,83,0,116,91,0,87,120,207
WPaulding,NWAtlanta,80,12,0,18,49,0,98,61,0,92,67,159
WPaulding,NEAtlanta,62,9,0,34,106,0,96,115,0,71,140,211
WPaulding,SWAtlanta,79,13,0,19,59,0,98,72,0,92,78,170
WPaulding,CBDAtlanta,58,10,2,24,152,0,82,162,2,70,176,246
WPaulding,SEAtlanta,29,1,0,10,12,0,39,13,0,30,22,52
WPaulding,SFulton,90,16,0,16,54,0,106,70,0,106,70,176
WPaulding,Tri-Cities,27,3,0,14,84,0,41,87,0,30,98,128
WPaulding,Shannon,31,8,0,8,13,0,39,21,0,39,21,60
WPaulding,WCherokee,2,1,0,1,0,0,3,1,0,3,1,4
WPaulding,NCherokee,0,0,0,1,1,0,1,1,0,0,2,2
WPaulding,ECentCherokee,21,3,0,11,16,0,32,19,0,24,27,51
WPaulding,Woodstock,77,10,0,21,57,0,98,67,0,87,78,165
WPaulding,Airport,12,1,0,4,4,0,16,5,0,13,8,21
WPaulding,NEClayton,11,2,0,3,18,0,14,20,0,13,21,34
WPaulding,Riverdale,4,1,0,3,3,0,7,4,0,5,6,11
WPaulding,SClayton,6,0,0,2,0,0,8,0,0,6,2,8
WPaulding,NWCobb,527,76,0,182,275,0,709,351,0,603,457,1060
WPaulding,NECobb,173,35,0,44,130,0,217,165,0,208,174,382
WPaulding,SWCobb,326,58,0,135,249,0,461,307,0,384,384,768
WPaulding,Marietta,322,47,0,53,163,0,375,210,0,369,216,585
WPaulding,Cumberland,373,68,0,66,189,0,439,257,0,441,255,696
WPaulding,SCobb,312,41,0,94,195,0,406,236,0,353,289,642
WPaulding,Chamblee,45,12,0,16,11,0,61,23,0,57,27,84
WPaulding,NWDeKalb,24,6,0,8,75,0,32,81,0,30,83,113
WPaulding,NEDeKalb,23,6,0,11,7,0,34,13,0,29,18,47
WPaulding,Atlanta-DeKalb,7,0,0,5,9,0,12,9,0,7,14,21
WPaulding,Decatur,2,0,0,0,8,0,2,8,0,2,8,10
WPaulding,SWDeKalb,7,1,0,6,7,0,13,8,0,8,13,21
WPaulding,SEDeKalb,2,0,0,4,4,0,6,4,0,2,8,10
WPaulding,SDeKalb,11,4,0,8,17,0,19,21,0,15,25,40
WPaulding,WDouglas,449,82,0,263,795,0,712,877,0,531,1058,1589
WPaulding,EDouglas,458,63,0,154,459,1,612,522,1,521,614,1135
WPaulding,WFayette,20,2,0,7,30,0,27,32,0,22,37,59
WPaulding,EFayette,12,3,0,4,9,0,16,12,0,15,13,28
WPaulding,NGwinnett,1,0,0,1,1,0,2,1,0,1,2,3
WPaulding,CentGwinnett,12,0,0,6,3,0,18,3,0,12,9,21
WPaulding,EGwinnett,0,0,0,1,0,0,1,0,0,0,1,1
WPaulding,Norcross,30,0,0,4,4,0,34,4,0,30,8,38
WPaulding,Lilburn,2,0,0,1,0,0,3,0,0,2,1,3
WPaulding,Snellville,0,0,0,0,1,0,0,1,0,0,1,1
WPaulding,NHenry,0,0,0,2,1,0,2,1,0,0,3,3
WPaulding,EHenry,1,0,0,0,0,0,1,0,0,1,0,1
WPaulding,SHenry,0,0,0,1,0,0,1,0,0,0,1,1
WPaulding,SRockdale,2,0,0,0,1,0,2,1,0,2,1,3
WPaulding,NRockdale,1,0,0,1,1,0,2,1,0,1,2,3
WPaulding,NBarrow,0,0,0,0,0,0,0,0,0,0,0,0
WPaulding,SBarrow,0,0,0,0,0,0,0,0,0,0,0,0
WPaulding,NWBartow,8,1,0,2,15,0,10,16,0,9,17,26
WPaulding,NEBartow,3,1,0,3,2,0,6,3,0,4,5,9
WPaulding,SWBartow,46,8,0,12,42,0,58,50,0,54,54,108
WPaulding,Cartersville,166,38,0,49,176,0,215,214,0,204,225,429
WPaulding,NECarroll,968,170,0,1045,2724,0,2013,2894,0,1138,3769,4907
WPaulding,WCarroll,96,14,0,17,35,0,113,49,0,110,52,162
WPaulding,CentralCarroll,483,76,0,204,335,0,687,411,0,559,539,1098
WPaulding,SECarroll,12,3,0,6,6,0,18,9,0,15,12,27
WPaulding,WCoweta,10,1,0,6,5,0,16,6,0,11,11,22
WPaulding,NCoweta,51,5,0,17,24,0,68,29,0,56,41,97
WPaulding,SCoweta,1,0,0,0,5,0,1,5,0,1,5,6
WPaulding,SECoweta,1,0,0,0,0,0,1,0,0,1,0,1
WPaulding,NForsyth,0,0,0,0,0,0,0,0,0,0,0,0
WPaulding,Cumming,1,1,0,1,0,0,2,1,0,2,1,3
WPaulding,SForsyth,6,1,0,5,4,0,11,5,0,7,9,16
WPaulding,NHall,0,0,0,0,0,0,0,0,0,0,0,0
WPaulding,Gainesville,0,0,0,0,0,0,0,0,0,0,0,0
WPaulding,SHall,0,0,0,0,0,0,0,0,0,0,0,0
WPaulding,WNewton,0,0,0,0,9,0,0,9,0,0,9,9
WPaulding,ENewton,0,0,0,0,0,0,0,0,0,0,0,0
WPaulding,NPaulding,299,52,0,241,623,0,540,675,0,351,864,1215
WPaulding,WPaulding,2254,357,0,5854,13273,0,8108,13630,0,2611,19127,21738
WPaulding,EPaulding,2163,388,0,2945,7632,0,5108,8020,0,2551,10577,13128
WPaulding,NSpalding,0,1,0,0,0,0,0,1,0,1,0,1
WPaulding,SSpalding,0,0,0,0,0,0,0,0,0,0,0,0
WPaulding,WWalton,0,1,0,0,0,0,0,1,0,1,0,1
WPaulding,EWalton,0,0,0,0,0,0,0,0,0,0,0,0
EPaulding,NFulton,285,46,1,70,114,0,355,160,1,332,184,516
EPaulding,Roswell,223,40,0,55,139,0,278,179,0,263,194,457
EPaulding,SandySprings,824,155,3,124,368,2,948,523,5,982,494,1476
EPaulding,Buckhead,729,130,8,141,339,2,870,469,10,867,482,1349
EPaulding,NWAtlanta,719,87,2,96,320,2,815,407,4,808,418,1226
EPaulding,NEAtlanta,615,111,8,166,403,12,781,514,20,734,581,1315
EPaulding,SWAtlanta,688,128,0,173,576,3,861,704,3,816,752,1568
EPaulding,CBDAtlanta,771,134,110,157,340,16,928,474,126,1015,513,1528
EPaulding,SEAtlanta,251,32,0,80,162,0,331,194,0,283,242,525
EPaulding,SFulton,677,108,0,156,337,0,833,445,0,785,493,1278
EPaulding,Tri-Cities,399,70,0,53,86,1,452,156,1,469,140,609
EPaulding,Shannon,277,38,0,55,144,0,332,182,0,315,199,514
EPaulding,WCherokee,39,10,0,21,42,0,60,52,0,49,63,112
EPaulding,NCherokee,8,1,0,2,10,0,10,11,0,9,12,21
EPaulding,ECentCherokee,226,33,0,64,163,0,290,196,0,259,227,486
EPaulding,Woodstock,683,116,0,171,459,0,854,575,0,799,630,1429
EPaulding,Airport,213,23,3,11,13,0,224,36,3,239,24,263
EPaulding,NEClayton,152,37,0,36,47,1,188,84,1,189,84,273
EPaulding,Riverdale,56,11,0,18,65,0,74,76,0,67,83,150
EPaulding,SClayton,34,7,0,17,22,0,51,29,0,41,39,80
EPaulding,NWCobb,5576,1034,0,3978,11107,5,9554,12141,5,6610,15090,21700
EPaulding,NECobb,1461,260,0,310,864,0,1771,1124,0,1721,1174,2895
EPaulding,SWCobb,4716,863,0,5689,16049,2,10405,16912,2,5579,21740,27319
EPaulding,Marietta,2548,440,1,849,2425,3,3397,2865,4,2989,3277,6266
EPaulding,Cumberland,2768,526,0,467,1362,2,3235,1888,2,3294,1831,5125
EPaulding,SCobb,2670,464,1,1335,3935,1,4005,4399,2,3135,5271,8406
EPaulding,Chamblee,551,85,2,74,177,7,625,262,9,638,258,896
EPaulding,NWDeKalb,241,47,2,71,169,8,312,216,10,290,248,538
EPaulding,NEDeKalb,169,21,0,47,73,0,216,94,0,190,120,310
EPaulding,Atlanta-DeKalb,51,5,3,21,81,0,72,86,3,59,102,161
EPaulding,Decatur,38,11,1,13,52,1,51,63,2,50,66,116
EPaulding,SWDeKalb,80,25,0,24,87,4,104,112,4,105,115,220
EPaulding,SEDeKalb,35,3,0,20,29,0,55,32,0,38,49,87
EPaulding,SDeKalb,96,17,0,26,45,0,122,62,0,113,71,184
EPaulding,WDouglas,3029,575,0,2553,7199,0,5582,7774,0,3604,9752,13356
EPaulding,EDouglas,4841,857,6,3795,11226,7,8636,12083,13,5704,15028,20732
EPaulding,WFayette,96,17,0,34,74,0,130,91,0,113,108,221
EPaulding,EFayette,64,13,0,18,64,0,82,77,0,77,82,159
EPaulding,NGwinnett,23,1,0,11,23,0,34,24,0,24,34,58
EPaulding,CentGwinnett,89,11,0,37,49,0,126,60,0,100,86,186
EPaulding,EGwinnett,7,1,0,1,11,0,8,12,0,8,12,20
EPaulding,Norcross,243,46,0,39,84,0,282,130,0,289,123,412
EPaulding,Lilburn,27,2,0,17,31,0,44,33,0,29,48,77
EPaulding,Snellville,13,4,0,11,14,0,24,18,0,17,25,42
EPaulding,NHenry,26,2,0,11,10,0,37,12,0,28,21,49
EPaulding,EHenry,6,1,0,4,4,0,10,5,0,7,8,15
EPaulding,SHenry,8,6,0,7,19,0,15,25,0,14,26,40
EPaulding,SRockdale,4,4,0,6,16,0,10,20,0,8,22,30
EPaulding,NRockdale,11,2,0,5,31,0,16,33,0,13,36,49
EPaulding,NBarrow,0,0,0,0,0,0,0,0,0,0,0,0
EPaulding,SBarrow,0,0,0,0,1,0,0,1,0,0,1,1
EPaulding,NWBartow,125,15,0,33,86,0,158,101,0,140,119,259
EPaulding,NEBartow,104,12,0,31,49,0,135,61,0,116,80,196
EPaulding,SWBartow,350,51,0,159,347,0,509,398,0,401,506,907
EPaulding,Cartersville,1102,196,0,327,690,0,1429,886,0,1298,1017,2315
EPaulding,NECarroll,1685,326,0,1024,3069,0,2709,3395,0,2011,4093,6104
EPaulding,WCarroll,144,34,0,30,145,0,174,179,0,178,175,353
EPaulding,CentralCarroll,860,147,0,324,507,0,1184,654,0,1007,831,1838
EPaulding,SECarroll,53,9,0,20,57,0,73,66,0,62,77,139
EPaulding,WCoweta,66,11,0,8,43,0,74,54,0,77,51,128
EPaulding,NCoweta,184,25,0,45,80,0,229,105,0,209,125,334
EPaulding,SCoweta,9,2,0,3,3,0,12,5,0,11,6,17
EPaulding,SECoweta,9,1,0,1,5,0,10,6,0,10,6,16
EPaulding,NForsyth,10,0,0,5,12,0,15,12,0,10,17,27
EPaulding,Cumming,30,3,0,11,19,0,41,22,0,33,30,63
EPaulding,SForsyth,47,3,0,18,16,0,65,19,0,50,34,84
EPaulding,NHall,0,0,0,0,1,0,0,1,0,0,1,1
EPaulding,Gainesville,0,1,0,2,1,0,2,2,0,1,3,4
EPaulding,SHall,1,0,0,2,0,0,3,0,0,1,2,3
EPaulding,WNewton,3,3,0,6,1,0,9,4,0,6,7,13
EPaulding,ENewton,1,0,0,0,0,0,1,0,0,1,0,1
EPaulding,NPaulding,3211,568,0,3999,11033,0,7210,11601,0,3779,15032,18811
EPaulding,WPaulding,2402,444,0,2952,7779,0,5354,8223,0,2846,10731,13577
EPaulding,EPaulding,35974,6507,0,76712,171532,0,112686,178039,0,42481,248244,290725
EPaulding,NSpalding,1,0,0,0,5,0,1,5,0,1,5,6
EPaulding,SSpalding,3,0,0,0,1,0,3,1,0,3,1,4
EPaulding,WWalton,1,1,0,1,0,0,2,1,0,2,1,3
EPaulding,EWalton,0,0,0,0,0,0,0,0,0,0,0,0
NSpalding,NFulton,8,1,0,4,53,0,12,54,0,9,57,66
NSpalding,Roswell,6,0,0,2,1,0,8,1,0,6,3,9
NSpalding,SandySprings,35,13,0,10,11,0,45,24,0,48,21,69
NSpalding,Buckhead,68,21,1,14,79,0,82,100,1,90,93,183
NSpalding,NWAtlanta,62,16,1,10,26,0,72,42,1,79,36,115
NSpalding,NEAtlanta,123,20,8,27,90,3,150,110,11,151,120,271
NSpalding,SWAtlanta,51,11,0,20,37,0,71,48,0,62,57,119
NSpalding,CBDAtlanta,169,31,19,26,101,0,195,132,19,219,127,346
NSpalding,SEAtlanta,127,31,0,29,78,0,156,109,0,158,107,265
NSpalding,SFulton,51,12,0,8,19,0,59,31,0,63,27,90
NSpalding,Tri-Cities,251,43,0,29,48,0,280,91,0,294,77,371
NSpalding,Shannon,157,30,0,29,56,0,186,86,0,187,85,272
NSpalding,WCherokee,0,0,0,0,0,0,0,0,0,0,0,0
NSpalding,NCherokee,0,0,0,0,0,0,0,0,0,0,0,0
NSpalding,ECentCherokee,0,1,0,0,0,0,0,1,0,1,0,1
NSpalding,Woodstock,1,0,0,0,0,0,1,0,0,1,0,1
NSpalding,Airport,216,26,2,11,12,0,227,38,2,244,23,267
NSpalding,NEClayton,529,92,1,85,156,0,614,248,1,622,241,863
NSpalding,Riverdale,226,36,0,81,246,0,307,282,0,262,327,589
NSpalding,SClayton,922,157,1,518,1335,1,1440,1492,2,1080,1854,2934
NSpalding,NWCobb,5,0,0,3,1,0,8,1,0,5,4,9
NSpalding,NECobb,17,6,0,1,13,0,18,19,0,23,14,37
NSpalding,SWCobb,4,0,0,0,1,0,4,1,0,4,1,5
NSpalding,Marietta,13,2,0,2,14,0,15,16,0,15,16,31
NSpalding,Cumberland,67,12,0,9,33,0,76,45,0,79,42,121
NSpalding,SCobb,28,5,0,7,14,0,35,19,0,33,21,54
NSpalding,Chamblee,38,9,2,13,12,0,51,21,2,49,25,74
NSpalding,NWDeKalb,82,14,1,20,15,0,102,29,1,97,35,132
NSpalding,NEDeKalb,60,9,0,19,23,0,79,32,0,69,42,111
NSpalding,Atlanta-DeKalb,11,4,0,8,6,0,19,10,0,15,14,29
NSpalding,Decatur,16,5,0,4,5,0,20,10,0,21,9,30
NSpalding,SWDeKalb,60,9,0,14,33,0,74,42,0,69,47,116
NSpalding,SEDeKalb,49,8,0,11,5,0,60,13,0,57,16,73
NSpalding,SDeKalb,102,26,0,27,81,0,129,107,0,128,108,236
NSpalding,WDouglas,9,0,0,4,13,0,13,13,0,9,17,26
NSpalding,EDouglas,21,0,0,7,2,0,28,2,0,21,9,30
NSpalding,WFayette,696,124,0,202,336,0,898,460,0,820,538,1358
NSpalding,EFayette,1093,178,0,557,1397,0,1650,1575,0,1271,1954,3225
NSpalding,NGwinnett,0,1,0,0,0,0,0,1,0,1,0,1
NSpalding,CentGwinnett,5,2,0,5,1,0,10,3,0,7,6,13
NSpalding,EGwinnett,2,1,0,0,0,0,2,1,0,3,0,3
NSpalding,Norcross,27,2,0,4,22,0,31,24,0,29,26,55
NSpalding,Lilburn,12,1,0,3,6,0,15,7,0,13,9,22
NSpalding,Snellville,17,5,0,5,34,0,22,39,0,22,39,61
NSpalding,NHenry,378,72,0,123,327,0,501,399,0,450,450,900
NSpalding,EHenry,426,94,0,170,294,0,596,388,0,520,464,984
NSpalding,SHenry,3843,769,0,2820,7366,0,6663,8135,0,4612,10186,14798
NSpalding,SRockdale,70,19,0,29,23,0,99,42,0,89,52,141
NSpalding,NRockdale,79,18,0,15,15,0,94,33,0,97,30,127
NSpalding,NBarrow,1,0,0,0,0,0,1,0,0,1,0,1
NSpalding,SBarrow,0,0,0,0,0,0,0,0,0,0,0,0
NSpalding,NWBartow,0,0,0,0,0,0,0,0,0,0,0,0
NSpalding,NEBartow,0,0,0,0,0,0,0,0,0,0,0,0
NSpalding,SWBartow,0,0,0,0,0,0,0,0,0,0,0,0
NSpalding,Cartersville,1,0,0,0,0,0,1,0,0,1,0,1
NSpalding,NECarroll,0,0,0,1,2,0,1,2,0,0,3,3
NSpalding,WCarroll,0,0,0,0,0,0,0,0,0,0,0,0
NSpalding,CentralCarroll,1,1,0,3,5,0,4,6,0,2,8,10
NSpalding,SECarroll,1,1,0,1,17,0,2,18,0,2,18,20
NSpalding,WCoweta,40,6,0,12,18,0,52,24,0,46,30,76
NSpalding,NCoweta,308,50,0,83,102,0,391,152,0,358,185,543
NSpalding,SCoweta,28,5,0,28,32,0,56,37,0,33,60,93
NSpalding,SECoweta,346,67,0,165,284,0,511,351,0,413,449,862
NSpalding,NForsyth,0,0,0,0,0,0,0,0,0,0,0,0
NSpalding,Cumming,1,0,0,0,5,0,1,5,0,1,5,6
NSpalding,SForsyth,2,0,0,1,1,0,3,1,0,2,2,4
NSpalding,NHall,0,0,0,0,0,0,0,0,0,0,0,0
NSpalding,Gainesville,0,0,0,0,0,0,0,0,0,0,0,0
NSpalding,SHall,0,1,0,0,0,0,0,1,0,1,0,1
NSpalding,WNewton,206,32,0,46,102,0,252,134,0,238,148,386
NSpalding,ENewton,16,2,0,6,8,0,22,10,0,18,14,32
NSpalding,NPaulding,0,0,0,0,0,0,0,0,0,0,0,0
NSpalding,WPaulding,0,0,0,0,0,0,0,0,0,0,0,0
NSpalding,EPaulding,2,0,0,0,6,0,2,6,0,2,6,8
NSpalding,NSpalding,15520,2989,0,26647,59581,0,42167,62570,0,18509,86228,104737
NSpalding,SSpalding,6962,1360,0,9787,19557,0,16749,20917,0,8322,29344,37666
NSpalding,WWalton,9,2,0,4,14,0,13,16,0,11,18,29
NSpalding,EWalton,8,0,0,2,4,0,10,4,0,8,6,14
SSpalding,NFulton,5,0,0,1,0,0,6,0,0,5,1,6
SSpalding,Roswell,2,2,0,1,0,0,3,2,0,4,1,5
SSpalding,SandySprings,23,5,0,6,6,0,29,11,0,28,12,40
SSpalding,Buckhead,34,15,0,7,41,0,41,56,0,49,48,97
SSpalding,NWAtlanta,51,9,0,3,4,0,54,13,0,60,7,67
SSpalding,NEAtlanta,69,22,1,29,45,0,98,67,1,92,74,166
SSpalding,SWAtlanta,35,9,1,19,6,0,54,15,1,45,25,70
SSpalding,CBDAtlanta,56,14,3,16,43,0,72,57,3,73,59,132
SSpalding,SEAtlanta,70,7,0,14,27,0,84,34,0,77,41,118
SSpalding,SFulton,32,1,0,12,18,0,44,19,0,33,30,63
SSpalding,Tri-Cities,165,26,0,25,35,0,190,61,0,191,60,251
SSpalding,Shannon,149,28,0,21,34,0,170,62,0,177,55,232
SSpalding,WCherokee,0,0,0,0,0,0,0,0,0,0,0,0
SSpalding,NCherokee,0,0,0,0,0,0,0,0,0,0,0,0
SSpalding,ECentCherokee,0,0,0,0,0,0,0,0,0,0,0,0
SSpalding,Woodstock,0,0,0,1,0,0,1,0,0,0,1,1
SSpalding,Airport,104,18,0,13,20,0,117,38,0,122,33,155
SSpalding,NEClayton,283,56,0,51,90,0,334,146,0,339,141,480
SSpalding,Riverdale,133,22,0,43,69,0,176,91,0,155,112,267
SSpalding,SClayton,548,83,0,137,288,0,685,371,0,631,425,1056
SSpalding,NWCobb,4,1,0,1,1,0,5,2,0,5,2,7
SSpalding,NECobb,4,1,0,2,1,0,6,2,0,5,3,8
SSpalding,SWCobb,1,0,0,0,0,0,1,0,0,1,0,1
SSpalding,Marietta,6,0,0,1,4,0,7,4,0,6,5,11
SSpalding,Cumberland,37,8,0,14,9,0,51,17,0,45,23,68
SSpalding,SCobb,17,5,0,9,2,0,26,7,0,22,11,33
SSpalding,Chamblee,23,5,0,8,11,0,31,16,0,28,19,47
SSpalding,NWDeKalb,33,4,0,8,9,0,41,13,0,37,17,54
SSpalding,NEDeKalb,32,2,0,11,15,0,43,17,0,34,26,60
SSpalding,Atlanta-DeKalb,14,0,0,5,8,0,19,8,0,14,13,27
SSpalding,Decatur,3,0,0,3,4,0,6,4,0,3,7,10
SSpalding,SWDeKalb,22,8,0,13,29,0,35,37,0,30,42,72
SSpalding,SEDeKalb,23,2,0,6,11,0,29,13,0,25,17,42
SSpalding,SDeKalb,64,9,0,21,18,0,85,27,0,73,39,112
SSpalding,WDouglas,10,2,0,2,1,0,12,3,0,12,3,15
SSpalding,EDouglas,11,1,0,9,2,0,20,3,0,12,11,23
SSpalding,WFayette,702,101,0,169,371,0,871,472,0,803,540,1343
SSpalding,EFayette,813,159,0,376,740,0,1189,899,0,972,1116,2088
SSpalding,NGwinnett,0,0,0,0,0,0,0,0,0,0,0,0
SSpalding,CentGwinnett,2,0,0,1,5,0,3,5,0,2,6,8
SSpalding,EGwinnett,2,0,0,0,0,0,2,0,0,2,0,2
SSpalding,Norcross,15,0,0,3,4,0,18,4,0,15,7,22
SSpalding,Lilburn,4,0,0,4,0,0,8,0,0,4,4,8
SSpalding,Snellville,4,0,0,6,5,0,10,5,0,4,11,15
SSpalding,NHenry,199,40,0,39,123,0,238,163,0,239,162,401
SSpalding,EHenry,243,42,0,52,174,0,295,216,0,285,226,511
SSpalding,SHenry,1855,369,0,680,1666,0,2535,2035,0,2224,2346,4570
SSpalding,SRockdale,37,5,0,9,14,0,46,19,0,42,23,65
SSpalding,NRockdale,57,12,0,11,10,0,68,22,0,69,21,90
SSpalding,NBarrow,0,0,0,0,0,0,0,0,0,0,0,0
SSpalding,SBarrow,0,0,0,0,0,0,0,0,0,0,0,0
SSpalding,NWBartow,0,0,0,0,0,0,0,0,0,0,0,0
SSpalding,NEBartow,0,0,0,0,0,0,0,0,0,0,0,0
SSpalding,SWBartow,0,0,0,0,0,0,0,0,0,0,0,0
SSpalding,Cartersville,0,0,0,0,0,0,0,0,0,0,0,0
SSpalding,NECarroll,1,0,0,0,0,0,1,0,0,1,0,1
SSpalding,WCarroll,0,0,0,1,0,0,1,0,0,0,1,1
SSpalding,CentralCarroll,7,1,0,6,16,0,13,17,0,8,22,30
SSpalding,SECarroll,5,0,0,1,4,0,6,4,0,5,5,10
SSpalding,WCoweta,46,8,0,9,9,0,55,17,0,54,18,72
SSpalding,NCoweta,302,42,0,76,184,0,378,226,0,344,260,604
SSpalding,SCoweta,53,15,0,19,36,0,72,51,0,68,55,123
SSpalding,SECoweta,374,63,0,205,342,0,579,405,0,437,547,984
SSpalding,NForsyth,0,0,0,0,0,0,0,0,0,0,0,0
SSpalding,Cumming,0,0,0,0,0,0,0,0,0,0,0,0
SSpalding,SForsyth,0,2,0,0,0,0,0,2,0,2,0,2
SSpalding,NHall,0,0,0,0,0,0,0,0,0,0,0,0
SSpalding,Gainesville,0,0,0,0,0,0,0,0,0,0,0,0
SSpalding,SHall,0,0,0,0,0,0,0,0,0,0,0,0
SSpalding,WNewton,118,15,0,22,33,0,140,48,0,133,55,188
SSpalding,ENewton,14,2,0,3,5,0,17,7,0,16,8,24
SSpalding,NPaulding,0,0,0,0,0,0,0,0,0,0,0,0
SSpalding,WPaulding,0,0,0,0,0,0,0,0,0,0,0,0
SSpalding,EPaulding,5,0,0,1,5,0,6,5,0,5,6,11
SSpalding,NSpalding,6982,1323,0,9824,19468,0,16806,20791,0,8305,29292,37597
SSpalding,SSpalding,12096,2142,0,16514,29511,0,28610,31653,0,14238,46025,60263
SSpalding,WWalton,4,1,0,3,8,0,7,9,0,5,11,16
SSpalding,EWalton,1,1,0,2,4,0,3,5,0,2,6,8
WWalton,NFulton,255,35,1,46,69,1,301,104,2,291,116,407
WWalton,Roswell,89,11,0,16,53,0,105,64,0,100,69,169
WWalton,SandySprings,220,37,1,49,156,0,269,193,1,258,205,463
WWalton,Buckhead,146,35,2,37,98,0,183,133,2,183,135,318
WWalton,NWAtlanta,77,20,0,15,52,1,92,72,1,97,68,165
WWalton,NEAtlanta,176,35,0,67,228,0,243,263,0,211,295,506
WWalton,SWAtlanta,49,12,0,16,71,0,65,83,0,61,87,148
WWalton,CBDAtlanta,145,30,9,44,259,1,189,289,10,184,304,488
WWalton,SEAtlanta,90,16,0,25,54,1,115,70,1,106,80,186
WWalton,SFulton,13,1,0,6,3,0,19,4,0,14,9,23
WWalton,Tri-Cities,89,17,0,9,72,1,98,89,1,106,82,188
WWalton,Shannon,27,3,0,3,5,0,30,8,0,30,8,38
WWalton,WCherokee,1,0,0,0,0,0,1,0,0,1,0,1
WWalton,NCherokee,5,0,0,0,0,0,5,0,0,5,0,5
WWalton,ECentCherokee,6,1,0,4,9,0,10,10,0,7,13,20
WWalton,Woodstock,9,2,0,1,2,0,10,4,0,11,3,14
WWalton,Airport,49,4,0,6,14,0,55,18,0,53,20,73
WWalton,NEClayton,106,23,0,25,38,0,131,61,0,129,63,192
WWalton,Riverdale,17,2,0,7,4,0,24,6,0,19,11,30
WWalton,SClayton,32,6,0,12,15,0,44,21,0,38,27,65
WWalton,NWCobb,10,1,0,9,12,0,19,13,0,11,21,32
WWalton,NECobb,58,1,0,6,13,0,64,14,0,59,19,78
WWalton,SWCobb,5,1,0,1,2,0,6,3,0,6,3,9
WWalton,Marietta,33,2,0,10,13,0,43,15,0,35,23,58
WWalton,Cumberland,115,24,0,27,65,0,142,89,0,139,92,231
WWalton,SCobb,30,4,0,7,10,0,37,14,0,34,17,51
WWalton,Chamblee,323,63,2,71,128,3,394,191,5,388,202,590
WWalton,NWDeKalb,276,53,2,92,404,5,368,457,7,331,501,832
WWalton,NEDeKalb,691,127,0,195,636,0,886,763,0,818,831,1649
WWalton,Atlanta-DeKalb,33,6,0,13,29,0,46,35,0,39,42,81
WWalton,Decatur,45,7,0,25,31,0,70,38,0,52,56,108
WWalton,SWDeKalb,186,21,0,48,165,0,234,186,0,207,213,420
WWalton,SEDeKalb,541,95,0,239,873,2,780,968,2,636,1114,1750
WWalton,SDeKalb,309,72,0,127,239,1,436,311,1,381,367,748
WWalton,WDouglas,1,0,0,3,0,0,4,0,0,1,3,4
WWalton,EDouglas,10,1,0,4,25,0,14,26,0,11,29,40
WWalton,WFayette,5,2,0,0,10,0,5,12,0,7,10,17
WWalton,EFayette,10,1,0,4,3,0,14,4,0,11,7,18
WWalton,NGwinnett,929,172,0,305,735,0,1234,907,0,1101,1040,2141
WWalton,CentGwinnett,2220,438,0,933,2653,0,3153,3091,0,2658,3586,6244
WWalton,EGwinnett,1738,327,0,2083,5973,0,3821,6300,0,2065,8056,10121
WWalton,Norcross,711,116,0,122,284,0,833,400,0,827,406,1233
WWalton,Lilburn,578,105,0,273,779,0,851,884,0,683,1052,1735
WWalton,Snellville,3115,596,0,4096,11660,0,7211,12256,0,3711,15756,19467
WWalton,NHenry,132,22,0,41,89,0,173,111,0,154,130,284
WWalton,EHenry,83,16,0,32,90,0,115,106,0,99,122,221
WWalton,SHenry,117,26,0,34,50,0,151,76,0,143,84,227
WWalton,SRockdale,251,50,0,104,294,0,355,344,0,301,398,699
WWalton,NRockdale,1716,333,0,932,2608,0,2648,2941,0,2049,3540,5589
WWalton,NBarrow,516,85,0,238,567,0,754,652,0,601,805,1406
WWalton,SBarrow,636,111,0,354,1001,0,990,1112,0,747,1355,2102
WWalton,NWBartow,0,0,0,0,0,0,0,0,0,0,0,0
WWalton,NEBartow,0,0,0,0,0,0,0,0,0,0,0,0
WWalton,SWBartow,0,0,0,0,0,0,0,0,0,0,0,0
WWalton,Cartersville,1,0,0,0,0,0,1,0,0,1,0,1
WWalton,NECarroll,0,0,0,1,0,0,1,0,0,0,1,1
WWalton,WCarroll,0,0,0,0,0,0,0,0,0,0,0,0
WWalton,CentralCarroll,0,0,0,0,0,0,0,0,0,0,0,0
WWalton,SECarroll,0,0,0,0,0,0,0,0,0,0,0,0
WWalton,WCoweta,0,0,0,0,0,0,0,0,0,0,0,0
WWalton,NCoweta,4,0,0,0,0,0,4,0,0,4,0,4
WWalton,SCoweta,0,0,0,0,0,0,0,0,0,0,0,0
WWalton,SECoweta,0,0,0,0,0,0,0,0,0,0,0,0
WWalton,NForsyth,9,1,0,5,25,0,14,26,0,10,30,40
WWalton,Cumming,58,7,0,22,35,0,80,42,0,65,57,122
WWalton,SForsyth,108,23,0,18,14,0,126,37,0,131,32,163
WWalton,NHall,4,0,0,3,4,0,7,4,0,4,7,11
WWalton,Gainesville,82,17,0,26,22,0,108,39,0,99,48,147
WWalton,SHall,119,17,0,52,57,0,171,74,0,136,109,245
WWalton,WNewton,1980,408,0,1421,3830,0,3401,4238,0,2388,5251,7639
WWalton,ENewton,221,38,0,146,242,0,367,280,0,259,388,647
WWalton,NPaulding,0,0,0,0,0,0,0,0,0,0,0,0
WWalton,WPaulding,1,0,0,0,0,0,1,0,0,1,0,1
WWalton,EPaulding,0,1,0,0,1,0,0,2,0,1,1,2
WWalton,NSpalding,11,1,0,4,8,0,15,9,0,12,12,24
WWalton,SSpalding,5,1,0,2,7,0,7,8,0,6,9,15
WWalton,WWalton,9764,1917,0,20293,49865,0,30057,51782,0,11681,70158,81839
WWalton,EWalton,2694,523,0,2473,7232,0,5167,7755,0,3217,9705,12922
EWalton,NFulton,141,18,0,42,45,0,183,63,0,159,87,246
EWalton,Roswell,58,3,0,11,10,0,69,13,0,61,21,82
EWalton,SandySprings,73,8,0,21,70,0,94,78,0,81,91,172
EWalton,Buckhead,53,9,0,20,75,0,73,84,0,62,95,157
EWalton,NWAtlanta,29,6,0,11,26,0,40,32,0,35,37,72
EWalton,NEAtlanta,62,11,0,39,108,0,101,119,0,73,147,220
EWalton,SWAtlanta,14,2,0,5,10,0,19,12,0,16,15,31
EWalton,CBDAtlanta,35,18,2,22,88,0,57,106,2,55,110,165
EWalton,SEAtlanta,33,4,0,13,12,0,46,16,0,37,25,62
EWalton,SFulton,6,1,0,0,0,0,6,1,0,7,0,7
EWalton,Tri-Cities,22,7,0,6,14,0,28,21,0,29,20,49
EWalton,Shannon,7,2,0,2,17,0,9,19,0,9,19,28
EWalton,WCherokee,0,0,0,1,0,0,1,0,0,0,1,1
EWalton,NCherokee,0,0,0,0,0,0,0,0,0,0,0,0
EWalton,ECentCherokee,5,0,0,3,2,0,8,2,0,5,5,10
EWalton,Woodstock,3,0,0,1,10,0,4,10,0,3,11,14
EWalton,Airport,11,0,1,2,7,0,13,7,1,12,9,21
EWalton,NEClayton,48,11,0,17,39,0,65,50,0,59,56,115
EWalton,Riverdale,5,2,0,2,3,0,7,5,0,7,5,12
EWalton,SClayton,13,1,0,6,4,0,19,5,0,14,10,24
EWalton,NWCobb,2,2,0,2,1,0,4,3,0,4,3,7
EWalton,NECobb,13,3,0,3,42,0,16,45,0,16,45,61
EWalton,SWCobb,1,0,0,1,0,0,2,0,0,1,1,2
EWalton,Marietta,6,1,0,2,5,0,8,6,0,7,7,14
EWalton,Cumberland,41,2,0,12,44,0,53,46,0,43,56,99
EWalton,SCobb,7,1,0,3,2,0,10,3,0,8,5,13
EWalton,Chamblee,150,27,0,39,66,0,189,93,0,177,105,282
EWalton,NWDeKalb,108,19,0,62,107,0,170,126,0,127,169,296
EWalton,NEDeKalb,271,47,1,75,126,0,346,173,1,319,201,520
EWalton,Atlanta-DeKalb,8,4,0,6,31,0,14,35,0,12,37,49
EWalton,Decatur,20,7,0,9,8,0,29,15,0,27,17,44
EWalton,SWDeKalb,58,9,0,27,53,0,85,62,0,67,80,147
EWalton,SEDeKalb,176,28,0,47,99,0,223,127,0,204,146,350
EWalton,SDeKalb,93,32,0,48,94,0,141,126,0,125,142,267
EWalton,WDouglas,0,0,0,0,0,0,0,0,0,0,0,0
EWalton,EDouglas,2,0,0,0,0,0,2,0,0,2,0,2
EWalton,WFayette,0,0,0,0,1,0,0,1,0,0,1,1
EWalton,EFayette,4,4,0,2,2,0,6,6,0,8,4,12
EWalton,NGwinnett,692,131,0,179,542,0,871,673,0,823,721,1544
EWalton,CentGwinnett,1021,171,0,334,843,0,1355,1014,0,1192,1177,2369
EWalton,EGwinnett,1084,184,0,572,1358,0,1656,1542,0,1268,1930,3198
EWalton,Norcross,324,49,0,49,140,0,373,189,0,373,189,562
EWalton,Lilburn,212,54,0,66,147,0,278,201,0,266,213,479
EWalton,Snellville,893,169,0,344,931,0,1237,1100,0,1062,1275,2337
EWalton,NHenry,59,7,0,27,59,0,86,66,0,66,86,152
EWalton,EHenry,85,17,0,25,38,0,110,55,0,102,63,165
EWalton,SHenry,96,31,0,31,38,0,127,69,0,127,69,196
EWalton,SRockdale,157,30,0,31,75,0,188,105,0,187,106,293
EWalton,NRockdale,802,147,0,188,357,0,990,504,0,949,545,1494
EWalton,NBarrow,1095,189,0,505,1117,0,1600,1306,0,1284,1622,2906
EWalton,SBarrow,1403,295,0,858,2196,0,2261,2491,0,1698,3054,4752
EWalton,NWBartow,0,0,0,0,0,0,0,0,0,0,0,0
EWalton,NEBartow,0,0,0,0,0,0,0,0,0,0,0,0
EWalton,SWBartow,0,0,0,0,0,0,0,0,0,0,0,0
EWalton,Cartersville,0,1,0,0,0,0,0,1,0,1,0,1
EWalton,NECarroll,0,0,0,0,0,0,0,0,0,0,0,0
EWalton,WCarroll,0,0,0,0,0,0,0,0,0,0,0,0
EWalton,CentralCarroll,0,0,0,0,0,0,0,0,0,0,0,0
EWalton,SECarroll,0,0,0,0,0,0,0,0,0,0,0,0
EWalton,WCoweta,0,0,0,0,0,0,0,0,0,0,0,0
EWalton,NCoweta,2,0,0,0,0,0,2,0,0,2,0,2
EWalton,SCoweta,0,0,0,0,0,0,0,0,0,0,0,0
EWalton,SECoweta,0,0,0,0,0,0,0,0,0,0,0,0
EWalton,NForsyth,12,1,0,4,1,0,16,2,0,13,5,18
EWalton,Cumming,35,13,0,13,38,0,48,51,0,48,51,99
EWalton,SForsyth,56,8,0,19,18,0,75,26,0,64,37,101
EWalton,NHall,8,0,0,4,0,0,12,0,0,8,4,12
EWalton,Gainesville,96,17,0,25,49,0,121,66,0,113,74,187
EWalton,SHall,138,25,0,61,90,0,199,115,0,163,151,314
EWalton,WNewton,1960,381,0,646,1647,0,2606,2028,0,2341,2293,4634
EWalton,ENewton,803,171,0,770,1753,0,1573,1924,0,974,2523,3497
EWalton,NPaulding,0,0,0,0,0,0,0,0,0,0,0,0
EWalton,WPaulding,0,0,0,0,0,0,0,0,0,0,0,0
EWalton,EPaulding,0,0,0,0,0,0,0,0,0,0,0,0
EWalton,NSpalding,10,1,0,2,4,0,12,5,0,11,6,17
EWalton,SSpalding,2,0,0,3,5,0,5,5,0,2,8,10
EWalton,WWalton,2723,501,0,2516,7282,0,5239,7783,0,3224,9798,13022
EWalton,EWalton,21629,4025,0,34389,70816,0,56018,74841,0,25654,105205,130859
