FROM,TO,Work trips SOV,Work trips HOV,Work trips Transit,Non-work SOV,Non-work HOV,Non-work Transit,All SOV,All HOV,All Transit,Work trips All,Non-work All,All Trips
NFulton,NFulton,78645,15057,690,119410,203382,1226,198055,218439,1916,94392,324018,418410
NFulton,Roswell,17897,3390,184,21258,46567,361,39155,49957,545,21471,68186,89657
NFulton,SandySprings,7224,1290,288,2659,5991,139,9883,7281,427,8802,8789,17591
NFulton,Buckhead,2651,419,327,354,909,69,3005,1328,396,3397,1332,4729
NFulton,NWAtlanta,403,78,41,52,118,8,455,196,49,522,178,700
NFulton,NEAtlanta,1505,259,293,204,661,83,1709,920,376,2057,948,3005
NFulton,SWAtlanta,286,56,53,65,113,18,351,169,71,395,196,591
NFulton,CBDAtlanta,799,158,571,112,425,72,911,583,643,1528,609,2137
NFulton,SEAtlanta,279,65,58,45,126,6,324,191,64,402,177,579
NFulton,SFulton,96,12,5,24,83,1,120,95,6,113,108,221
NFulton,Tri-Cities,236,68,23,30,64,3,266,132,26,327,97,424
NFulton,Shannon,69,17,7,25,27,2,94,44,9,93,54,147
NFulton,WCherokee,423,73,0,116,295,0,539,368,0,496,411,907
NFulton,NCherokee,353,65,0,106,297,0,459,362,0,418,403,821
NFulton,ECentCherokee,5817,1014,2,3294,9373,9,9111,10387,11,6833,12676,19509
NFulton,Woodstock,3324,643,4,2113,5077,2,5437,5720,6,3971,7192,11163
NFulton,Airport,68,21,25,7,28,0,75,49,25,114,35,149
NFulton,NEClayton,135,30,7,26,106,0,161,136,7,172,132,304
NFulton,Riverdale,85,37,6,13,25,0,98,62,6,128,38,166
NFulton,SClayton,74,17,3,23,34,0,97,51,3,94,57,151
NFulton,NWCobb,1539,250,4,500,952,32,2039,1202,36,1793,1484,3277
NFulton,NECobb,5201,987,18,3304,8359,5,8505,9346,23,6206,11668,17874
NFulton,SWCobb,254,48,0,56,129,0,310,177,0,302,185,487
NFulton,Marietta,930,182,7,280,807,16,1210,989,23,1119,1103,2222
NFulton,Cumberland,1844,361,22,368,788,7,2212,1149,29,2227,1163,3390
NFulton,SCobb,386,51,8,116,204,1,502,255,9,445,321,766
NFulton,Chamblee,4586,828,205,1438,3613,57,6024,4441,262,5619,5108,10727
NFulton,NWDeKalb,1025,184,46,207,924,46,1232,1108,92,1255,1177,2432
NFulton,NEDeKalb,1480,261,27,366,856,21,1846,1117,48,1768,1243,3011
NFulton,Atlanta-DeKalb,96,16,18,19,31,1,115,47,19,130,51,181
NFulton,Decatur,139,29,25,30,43,1,169,72,26,193,74,267
NFulton,SWDeKalb,314,54,25,54,98,11,368,152,36,393,163,556
NFulton,SEDeKalb,322,66,18,54,102,4,376,168,22,406,160,566
NFulton,SDeKalb,255,45,14,66,185,0,321,230,14,314,251,565
NFulton,WDouglas,50,8,1,15,105,0,65,113,1,59,120,179
NFulton,EDouglas,112,21,2,24,50,2,136,71,4,135,76,211
NFulton,WFayette,20,2,0,10,6,0,30,8,0,22,16,38
NFulton,EFayette,36,7,0,12,11,0,48,18,0,43,23,66
NFulton,NGwinnett,5383,994,2,2435,6271,10,7818,7265,12,6379,8716,15095
NFulton,CentGwinnett,9551,1798,19,8302,19294,41,17853,21092,60,11368,27637,39005
NFulton,EGwinnett,840,150,0,166,284,0,1006,434,0,990,450,1440
NFulton,Norcross,7281,1472,26,4418,10764,37,11699,12236,63,8779,15219,23998
NFulton,Lilburn,902,154,2,373,812,2,1275,966,4,1058,1187,2245
NFulton,Snellville,916,154,1,215,440,6,1131,594,7,1071,661,1732
NFulton,NHenry,88,17,2,17,34,0,105,51,2,107,51,158
NFulton,EHenry,43,14,0,15,7,0,58,21,0,57,22,79
NFulton,SHenry,44,15,1,16,25,0,60,40,1,60,41,101
NFulton,SRockdale,72,7,3,14,42,1,86,49,4,82,57,139
NFulton,NRockdale,108,22,2,27,43,0,135,65,2,132,70,202
NFulton,NBarrow,369,40,0,61,104,0,430,144,0,409,165,574
NFulton,SBarrow,231,36,0,28,62,0,259,98,0,267,90,357
NFulton,NWBartow,38,10,0,18,51,0,56,61,0,48,69,117
NFulton,NEBartow,89,16,0,29,95,0,118,111,0,105,124,229
NFulton,SWBartow,58,16,0,20,53,1,78,69,1,74,74,148
NFulton,Cartersville,247,44,0,80,51,1,327,95,1,291,132,423
NFulton,NECarroll,12,1,0,4,5,0,16,6,0,13,9,22
NFulton,WCarroll,0,0,0,0,0,0,0,0,0,0,0,0
NFulton,CentralCarroll,5,0,0,6,17,0,11,17,0,5,23,28
NFulton,SECarroll,2,0,0,0,1,0,2,1,0,2,1,3
NFulton,WCoweta,1,0,0,3,0,0,4,0,0,1,3,4
NFulton,NCoweta,14,2,2,4,2,0,18,4,2,18,6,24
NFulton,SCoweta,0,0,0,0,0,0,0,0,0,0,0,0
NFulton,SECoweta,1,1,0,0,1,0,1,2,0,2,1,3
NFulton,NForsyth,2862,481,0,573,1437,1,3435,1918,1,3343,2011,5354
NFulton,Cumming,10897,1837,14,4490,11758,18,15387,13595,32,12748,16266,29014
NFulton,SForsyth,14632,2748,51,15585,33419,79,30217,36167,130,17431,49083,66514
NFulton,NHall,290,50,0,54,179,0,344,229,0,340,233,573
NFulton,Gainesville,695,119,0,121,313,0,816,432,0,814,434,1248
NFulton,SHall,874,130,0,151,348,1,1025,478,1,1004,500,1504
NFulton,WNewton,91,16,1,15,32,0,106,48,1,108,47,155
NFulton,ENewton,10,0,0,4,1,0,14,1,0,10,5,15
NFulton,NPaulding,120,21,0,21,43,0,141,64,0,141,64,205
NFulton,WPaulding,20,4,0,8,11,0,28,15,0,24,19,43
NFulton,EPaulding,240,34,0,47,115,0,287,149,0,274,162,436
NFulton,NSpalding,2,1,0,3,25,0,5,26,0,3,28,31
NFulton,SSpalding,3,0,0,1,0,0,4,0,0,3,1,4
NFulton,WWalton,207,27,1,37,49,0,244,76,1,235,86,321
NFulton,EWalton,97,12,0,20,47,0,117,59,0,109,67,176
Roswell,NFulton,18071,3396,171,21166,46828,358,39237,50224,529,21638,68352,89990
Roswell,Roswell,27785,4997,235,55351,110140,380,83136,115137,615,33017,165871,198888
Roswell,SandySprings,7189,1287,229,6182,13419,246,13371,14706,475,8705,19847,28552
Roswell,Buckhead,2331,370,268,465,1373,104,2796,1743,372,2969,1942,4911
Roswell,NWAtlanta,341,69,23,55,86,4,396,155,27,433,145,578
Roswell,NEAtlanta,1226,233,287,208,610,121,1434,843,408,1746,939,2685
Roswell,SWAtlanta,211,71,34,52,67,17,263,138,51,316,136,452
Roswell,CBDAtlanta,725,126,571,97,244,145,822,370,716,1422,486,1908
Roswell,SEAtlanta,211,53,25,40,120,13,251,173,38,289,173,462
Roswell,SFulton,63,7,0,9,32,1,72,39,1,70,42,112
Roswell,Tri-Cities,212,59,23,16,27,0,228,86,23,294,43,337
Roswell,Shannon,64,22,10,16,13,0,80,35,10,96,29,125
Roswell,WCherokee,185,31,0,58,165,0,243,196,0,216,223,439
Roswell,NCherokee,107,21,0,41,84,0,148,105,0,128,125,253
Roswell,ECentCherokee,2089,336,3,967,3117,1,3056,3453,4,2428,4085,6513
Roswell,Woodstock,2497,447,3,1531,3766,1,4028,4213,4,2947,5298,8245
Roswell,Airport,76,22,33,5,33,0,81,55,33,131,38,169
Roswell,NEClayton,103,25,4,27,25,4,130,50,8,132,56,188
Roswell,Riverdale,58,20,8,11,29,1,69,49,9,86,41,127
Roswell,SClayton,50,16,1,5,39,0,55,55,1,67,44,111
Roswell,NWCobb,1336,235,3,494,1044,43,1830,1279,46,1574,1581,3155
Roswell,NECobb,5990,1032,10,6720,16275,13,12710,17307,23,7032,23008,30040
Roswell,SWCobb,224,46,0,56,112,0,280,158,0,270,168,438
Roswell,Marietta,872,171,4,378,618,23,1250,789,27,1047,1019,2066
Roswell,Cumberland,1759,286,30,558,1399,16,2317,1685,46,2075,1973,4048
Roswell,SCobb,261,61,6,85,215,1,346,276,7,328,301,629
Roswell,Chamblee,4034,707,141,2302,5990,105,6336,6697,246,4882,8397,13279
Roswell,NWDeKalb,756,129,38,189,805,40,945,934,78,923,1034,1957
Roswell,NEDeKalb,1026,180,12,404,1146,9,1430,1326,21,1218,1559,2777
Roswell,Atlanta-DeKalb,73,15,11,13,81,2,86,96,13,99,96,195
Roswell,Decatur,94,17,15,24,44,7,118,61,22,126,75,201
Roswell,SWDeKalb,170,41,12,39,104,2,209,145,14,223,145,368
Roswell,SEDeKalb,203,38,8,57,69,1,260,107,9,249,127,376
Roswell,SDeKalb,179,27,1,33,129,1,212,156,2,207,163,370
Roswell,WDouglas,39,12,0,10,24,0,49,36,0,51,34,85
Roswell,EDouglas,80,13,2,26,73,0,106,86,2,95,99,194
Roswell,WFayette,14,1,0,6,7,0,20,8,0,15,13,28
Roswell,EFayette,29,5,0,8,46,0,37,51,0,34,54,88
Roswell,NGwinnett,1166,214,2,294,752,0,1460,966,2,1382,1046,2428
Roswell,CentGwinnett,2329,427,4,1271,3204,3,3600,3631,7,2760,4478,7238
Roswell,EGwinnett,285,56,1,47,198,0,332,254,1,342,245,587
Roswell,Norcross,5020,959,19,4349,9467,14,9369,10426,33,5998,13830,19828
Roswell,Lilburn,480,83,1,221,461,1,701,544,2,564,683,1247
Roswell,Snellville,330,43,0,55,155,0,385,198,0,373,210,583
Roswell,NHenry,48,9,0,11,25,0,59,34,0,57,36,93
Roswell,EHenry,21,8,0,9,5,0,30,13,0,29,14,43
Roswell,SHenry,35,12,0,16,27,0,51,39,0,47,43,90
Roswell,SRockdale,40,10,0,4,13,0,44,23,0,50,17,67
Roswell,NRockdale,40,6,0,18,19,0,58,25,0,46,37,83
Roswell,NBarrow,96,15,0,18,40,0,114,55,0,111,58,169
Roswell,SBarrow,82,13,0,11,28,0,93,41,0,95,39,134
Roswell,NWBartow,26,2,0,11,53,0,37,55,0,28,64,92
Roswell,NEBartow,43,8,0,12,58,0,55,66,0,51,70,121
Roswell,SWBartow,59,4,0,18,20,0,77,24,0,63,38,101
Roswell,Cartersville,172,33,0,38,82,0,210,115,0,205,120,325
Roswell,NECarroll,12,0,0,2,19,0,14,19,0,12,21,33
Roswell,WCarroll,0,0,0,0,0,0,0,0,0,0,0,0
Roswell,CentralCarroll,5,0,0,1,1,0,6,1,0,5,2,7
Roswell,SECarroll,3,0,0,0,25,0,3,25,0,3,25,28
Roswell,WCoweta,0,0,0,0,0,0,0,0,0,0,0,0
Roswell,NCoweta,12,4,0,10,25,0,22,29,0,16,35,51
Roswell,SCoweta,1,0,0,0,0,0,1,0,0,1,0,1
Roswell,SECoweta,1,0,0,0,1,0,1,1,0,1,1,2
Roswell,NForsyth,730,127,1,153,417,0,883,544,1,858,570,1428
Roswell,Cumming,2228,394,1,638,1915,0,2866,2309,1,2623,2553,5176
Roswell,SForsyth,2130,384,3,1186,3006,4,3316,3390,7,2517,4196,6713
Roswell,NHall,67,14,0,23,93,0,90,107,0,81,116,197
Roswell,Gainesville,168,37,0,36,116,0,204,153,0,205,152,357
Roswell,SHall,206,33,0,31,104,0,237,137,0,239,135,374
Roswell,WNewton,47,6,0,7,19,0,54,25,0,53,26,79
Roswell,ENewton,2,1,0,0,1,0,2,2,0,3,1,4
Roswell,NPaulding,106,15,0,23,47,0,129,62,0,121,70,191
Roswell,WPaulding,13,1,0,10,14,0,23,15,0,14,24,38
Roswell,EPaulding,212,41,0,34,45,0,246,86,0,253,79,332
Roswell,NSpalding,6,1,0,3,21,0,9,22,0,7,24,31
Roswell,SSpalding,7,2,0,0,0,0,7,2,0,9,0,9
Roswell,WWalton,71,14,0,14,46,0,85,60,0,85,60,145
Roswell,EWalton,33,4,0,7,16,0,40,20,0,37,23,60
SandySprings,NFulton,7232,1270,304,2701,6210,143,9933,7480,447,8806,9054,17860
SandySprings,Roswell,7620,1325,236,6268,13594,276,13888,14919,512,9181,20138,29319
SandySprings,SandySprings,45859,7365,1335,78570,94111,1557,124429,101476,2892,54559,174238,228797
SandySprings,Buckhead,10895,1583,1042,7991,12761,520,18886,14344,1562,13520,21272,34792
SandySprings,NWAtlanta,1628,308,334,498,858,81,2126,1166,415,2270,1437,3707
SandySprings,NEAtlanta,4908,751,1374,1402,2284,356,6310,3035,1730,7033,4042,11075
SandySprings,SWAtlanta,1318,267,433,232,315,97,1550,582,530,2018,644,2662
SandySprings,CBDAtlanta,2517,496,1930,515,1049,377,3032,1545,2307,4943,1941,6884
SandySprings,SEAtlanta,1044,280,439,156,350,69,1200,630,508,1763,575,2338
SandySprings,SFulton,465,74,35,66,130,2,531,204,37,574,198,772
SandySprings,Tri-Cities,791,217,310,81,183,23,872,400,333,1318,287,1605
SandySprings,Shannon,510,118,111,63,84,18,573,202,129,739,165,904
SandySprings,WCherokee,202,22,1,43,131,1,245,153,2,225,175,400
SandySprings,NCherokee,94,14,0,18,105,0,112,119,0,108,123,231
SandySprings,ECentCherokee,1337,232,4,318,696,9,1655,928,13,1573,1023,2596
SandySprings,Woodstock,1809,307,10,408,860,5,2217,1167,15,2126,1273,3399
SandySprings,Airport,255,69,171,28,29,7,283,98,178,495,64,559
SandySprings,NEClayton,527,155,68,49,122,12,576,277,80,750,183,933
SandySprings,Riverdale,361,126,91,44,91,16,405,217,107,578,151,729
SandySprings,SClayton,315,91,33,45,56,1,360,147,34,439,102,541
SandySprings,NWCobb,2712,419,36,492,871,16,3204,1290,52,3167,1379,4546
SandySprings,NECobb,7482,1308,70,5757,12109,54,13239,13417,124,8860,17920,26780
SandySprings,SWCobb,821,122,12,157,337,5,978,459,17,955,499,1454
SandySprings,Marietta,1726,288,22,808,1064,21,2534,1352,43,2036,1893,3929
SandySprings,Cumberland,8107,1280,131,6150,8884,88,14257,10164,219,9518,15122,24640
SandySprings,SCobb,1915,387,75,616,1331,10,2531,1718,85,2377,1957,4334
SandySprings,Chamblee,19649,3245,775,26415,35373,586,46064,38618,1361,23669,62374,86043
SandySprings,NWDeKalb,2916,443,224,1026,2084,103,3942,2527,327,3583,3213,6796
SandySprings,NEDeKalb,3870,714,213,1534,2730,86,5404,3444,299,4797,4350,9147
SandySprings,Atlanta-DeKalb,549,70,136,104,159,34,653,229,170,755,297,1052
SandySprings,Decatur,500,76,117,93,162,36,593,238,153,693,291,984
SandySprings,SWDeKalb,1199,225,233,144,368,22,1343,593,255,1657,534,2191
SandySprings,SEDeKalb,1224,244,167,180,312,54,1404,556,221,1635,546,2181
SandySprings,SDeKalb,903,173,84,113,257,62,1016,430,146,1160,432,1592
SandySprings,WDouglas,330,67,11,61,96,3,391,163,14,408,160,568
SandySprings,EDouglas,544,100,23,89,186,10,633,286,33,667,285,952
SandySprings,WFayette,93,18,4,29,27,1,122,45,5,115,57,172
SandySprings,EFayette,131,40,9,26,49,1,157,89,10,180,76,256
SandySprings,NGwinnett,1697,253,28,289,552,12,1986,805,40,1978,853,2831
SandySprings,CentGwinnett,3199,513,59,748,1432,60,3947,1945,119,3771,2240,6011
SandySprings,EGwinnett,630,98,4,110,149,8,740,247,12,732,267,999
SandySprings,Norcross,5715,1065,101,3809,7037,107,9524,8102,208,6881,10953,17834
SandySprings,Lilburn,1058,187,25,286,698,24,1344,885,49,1270,1008,2278
SandySprings,Snellville,787,131,12,158,253,20,945,384,32,930,431,1361
SandySprings,NHenry,349,77,36,54,81,3,403,158,39,462,138,600
SandySprings,EHenry,155,32,6,21,55,4,176,87,10,193,80,273
SandySprings,SHenry,246,58,11,47,35,2,293,93,13,315,84,399
SandySprings,SRockdale,217,34,13,32,76,1,249,110,14,264,109,373
SandySprings,NRockdale,234,32,16,30,44,3,264,76,19,282,77,359
SandySprings,NBarrow,171,30,0,37,31,0,208,61,0,201,68,269
SandySprings,SBarrow,116,20,0,31,43,1,147,63,1,136,75,211
SandySprings,NWBartow,60,9,0,14,28,0,74,37,0,69,42,111
SandySprings,NEBartow,71,7,0,18,40,0,89,47,0,78,58,136
SandySprings,SWBartow,111,23,1,31,86,0,142,109,1,135,117,252
SandySprings,Cartersville,385,72,1,79,81,0,464,153,1,458,160,618
SandySprings,NECarroll,48,6,0,13,51,0,61,57,0,54,64,118
SandySprings,WCarroll,3,1,0,1,5,0,4,6,0,4,6,10
SandySprings,CentralCarroll,38,11,0,11,14,0,49,25,0,49,25,74
SandySprings,SECarroll,6,1,0,2,9,0,8,10,0,7,11,18
SandySprings,WCoweta,29,3,0,3,1,0,32,4,0,32,4,36
SandySprings,NCoweta,149,19,15,21,24,1,170,43,16,183,46,229
SandySprings,SCoweta,6,1,0,2,0,0,8,1,0,7,2,9
SandySprings,SECoweta,18,4,0,2,9,0,20,13,0,22,11,33
SandySprings,NForsyth,575,99,2,146,319,2,721,418,4,676,467,1143
SandySprings,Cumming,1671,286,17,355,768,19,2026,1054,36,1974,1142,3116
SandySprings,SForsyth,1292,219,26,300,847,21,1592,1066,47,1537,1168,2705
SandySprings,NHall,49,10,0,17,31,0,66,41,0,59,48,107
SandySprings,Gainesville,121,22,0,26,40,0,147,62,0,143,66,209
SandySprings,SHall,271,49,2,57,64,0,328,113,2,322,121,443
SandySprings,WNewton,270,42,7,40,70,4,310,112,11,319,114,433
SandySprings,ENewton,22,3,0,5,9,0,27,12,0,25,14,39
SandySprings,NPaulding,260,44,0,32,78,0,292,122,0,304,110,414
SandySprings,WPaulding,77,7,0,21,42,0,98,49,0,84,63,147
SandySprings,EPaulding,709,98,3,93,173,1,802,271,4,810,267,1077
SandySprings,NSpalding,38,12,0,8,7,0,46,19,0,50,15,65
SandySprings,SSpalding,18,3,0,2,2,0,20,5,0,21,4,25
SandySprings,WWalton,146,23,1,26,94,0,172,117,1,170,120,290
SandySprings,EWalton,56,19,0,19,72,0,75,91,0,75,91,166
Buckhead,NFulton,2553,397,312,353,923,75,2906,1320,387,3262,1351,4613
Buckhead,Roswell,2219,323,258,445,1294,96,2664,1617,354,2800,1835,4635
Buckhead,SandySprings,10916,1654,1012,8087,12634,582,19003,14288,1594,13582,21303,34885
Buckhead,Buckhead,39886,5504,2037,70711,61552,2278,110597,67056,4315,47427,134541,181968
Buckhead,NWAtlanta,4711,856,477,6076,8148,337,10787,9004,814,6044,14561,20605
Buckhead,NEAtlanta,13125,1950,1549,15770,15149,1236,28895,17099,2785,16624,32155,48779
Buckhead,SWAtlanta,2554,494,917,1051,2165,360,3605,2659,1277,3965,3576,7541
Buckhead,CBDAtlanta,5859,919,2411,3221,3752,1087,9080,4671,3498,9189,8060,17249
Buckhead,SEAtlanta,2061,485,686,805,1952,234,2866,2437,920,3232,2991,6223
Buckhead,SFulton,670,123,72,215,452,5,885,575,77,865,672,1537
Buckhead,Tri-Cities,1736,395,609,272,618,149,2008,1013,758,2740,1039,3779
Buckhead,Shannon,962,216,228,108,303,30,1070,519,258,1406,441,1847
Buckhead,WCherokee,128,27,0,26,133,0,154,160,0,155,159,314
Buckhead,NCherokee,42,12,0,17,72,0,59,84,0,54,89,143
Buckhead,ECentCherokee,645,122,5,119,338,2,764,460,7,772,459,1231
Buckhead,Woodstock,1163,179,19,182,377,2,1345,556,21,1361,561,1922
Buckhead,Airport,623,91,402,51,142,18,674,233,420,1116,211,1327
Buckhead,NEClayton,1063,276,108,172,493,25,1235,769,133,1447,690,2137
Buckhead,Riverdale,779,180,156,106,476,18,885,656,174,1115,600,1715
Buckhead,SClayton,626,143,62,90,247,11,716,390,73,831,348,1179
Buckhead,NWCobb,2344,413,56,411,926,26,2755,1339,82,2813,1363,4176
Buckhead,NECobb,2757,455,97,1171,2479,34,3928,2934,131,3309,3684,6993
Buckhead,SWCobb,762,116,15,221,528,9,983,644,24,893,758,1651
Buckhead,Marietta,1499,278,57,596,979,48,2095,1257,105,1834,1623,3457
Buckhead,Cumberland,8525,1321,267,7719,9475,194,16244,10796,461,10113,17388,27501
Buckhead,SCobb,2514,412,139,1168,2686,48,3682,3098,187,3065,3902,6967
Buckhead,Chamblee,11952,1868,1223,11842,18143,923,23794,20011,2146,15043,30908,45951
Buckhead,NWDeKalb,6108,930,314,6485,8368,271,12593,9298,585,7352,15124,22476
Buckhead,NEDeKalb,4271,735,400,1687,3474,186,5958,4209,586,5406,5347,10753
Buckhead,Atlanta-DeKalb,992,158,179,658,907,120,1650,1065,299,1329,1685,3014
Buckhead,Decatur,843,110,189,410,523,79,1253,633,268,1142,1012,2154
Buckhead,SWDeKalb,1896,356,429,520,1137,154,2416,1493,583,2681,1811,4492
Buckhead,SEDeKalb,1736,332,386,316,856,97,2052,1188,483,2454,1269,3723
Buckhead,SDeKalb,1479,365,149,275,856,53,1754,1221,202,1993,1184,3177
Buckhead,WDouglas,490,84,20,90,228,3,580,312,23,594,321,915
Buckhead,EDouglas,760,149,55,176,527,21,936,676,76,964,724,1688
Buckhead,WFayette,172,39,9,28,107,1,200,146,10,220,136,356
Buckhead,EFayette,239,54,24,65,84,3,304,138,27,317,152,469
Buckhead,NGwinnett,1194,221,36,179,452,5,1373,673,41,1451,636,2087
Buckhead,CentGwinnett,2526,389,105,364,1115,36,2890,1504,141,3020,1515,4535
Buckhead,EGwinnett,449,85,2,75,188,2,524,273,4,536,265,801
Buckhead,Norcross,3470,648,237,952,2306,96,4422,2954,333,4355,3354,7709
Buckhead,Lilburn,986,176,53,247,663,17,1233,839,70,1215,927,2142
Buckhead,Snellville,775,127,27,161,540,11,936,667,38,929,712,1641
Buckhead,NHenry,597,143,36,91,195,6,688,338,42,776,292,1068
Buckhead,EHenry,225,56,7,35,115,1,260,171,8,288,151,439
Buckhead,SHenry,447,119,23,63,201,1,510,320,24,589,265,854
Buckhead,SRockdale,300,69,28,29,119,3,329,188,31,397,151,548
Buckhead,NRockdale,307,49,37,39,123,2,346,172,39,393,164,557
Buckhead,NBarrow,113,26,0,21,63,0,134,89,0,139,84,223
Buckhead,SBarrow,84,14,0,15,76,0,99,90,0,98,91,189
Buckhead,NWBartow,51,5,0,21,44,0,72,49,0,56,65,121
Buckhead,NEBartow,55,13,0,17,58,0,72,71,0,68,75,143
Buckhead,SWBartow,100,18,0,29,169,0,129,187,0,118,198,316
Buckhead,Cartersville,335,54,0,53,157,0,388,211,0,389,210,599
Buckhead,NECarroll,97,14,1,23,48,0,120,62,1,112,71,183
Buckhead,WCarroll,7,1,0,4,20,0,11,21,0,8,24,32
Buckhead,CentralCarroll,55,8,0,23,32,0,78,40,0,63,55,118
Buckhead,SECarroll,13,2,0,9,1,0,22,3,0,15,10,25
Buckhead,WCoweta,46,12,1,13,38,0,59,50,1,59,51,110
Buckhead,NCoweta,259,67,27,67,194,3,326,261,30,353,264,617
Buckhead,SCoweta,12,4,1,2,33,0,14,37,1,17,35,52
Buckhead,SECoweta,34,6,1,12,23,0,46,29,1,41,35,76
Buckhead,NForsyth,194,41,0,44,213,0,238,254,0,235,257,492
Buckhead,Cumming,581,106,13,120,449,15,701,555,28,700,584,1284
Buckhead,SForsyth,450,85,13,89,199,5,539,284,18,548,293,841
Buckhead,NHall,22,4,0,10,43,0,32,47,0,26,53,79
Buckhead,Gainesville,63,15,0,22,46,0,85,61,0,78,68,146
Buckhead,SHall,198,38,2,44,141,0,242,179,2,238,185,423
Buckhead,WNewton,333,76,13,57,155,2,390,231,15,422,214,636
Buckhead,ENewton,26,4,1,8,8,1,34,12,2,31,17,48
Buckhead,NPaulding,177,25,1,42,76,0,219,101,1,203,118,321
Buckhead,WPaulding,65,9,0,30,100,0,95,109,0,74,130,204
Buckhead,EPaulding,638,102,10,118,407,1,756,509,11,750,526,1276
Buckhead,NSpalding,77,21,1,11,21,0,88,42,1,99,32,131
Buckhead,SSpalding,25,4,1,13,15,0,38,19,1,30,28,58
Buckhead,WWalton,117,30,3,34,107,0,151,137,3,150,141,291
Buckhead,EWalton,43,4,1,14,29,0,57,33,1,48,43,91
NWAtlanta,NFulton,403,76,49,54,157,9,457,233,58,528,220,748
NWAtlanta,Roswell,345,65,24,48,90,5,393,155,29,434,143,577
NWAtlanta,SandySprings,1570,292,359,488,871,61,2058,1163,420,2221,1420,3641
NWAtlanta,Buckhead,4635,854,482,6041,8231,371,10676,9085,853,5971,14643,20614
NWAtlanta,NWAtlanta,8623,2027,371,16410,26318,738,25033,28345,1109,11021,43466,54487
NWAtlanta,NEAtlanta,6279,1205,772,9569,12310,1090,15848,13515,1862,8256,22969,31225
NWAtlanta,SWAtlanta,3641,824,257,5662,10964,745,9303,11788,1002,4722,17371,22093
NWAtlanta,CBDAtlanta,4716,881,1516,5846,8125,1934,10562,9006,3450,7113,15905,23018
NWAtlanta,SEAtlanta,1538,333,195,1589,3035,261,3127,3368,456,2066,4885,6951
NWAtlanta,SFulton,801,158,16,431,1038,10,1232,1196,26,975,1479,2454
NWAtlanta,Tri-Cities,1424,313,189,727,1469,122,2151,1782,311,1926,2318,4244
NWAtlanta,Shannon,743,153,63,141,481,18,884,634,81,959,640,1599
NWAtlanta,WCherokee,47,10,0,13,36,0,60,46,0,57,49,106
NWAtlanta,NCherokee,22,5,0,8,16,0,30,21,0,27,24,51
NWAtlanta,ECentCherokee,253,51,1,34,65,1,287,116,2,305,100,405
NWAtlanta,Woodstock,427,71,2,49,188,0,476,259,2,500,237,737
NWAtlanta,Airport,584,106,316,99,130,20,683,236,336,1006,249,1255
NWAtlanta,NEClayton,748,156,20,184,385,16,932,541,36,924,585,1509
NWAtlanta,Riverdale,562,108,40,84,187,37,646,295,77,710,308,1018
NWAtlanta,SClayton,375,92,6,65,173,5,440,265,11,473,243,716
NWAtlanta,NWCobb,855,169,8,161,249,10,1016,418,18,1032,420,1452
NWAtlanta,NECobb,866,171,4,245,577,3,1111,748,7,1041,825,1866
NWAtlanta,SWCobb,725,121,6,226,605,6,951,726,12,852,837,1689
NWAtlanta,Marietta,724,156,28,316,450,16,1040,606,44,908,782,1690
NWAtlanta,Cumberland,4483,886,159,4111,6235,109,8594,7121,268,5528,10455,15983
NWAtlanta,SCobb,3026,583,50,2483,5743,71,5509,6326,121,3659,8297,11956
NWAtlanta,Chamblee,1730,394,359,527,1071,197,2257,1465,556,2483,1795,4278
NWAtlanta,NWDeKalb,1406,298,172,892,1623,104,2298,1921,276,1876,2619,4495
NWAtlanta,NEDeKalb,1039,202,108,264,536,65,1303,738,173,1349,865,2214
NWAtlanta,Atlanta-DeKalb,449,73,60,332,695,52,781,768,112,582,1079,1661
NWAtlanta,Decatur,337,47,88,148,210,39,485,257,127,472,397,869
NWAtlanta,SWDeKalb,794,171,140,298,625,77,1092,796,217,1105,1000,2105
NWAtlanta,SEDeKalb,605,121,69,82,266,26,687,387,95,795,374,1169
NWAtlanta,SDeKalb,772,158,34,242,509,15,1014,667,49,964,766,1730
NWAtlanta,WDouglas,623,110,3,107,375,4,730,485,7,736,486,1222
NWAtlanta,EDouglas,1157,217,9,479,1107,15,1636,1324,24,1383,1601,2984
NWAtlanta,WFayette,210,31,3,34,61,3,244,92,6,244,98,342
NWAtlanta,EFayette,218,40,3,36,115,3,254,155,6,261,154,415
NWAtlanta,NGwinnett,319,64,4,42,94,1,361,158,5,387,137,524
NWAtlanta,CentGwinnett,568,115,19,84,179,14,652,294,33,702,277,979
NWAtlanta,EGwinnett,129,36,0,13,38,3,142,74,3,165,54,219
NWAtlanta,Norcross,676,171,53,111,303,11,787,474,64,900,425,1325
NWAtlanta,Lilburn,235,58,7,56,85,7,291,143,14,300,148,448
NWAtlanta,Snellville,230,53,9,50,99,8,280,152,17,292,157,449
NWAtlanta,NHenry,308,57,6,64,88,3,372,145,9,371,155,526
NWAtlanta,EHenry,167,19,1,24,78,0,191,97,1,187,102,289
NWAtlanta,SHenry,301,53,1,55,75,1,356,128,2,355,131,486
NWAtlanta,SRockdale,141,28,2,24,45,0,165,73,2,171,69,240
NWAtlanta,NRockdale,150,34,6,26,22,2,176,56,8,190,50,240
NWAtlanta,NBarrow,25,8,0,10,31,0,35,39,0,33,41,74
NWAtlanta,SBarrow,31,5,0,9,6,0,40,11,0,36,15,51
NWAtlanta,NWBartow,17,2,0,8,12,0,25,14,0,19,20,39
NWAtlanta,NEBartow,15,6,0,6,11,0,21,17,0,21,17,38
NWAtlanta,SWBartow,33,11,0,9,32,0,42,43,0,44,41,85
NWAtlanta,Cartersville,145,31,0,29,73,0,174,104,0,176,102,278
NWAtlanta,NECarroll,168,30,0,27,46,0,195,76,0,198,73,271
NWAtlanta,WCarroll,17,2,0,2,6,0,19,8,0,19,8,27
NWAtlanta,CentralCarroll,97,19,0,18,21,0,115,40,0,116,39,155
NWAtlanta,SECarroll,15,3,0,5,31,0,20,34,0,18,36,54
NWAtlanta,WCoweta,74,15,0,6,18,0,80,33,0,89,24,113
NWAtlanta,NCoweta,300,52,5,53,119,2,353,171,7,357,174,531
NWAtlanta,SCoweta,25,3,0,13,13,0,38,16,0,28,26,54
NWAtlanta,SECoweta,47,7,0,8,13,0,55,20,0,54,21,75
NWAtlanta,NForsyth,35,7,0,10,32,0,45,39,0,42,42,84
NWAtlanta,Cumming,112,26,0,25,80,5,137,106,5,138,110,248
NWAtlanta,SForsyth,86,12,2,26,52,0,112,64,2,100,78,178
NWAtlanta,NHall,7,1,0,6,2,0,13,3,0,8,8,16
NWAtlanta,Gainesville,9,1,0,7,4,0,16,5,0,10,11,21
NWAtlanta,SHall,48,9,0,9,24,1,57,33,1,57,34,91
NWAtlanta,WNewton,205,42,2,35,78,1,240,120,3,249,114,363
NWAtlanta,ENewton,17,4,0,5,25,0,22,29,0,21,30,51
NWAtlanta,NPaulding,107,13,0,17,47,0,124,60,0,120,64,184
NWAtlanta,WPaulding,76,18,0,15,29,0,91,47,0,94,44,138
NWAtlanta,EPaulding,573,121,1,83,240,2,656,361,3,695,325,1020
NWAtlanta,NSpalding,59,12,0,11,23,0,70,35,0,71,34,105
NWAtlanta,SSpalding,30,4,0,9,14,0,39,18,0,34,23,57
NWAtlanta,WWalton,51,11,0,16,34,1,67,45,1,62,51,113
NWAtlanta,EWalton,11,2,0,7,27,0,18,29,0,13,34,47
NEAtlanta,NFulton,1437,242,285,197,585,85,1634,827,370,1964,867,2831
NEAtlanta,Roswell,1134,209,294,194,522,122,1328,731,416,1637,838,2475
NEAtlanta,SandySprings,4942,694,1325,1358,2488,372,6300,3182,1697,6961,4218,11179
NEAtlanta,Buckhead,13378,1950,1577,15823,15460,1258,29201,17410,2835,16905,32541,49446
NEAtlanta,NWAtlanta,6682,1314,807,9692,12866,941,16374,14180,1748,8803,23499,32302
NEAtlanta,NEAtlanta,36362,5289,3689,62290,48867,5606,98652,54156,9295,45340,116763,162103
NEAtlanta,SWAtlanta,4726,923,1220,3478,6441,1156,8204,7364,2376,6869,11075,17944
NEAtlanta,CBDAtlanta,17435,2644,3424,23761,18100,3099,41196,20744,6523,23503,44960,68463
NEAtlanta,SEAtlanta,4840,1084,863,5360,9334,874,10200,10418,1737,6787,15568,22355
NEAtlanta,SFulton,985,194,111,429,789,66,1414,983,177,1290,1284,2574
NEAtlanta,Tri-Cities,3273,649,918,1185,2280,576,4458,2929,1494,4840,4041,8881
NEAtlanta,Shannon,1945,451,441,412,1005,206,2357,1456,647,2837,1623,4460
NEAtlanta,WCherokee,66,10,0,21,78,0,87,88,0,76,99,175
NEAtlanta,NCherokee,24,8,0,10,38,0,34,46,0,32,48,80
NEAtlanta,ECentCherokee,389,80,4,105,327,9,494,407,13,473,441,914
NEAtlanta,Woodstock,789,166,25,120,221,13,909,387,38,980,354,1334
NEAtlanta,Airport,1215,219,635,277,330,133,1492,549,768,2069,740,2809
NEAtlanta,NEClayton,2238,457,186,776,2098,113,3014,2555,299,2881,2987,5868
NEAtlanta,Riverdale,1682,401,300,408,998,147,2090,1399,447,2383,1553,3936
NEAtlanta,SClayton,1076,245,84,275,584,37,1351,829,121,1405,896,2301
NEAtlanta,NWCobb,1638,342,85,253,549,43,1891,891,128,2065,845,2910
NEAtlanta,NECobb,1692,356,111,459,949,42,2151,1305,153,2159,1450,3609
NEAtlanta,SWCobb,653,112,26,258,599,41,911,711,67,791,898,1689
NEAtlanta,Marietta,1083,232,94,293,556,59,1376,788,153,1409,908,2317
NEAtlanta,Cumberland,5026,925,500,2021,2964,270,7047,3889,770,6451,5255,11706
NEAtlanta,SCobb,2623,419,183,955,2256,129,3578,2675,312,3225,3340,6565
NEAtlanta,Chamblee,6490,1114,1832,3327,6702,827,9817,7816,2659,9436,10856,20292
NEAtlanta,NWDeKalb,7827,1179,612,9545,10032,540,17372,11211,1152,9618,20117,29735
NEAtlanta,NEDeKalb,4634,785,787,1721,3184,372,6355,3969,1159,6206,5277,11483
NEAtlanta,Atlanta-DeKalb,2787,444,348,4509,6263,286,7296,6707,634,3579,11058,14637
NEAtlanta,Decatur,1681,229,300,1348,2166,226,3029,2395,526,2210,3740,5950
NEAtlanta,SWDeKalb,3486,716,648,2055,4567,468,5541,5283,1116,4850,7090,11940
NEAtlanta,SEDeKalb,2658,522,567,589,1475,269,3247,1997,836,3747,2333,6080
NEAtlanta,SDeKalb,2986,607,264,1261,2684,179,4247,3291,443,3857,4124,7981
NEAtlanta,WDouglas,566,83,23,164,385,24,730,468,47,672,573,1245
NEAtlanta,EDouglas,1014,163,61,358,904,44,1372,1067,105,1238,1306,2544
NEAtlanta,WFayette,241,50,24,89,160,9,330,210,33,315,258,573
NEAtlanta,EFayette,459,135,41,148,303,24,607,438,65,635,475,1110
NEAtlanta,NGwinnett,925,175,60,204,491,21,1129,666,81,1160,716,1876
NEAtlanta,CentGwinnett,2028,387,161,418,1034,110,2446,1421,271,2576,1562,4138
NEAtlanta,EGwinnett,385,57,11,91,278,15,476,335,26,453,384,837
NEAtlanta,Norcross,2486,473,390,747,1896,255,3233,2369,645,3349,2898,6247
NEAtlanta,Lilburn,1020,173,77,355,786,60,1375,959,137,1270,1201,2471
NEAtlanta,Snellville,853,140,53,357,641,67,1210,781,120,1046,1065,2111
NEAtlanta,NHenry,1041,180,56,321,586,38,1362,766,94,1277,945,2222
NEAtlanta,EHenry,406,78,15,111,224,3,517,302,18,499,338,837
NEAtlanta,SHenry,768,164,30,178,417,20,946,581,50,962,615,1577
NEAtlanta,SRockdale,440,96,22,101,322,11,541,418,33,558,434,992
NEAtlanta,NRockdale,467,77,38,132,202,26,599,279,64,582,360,942
NEAtlanta,NBarrow,86,11,3,33,59,5,119,70,8,100,97,197
NEAtlanta,SBarrow,67,8,0,15,59,0,82,67,0,75,74,149
NEAtlanta,NWBartow,20,4,1,7,43,0,27,47,1,25,50,75
NEAtlanta,NEBartow,23,4,1,22,70,0,45,74,1,28,92,120
NEAtlanta,SWBartow,47,10,0,32,94,0,79,104,0,57,126,183
NEAtlanta,Cartersville,165,30,4,49,256,0,214,286,4,199,305,504
NEAtlanta,NECarroll,116,23,0,51,71,1,167,94,1,139,123,262
NEAtlanta,WCarroll,13,2,0,14,12,0,27,14,0,15,26,41
NEAtlanta,CentralCarroll,71,13,0,28,40,0,99,53,0,84,68,152
NEAtlanta,SECarroll,11,1,1,11,14,0,22,15,1,13,25,38
NEAtlanta,WCoweta,94,13,3,15,49,2,109,62,5,110,66,176
NEAtlanta,NCoweta,488,94,58,128,323,22,616,417,80,640,473,1113
NEAtlanta,SCoweta,23,6,2,17,39,0,40,45,2,31,56,87
NEAtlanta,SECoweta,55,17,0,25,126,1,80,143,1,72,152,224
NEAtlanta,NForsyth,84,15,0,50,133,7,134,148,7,99,190,289
NEAtlanta,Cumming,291,51,16,110,377,38,401,428,54,358,525,883
NEAtlanta,SForsyth,236,42,26,88,198,25,324,240,51,304,311,615
NEAtlanta,NHall,9,5,0,8,26,0,17,31,0,14,34,48
NEAtlanta,Gainesville,40,9,0,18,84,0,58,93,0,49,102,151
NEAtlanta,SHall,155,25,2,49,140,3,204,165,5,182,192,374
NEAtlanta,WNewton,569,107,18,141,301,4,710,408,22,694,446,1140
NEAtlanta,ENewton,50,10,1,26,64,0,76,74,1,61,90,151
NEAtlanta,NPaulding,120,25,2,39,106,0,159,131,2,147,145,292
NEAtlanta,WPaulding,44,10,0,23,80,0,67,90,0,54,103,157
NEAtlanta,EPaulding,542,106,9,154,321,11,696,427,20,657,486,1143
NEAtlanta,NSpalding,121,17,0,24,70,0,145,87,0,138,94,232
NEAtlanta,SSpalding,41,13,1,24,28,0,65,41,1,55,52,107
NEAtlanta,WWalton,133,33,5,51,189,0,184,222,5,171,240,411
NEAtlanta,EWalton,43,8,0,36,73,0,79,81,0,51,109,160
SWAtlanta,NFulton,284,59,59,71,117,16,355,176,75,402,204,606
SWAtlanta,Roswell,229,53,29,46,77,19,275,130,48,311,142,453
SWAtlanta,SandySprings,1340,271,483,234,357,105,1574,628,588,2094,696,2790
SWAtlanta,Buckhead,2541,505,890,1043,2193,460,3584,2698,1350,3936,3696,7632
SWAtlanta,NWAtlanta,3437,794,274,5663,11150,768,9100,11944,1042,4505,17581,22086
SWAtlanta,NEAtlanta,4555,901,1148,3321,5978,1069,7876,6879,2217,6604,10368,16972
SWAtlanta,SWAtlanta,10265,2423,718,26691,55365,2757,36956,57788,3475,13406,84813,98219
SWAtlanta,CBDAtlanta,5864,1054,2536,5452,9122,2664,11316,10176,5200,9454,17238,26692
SWAtlanta,SEAtlanta,2909,706,237,4459,9430,686,7368,10136,923,3852,14575,18427
SWAtlanta,SFulton,2847,526,38,3659,8212,52,6506,8738,90,3411,11923,15334
SWAtlanta,Tri-Cities,4137,926,262,6988,15970,542,11125,16896,804,5325,23500,28825
SWAtlanta,Shannon,1756,363,73,1378,3145,103,3134,3508,176,2192,4626,6818
SWAtlanta,WCherokee,22,2,0,7,11,0,29,13,0,24,18,42
SWAtlanta,NCherokee,7,2,0,2,6,0,9,8,0,9,8,17
SWAtlanta,ECentCherokee,93,19,0,37,62,2,130,81,2,112,101,213
SWAtlanta,Woodstock,202,43,2,40,50,2,242,93,4,247,92,339
SWAtlanta,Airport,1556,288,538,649,892,133,2205,1180,671,2382,1674,4056
SWAtlanta,NEClayton,1066,197,34,587,1374,66,1653,1571,100,1297,2027,3324
SWAtlanta,Riverdale,739,146,41,415,922,42,1154,1068,83,926,1379,2305
SWAtlanta,SClayton,476,88,5,157,318,11,633,406,16,569,486,1055
SWAtlanta,NWCobb,541,77,13,130,185,11,671,262,24,631,326,957
SWAtlanta,NECobb,442,101,9,122,262,7,564,363,16,552,391,943
SWAtlanta,SWCobb,723,130,7,336,730,9,1059,860,16,860,1075,1935
SWAtlanta,Marietta,516,113,27,241,347,22,757,460,49,656,610,1266
SWAtlanta,Cumberland,2758,523,166,1405,2250,74,4163,2773,240,3447,3729,7176
SWAtlanta,SCobb,3224,653,69,3446,7355,104,6670,8008,173,3946,10905,14851
SWAtlanta,Chamblee,1326,337,507,241,564,156,1567,901,663,2170,961,3131
SWAtlanta,NWDeKalb,1424,279,261,546,1045,166,1970,1324,427,1964,1757,3721
SWAtlanta,NEDeKalb,939,186,167,227,419,120,1166,605,287,1292,766,2058
SWAtlanta,Atlanta-DeKalb,545,122,73,426,873,118,971,995,191,740,1417,2157
SWAtlanta,Decatur,401,65,156,147,221,125,548,286,281,622,493,1115
SWAtlanta,SWDeKalb,1034,246,195,481,1366,161,1515,1612,356,1475,2008,3483
SWAtlanta,SEDeKalb,614,140,78,158,328,49,772,468,127,832,535,1367
SWAtlanta,SDeKalb,872,208,51,462,1001,41,1334,1209,92,1131,1504,2635
SWAtlanta,WDouglas,897,157,2,310,691,11,1207,848,13,1056,1012,2068
SWAtlanta,EDouglas,1986,351,18,1305,3246,35,3291,3597,53,2355,4586,6941
SWAtlanta,WFayette,337,50,3,112,322,0,449,372,3,390,434,824
SWAtlanta,EFayette,321,51,2,154,288,5,475,339,7,374,447,821
SWAtlanta,NGwinnett,118,41,1,42,92,11,160,133,12,160,145,305
SWAtlanta,CentGwinnett,309,62,12,93,140,23,402,202,35,383,256,639
SWAtlanta,EGwinnett,54,19,0,37,50,4,91,69,4,73,91,164
SWAtlanta,Norcross,482,111,50,110,226,42,592,337,92,643,378,1021
SWAtlanta,Lilburn,154,46,8,73,141,14,227,187,22,208,228,436
SWAtlanta,Snellville,182,16,6,89,91,18,271,107,24,204,198,402
SWAtlanta,NHenry,362,68,6,152,278,10,514,346,16,436,440,876
SWAtlanta,EHenry,140,36,2,59,92,3,199,128,5,178,154,332
SWAtlanta,SHenry,330,55,2,110,169,6,440,224,8,387,285,672
SWAtlanta,SRockdale,128,25,4,35,89,5,163,114,9,157,129,286
SWAtlanta,NRockdale,143,29,3,47,65,4,190,94,7,175,116,291
SWAtlanta,NBarrow,13,4,0,6,7,0,19,11,0,17,13,30
SWAtlanta,SBarrow,3,3,0,3,16,0,6,19,0,6,19,25
SWAtlanta,NWBartow,9,2,0,4,20,0,13,22,0,11,24,35
SWAtlanta,NEBartow,12,0,0,6,10,0,18,10,0,12,16,28
SWAtlanta,SWBartow,15,3,0,7,15,0,22,18,0,18,22,40
SWAtlanta,Cartersville,37,10,1,23,40,0,60,50,1,48,63,111
SWAtlanta,NECarroll,194,37,0,46,76,0,240,113,0,231,122,353
SWAtlanta,WCarroll,16,4,0,8,26,0,24,30,0,20,34,54
SWAtlanta,CentralCarroll,142,26,0,42,68,0,184,94,0,168,110,278
SWAtlanta,SECarroll,21,7,0,5,15,0,26,22,0,28,20,48
SWAtlanta,WCoweta,113,24,0,32,94,1,145,118,1,137,127,264
SWAtlanta,NCoweta,520,96,4,134,333,4,654,429,8,620,471,1091
SWAtlanta,SCoweta,36,5,0,13,25,0,49,30,0,41,38,79
SWAtlanta,SECoweta,63,13,0,20,39,0,83,52,0,76,59,135
SWAtlanta,NForsyth,9,4,0,2,46,0,11,50,0,13,48,61
SWAtlanta,Cumming,68,5,1,23,76,5,91,81,6,74,104,178
SWAtlanta,SForsyth,37,5,2,20,62,2,57,67,4,44,84,128
SWAtlanta,NHall,3,0,0,1,0,0,4,0,0,3,1,4
SWAtlanta,Gainesville,9,1,0,1,7,0,10,8,0,10,8,18
SWAtlanta,SHall,14,5,0,6,16,2,20,21,2,19,24,43
SWAtlanta,WNewton,168,30,2,48,41,1,216,71,3,200,90,290
SWAtlanta,ENewton,6,4,1,7,7,0,13,11,1,11,14,25
SWAtlanta,NPaulding,89,14,0,24,46,0,113,60,0,103,70,173
SWAtlanta,WPaulding,56,22,0,18,64,0,74,86,0,78,82,160
SWAtlanta,EPaulding,608,105,0,128,353,3,736,458,3,713,484,1197
SWAtlanta,NSpalding,42,9,0,12,26,1,54,35,1,51,39,90
SWAtlanta,SSpalding,26,6,0,12,23,0,38,29,0,32,35,67
SWAtlanta,WWalton,28,8,0,13,47,0,41,55,0,36,60,96
SWAtlanta,EWalton,14,3,0,9,11,0,23,14,0,17,20,37
CBDAtlanta,NFulton,660,130,531,115,413,66,775,543,597,1321,594,1915
CBDAtlanta,Roswell,655,129,550,94,304,114,749,433,664,1334,512,1846
CBDAtlanta,SandySprings,2225,455,1810,487,1053,405,2712,1508,2215,4490,1945,6435
CBDAtlanta,Buckhead,5373,884,2371,3188,3540,1113,8561,4424,3484,8628,7841,16469
CBDAtlanta,NWAtlanta,4938,862,1593,5946,8165,2018,10884,9027,3611,7393,16129,23522
CBDAtlanta,NEAtlanta,16968,2568,3495,23088,17830,3234,40056,20398,6729,23031,44152,67183
CBDAtlanta,SWAtlanta,6263,1163,2654,5565,9040,2683,11828,10203,5337,10080,17288,27368
CBDAtlanta,CBDAtlanta,21695,3534,4473,35951,23336,5603,57646,26870,10076,29702,64890,94592
CBDAtlanta,SEAtlanta,6641,1351,1998,8190,13672,2994,14831,15023,4992,9990,24856,34846
CBDAtlanta,SFulton,1273,193,410,442,1043,141,1715,1236,551,1876,1626,3502
CBDAtlanta,Tri-Cities,3143,642,2010,1388,2949,1141,4531,3591,3151,5795,5478,11273
CBDAtlanta,Shannon,2138,473,1527,441,1364,482,2579,1837,2009,4138,2287,6425
CBDAtlanta,WCherokee,42,12,2,13,33,1,55,45,3,56,47,103
CBDAtlanta,NCherokee,11,3,0,7,34,0,18,37,0,14,41,55
CBDAtlanta,ECentCherokee,218,59,23,65,171,8,283,230,31,300,244,544
CBDAtlanta,Woodstock,516,118,87,60,161,4,576,279,91,721,225,946
CBDAtlanta,Airport,962,187,531,349,557,208,1311,744,739,1680,1114,2794
CBDAtlanta,NEClayton,2430,540,593,911,2303,295,3341,2843,888,3563,3509,7072
CBDAtlanta,Riverdale,2027,453,1006,423,1187,321,2450,1640,1327,3486,1931,5417
CBDAtlanta,SClayton,1373,313,390,292,760,102,1665,1073,492,2076,1154,3230
CBDAtlanta,NWCobb,1139,261,242,133,347,18,1272,608,260,1642,498,2140
CBDAtlanta,NECobb,1155,275,304,256,502,57,1411,777,361,1734,815,2549
CBDAtlanta,SWCobb,712,123,109,203,376,54,915,499,163,944,633,1577
CBDAtlanta,Marietta,640,134,149,100,366,35,740,500,184,923,501,1424
CBDAtlanta,Cumberland,3114,580,689,1082,1457,275,4196,2037,964,4383,2814,7197
CBDAtlanta,SCobb,2617,439,788,833,1925,245,3450,2364,1033,3844,3003,6847
CBDAtlanta,Chamblee,3067,704,2927,823,2159,1001,3890,2863,3928,6698,3983,10681
CBDAtlanta,NWDeKalb,3499,623,1070,2025,2676,571,5524,3299,1641,5192,5272,10464
CBDAtlanta,NEDeKalb,3152,542,2178,657,1489,638,3809,2031,2816,5872,2784,8656
CBDAtlanta,Atlanta-DeKalb,2287,393,734,2105,3377,539,4392,3770,1273,3414,6021,9435
CBDAtlanta,Decatur,1135,174,698,476,901,276,1611,1075,974,2007,1653,3660
CBDAtlanta,SWDeKalb,3852,700,1870,1560,4047,1025,5412,4747,2895,6422,6632,13054
CBDAtlanta,SEDeKalb,2782,570,2044,460,1064,588,3242,1634,2632,5396,2112,7508
CBDAtlanta,SDeKalb,3828,857,1019,1130,2898,440,4958,3755,1459,5704,4468,10172
CBDAtlanta,WDouglas,767,119,158,172,401,34,939,520,192,1044,607,1651
CBDAtlanta,EDouglas,1485,216,345,368,1014,124,1853,1230,469,2046,1506,3552
CBDAtlanta,WFayette,257,55,66,66,212,9,323,267,75,378,287,665
CBDAtlanta,EFayette,567,105,164,117,259,55,684,364,219,836,431,1267
CBDAtlanta,NGwinnett,616,131,145,95,242,15,711,373,160,892,352,1244
CBDAtlanta,CentGwinnett,1188,287,470,187,527,83,1375,814,553,1945,797,2742
CBDAtlanta,EGwinnett,259,71,52,64,113,13,323,184,65,382,190,572
CBDAtlanta,Norcross,1402,334,808,260,808,232,1662,1142,1040,2544,1300,3844
CBDAtlanta,Lilburn,758,133,330,191,397,81,949,530,411,1221,669,1890
CBDAtlanta,Snellville,805,162,267,195,465,94,1000,627,361,1234,754,1988
CBDAtlanta,NHenry,1197,221,268,300,575,81,1497,796,349,1686,956,2642
CBDAtlanta,EHenry,389,80,50,94,155,15,483,235,65,519,264,783
CBDAtlanta,SHenry,912,184,144,167,259,26,1079,443,170,1240,452,1692
CBDAtlanta,SRockdale,512,109,94,111,239,28,623,348,122,715,378,1093
CBDAtlanta,NRockdale,562,90,117,105,171,26,667,261,143,769,302,1071
CBDAtlanta,NBarrow,38,12,3,15,45,3,53,57,6,53,63,116
CBDAtlanta,SBarrow,44,7,1,10,99,0,54,106,1,52,109,161
CBDAtlanta,NWBartow,13,2,0,8,16,0,21,18,0,15,24,39
CBDAtlanta,NEBartow,14,5,1,11,43,0,25,48,1,20,54,74
CBDAtlanta,SWBartow,27,8,2,22,85,0,49,93,2,37,107,144
CBDAtlanta,Cartersville,107,22,7,37,74,0,144,96,7,136,111,247
CBDAtlanta,NECarroll,115,16,9,30,110,4,145,126,13,140,144,284
CBDAtlanta,WCarroll,10,2,0,10,4,0,20,6,0,12,14,26
CBDAtlanta,CentralCarroll,59,7,3,42,11,0,101,18,3,69,53,122
CBDAtlanta,SECarroll,12,4,0,15,11,0,27,15,0,16,26,42
CBDAtlanta,WCoweta,76,22,11,17,84,0,93,106,11,109,101,210
CBDAtlanta,NCoweta,557,104,175,129,315,50,686,419,225,836,494,1330
CBDAtlanta,SCoweta,26,3,2,20,71,0,46,74,2,31,91,122
CBDAtlanta,SECoweta,76,13,8,24,52,3,100,65,11,97,79,176
CBDAtlanta,NForsyth,40,11,6,22,129,0,62,140,6,57,151,208
CBDAtlanta,Cumming,182,33,57,52,314,32,234,347,89,272,398,670
CBDAtlanta,SForsyth,154,35,59,35,165,25,189,200,84,248,225,473
CBDAtlanta,NHall,6,0,0,3,6,0,9,6,0,6,9,15
CBDAtlanta,Gainesville,29,5,0,12,67,0,41,72,0,34,79,113
CBDAtlanta,SHall,79,21,12,25,76,7,104,97,19,112,108,220
CBDAtlanta,WNewton,581,121,88,98,196,13,679,317,101,790,307,1097
CBDAtlanta,ENewton,43,8,4,27,64,0,70,72,4,55,91,146
CBDAtlanta,NPaulding,97,26,11,31,70,0,128,96,11,134,101,235
CBDAtlanta,WPaulding,62,8,1,19,80,0,81,88,1,71,99,170
CBDAtlanta,EPaulding,673,101,115,137,352,20,810,453,135,889,509,1398
CBDAtlanta,NSpalding,110,26,13,24,35,1,134,61,14,149,60,209
CBDAtlanta,SSpalding,44,11,5,21,27,0,65,38,5,60,48,108
CBDAtlanta,WWalton,129,26,14,35,124,5,164,150,19,169,164,333
CBDAtlanta,EWalton,35,11,1,33,48,0,68,59,1,47,81,128
SEAtlanta,NFulton,252,73,63,45,139,6,297,212,69,388,190,578
SEAtlanta,Roswell,190,54,27,40,120,12,230,174,39,271,172,443
SEAtlanta,SandySprings,1033,268,463,160,346,67,1193,614,530,1764,573,2337
SEAtlanta,Buckhead,2101,489,669,817,2025,267,2918,2514,936,3259,3109,6368
SEAtlanta,NWAtlanta,1485,340,163,1560,2962,236,3045,3302,399,1988,4758,6746
SEAtlanta,NEAtlanta,4508,978,839,5293,8714,775,9801,9692,1614,6325,14782,21107
SEAtlanta,SWAtlanta,2989,697,236,4382,9684,672,7371,10381,908,3922,14738,18660
SEAtlanta,CBDAtlanta,6076,1209,1919,8264,13198,3068,14340,14407,4987,9204,24530,33734
SEAtlanta,SEAtlanta,7506,1959,468,17622,39843,1091,25128,41802,1559,9933,58556,68489
SEAtlanta,SFulton,731,146,15,429,885,21,1160,1031,36,892,1335,2227
SEAtlanta,Tri-Cities,4277,1062,248,6492,13737,500,10769,14799,748,5587,20729,26316
SEAtlanta,Shannon,1396,281,70,705,1895,75,2101,2176,145,1747,2675,4422
SEAtlanta,WCherokee,19,5,0,5,18,1,24,23,1,24,24,48
SEAtlanta,NCherokee,3,0,0,0,4,0,3,4,0,3,4,7
SEAtlanta,ECentCherokee,53,18,0,20,69,0,73,87,0,71,89,160
SEAtlanta,Woodstock,103,36,1,29,50,3,132,86,4,140,82,222
SEAtlanta,Airport,1678,336,384,1125,1452,109,2803,1788,493,2398,2686,5084
SEAtlanta,NEClayton,3257,693,57,3517,8662,105,6774,9355,162,4007,12284,16291
SEAtlanta,Riverdale,1311,276,33,791,2120,63,2102,2396,96,1620,2974,4594
SEAtlanta,SClayton,1008,222,8,414,1013,17,1422,1235,25,1238,1444,2682
SEAtlanta,NWCobb,264,89,13,65,117,6,329,206,19,366,188,554
SEAtlanta,NECobb,237,68,7,88,163,5,325,231,12,312,256,568
SEAtlanta,SWCobb,215,38,0,80,124,1,295,162,1,253,205,458
SEAtlanta,Marietta,234,72,22,55,155,21,289,227,43,328,231,559
SEAtlanta,Cumberland,1127,326,158,309,679,45,1436,1005,203,1611,1033,2644
SEAtlanta,SCobb,754,174,33,378,909,25,1132,1083,58,961,1312,2273
SEAtlanta,Chamblee,1256,321,453,260,638,171,1516,959,624,2030,1069,3099
SEAtlanta,NWDeKalb,1447,353,157,1094,1938,141,2541,2291,298,1957,3173,5130
SEAtlanta,NEDeKalb,1121,221,122,337,628,104,1458,849,226,1464,1069,2533
SEAtlanta,Atlanta-DeKalb,934,207,63,1953,3957,115,2887,4164,178,1204,6025,7229
SEAtlanta,Decatur,412,76,70,291,666,77,703,742,147,558,1034,1592
SEAtlanta,SWDeKalb,1918,484,130,2206,5326,125,4124,5810,255,2532,7657,10189
SEAtlanta,SEDeKalb,964,197,70,304,676,48,1268,873,118,1231,1028,2259
SEAtlanta,SDeKalb,1980,473,60,1660,3979,57,3640,4452,117,2513,5696,8209
SEAtlanta,WDouglas,268,55,4,92,208,3,360,263,7,327,303,630
SEAtlanta,EDouglas,462,100,8,196,425,10,658,525,18,570,631,1201
SEAtlanta,WFayette,316,59,3,88,180,1,404,239,4,378,269,647
SEAtlanta,EFayette,400,81,0,209,412,6,609,493,6,481,627,1108
SEAtlanta,NGwinnett,121,37,3,50,97,3,171,134,6,161,150,311
SEAtlanta,CentGwinnett,305,77,14,81,172,13,386,249,27,396,266,662
SEAtlanta,EGwinnett,70,14,0,18,57,1,88,71,1,84,76,160
SEAtlanta,Norcross,437,137,57,107,182,19,544,319,76,631,308,939
SEAtlanta,Lilburn,212,40,3,68,87,8,280,127,11,255,163,418
SEAtlanta,Snellville,220,44,8,90,214,7,310,258,15,272,311,583
SEAtlanta,NHenry,945,172,8,396,1147,3,1341,1319,11,1125,1546,2671
SEAtlanta,EHenry,324,58,1,89,195,0,413,253,1,383,284,667
SEAtlanta,SHenry,839,122,3,173,542,4,1012,664,7,964,719,1683
SEAtlanta,SRockdale,252,41,1,56,118,3,308,159,4,294,177,471
SEAtlanta,NRockdale,222,38,3,61,99,1,283,137,4,263,161,424
SEAtlanta,NBarrow,9,4,0,4,14,0,13,18,0,13,18,31
SEAtlanta,SBarrow,9,2,0,3,18,0,12,20,0,11,21,32
SEAtlanta,NWBartow,1,1,0,2,1,0,3,2,0,2,3,5
SEAtlanta,NEBartow,3,6,0,2,13,0,5,19,0,9,15,24
SEAtlanta,SWBartow,9,4,0,4,22,0,13,26,0,13,26,39
SEAtlanta,Cartersville,27,7,0,8,24,0,35,31,0,34,32,66
SEAtlanta,NECarroll,51,13,0,21,53,0,72,66,0,64,74,138
SEAtlanta,WCarroll,4,1,0,3,7,0,7,8,0,5,10,15
SEAtlanta,CentralCarroll,41,7,0,14,32,0,55,39,0,48,46,94
SEAtlanta,SECarroll,11,3,0,5,25,0,16,28,0,14,30,44
SEAtlanta,WCoweta,80,18,0,25,39,0,105,57,0,98,64,162
SEAtlanta,NCoweta,488,80,4,139,181,7,627,261,11,572,327,899
SEAtlanta,SCoweta,29,9,0,14,19,0,43,28,0,38,33,71
SEAtlanta,SECoweta,75,10,0,21,45,0,96,55,0,85,66,151
SEAtlanta,NForsyth,10,3,0,5,21,1,15,24,1,13,27,40
SEAtlanta,Cumming,39,5,0,25,86,2,64,91,2,44,113,157
SEAtlanta,SForsyth,34,9,0,19,47,0,53,56,0,43,66,109
SEAtlanta,NHall,1,0,0,0,7,0,1,7,0,1,7,8
SEAtlanta,Gainesville,3,1,0,5,9,0,8,10,0,4,14,18
SEAtlanta,SHall,19,6,0,6,14,0,25,20,0,25,20,45
SEAtlanta,WNewton,269,47,0,68,154,6,337,201,6,316,228,544
SEAtlanta,ENewton,23,3,0,6,19,0,29,22,0,26,25,51
SEAtlanta,NPaulding,27,3,0,11,17,0,38,20,0,30,28,58
SEAtlanta,WPaulding,18,3,0,10,9,0,28,12,0,21,19,40
SEAtlanta,EPaulding,227,42,1,78,129,8,305,171,9,270,215,485
SEAtlanta,NSpalding,115,13,0,24,43,0,139,56,0,128,67,195
SEAtlanta,SSpalding,57,9,0,13,32,0,70,41,0,66,45,111
SEAtlanta,WWalton,59,12,0,20,68,0,79,80,0,71,88,159
SEAtlanta,EWalton,17,3,0,10,27,0,27,30,0,20,37,57
SFulton,NFulton,97,17,5,29,71,1,126,88,6,119,101,220
SFulton,Roswell,58,14,2,12,32,1,70,46,3,74,45,119
SFulton,SandySprings,471,82,33,78,150,2,549,232,35,586,230,816
SFulton,Buckhead,719,128,72,210,499,7,929,627,79,919,716,1635
SFulton,NWAtlanta,746,147,14,422,921,9,1168,1068,23,907,1352,2259
SFulton,NEAtlanta,1057,206,112,430,819,59,1487,1025,171,1375,1308,2683
SFulton,SWAtlanta,2585,468,37,3610,8049,53,6195,8517,90,3090,11712,14802
SFulton,CBDAtlanta,1269,184,413,490,964,143,1759,1148,556,1866,1597,3463
SFulton,SEAtlanta,696,132,14,406,937,20,1102,1069,34,842,1363,2205
SFulton,SFulton,6745,1341,12,13852,29459,38,20597,30800,50,8098,43349,51447
SFulton,Tri-Cities,1944,395,20,1726,4819,30,3670,5214,50,2359,6575,8934
SFulton,Shannon,2815,556,12,3289,9450,30,6104,10006,42,3383,12769,16152
SFulton,WCherokee,3,0,0,0,1,0,3,1,0,3,1,4
SFulton,NCherokee,0,0,0,0,0,0,0,0,0,0,0,0
SFulton,ECentCherokee,43,8,0,7,18,0,50,26,0,51,25,76
SFulton,Woodstock,79,10,0,15,60,0,94,70,0,89,75,164
SFulton,Airport,912,157,45,327,683,13,1239,840,58,1114,1023,2137
SFulton,NEClayton,591,117,4,203,386,1,794,503,5,712,590,1302
SFulton,Riverdale,404,115,0,238,555,2,642,670,2,519,795,1314
SFulton,SClayton,301,58,0,84,201,0,385,259,0,359,285,644
SFulton,NWCobb,297,48,0,82,130,0,379,178,0,345,212,557
SFulton,NECobb,231,36,0,57,131,0,288,167,0,267,188,455
SFulton,SWCobb,551,116,1,217,399,0,768,515,1,668,616,1284
SFulton,Marietta,345,53,1,94,176,8,439,229,9,399,278,677
SFulton,Cumberland,1146,170,11,301,562,1,1447,732,12,1327,864,2191
SFulton,SCobb,1549,281,5,1299,2657,3,2848,2938,8,1835,3959,5794
SFulton,Chamblee,410,96,27,62,97,8,472,193,35,533,167,700
SFulton,NWDeKalb,352,71,12,112,232,6,464,303,18,435,350,785
SFulton,NEDeKalb,218,54,7,49,162,6,267,216,13,279,217,496
SFulton,Atlanta-DeKalb,114,21,4,51,123,0,165,144,4,139,174,313
SFulton,Decatur,72,13,9,20,61,4,92,74,13,94,85,179
SFulton,SWDeKalb,244,29,10,75,110,1,319,139,11,283,186,469
SFulton,SEDeKalb,101,25,4,27,34,1,128,59,5,130,62,192
SFulton,SDeKalb,241,64,0,109,247,2,350,311,2,305,358,663
SFulton,WDouglas,1454,246,3,771,1956,0,2225,2202,3,1703,2727,4430
SFulton,EDouglas,2702,495,5,2256,5027,1,4958,5522,6,3202,7284,10486
SFulton,WFayette,813,140,0,505,1664,1,1318,1804,1,953,2170,3123
SFulton,EFayette,494,104,0,234,679,0,728,783,0,598,913,1511
SFulton,NGwinnett,17,12,0,6,20,0,23,32,0,29,26,55
SFulton,CentGwinnett,69,14,0,27,36,0,96,50,0,83,63,146
SFulton,EGwinnett,10,0,0,3,4,0,13,4,0,10,7,17
SFulton,Norcross,147,43,1,24,73,1,171,116,2,191,98,289
SFulton,Lilburn,42,6,1,12,9,0,54,15,1,49,21,70
SFulton,Snellville,41,6,0,7,9,0,48,15,0,47,16,63
SFulton,NHenry,175,16,0,47,47,0,222,63,0,191,94,285
SFulton,EHenry,71,11,0,12,7,0,83,18,0,82,19,101
SFulton,SHenry,153,23,0,50,88,0,203,111,0,176,138,314
SFulton,SRockdale,22,7,0,5,6,0,27,13,0,29,11,40
SFulton,NRockdale,59,10,0,14,40,0,73,50,0,69,54,123
SFulton,NBarrow,6,0,0,0,0,0,6,0,0,6,0,6
SFulton,SBarrow,3,1,0,1,0,0,4,1,0,4,1,5
SFulton,NWBartow,2,1,0,0,0,0,2,1,0,3,0,3
SFulton,NEBartow,5,1,0,1,6,0,6,7,0,6,7,13
SFulton,SWBartow,10,1,0,1,12,0,11,13,0,11,13,24
SFulton,Cartersville,37,4,0,14,16,0,51,20,0,41,30,71
SFulton,NECarroll,220,41,0,39,67,0,259,108,0,261,106,367
SFulton,WCarroll,40,8,0,8,0,0,48,8,0,48,8,56
SFulton,CentralCarroll,324,54,0,113,183,0,437,237,0,378,296,674
SFulton,SECarroll,53,4,0,10,33,0,63,37,0,57,43,100
SFulton,WCoweta,246,32,0,112,198,0,358,230,0,278,310,588
SFulton,NCoweta,1601,277,3,1455,3686,1,3056,3963,4,1881,5142,7023
SFulton,SCoweta,71,10,0,21,41,0,92,51,0,81,62,143
SFulton,SECoweta,91,16,0,28,45,0,119,61,0,107,73,180
SFulton,NForsyth,6,0,0,1,2,0,7,2,0,6,3,9
SFulton,Cumming,16,2,0,8,11,0,24,13,0,18,19,37
SFulton,SForsyth,19,2,0,6,26,0,25,28,0,21,32,53
SFulton,NHall,0,0,0,0,0,0,0,0,0,0,0,0
SFulton,Gainesville,0,0,0,0,0,0,0,0,0,0,0,0
SFulton,SHall,3,0,0,0,11,0,3,11,0,3,11,14
SFulton,WNewton,43,6,0,5,18,0,48,24,0,49,23,72
SFulton,ENewton,1,0,0,0,0,0,1,0,0,1,0,1
SFulton,NPaulding,71,20,0,9,29,0,80,49,0,91,38,129
SFulton,WPaulding,68,17,0,10,16,0,78,33,0,85,26,111
SFulton,EPaulding,581,118,0,107,290,0,688,408,0,699,397,1096
SFulton,NSpalding,33,3,0,7,15,0,40,18,0,36,22,58
SFulton,SSpalding,33,4,0,9,14,0,42,18,0,37,23,60
SFulton,WWalton,9,1,0,1,1,0,10,2,0,10,2,12
SFulton,EWalton,1,1,0,0,2,0,1,3,0,2,2,4
Tri-Cities,NFulton,240,64,26,30,78,3,270,142,29,330,111,441
Tri-Cities,Roswell,183,48,25,23,24,1,206,72,26,256,48,304
Tri-Cities,SandySprings,779,215,325,80,175,21,859,390,346,1319,276,1595
Tri-Cities,Buckhead,1716,376,609,272,612,139,1988,988,748,2701,1023,3724
Tri-Cities,NWAtlanta,1421,286,180,712,1329,97,2133,1615,277,1887,2138,4025
Tri-Cities,NEAtlanta,3178,641,913,1166,2106,555,4344,2747,1468,4732,3827,8559
Tri-Cities,SWAtlanta,4150,926,270,7003,15824,516,11153,16750,786,5346,23343,28689
Tri-Cities,CBDAtlanta,3139,630,1965,1416,3185,1212,4555,3815,3177,5734,5813,11547
Tri-Cities,SEAtlanta,4157,1063,242,6498,13761,492,10655,14824,734,5462,20751,26213
Tri-Cities,SFulton,2152,386,20,1770,4705,35,3922,5091,55,2558,6510,9068
Tri-Cities,Tri-Cities,15400,3399,465,36774,64059,1306,52174,67458,1771,19264,102139,121403
Tri-Cities,Shannon,4675,943,126,4115,11399,219,8790,12342,345,5744,15733,21477
Tri-Cities,WCherokee,22,2,0,2,21,0,24,23,0,24,23,47
Tri-Cities,NCherokee,3,2,0,4,1,0,7,3,0,5,5,10
Tri-Cities,ECentCherokee,87,22,1,21,55,2,108,77,3,110,78,188
Tri-Cities,Woodstock,148,30,2,22,51,1,170,81,3,180,74,254
Tri-Cities,Airport,3850,712,356,5329,5694,246,9179,6406,602,4918,11269,16187
Tri-Cities,NEClayton,4319,820,80,2817,5869,64,7136,6689,144,5219,8750,13969
Tri-Cities,Riverdale,2735,514,46,1586,4156,91,4321,4670,137,3295,5833,9128
Tri-Cities,SClayton,1628,352,25,510,1170,15,2138,1522,40,2005,1695,3700
Tri-Cities,NWCobb,345,83,10,67,116,20,412,199,30,438,203,641
Tri-Cities,NECobb,322,88,11,44,156,1,366,244,12,421,201,622
Tri-Cities,SWCobb,290,67,4,68,200,0,358,267,4,361,268,629
Tri-Cities,Marietta,248,72,9,72,79,21,320,151,30,329,172,501
Tri-Cities,Cumberland,1290,283,120,276,433,27,1566,716,147,1693,736,2429
Tri-Cities,SCobb,962,184,29,378,748,13,1340,932,42,1175,1139,2314
Tri-Cities,Chamblee,1006,287,320,112,285,58,1118,572,378,1613,455,2068
Tri-Cities,NWDeKalb,1091,270,145,224,399,53,1315,669,198,1506,676,2182
Tri-Cities,NEDeKalb,828,160,91,106,271,34,934,431,125,1079,411,1490
Tri-Cities,Atlanta-DeKalb,498,103,76,200,481,29,698,584,105,677,710,1387
Tri-Cities,Decatur,309,55,92,65,129,60,374,184,152,456,254,710
Tri-Cities,SWDeKalb,1062,217,126,308,807,50,1370,1024,176,1405,1165,2570
Tri-Cities,SEDeKalb,721,161,35,91,214,7,812,375,42,917,312,1229
Tri-Cities,SDeKalb,1342,284,26,510,1055,14,1852,1339,40,1652,1579,3231
Tri-Cities,WDouglas,557,89,2,122,359,1,679,448,3,648,482,1130
Tri-Cities,EDouglas,764,151,9,296,739,6,1060,890,15,924,1041,1965
Tri-Cities,WFayette,903,152,4,184,427,1,1087,579,5,1059,612,1671
Tri-Cities,EFayette,1119,183,3,398,896,1,1517,1079,4,1305,1295,2600
Tri-Cities,NGwinnett,178,40,2,12,60,0,190,100,2,220,72,292
Tri-Cities,CentGwinnett,347,80,21,40,103,3,387,183,24,448,146,594
Tri-Cities,EGwinnett,77,24,1,11,26,0,88,50,1,102,37,139
Tri-Cities,Norcross,383,129,40,54,115,4,437,244,44,552,173,725
Tri-Cities,Lilburn,198,42,9,21,43,1,219,85,10,249,65,314
Tri-Cities,Snellville,218,47,1,27,46,0,245,93,1,266,73,339
Tri-Cities,NHenry,1308,229,13,261,733,4,1569,962,17,1550,998,2548
Tri-Cities,EHenry,568,66,3,60,207,0,628,273,3,637,267,904
Tri-Cities,SHenry,1233,203,3,155,377,1,1388,580,4,1439,533,1972
Tri-Cities,SRockdale,254,37,0,30,53,0,284,90,0,291,83,374
Tri-Cities,NRockdale,206,34,3,28,72,0,234,106,3,243,100,343
Tri-Cities,NBarrow,23,4,0,2,3,0,25,7,0,27,5,32
Tri-Cities,SBarrow,8,3,0,2,1,0,10,4,0,11,3,14
Tri-Cities,NWBartow,5,0,0,0,0,0,5,0,0,5,0,5
Tri-Cities,NEBartow,7,4,0,1,3,0,8,7,0,11,4,15
Tri-Cities,SWBartow,12,1,0,2,12,0,14,13,0,13,14,27
Tri-Cities,Cartersville,30,13,0,13,16,0,43,29,0,43,29,72
Tri-Cities,NECarroll,74,15,1,22,26,0,96,41,1,90,48,138
Tri-Cities,WCarroll,14,2,0,7,6,0,21,8,0,16,13,29
Tri-Cities,CentralCarroll,102,17,0,19,26,0,121,43,0,119,45,164
Tri-Cities,SECarroll,32,7,0,7,12,0,39,19,0,39,19,58
Tri-Cities,WCoweta,280,43,0,42,69,0,322,112,0,323,111,434
Tri-Cities,NCoweta,1442,230,11,196,553,2,1638,783,13,1683,751,2434
Tri-Cities,SCoweta,98,24,0,20,42,1,118,66,1,122,63,185
Tri-Cities,SECoweta,167,40,1,31,42,0,198,82,1,208,73,281
Tri-Cities,NForsyth,15,9,0,3,15,0,18,24,0,24,18,42
Tri-Cities,Cumming,48,10,0,16,34,1,64,44,1,58,51,109
Tri-Cities,SForsyth,30,9,0,14,42,0,44,51,0,39,56,95
Tri-Cities,NHall,2,0,0,1,0,0,3,0,0,2,1,3
Tri-Cities,Gainesville,4,2,0,0,0,0,4,2,0,6,0,6
Tri-Cities,SHall,23,6,0,10,9,0,33,15,0,29,19,48
Tri-Cities,WNewton,313,44,1,41,90,1,354,134,2,358,132,490
Tri-Cities,ENewton,39,8,0,6,16,0,45,24,0,47,22,69
Tri-Cities,NPaulding,44,9,0,15,26,0,59,35,0,53,41,94
Tri-Cities,WPaulding,34,7,0,7,10,1,41,17,1,41,18,59
Tri-Cities,EPaulding,298,56,1,56,123,2,354,179,3,355,181,536
Tri-Cities,NSpalding,223,45,0,35,34,0,258,79,0,268,69,337
Tri-Cities,SSpalding,116,13,0,23,10,0,139,23,0,129,33,162
Tri-Cities,WWalton,63,13,0,10,13,0,73,26,0,76,23,99
Tri-Cities,EWalton,13,4,0,5,6,0,18,10,0,17,11,28
Shannon,NFulton,77,20,8,23,36,2,100,56,10,105,61,166
Shannon,Roswell,62,23,9,23,14,0,85,37,9,94,37,131
Shannon,SandySprings,533,132,120,73,124,20,606,256,140,785,217,1002
Shannon,Buckhead,1042,234,243,112,492,28,1154,726,271,1519,632,2151
Shannon,NWAtlanta,790,155,61,159,521,17,949,676,78,1006,697,1703
Shannon,NEAtlanta,1977,437,449,420,962,231,2397,1399,680,2863,1613,4476
Shannon,SWAtlanta,1648,339,75,1304,3199,95,2952,3538,170,2062,4598,6660
Shannon,CBDAtlanta,2261,482,1542,469,1383,490,2730,1865,2032,4285,2342,6627
Shannon,SEAtlanta,1317,283,66,649,1800,77,1966,2083,143,1666,2526,4192
Shannon,SFulton,2834,609,14,3304,9601,35,6138,10210,49,3457,12940,16397
Shannon,Tri-Cities,4163,811,98,4163,10770,206,8326,11581,304,5072,15139,20211
Shannon,Shannon,18696,3798,116,44692,100816,395,63388,104614,511,22610,145903,168513
Shannon,WCherokee,4,0,0,1,4,0,5,4,0,4,5,9
Shannon,NCherokee,1,0,0,0,0,0,1,0,0,1,0,1
Shannon,ECentCherokee,19,6,0,14,32,0,33,38,0,25,46,71
Shannon,Woodstock,39,6,0,10,67,0,49,73,0,45,77,122
Shannon,Airport,3101,509,146,2209,5100,62,5310,5609,208,3756,7371,11127
Shannon,NEClayton,1623,312,12,930,2206,17,2553,2518,29,1947,3153,5100
Shannon,Riverdale,2118,461,7,3266,8939,45,5384,9400,52,2586,12250,14836
Shannon,SClayton,1031,212,1,625,1485,4,1656,1697,5,1244,2114,3358
Shannon,NWCobb,147,31,1,73,57,11,220,88,12,179,141,320
Shannon,NECobb,170,28,1,47,131,0,217,159,1,199,178,377
Shannon,SWCobb,169,39,0,42,158,0,211,197,0,208,200,408
Shannon,Marietta,213,49,3,77,67,11,290,116,14,265,155,420
Shannon,Cumberland,1063,191,31,164,349,9,1227,540,40,1285,522,1807
Shannon,SCobb,649,129,1,185,568,2,834,697,3,779,755,1534
Shannon,Chamblee,536,140,117,60,149,21,596,289,138,793,230,1023
Shannon,NWDeKalb,695,162,47,137,396,23,832,558,70,904,556,1460
Shannon,NEDeKalb,340,87,15,73,154,21,413,241,36,442,248,690
Shannon,Atlanta-DeKalb,172,31,12,49,90,4,221,121,16,215,143,358
Shannon,Decatur,153,34,23,25,39,18,178,73,41,210,82,292
Shannon,SWDeKalb,374,81,22,91,266,7,465,347,29,477,364,841
Shannon,SEDeKalb,229,42,6,56,109,0,285,151,6,277,165,442
Shannon,SDeKalb,511,122,1,195,431,7,706,553,8,634,633,1267
Shannon,WDouglas,745,136,0,234,691,1,979,827,1,881,926,1807
Shannon,EDouglas,878,163,0,356,1222,2,1234,1385,2,1041,1580,2621
Shannon,WFayette,2512,486,3,1986,5509,7,4498,5995,10,3001,7502,10503
Shannon,EFayette,2210,412,10,2315,5850,9,4525,6262,19,2632,8174,10806
Shannon,NGwinnett,31,5,2,9,33,0,40,38,2,38,42,80
Shannon,CentGwinnett,95,28,1,33,81,0,128,109,1,124,114,238
Shannon,EGwinnett,19,6,0,2,2,0,21,8,0,25,4,29
Shannon,Norcross,199,55,5,26,47,1,225,102,6,259,74,333
Shannon,Lilburn,63,15,0,15,13,0,78,28,0,78,28,106
Shannon,Snellville,61,12,0,18,15,0,79,27,0,73,33,106
Shannon,NHenry,427,76,1,133,359,0,560,435,1,504,492,996
Shannon,EHenry,203,29,0,33,129,1,236,158,1,232,163,395
Shannon,SHenry,511,72,1,112,300,0,623,372,1,584,412,996
Shannon,SRockdale,96,13,0,21,24,0,117,37,0,109,45,154
Shannon,NRockdale,78,15,0,18,23,0,96,38,0,93,41,134
Shannon,NBarrow,2,0,0,0,2,0,2,2,0,2,2,4
Shannon,SBarrow,0,0,0,0,0,0,0,0,0,0,0,0
Shannon,NWBartow,1,0,0,0,2,0,1,2,0,1,2,3
Shannon,NEBartow,1,0,0,1,1,0,2,1,0,1,2,3
Shannon,SWBartow,3,0,0,2,0,0,5,0,0,3,2,5
Shannon,Cartersville,13,0,0,3,5,0,16,5,0,13,8,21
Shannon,NECarroll,115,11,0,20,36,0,135,47,0,126,56,182
Shannon,WCarroll,18,11,0,9,9,0,27,20,0,29,18,47
Shannon,CentralCarroll,211,34,0,53,125,0,264,159,0,245,178,423
Shannon,SECarroll,48,9,0,14,8,0,62,17,0,57,22,79
Shannon,WCoweta,445,69,0,82,259,1,527,328,1,514,342,856
Shannon,NCoweta,2988,504,7,1163,3262,8,4151,3766,15,3499,4433,7932
Shannon,SCoweta,186,23,0,42,72,0,228,95,0,209,114,323
Shannon,SECoweta,291,50,0,78,220,0,369,270,0,341,298,639
Shannon,NForsyth,2,0,0,0,0,0,2,0,0,2,0,2
Shannon,Cumming,8,1,0,4,19,0,12,20,0,9,23,32
Shannon,SForsyth,14,7,0,2,4,0,16,11,0,21,6,27
Shannon,NHall,1,0,0,0,0,0,1,0,0,1,0,1
Shannon,Gainesville,0,0,0,3,0,0,3,0,0,0,3,3
Shannon,SHall,5,2,0,1,4,0,6,6,0,7,5,12
Shannon,WNewton,86,11,0,18,57,0,104,68,0,97,75,172
Shannon,ENewton,6,0,0,3,16,0,9,16,0,6,19,25
Shannon,NPaulding,35,5,0,7,36,0,42,41,0,40,43,83
Shannon,WPaulding,21,3,0,5,5,0,26,8,0,24,10,34
Shannon,EPaulding,255,36,0,63,157,0,318,193,0,291,220,511
Shannon,NSpalding,130,16,0,43,43,0,173,59,0,146,86,232
Shannon,SSpalding,111,18,0,14,27,0,125,45,0,129,41,170
Shannon,WWalton,14,4,0,5,8,0,19,12,0,18,13,31
Shannon,EWalton,4,0,0,3,2,0,7,2,0,4,5,9
WCherokee,NFulton,454,66,0,124,314,0,578,380,0,520,438,958
WCherokee,Roswell,192,34,0,59,140,0,251,174,0,226,199,425
WCherokee,SandySprings,221,28,1,44,159,1,265,187,2,250,204,454
WCherokee,Buckhead,118,23,0,32,91,0,150,114,0,141,123,264
WCherokee,NWAtlanta,35,7,0,13,14,0,48,21,0,42,27,69
WCherokee,NEAtlanta,89,12,0,23,105,0,112,117,0,101,128,229
WCherokee,SWAtlanta,32,6,0,10,17,0,42,23,0,38,27,65
WCherokee,CBDAtlanta,46,14,2,19,53,1,65,67,3,62,73,135
WCherokee,SEAtlanta,14,7,0,3,19,1,17,26,1,21,23,44
WCherokee,SFulton,1,2,0,0,1,0,1,3,0,3,1,4
WCherokee,Tri-Cities,19,3,0,4,39,0,23,42,0,22,43,65
WCherokee,Shannon,2,1,0,1,0,0,3,1,0,3,1,4
WCherokee,WCherokee,2413,390,0,4770,11719,0,7183,12109,0,2803,16489,19292
WCherokee,NCherokee,196,48,0,390,740,0,586,788,0,244,1130,1374
WCherokee,ECentCherokee,3254,588,6,4705,11947,17,7959,12535,23,3848,16669,20517
WCherokee,Woodstock,722,112,0,479,1327,0,1201,1439,0,834,1806,2640
WCherokee,Airport,7,3,0,1,0,0,8,3,0,10,1,11
WCherokee,NEClayton,4,2,0,2,7,0,6,9,0,6,9,15
WCherokee,Riverdale,4,1,0,0,0,0,4,1,0,5,0,5
WCherokee,SClayton,0,1,0,0,1,0,0,2,0,1,1,2
WCherokee,NWCobb,663,112,0,296,647,1,959,759,1,775,944,1719
WCherokee,NECobb,424,84,0,160,387,0,584,471,0,508,547,1055
WCherokee,SWCobb,25,4,0,12,19,0,37,23,0,29,31,60
WCherokee,Marietta,345,55,0,86,160,0,431,215,0,400,246,646
WCherokee,Cumberland,386,57,0,71,114,0,457,171,0,443,185,628
WCherokee,SCobb,47,12,0,15,60,0,62,72,0,59,75,134
WCherokee,Chamblee,93,13,0,23,61,0,116,74,0,106,84,190
WCherokee,NWDeKalb,42,9,0,10,50,0,52,59,0,51,60,111
WCherokee,NEDeKalb,28,1,0,7,8,0,35,9,0,29,15,44
WCherokee,Atlanta-DeKalb,3,0,0,0,12,0,3,12,0,3,12,15
WCherokee,Decatur,2,1,0,3,3,0,5,4,0,3,6,9
WCherokee,SWDeKalb,4,1,0,1,4,0,5,5,0,5,5,10
WCherokee,SEDeKalb,1,0,0,1,1,0,2,1,0,1,2,3
WCherokee,SDeKalb,7,3,0,0,2,0,7,5,0,10,2,12
WCherokee,WDouglas,2,0,0,2,1,0,4,1,0,2,3,5
WCherokee,EDouglas,17,3,0,3,19,0,20,22,0,20,22,42
WCherokee,WFayette,0,0,0,0,0,0,0,0,0,0,0,0
WCherokee,EFayette,1,0,0,0,0,0,1,0,0,1,0,1
WCherokee,NGwinnett,30,2,0,20,6,0,50,8,0,32,26,58
WCherokee,CentGwinnett,64,6,0,26,43,0,90,49,0,70,69,139
WCherokee,EGwinnett,2,1,0,3,0,0,5,1,0,3,3,6
WCherokee,Norcross,115,10,0,16,33,0,131,43,0,125,49,174
WCherokee,Lilburn,6,0,0,1,2,0,7,2,0,6,3,9
WCherokee,Snellville,3,1,0,1,1,0,4,2,0,4,2,6
WCherokee,NHenry,0,1,0,0,0,0,0,1,0,1,0,1
WCherokee,EHenry,0,0,0,0,0,0,0,0,0,0,0,0
WCherokee,SHenry,0,0,0,0,0,0,0,0,0,0,0,0
WCherokee,SRockdale,1,0,0,0,0,0,1,0,0,1,0,1
WCherokee,NRockdale,0,0,0,0,0,0,0,0,0,0,0,0
WCherokee,NBarrow,0,0,0,1,0,0,1,0,0,0,1,1
WCherokee,SBarrow,0,0,0,0,0,0,0,0,0,0,0,0
WCherokee,NWBartow,91,13,0,47,102,0,138,115,0,104,149,253
WCherokee,NEBartow,309,54,0,225,716,0,534,770,0,363,941,1304
WCherokee,SWBartow,46,7,0,15,23,0,61,30,0,53,38,91
WCherokee,Cartersville,810,149,0,398,897,0,1208,1046,0,959,1295,2254
WCherokee,NECarroll,0,1,0,1,4,0,1,5,0,1,5,6
WCherokee,WCarroll,0,0,0,0,0,0,0,0,0,0,0,0
WCherokee,CentralCarroll,0,1,0,0,0,0,0,1,0,1,0,1
WCherokee,SECarroll,0,0,0,0,0,0,0,0,0,0,0,0
WCherokee,WCoweta,0,0,0,0,0,0,0,0,0,0,0,0
WCherokee,NCoweta,0,0,0,0,0,0,0,0,0,0,0,0
WCherokee,SCoweta,0,0,0,0,0,0,0,0,0,0,0,0
WCherokee,SECoweta,0,0,0,0,0,0,0,0,0,0,0,0
WCherokee,NForsyth,64,10,0,40,46,0,104,56,0,74,86,160
WCherokee,Cumming,164,36,0,94,217,0,258,253,0,200,311,511
WCherokee,SForsyth,142,29,0,36,66,0,178,95,0,171,102,273
WCherokee,NHall,3,0,0,0,0,0,3,0,0,3,0,3
WCherokee,Gainesville,21,4,0,4,33,0,25,37,0,25,37,62
WCherokee,SHall,8,3,0,2,3,0,10,6,0,11,5,16
WCherokee,WNewton,0,0,0,0,4,0,0,4,0,0,4,4
WCherokee,ENewton,0,0,0,0,0,0,0,0,0,0,0,0
WCherokee,NPaulding,28,9,0,7,25,0,35,34,0,37,32,69
WCherokee,WPaulding,2,0,0,0,0,0,2,0,0,2,0,2
WCherokee,EPaulding,53,4,0,21,51,0,74,55,0,57,72,129
WCherokee,NSpalding,0,0,0,1,0,0,1,0,0,0,1,1
WCherokee,SSpalding,0,0,0,0,0,0,0,0,0,0,0,0
WCherokee,WWalton,0,0,0,0,0,0,0,0,0,0,0,0
WCherokee,EWalton,0,0,0,0,0,0,0,0,0,0,0,0
NCherokee,NFulton,386,67,0,111,289,0,497,356,0,453,400,853
NCherokee,Roswell,118,16,0,38,60,0,156,76,0,134,98,232
NCherokee,SandySprings,85,18,0,14,150,0,99,168,0,103,164,267
NCherokee,Buckhead,43,5,0,18,51,0,61,56,0,48,69,117
NCherokee,NWAtlanta,16,6,0,6,21,0,22,27,0,22,27,49
NCherokee,NEAtlanta,25,5,0,6,65,0,31,70,0,30,71,101
NCherokee,SWAtlanta,9,0,0,1,5,0,10,5,0,9,6,15
NCherokee,CBDAtlanta,12,1,0,14,26,0,26,27,0,13,40,53
NCherokee,SEAtlanta,4,1,0,0,5,0,4,6,0,5,5,10
NCherokee,SFulton,1,0,0,0,0,0,1,0,0,1,0,1
NCherokee,Tri-Cities,4,1,0,3,4,0,7,5,0,5,7,12
NCherokee,Shannon,0,0,0,1,0,0,1,0,0,0,1,1
NCherokee,WCherokee,211,37,0,385,738,0,596,775,0,248,1123,1371
NCherokee,NCherokee,1184,243,0,2302,5430,0,3486,5673,0,1427,7732,9159
NCherokee,ECentCherokee,1640,279,3,1942,5162,3,3582,5441,6,1922,7107,9029
NCherokee,Woodstock,264,53,0,114,391,0,378,444,0,317,505,822
NCherokee,Airport,3,2,0,0,0,0,3,2,0,5,0,5
NCherokee,NEClayton,1,1,0,0,1,0,1,2,0,2,1,3
NCherokee,Riverdale,0,0,0,0,1,0,0,1,0,0,1,1
NCherokee,SClayton,0,0,0,0,10,0,0,10,0,0,10,10
NCherokee,NWCobb,253,42,0,88,247,3,341,289,3,295,338,633
NCherokee,NECobb,153,26,0,65,149,0,218,175,0,179,214,393
NCherokee,SWCobb,14,0,0,6,7,0,20,7,0,14,13,27
NCherokee,Marietta,123,22,0,30,38,0,153,60,0,145,68,213
NCherokee,Cumberland,157,23,0,28,55,0,185,78,0,180,83,263
NCherokee,SCobb,11,3,0,5,29,0,16,32,0,14,34,48
NCherokee,Chamblee,45,7,0,21,23,0,66,30,0,52,44,96
NCherokee,NWDeKalb,13,1,0,3,38,1,16,39,1,14,42,56
NCherokee,NEDeKalb,9,1,0,3,43,0,12,44,0,10,46,56
NCherokee,Atlanta-DeKalb,0,0,0,0,10,0,0,10,0,0,10,10
NCherokee,Decatur,1,0,0,0,1,0,1,1,0,1,1,2
NCherokee,SWDeKalb,3,0,0,3,1,0,6,1,0,3,4,7
NCherokee,SEDeKalb,0,0,0,2,1,0,2,1,0,0,3,3
NCherokee,SDeKalb,2,0,0,1,1,0,3,1,0,2,2,4
NCherokee,WDouglas,1,0,0,0,0,0,1,0,0,1,0,1
NCherokee,EDouglas,8,1,0,2,1,0,10,2,0,9,3,12
NCherokee,WFayette,0,0,0,0,0,0,0,0,0,0,0,0
NCherokee,EFayette,0,0,0,1,0,0,1,0,0,0,1,1
NCherokee,NGwinnett,52,12,0,27,31,0,79,43,0,64,58,122
NCherokee,CentGwinnett,60,8,0,20,69,0,80,77,0,68,89,157
NCherokee,EGwinnett,2,0,0,1,2,0,3,2,0,2,3,5
NCherokee,Norcross,65,8,0,9,23,0,74,31,0,73,32,105
NCherokee,Lilburn,2,1,0,4,2,0,6,3,0,3,6,9
NCherokee,Snellville,2,2,0,2,5,0,4,7,0,4,7,11
NCherokee,NHenry,0,0,0,1,0,0,1,0,0,0,1,1
NCherokee,EHenry,0,0,0,0,0,0,0,0,0,0,0,0
NCherokee,SHenry,0,0,0,0,0,0,0,0,0,0,0,0
NCherokee,SRockdale,0,0,0,0,0,0,0,0,0,0,0,0
NCherokee,NRockdale,0,0,0,0,0,0,0,0,0,0,0,0
NCherokee,NBarrow,1,2,0,1,0,0,2,2,0,3,1,4
NCherokee,SBarrow,1,0,0,0,0,0,1,0,0,1,0,1
NCherokee,NWBartow,15,1,0,1,3,0,16,4,0,16,4,20
NCherokee,NEBartow,42,8,0,9,34,0,51,42,0,50,43,93
NCherokee,SWBartow,9,1,0,2,4,0,11,5,0,10,6,16
NCherokee,Cartersville,85,8,0,25,38,0,110,46,0,93,63,156
NCherokee,NECarroll,0,0,0,2,0,0,2,0,0,0,2,2
NCherokee,WCarroll,0,0,0,0,0,0,0,0,0,0,0,0
NCherokee,CentralCarroll,0,0,0,0,0,0,0,0,0,0,0,0
NCherokee,SECarroll,0,0,0,0,0,0,0,0,0,0,0,0
NCherokee,WCoweta,0,0,0,0,0,0,0,0,0,0,0,0
NCherokee,NCoweta,0,0,0,0,0,0,0,0,0,0,0,0
NCherokee,SCoweta,0,0,0,0,0,0,0,0,0,0,0,0
NCherokee,SECoweta,0,0,0,0,0,0,0,0,0,0,0,0
NCherokee,NForsyth,139,24,0,83,210,0,222,234,0,163,293,456
NCherokee,Cumming,387,62,0,231,648,0,618,710,0,449,879,1328
NCherokee,SForsyth,163,29,0,50,87,0,213,116,0,192,137,329
NCherokee,NHall,6,0,0,0,1,0,6,1,0,6,1,7
NCherokee,Gainesville,32,3,0,8,36,0,40,39,0,35,44,79
NCherokee,SHall,21,0,0,12,3,0,33,3,0,21,15,36
NCherokee,WNewton,0,0,0,0,0,0,0,0,0,0,0,0
NCherokee,ENewton,0,0,0,0,0,0,0,0,0,0,0,0
NCherokee,NPaulding,5,0,0,0,1,0,5,1,0,5,1,6
NCherokee,WPaulding,0,0,0,0,0,0,0,0,0,0,0,0
NCherokee,EPaulding,13,3,0,3,33,0,16,36,0,16,36,52
NCherokee,NSpalding,0,0,0,0,0,0,0,0,0,0,0,0
NCherokee,SSpalding,0,0,0,0,0,0,0,0,0,0,0,0
NCherokee,WWalton,1,0,0,0,10,0,1,10,0,1,10,11
NCherokee,EWalton,0,0,0,0,0,0,0,0,0,0,0,0
ECentCherokee,NFulton,5633,968,2,3306,9301,9,8939,10269,11,6603,12616,19219
ECentCherokee,Roswell,1988,324,3,953,3077,1,2941,3401,4,2315,4031,6346
ECentCherokee,SandySprings,1375,229,4,347,716,9,1722,945,13,1608,1072,2680
ECentCherokee,Buckhead,680,126,5,119,383,3,799,509,8,811,505,1316
ECentCherokee,NWAtlanta,278,46,1,42,107,1,320,153,2,325,150,475
ECentCherokee,NEAtlanta,392,96,4,120,226,9,512,322,13,492,355,847
ECentCherokee,SWAtlanta,98,20,0,41,60,2,139,80,2,118,103,221
ECentCherokee,CBDAtlanta,250,81,23,74,221,8,324,302,31,354,303,657
ECentCherokee,SEAtlanta,61,19,0,20,73,0,81,92,0,80,93,173
ECentCherokee,SFulton,34,8,0,5,11,0,39,19,0,42,16,58
ECentCherokee,Tri-Cities,98,25,1,17,62,2,115,87,3,124,81,205
ECentCherokee,Shannon,17,5,0,13,28,0,30,33,0,22,41,63
ECentCherokee,WCherokee,3481,589,6,4748,12162,14,8229,12751,20,4076,16924,21000
ECentCherokee,NCherokee,1708,305,3,1961,5101,3,3669,5406,6,2016,7065,9081
ECentCherokee,ECentCherokee,41891,7215,100,72939,159951,269,114830,167166,369,49206,233159,282365
ECentCherokee,Woodstock,6619,1124,2,6869,19462,3,13488,20586,5,7745,26334,34079
ECentCherokee,Airport,26,6,1,2,7,0,28,13,1,33,9,42
ECentCherokee,NEClayton,40,13,0,12,5,0,52,18,0,53,17,70
ECentCherokee,Riverdale,8,2,0,5,2,0,13,4,0,10,7,17
ECentCherokee,SClayton,15,2,0,7,9,0,22,11,0,17,16,33
ECentCherokee,NWCobb,3539,647,2,1883,3548,69,5422,4195,71,4188,5500,9688
ECentCherokee,NECobb,2902,559,0,1405,3613,0,4307,4172,0,3461,5018,8479
ECentCherokee,SWCobb,195,49,0,50,145,0,245,194,0,244,195,439
ECentCherokee,Marietta,1450,203,0,427,957,4,1877,1160,4,1653,1388,3041
ECentCherokee,Cumberland,1839,298,1,261,498,1,2100,796,2,2138,760,2898
ECentCherokee,SCobb,310,50,0,92,197,0,402,247,0,360,289,649
ECentCherokee,Chamblee,778,157,3,173,392,7,951,549,10,938,572,1510
ECentCherokee,NWDeKalb,225,48,0,75,277,3,300,325,3,273,355,628
ECentCherokee,NEDeKalb,198,37,0,47,133,2,245,170,2,235,182,417
ECentCherokee,Atlanta-DeKalb,16,5,0,8,30,0,24,35,0,21,38,59
ECentCherokee,Decatur,23,4,0,9,11,1,32,15,1,27,21,48
ECentCherokee,SWDeKalb,28,12,0,20,12,0,48,24,0,40,32,72
ECentCherokee,SEDeKalb,14,3,0,6,25,0,20,28,0,17,31,48
ECentCherokee,SDeKalb,30,10,0,19,29,0,49,39,0,40,48,88
ECentCherokee,WDouglas,29,3,0,11,31,0,40,34,0,32,42,74
ECentCherokee,EDouglas,100,17,0,24,51,0,124,68,0,117,75,192
ECentCherokee,WFayette,4,0,0,1,1,0,5,1,0,4,2,6
ECentCherokee,EFayette,6,2,0,2,1,0,8,3,0,8,3,11
ECentCherokee,NGwinnett,395,68,0,103,259,0,498,327,0,463,362,825
ECentCherokee,CentGwinnett,548,103,0,161,290,0,709,393,0,651,451,1102
ECentCherokee,EGwinnett,43,4,0,15,42,0,58,46,0,47,57,104
ECentCherokee,Norcross,707,131,0,144,367,0,851,498,0,838,511,1349
ECentCherokee,Lilburn,45,7,0,26,58,0,71,65,0,52,84,136
ECentCherokee,Snellville,41,9,0,19,48,0,60,57,0,50,67,117
ECentCherokee,NHenry,4,0,0,5,24,0,9,24,0,4,29,33
ECentCherokee,EHenry,3,0,0,1,0,0,4,0,0,3,1,4
ECentCherokee,SHenry,2,0,0,1,5,0,3,5,0,2,6,8
ECentCherokee,SRockdale,0,0,0,1,54,0,1,54,0,0,55,55
ECentCherokee,NRockdale,3,1,0,0,1,0,3,2,0,4,1,5
ECentCherokee,NBarrow,20,1,0,9,6,0,29,7,0,21,15,36
ECentCherokee,SBarrow,9,1,0,5,8,0,14,9,0,10,13,23
ECentCherokee,NWBartow,219,28,0,49,192,0,268,220,0,247,241,488
ECentCherokee,NEBartow,424,78,0,224,673,0,648,751,0,502,897,1399
ECentCherokee,SWBartow,126,22,0,56,66,0,182,88,0,148,122,270
ECentCherokee,Cartersville,903,160,0,259,468,0,1162,628,0,1063,727,1790
ECentCherokee,NECarroll,5,2,0,5,27,0,10,29,0,7,32,39
ECentCherokee,WCarroll,0,0,0,0,4,0,0,4,0,0,4,4
ECentCherokee,CentralCarroll,1,0,0,4,4,0,5,4,0,1,8,9
ECentCherokee,SECarroll,0,0,0,0,0,0,0,0,0,0,0,0
ECentCherokee,WCoweta,0,0,0,1,0,0,1,0,0,0,1,1
ECentCherokee,NCoweta,1,0,0,0,0,0,1,0,0,1,0,1
ECentCherokee,SCoweta,0,0,0,0,0,0,0,0,0,0,0,0
ECentCherokee,SECoweta,2,0,0,0,0,0,2,0,0,2,0,2
ECentCherokee,NForsyth,1167,185,0,666,1446,0,1833,1631,0,1352,2112,3464
ECentCherokee,Cumming,3380,605,0,2850,7592,0,6230,8197,0,3985,10442,14427
ECentCherokee,SForsyth,1823,320,0,645,1582,2,2468,1902,2,2143,2229,4372
ECentCherokee,NHall,32,9,0,19,48,0,51,57,0,41,67,108
ECentCherokee,Gainesville,188,33,0,53,132,0,241,165,0,221,185,406
ECentCherokee,SHall,102,16,0,47,43,0,149,59,0,118,90,208
ECentCherokee,WNewton,2,0,0,1,4,0,3,4,0,2,5,7
ECentCherokee,ENewton,0,0,0,0,1,0,0,1,0,0,1,1
ECentCherokee,NPaulding,147,36,0,51,59,0,198,95,0,183,110,293
ECentCherokee,WPaulding,18,4,0,4,11,0,22,15,0,22,15,37
ECentCherokee,EPaulding,201,37,0,48,95,0,249,132,0,238,143,381
ECentCherokee,NSpalding,0,0,0,1,0,0,1,0,0,0,1,1
ECentCherokee,SSpalding,0,0,0,0,0,0,0,0,0,0,0,0
ECentCherokee,WWalton,3,1,0,4,3,0,7,4,0,4,7,11
ECentCherokee,EWalton,3,1,0,3,0,0,6,1,0,4,3,7
Woodstock,NFulton,3449,593,4,2112,4953,2,5561,5546,6,4046,7067,11113
Woodstock,Roswell,2339,437,3,1554,3921,1,3893,4358,4,2779,5476,8255
Woodstock,SandySprings,1861,310,11,388,898,5,2249,1208,16,2182,1291,3473
Woodstock,Buckhead,1160,191,19,169,370,2,1329,561,21,1370,541,1911
Woodstock,NWAtlanta,395,70,2,47,179,0,442,249,2,467,226,693
Woodstock,NEAtlanta,771,159,25,122,279,13,893,438,38,955,414,1369
Woodstock,SWAtlanta,225,29,2,35,66,3,260,95,5,256,104,360
Woodstock,CBDAtlanta,557,107,88,73,188,4,630,295,92,752,265,1017
Woodstock,SEAtlanta,121,30,1,21,58,3,142,88,4,152,82,234
Woodstock,SFulton,83,4,0,19,65,0,102,69,0,87,84,171
Woodstock,Tri-Cities,179,41,2,20,24,1,199,65,3,222,45,267
Woodstock,Shannon,47,9,0,12,42,0,59,51,0,56,54,110
Woodstock,WCherokee,770,114,0,495,1226,0,1265,1340,0,884,1721,2605
Woodstock,NCherokee,265,53,0,113,436,0,378,489,0,318,549,867
Woodstock,ECentCherokee,6954,1276,2,6892,19484,3,13846,20760,5,8232,26379,34611
Woodstock,Woodstock,30217,5397,0,63078,139214,0,93295,144611,0,35614,202292,237906
Woodstock,Airport,60,15,2,7,4,0,67,19,2,77,11,88
Woodstock,NEClayton,84,24,1,19,55,0,103,79,1,109,74,183
Woodstock,Riverdale,29,10,0,11,10,0,40,20,0,39,21,60
Woodstock,SClayton,16,9,0,9,15,0,25,24,0,25,24,49
Woodstock,NWCobb,11247,2111,20,13197,31759,288,24444,33870,308,13378,45244,58622
Woodstock,NECobb,7076,1266,2,7812,20304,2,14888,21570,4,8344,28118,36462
Woodstock,SWCobb,537,108,0,170,614,0,707,722,0,645,784,1429
Woodstock,Marietta,3018,474,3,1472,3319,38,4490,3793,41,3495,4829,8324
Woodstock,Cumberland,3333,516,11,589,1547,8,3922,2063,19,3860,2144,6004
Woodstock,SCobb,491,87,0,155,391,0,646,478,0,578,546,1124
Woodstock,Chamblee,998,213,11,185,437,5,1183,650,16,1222,627,1849
Woodstock,NWDeKalb,343,89,5,62,158,4,405,247,9,437,224,661
Woodstock,NEDeKalb,250,46,0,39,121,2,289,167,2,296,162,458
Woodstock,Atlanta-DeKalb,36,7,1,11,11,0,47,18,1,44,22,66
Woodstock,Decatur,38,15,2,9,13,0,47,28,2,55,22,77
Woodstock,SWDeKalb,62,13,4,12,54,0,74,67,4,79,66,145
Woodstock,SEDeKalb,34,10,0,18,6,0,52,16,0,44,24,68
Woodstock,SDeKalb,54,19,0,21,40,0,75,59,0,73,61,134
Woodstock,WDouglas,65,11,0,14,28,0,79,39,0,76,42,118
Woodstock,EDouglas,193,38,0,55,120,0,248,158,0,231,175,406
Woodstock,WFayette,8,2,0,4,20,0,12,22,0,10,24,34
Woodstock,EFayette,16,7,0,6,1,0,22,8,0,23,7,30
Woodstock,NGwinnett,143,25,0,45,91,0,188,116,0,168,136,304
Woodstock,CentGwinnett,337,55,1,85,124,0,422,179,1,393,209,602
Woodstock,EGwinnett,30,2,0,3,49,0,33,51,0,32,52,84
Woodstock,Norcross,751,106,1,140,298,0,891,404,1,858,438,1296
Woodstock,Lilburn,67,9,0,30,73,0,97,82,0,76,103,179
Woodstock,Snellville,44,5,0,10,38,0,54,43,0,49,48,97
Woodstock,NHenry,17,4,0,7,15,0,24,19,0,21,22,43
Woodstock,EHenry,1,0,0,0,6,0,1,6,0,1,6,7
Woodstock,SHenry,5,1,0,5,24,0,10,25,0,6,29,35
Woodstock,SRockdale,3,2,0,1,6,0,4,8,0,5,7,12
Woodstock,NRockdale,10,5,0,5,0,0,15,5,0,15,5,20
Woodstock,NBarrow,8,4,0,4,1,0,12,5,0,12,5,17
Woodstock,SBarrow,1,1,0,1,1,0,2,2,0,2,2,4
Woodstock,NWBartow,176,28,0,57,127,0,233,155,0,204,184,388
Woodstock,NEBartow,192,33,0,69,182,0,261,215,0,225,251,476
Woodstock,SWBartow,325,45,0,104,303,0,429,348,0,370,407,777
Woodstock,Cartersville,1480,300,0,867,2021,0,2347,2321,0,1780,2888,4668
Woodstock,NECarroll,33,7,0,15,22,0,48,29,0,40,37,77
Woodstock,WCarroll,5,0,0,0,1,0,5,1,0,5,1,6
Woodstock,CentralCarroll,16,0,0,6,15,0,22,15,0,16,21,37
Woodstock,SECarroll,0,0,0,1,0,0,1,0,0,0,1,1
Woodstock,WCoweta,2,0,0,0,0,0,2,0,0,2,0,2
Woodstock,NCoweta,13,0,0,2,1,0,15,1,0,13,3,16
Woodstock,SCoweta,0,0,0,0,5,0,0,5,0,0,5,5
Woodstock,SECoweta,1,0,0,0,1,0,1,1,0,1,1,2
Woodstock,NForsyth,218,35,0,55,172,0,273,207,0,253,227,480
Woodstock,Cumming,664,116,0,167,399,0,831,515,0,780,566,1346
Woodstock,SForsyth,530,82,0,120,235,0,650,317,0,612,355,967
Woodstock,NHall,8,3,0,4,12,0,12,15,0,11,16,27
Woodstock,Gainesville,39,4,0,8,8,0,47,12,0,43,16,59
Woodstock,SHall,20,2,0,14,27,0,34,29,0,22,41,63
Woodstock,WNewton,2,1,0,2,2,0,4,3,0,3,4,7
Woodstock,ENewton,0,0,0,0,0,0,0,0,0,0,0,0
Woodstock,NPaulding,528,89,0,245,642,0,773,731,0,617,887,1504
Woodstock,WPaulding,74,13,0,18,82,0,92,95,0,87,100,187
Woodstock,EPaulding,566,92,0,166,323,0,732,415,0,658,489,1147
Woodstock,NSpalding,3,0,0,0,6,0,3,6,0,3,6,9
Woodstock,SSpalding,0,0,0,0,0,0,0,0,0,0,0,0
Woodstock,WWalton,3,2,0,2,1,0,5,3,0,5,3,8
Woodstock,EWalton,4,0,0,1,0,0,5,0,0,4,1,5
Airport,NFulton,61,13,26,9,8,0,70,21,26,100,17,117
Airport,Roswell,68,20,32,6,44,0,74,64,32,120,50,170
Airport,SandySprings,232,80,166,28,32,6,260,112,172,478,66,544
Airport,Buckhead,597,130,417,57,118,16,654,248,433,1144,191,1335
Airport,NWAtlanta,597,110,284,111,174,22,708,284,306,991,307,1298
Airport,NEAtlanta,1234,195,682,281,326,115,1515,521,797,2111,722,2833
Airport,SWAtlanta,1595,272,531,613,936,134,2208,1208,665,2398,1683,4081
Airport,CBDAtlanta,1039,171,594,356,436,208,1395,607,802,1804,1000,2804
Airport,SEAtlanta,1659,330,363,1192,1434,139,2851,1764,502,2352,2765,5117
Airport,SFulton,882,143,47,319,632,11,1201,775,58,1072,962,2034
Airport,Tri-Cities,3913,723,378,5307,5775,222,9220,6498,600,5014,11304,16318
Airport,Shannon,3126,553,148,2257,5141,64,5383,5694,212,3827,7462,11289
Airport,WCherokee,6,2,0,0,0,0,6,2,0,8,0,8
Airport,NCherokee,4,1,0,1,0,0,5,1,0,5,1,6
Airport,ECentCherokee,18,4,1,6,4,0,24,8,1,23,10,33
Airport,Woodstock,59,12,2,2,8,0,61,20,2,73,10,83
Airport,Airport,5347,863,67,8487,8088,76,13834,8951,143,6277,16651,22928
Airport,NEClayton,3604,690,90,2812,4217,68,6416,4907,158,4384,7097,11481
Airport,Riverdale,3907,648,109,3238,6612,64,7145,7260,173,4664,9914,14578
Airport,SClayton,1450,256,42,440,1057,5,1890,1313,47,1748,1502,3250
Airport,NWCobb,158,33,14,20,23,2,178,56,16,205,45,250
Airport,NECobb,117,35,31,14,40,0,131,75,31,183,54,237
Airport,SWCobb,150,25,18,9,44,0,159,69,18,193,53,246
Airport,Marietta,117,23,17,18,12,2,135,35,19,157,32,189
Airport,Cumberland,472,84,73,33,47,3,505,131,76,629,83,712
Airport,SCobb,599,82,110,55,105,1,654,187,111,791,161,952
Airport,Chamblee,339,98,319,22,52,8,361,150,327,756,82,838
Airport,NWDeKalb,457,83,166,58,158,9,515,241,175,706,225,931
Airport,NEDeKalb,501,92,190,44,58,6,545,150,196,783,108,891
Airport,Atlanta-DeKalb,302,56,153,65,76,16,367,132,169,511,157,668
Airport,Decatur,146,22,100,13,21,10,159,43,110,268,44,312
Airport,SWDeKalb,802,127,248,133,192,13,935,319,261,1177,338,1515
Airport,SEDeKalb,747,109,182,43,92,7,790,201,189,1038,142,1180
Airport,SDeKalb,1271,203,88,270,656,19,1541,859,107,1562,945,2507
Airport,WDouglas,263,33,13,36,141,1,299,174,14,309,178,487
Airport,EDouglas,385,62,50,40,107,2,425,169,52,497,149,646
Airport,WFayette,506,86,19,96,227,0,602,313,19,611,323,934
Airport,EFayette,923,155,12,381,846,2,1304,1001,14,1090,1229,2319
Airport,NGwinnett,61,16,9,11,3,0,72,19,9,86,14,100
Airport,CentGwinnett,156,40,54,13,26,0,169,66,54,250,39,289
Airport,EGwinnett,31,14,4,2,0,0,33,14,4,49,2,51
Airport,Norcross,165,55,65,11,31,2,176,86,67,285,44,329
Airport,Lilburn,113,22,27,12,21,0,125,43,27,162,33,195
Airport,Snellville,168,22,21,13,59,0,181,81,21,211,72,283
Airport,NHenry,1044,173,41,168,316,1,1212,489,42,1258,485,1743
Airport,EHenry,380,69,8,39,55,0,419,124,8,457,94,551
Airport,SHenry,980,150,16,83,118,2,1063,268,18,1146,203,1349
Airport,SRockdale,232,31,8,14,44,1,246,75,9,271,59,330
Airport,NRockdale,197,35,33,16,13,0,213,48,33,265,29,294
Airport,NBarrow,5,0,0,1,1,0,6,1,0,5,2,7
Airport,SBarrow,11,1,0,1,1,0,12,2,0,12,2,14
Airport,NWBartow,3,0,0,0,0,0,3,0,0,3,0,3
Airport,NEBartow,0,0,0,0,1,0,0,1,0,0,1,1
Airport,SWBartow,5,0,0,1,2,0,6,2,0,5,3,8
Airport,Cartersville,4,4,0,0,0,0,4,4,0,8,0,8
Airport,NECarroll,32,3,0,5,9,0,37,12,0,35,14,49
Airport,WCarroll,12,2,0,4,0,0,16,2,0,14,4,18
Airport,CentralCarroll,65,14,0,6,8,0,71,22,0,79,14,93
Airport,SECarroll,16,4,0,5,19,0,21,23,0,20,24,44
Airport,WCoweta,176,17,1,10,22,0,186,39,1,194,32,226
Airport,NCoweta,811,111,34,63,164,2,874,275,36,956,229,1185
Airport,SCoweta,59,17,1,9,15,0,68,32,1,77,24,101
Airport,SECoweta,109,17,2,30,36,0,139,53,2,128,66,194
Airport,NForsyth,3,0,1,1,10,0,4,10,1,4,11,15
Airport,Cumming,16,4,2,4,13,0,20,17,2,22,17,39
Airport,SForsyth,19,3,4,2,4,0,21,7,4,26,6,32
Airport,NHall,1,0,0,0,0,0,1,0,0,1,0,1
Airport,Gainesville,2,2,0,1,0,0,3,2,0,4,1,5
Airport,SHall,6,3,2,0,1,0,6,4,2,11,1,12
Airport,WNewton,260,32,6,19,48,0,279,80,6,298,67,365
Airport,ENewton,23,0,1,4,7,0,27,7,1,24,11,35
Airport,NPaulding,23,3,0,1,5,0,24,8,0,26,6,32
Airport,WPaulding,12,3,0,4,19,0,16,22,0,15,23,38
Airport,EPaulding,194,23,5,13,19,0,207,42,5,222,32,254
Airport,NSpalding,163,28,1,9,25,0,172,53,1,192,34,226
Airport,SSpalding,80,11,0,10,12,0,90,23,0,91,22,113
Airport,WWalton,48,10,0,4,12,0,52,22,0,58,16,74
Airport,EWalton,11,4,0,3,2,0,14,6,0,15,5,20
NEClayton,NFulton,134,45,5,28,113,1,162,158,6,184,142,326
NEClayton,Roswell,95,22,5,20,38,3,115,60,8,122,61,183
NEClayton,SandySprings,566,177,70,53,141,11,619,318,81,813,205,1018
NEClayton,Buckhead,1105,301,110,178,498,17,1283,799,127,1516,693,2209
NEClayton,NWAtlanta,717,143,17,178,394,17,895,537,34,877,589,1466
NEClayton,NEAtlanta,2216,498,182,842,1911,116,3058,2409,298,2896,2869,5765
NEClayton,SWAtlanta,1057,225,28,577,1363,52,1634,1588,80,1310,1992,3302
NEClayton,CBDAtlanta,2427,504,591,870,2440,304,3297,2944,895,3522,3614,7136
NEClayton,SEAtlanta,2976,638,45,3508,8101,108,6484,8739,153,3659,11717,15376
NEClayton,SFulton,545,99,3,194,328,1,739,427,4,647,523,1170
NEClayton,Tri-Cities,4047,825,69,2782,5907,73,6829,6732,142,4941,8762,13703
NEClayton,Shannon,1705,330,11,921,2121,12,2626,2451,23,2046,3054,5100
NEClayton,WCherokee,4,2,0,3,6,0,7,8,0,6,9,15
NEClayton,NCherokee,1,1,0,0,0,0,1,1,0,2,0,2
NEClayton,ECentCherokee,35,6,0,12,13,0,47,19,0,41,25,66
NEClayton,Woodstock,78,24,1,17,51,0,95,75,1,103,68,171
NEClayton,Airport,3340,609,81,2819,4434,62,6159,5043,143,4030,7315,11345
NEClayton,NEClayton,26421,5227,220,46409,95531,514,72830,100758,734,31868,142454,174322
NEClayton,Riverdale,5176,1043,68,6252,15347,159,11428,16390,227,6287,21758,28045
NEClayton,SClayton,7832,1499,60,9768,21766,104,17600,23265,164,9391,31638,41029
NEClayton,NWCobb,170,43,0,53,52,0,223,95,0,213,105,318
NEClayton,NECobb,213,70,0,31,61,0,244,131,0,283,92,375
NEClayton,SWCobb,107,21,0,31,31,0,138,52,0,128,62,190
NEClayton,Marietta,170,51,2,43,48,11,213,99,13,223,102,325
NEClayton,Cumberland,741,188,16,67,172,5,808,360,21,945,244,1189
NEClayton,SCobb,338,63,0,62,117,1,400,180,1,401,180,581
NEClayton,Chamblee,679,167,61,90,219,7,769,386,68,907,316,1223
NEClayton,NWDeKalb,936,182,14,372,969,20,1308,1151,34,1132,1361,2493
NEClayton,NEDeKalb,780,153,10,188,627,9,968,780,19,943,824,1767
NEClayton,Atlanta-DeKalb,394,66,6,297,645,12,691,711,18,466,954,1420
NEClayton,Decatur,301,49,16,133,291,14,434,340,30,366,438,804
NEClayton,SWDeKalb,1145,253,18,802,2360,14,1947,2613,32,1416,3176,4592
NEClayton,SEDeKalb,747,155,5,271,812,5,1018,967,10,907,1088,1995
NEClayton,SDeKalb,3095,586,13,2997,7373,38,6092,7959,51,3694,10408,14102
NEClayton,WDouglas,191,48,2,41,47,0,232,95,2,241,88,329
NEClayton,EDouglas,263,49,2,43,127,1,306,176,3,314,171,485
NEClayton,WFayette,730,129,1,220,336,3,950,465,4,860,559,1419
NEClayton,EFayette,1535,258,3,769,1594,10,2304,1852,13,1796,2373,4169
NEClayton,NGwinnett,93,17,0,25,36,0,118,53,0,110,61,171
NEClayton,CentGwinnett,239,69,1,59,85,1,298,154,2,309,145,454
NEClayton,EGwinnett,67,16,0,11,58,1,78,74,1,83,70,153
NEClayton,Norcross,347,85,5,71,139,2,418,224,7,437,212,649
NEClayton,Lilburn,191,22,0,48,32,1,239,54,1,213,81,294
NEClayton,Snellville,273,45,0,72,74,1,345,119,1,318,147,465
NEClayton,NHenry,5411,1058,20,5693,14922,26,11104,15980,46,6489,20641,27130
NEClayton,EHenry,1496,278,2,608,1470,2,2104,1748,4,1776,2080,3856
NEClayton,SHenry,3460,578,2,1146,2785,5,4606,3363,7,4040,3936,7976
NEClayton,SRockdale,593,91,0,211,384,7,804,475,7,684,602,1286
NEClayton,NRockdale,383,75,1,88,227,1,471,302,2,459,316,775
NEClayton,NBarrow,10,1,0,0,16,0,10,17,0,11,16,27
NEClayton,SBarrow,9,4,0,4,6,0,13,10,0,13,10,23
NEClayton,NWBartow,0,0,0,0,2,0,0,2,0,0,2,2
NEClayton,NEBartow,4,0,0,1,0,0,5,0,0,4,1,5
NEClayton,SWBartow,6,0,0,1,1,0,7,1,0,6,2,8
NEClayton,Cartersville,14,3,0,6,1,0,20,4,0,17,7,24
NEClayton,NECarroll,38,4,0,5,16,0,43,20,0,42,21,63
NEClayton,WCarroll,2,1,0,2,1,0,4,2,0,3,3,6
NEClayton,CentralCarroll,47,13,0,13,8,0,60,21,0,60,21,81
NEClayton,SECarroll,11,1,0,2,8,0,13,9,0,12,10,22
NEClayton,WCoweta,117,21,1,17,46,0,134,67,1,139,63,202
NEClayton,NCoweta,674,108,1,93,158,4,767,266,5,783,255,1038
NEClayton,SCoweta,39,13,0,9,44,0,48,57,0,52,53,105
NEClayton,SECoweta,169,31,0,42,41,0,211,72,0,200,83,283
NEClayton,NForsyth,7,0,0,1,6,0,8,6,0,7,7,14
NEClayton,Cumming,24,5,0,6,20,0,30,25,0,29,26,55
NEClayton,SForsyth,29,5,0,6,10,0,35,15,0,34,16,50
NEClayton,NHall,0,0,0,0,3,0,0,3,0,0,3,3
NEClayton,Gainesville,1,1,0,2,0,0,3,1,0,2,2,4
NEClayton,SHall,6,2,0,1,1,0,7,3,0,8,2,10
NEClayton,WNewton,599,104,0,140,205,1,739,309,1,703,346,1049
NEClayton,ENewton,43,3,0,7,14,0,50,17,0,46,21,67
NEClayton,NPaulding,17,2,0,1,11,0,18,13,0,19,12,31
NEClayton,WPaulding,14,2,0,2,18,0,16,20,0,16,20,36
NEClayton,EPaulding,133,22,0,18,44,0,151,66,0,155,62,217
NEClayton,NSpalding,498,91,0,102,154,0,600,245,0,589,256,845
NEClayton,SSpalding,277,44,0,46,60,0,323,104,0,321,106,427
NEClayton,WWalton,97,17,0,18,22,0,115,39,0,114,40,154
NEClayton,EWalton,31,5,0,19,3,0,50,8,0,36,22,58
Riverdale,NFulton,107,27,4,10,22,0,117,49,4,138,32,170
Riverdale,Roswell,76,15,7,14,46,0,90,61,7,98,60,158
Riverdale,SandySprings,452,104,92,37,87,16,489,191,108,648,140,788
Riverdale,Buckhead,806,231,161,101,335,16,907,566,177,1198,452,1650
Riverdale,NWAtlanta,535,122,40,83,201,16,618,323,56,697,300,997
Riverdale,NEAtlanta,1696,404,302,359,938,148,2055,1342,450,2402,1445,3847
Riverdale,SWAtlanta,739,159,41,422,963,42,1161,1122,83,939,1427,2366
Riverdale,CBDAtlanta,1964,458,1011,425,1264,363,2389,1722,1374,3433,2052,5485
Riverdale,SEAtlanta,1156,218,28,734,1985,62,1890,2203,90,1402,2781,4183
Riverdale,SFulton,443,84,0,234,604,4,677,688,4,527,842,1369
Riverdale,Tri-Cities,2456,465,40,1567,4053,89,4023,4518,129,2961,5709,8670
Riverdale,Shannon,2132,468,6,3272,8977,49,5404,9445,55,2606,12298,14904
Riverdale,WCherokee,2,1,0,0,0,0,2,1,0,3,0,3
Riverdale,NCherokee,0,0,0,0,1,0,0,1,0,0,1,1
Riverdale,ECentCherokee,3,2,0,3,2,0,6,4,0,5,5,10
Riverdale,Woodstock,20,7,0,7,16,0,27,23,0,27,23,50
Riverdale,Airport,3713,644,118,3304,6157,61,7017,6801,179,4475,9522,13997
Riverdale,NEClayton,5056,990,62,6270,15204,144,11326,16194,206,6108,21618,27726
Riverdale,Riverdale,11258,2244,129,30049,65659,490,41307,67903,619,13631,96198,109829
Riverdale,SClayton,4193,867,41,5853,15611,101,10046,16478,142,5101,21565,26666
Riverdale,NWCobb,69,18,0,22,46,5,91,64,5,87,73,160
Riverdale,NECobb,109,28,0,20,76,0,129,104,0,137,96,233
Riverdale,SWCobb,71,10,1,15,31,0,86,41,1,82,46,128
Riverdale,Marietta,137,32,2,29,31,11,166,63,13,171,71,242
Riverdale,Cumberland,600,142,17,84,162,5,684,304,22,759,251,1010
Riverdale,SCobb,274,50,2,66,228,0,340,278,2,326,294,620
Riverdale,Chamblee,455,171,64,57,76,11,512,247,75,690,144,834
Riverdale,NWDeKalb,477,130,21,108,303,12,585,433,33,628,423,1051
Riverdale,NEDeKalb,362,71,16,79,172,6,441,243,22,449,257,706
Riverdale,Atlanta-DeKalb,140,30,9,49,93,7,189,123,16,179,149,328
Riverdale,Decatur,117,22,8,29,102,9,146,124,17,147,140,287
Riverdale,SWDeKalb,367,70,13,131,294,3,498,364,16,450,428,878
Riverdale,SEDeKalb,182,31,2,83,148,1,265,179,3,215,232,447
Riverdale,SDeKalb,555,114,3,279,820,4,834,934,7,672,1103,1775
Riverdale,WDouglas,114,31,0,35,82,0,149,113,0,145,117,262
Riverdale,EDouglas,167,32,0,52,161,0,219,193,0,199,213,412
Riverdale,WFayette,789,137,2,413,1113,1,1202,1250,3,928,1527,2455
Riverdale,EFayette,2581,526,3,3292,8996,8,5873,9522,11,3110,12296,15406
Riverdale,NGwinnett,22,5,0,8,5,0,30,10,0,27,13,40
Riverdale,CentGwinnett,70,27,0,10,67,0,80,94,0,97,77,174
Riverdale,EGwinnett,8,3,0,6,33,0,14,36,0,11,39,50
Riverdale,Norcross,170,60,1,19,54,0,189,114,1,231,73,304
Riverdale,Lilburn,47,12,0,19,44,0,66,56,0,59,63,122
Riverdale,Snellville,47,13,0,16,74,0,63,87,0,60,90,150
Riverdale,NHenry,943,165,2,718,2105,2,1661,2270,4,1110,2825,3935
Riverdale,EHenry,327,54,0,118,375,0,445,429,0,381,493,874
Riverdale,SHenry,1134,208,1,415,1382,1,1549,1590,2,1343,1798,3141
Riverdale,SRockdale,91,18,0,24,74,0,115,92,0,109,98,207
Riverdale,NRockdale,67,13,0,12,81,0,79,94,0,80,93,173
Riverdale,NBarrow,1,1,0,0,1,0,1,2,0,2,1,3
Riverdale,SBarrow,1,2,0,0,0,0,1,2,0,3,0,3
Riverdale,NWBartow,0,0,0,0,2,0,0,2,0,0,2,2
Riverdale,NEBartow,0,0,0,0,1,0,0,1,0,0,1,1
Riverdale,SWBartow,0,1,0,0,2,0,0,3,0,1,2,3
Riverdale,Cartersville,8,1,0,5,6,0,13,7,0,9,11,20
Riverdale,NECarroll,17,1,0,4,12,0,21,13,0,18,16,34
Riverdale,WCarroll,1,0,0,1,1,0,2,1,0,1,2,3
Riverdale,CentralCarroll,27,7,0,7,18,0,34,25,0,34,25,59
Riverdale,SECarroll,5,0,0,4,1,0,9,1,0,5,5,10
Riverdale,WCoweta,75,15,0,24,82,0,99,97,0,90,106,196
Riverdale,NCoweta,464,93,1,147,410,0,611,503,1,558,557,1115
Riverdale,SCoweta,23,6,0,13,16,0,36,22,0,29,29,58
Riverdale,SECoweta,122,21,0,53,84,0,175,105,0,143,137,280
Riverdale,NForsyth,1,0,0,1,14,0,2,14,0,1,15,16
Riverdale,Cumming,6,2,0,8,11,0,14,13,0,8,19,27
Riverdale,SForsyth,17,2,0,1,6,0,18,8,0,19,7,26
Riverdale,NHall,0,1,0,0,0,0,0,1,0,1,0,1
Riverdale,Gainesville,0,0,0,0,0,0,0,0,0,0,0,0
Riverdale,SHall,0,2,0,0,2,0,0,4,0,2,2,4
Riverdale,WNewton,118,28,0,30,62,0,148,90,0,146,92,238
Riverdale,ENewton,5,1,0,4,18,0,9,19,0,6,22,28
Riverdale,NPaulding,4,1,0,1,10,0,5,11,0,5,11,16
Riverdale,WPaulding,2,0,0,2,1,0,4,1,0,2,3,5
Riverdale,EPaulding,46,12,0,12,44,0,58,56,0,58,56,114
Riverdale,NSpalding,231,50,0,69,170,0,300,220,0,281,239,520
Riverdale,SSpalding,131,20,0,36,96,0,167,116,0,151,132,283
Riverdale,WWalton,19,3,0,4,28,0,23,31,0,22,32,54
Riverdale,EWalton,5,1,0,4,6,0,9,7,0,6,10,16
SClayton,NFulton,79,24,3,28,57,0,107,81,3,106,85,191
SClayton,Roswell,63,16,1,10,75,0,73,91,1,80,85,165
SClayton,SandySprings,365,99,34,48,86,2,413,185,36,498,136,634
SClayton,Buckhead,598,155,60,101,226,7,699,381,67,813,334,1147
SClayton,NWAtlanta,368,87,5,58,166,4,426,253,9,460,228,688
SClayton,NEAtlanta,1042,247,84,288,689,37,1330,936,121,1373,1014,2387
SClayton,SWAtlanta,451,95,6,166,388,15,617,483,21,552,569,1121
SClayton,CBDAtlanta,1386,331,394,289,793,106,1675,1124,500,2111,1188,3299
SClayton,SEAtlanta,973,206,8,409,934,16,1382,1140,24,1187,1359,2546
SClayton,SFulton,312,54,0,72,149,0,384,203,0,366,221,587
SClayton,Tri-Cities,1556,368,24,473,1056,12,2029,1424,36,1948,1541,3489
SClayton,Shannon,1067,227,2,639,1388,3,1706,1615,5,1296,2030,3326
SClayton,WCherokee,1,2,0,0,1,0,1,3,0,3,1,4
SClayton,NCherokee,0,0,0,0,10,0,0,10,0,0,10,10
SClayton,ECentCherokee,10,2,0,7,4,0,17,6,0,12,11,23
SClayton,Woodstock,25,7,0,11,14,0,36,21,0,32,25,57
SClayton,Airport,1462,245,40,438,1138,4,1900,1383,44,1747,1580,3327
SClayton,NEClayton,7464,1478,64,9713,22031,114,17177,23509,178,9006,31858,40864
SClayton,Riverdale,4095,861,43,5845,15315,105,9940,16176,148,4999,21265,26264
SClayton,SClayton,18578,3755,139,34427,72902,260,53005,76657,399,22472,107589,130061
SClayton,NWCobb,72,29,1,41,19,2,113,48,3,102,62,164
SClayton,NECobb,109,27,0,32,48,1,141,75,1,136,81,217
SClayton,SWCobb,37,6,0,7,9,0,44,15,0,43,16,59
SClayton,Marietta,108,33,1,32,40,2,140,73,3,142,74,216
SClayton,Cumberland,459,124,0,66,146,2,525,270,2,583,214,797
SClayton,SCobb,154,33,0,27,71,0,181,104,0,187,98,285
SClayton,Chamblee,367,120,15,49,132,1,416,252,16,502,182,684
SClayton,NWDeKalb,455,107,4,112,242,12,567,349,16,566,366,932
SClayton,NEDeKalb,344,73,2,70,84,5,414,157,7,419,159,578
SClayton,Atlanta-DeKalb,116,18,3,52,107,1,168,125,4,137,160,297
SClayton,Decatur,103,16,3,30,74,2,133,90,5,122,106,228
SClayton,SWDeKalb,341,64,5,134,245,3,475,309,8,410,382,792
SClayton,SEDeKalb,189,38,2,77,117,1,266,155,3,229,195,424
SClayton,SDeKalb,770,169,3,363,885,4,1133,1054,7,942,1252,2194
SClayton,WDouglas,111,20,0,16,31,0,127,51,0,131,47,178
SClayton,EDouglas,135,21,0,39,63,0,174,84,0,156,102,258
SClayton,WFayette,1314,260,0,562,1461,1,1876,1721,1,1574,2024,3598
SClayton,EFayette,3680,742,6,3806,9420,4,7486,10162,10,4428,13230,17658
SClayton,NGwinnett,17,3,0,8,10,0,25,13,0,20,18,38
SClayton,CentGwinnett,89,16,0,23,96,0,112,112,0,105,119,224
SClayton,EGwinnett,15,3,0,3,18,0,18,21,0,18,21,39
SClayton,Norcross,176,39,1,40,75,1,216,114,2,216,116,332
SClayton,Lilburn,53,4,0,17,25,0,70,29,0,57,42,99
SClayton,Snellville,69,14,0,23,68,0,92,82,0,83,91,174
SClayton,NHenry,3793,760,9,5587,13290,17,9380,14050,26,4562,18894,23456
SClayton,EHenry,1001,181,0,442,1293,0,1443,1474,0,1182,1735,2917
SClayton,SHenry,4259,854,6,3290,8432,13,7549,9286,19,5119,11735,16854
SClayton,SRockdale,251,42,0,73,259,0,324,301,0,293,332,625
SClayton,NRockdale,220,30,0,52,125,0,272,155,0,250,177,427
SClayton,NBarrow,1,1,0,0,4,0,1,5,0,2,4,6
SClayton,SBarrow,2,0,0,1,0,0,3,0,0,2,1,3
SClayton,NWBartow,0,0,0,0,0,0,0,0,0,0,0,0
SClayton,NEBartow,0,0,0,0,1,0,0,1,0,0,1,1
SClayton,SWBartow,1,0,0,1,4,0,2,4,0,1,5,6
SClayton,Cartersville,4,1,0,2,7,0,6,8,0,5,9,14
SClayton,NECarroll,9,2,0,1,10,0,10,12,0,11,11,22
SClayton,WCarroll,3,0,0,3,2,0,6,2,0,3,5,8
SClayton,CentralCarroll,27,8,0,12,45,0,39,53,0,35,57,92
SClayton,SECarroll,9,1,0,2,4,0,11,5,0,10,6,16
SClayton,WCoweta,70,15,0,10,39,0,80,54,0,85,49,134
SClayton,NCoweta,513,80,0,126,307,0,639,387,0,593,433,1026
SClayton,SCoweta,40,4,0,9,26,0,49,30,0,44,35,79
SClayton,SECoweta,199,27,0,65,154,0,264,181,0,226,219,445
SClayton,NForsyth,0,0,0,0,0,0,0,0,0,0,0,0
SClayton,Cumming,6,2,0,7,13,0,13,15,0,8,20,28
SClayton,SForsyth,17,4,0,5,6,0,22,10,0,21,11,32
SClayton,NHall,0,0,0,0,0,0,0,0,0,0,0,0
SClayton,Gainesville,0,0,0,0,2,0,0,2,0,0,2,2
SClayton,SHall,0,0,0,0,2,0,0,2,0,0,2,2
SClayton,WNewton,355,53,0,62,137,0,417,190,0,408,199,607
SClayton,ENewton,23,2,0,11,7,0,34,9,0,25,18,43
SClayton,NPaulding,5,1,0,2,0,0,7,1,0,6,2,8
SClayton,WPaulding,1,0,0,2,5,0,3,5,0,1,7,8
SClayton,EPaulding,36,5,0,10,23,0,46,28,0,41,33,74
SClayton,NSpalding,911,166,2,469,970,1,1380,1136,3,1079,1440,2519
SClayton,SSpalding,486,94,1,119,303,0,605,397,1,581,422,1003
SClayton,WWalton,35,9,0,9,41,0,44,50,0,44,50,94
SClayton,EWalton,23,3,0,6,24,0,29,27,0,26,30,56
NWCobb,NFulton,1614,284,4,470,1020,28,2084,1304,32,1902,1518,3420
NWCobb,Roswell,1339,210,5,499,1118,41,1838,1328,46,1554,1658,3212
NWCobb,SandySprings,2652,447,33,467,829,16,3119,1276,49,3132,1312,4444
NWCobb,Buckhead,2274,395,54,388,856,27,2662,1251,81,2723,1271,3994
NWCobb,NWAtlanta,803,147,7,142,309,10,945,456,17,957,461,1418
NWCobb,NEAtlanta,1684,356,79,258,522,47,1942,878,126,2119,827,2946
NWCobb,SWAtlanta,482,88,11,129,241,8,611,329,19,581,378,959
NWCobb,CBDAtlanta,1252,288,250,137,293,22,1389,581,272,1790,452,2242
NWCobb,SEAtlanta,286,101,12,59,97,10,345,198,22,399,166,565
NWCobb,SFulton,290,49,0,85,104,0,375,153,0,339,189,528
NWCobb,Tri-Cities,391,80,10,68,99,17,459,179,27,481,184,665
NWCobb,Shannon,171,28,1,74,90,8,245,118,9,200,172,372
NWCobb,WCherokee,655,123,0,308,579,1,963,702,1,778,888,1666
NWCobb,NCherokee,244,40,0,83,252,3,327,292,3,284,338,622
NWCobb,ECentCherokee,3564,654,2,1882,3564,69,5446,4218,71,4220,5515,9735
NWCobb,Woodstock,11823,2168,20,13289,31586,287,25112,33754,307,14011,45162,59173
NWCobb,Airport,172,47,14,17,18,2,189,65,16,233,37,270
NWCobb,NEClayton,177,52,0,50,55,1,227,107,1,229,106,335
NWCobb,Riverdale,69,18,0,23,49,3,92,67,3,87,75,162
NWCobb,SClayton,71,15,1,39,21,2,110,36,3,87,62,149
NWCobb,NWCobb,68690,12743,340,124076,239031,1105,192766,251774,1445,81773,364212,445985
NWCobb,NECobb,11879,2121,33,13187,24854,252,25066,26975,285,14033,38293,52326
NWCobb,SWCobb,4523,865,3,5556,13934,31,10079,14799,34,5391,19521,24912
NWCobb,Marietta,11719,2089,102,11939,22117,227,23658,24206,329,13910,34283,48193
NWCobb,Cumberland,7401,1225,80,2383,4748,171,9784,5973,251,8706,7302,16008
NWCobb,SCobb,2350,456,17,1414,3321,26,3764,3777,43,2823,4761,7584
NWCobb,Chamblee,1487,278,22,250,365,15,1737,643,37,1787,630,2417
NWCobb,NWDeKalb,584,122,11,91,220,8,675,342,19,717,319,1036
NWCobb,NEDeKalb,419,88,8,102,128,6,521,216,14,515,236,751
NWCobb,Atlanta-DeKalb,75,23,5,28,33,3,103,56,8,103,64,167
NWCobb,Decatur,92,22,6,19,47,2,111,69,8,120,68,188
NWCobb,SWDeKalb,150,44,11,36,115,7,186,159,18,205,158,363
NWCobb,SEDeKalb,64,11,2,38,53,6,102,64,8,77,97,174
NWCobb,SDeKalb,141,35,2,49,101,3,190,136,5,178,153,331
NWCobb,WDouglas,523,96,0,124,230,3,647,326,3,619,357,976
NWCobb,EDouglas,1074,217,2,318,710,9,1392,927,11,1293,1037,2330
NWCobb,WFayette,38,7,0,22,12,1,60,19,1,45,35,80
NWCobb,EFayette,46,7,0,21,31,2,67,38,2,53,54,107
NWCobb,NGwinnett,111,23,0,78,75,1,189,98,1,134,154,288
NWCobb,CentGwinnett,319,75,2,139,187,7,458,262,9,396,333,729
NWCobb,EGwinnett,48,8,0,27,20,0,75,28,0,56,47,103
NWCobb,Norcross,679,123,3,190,206,24,869,329,27,805,420,1225
NWCobb,Lilburn,99,17,1,57,45,2,156,62,3,117,104,221
NWCobb,Snellville,59,18,0,42,28,5,101,46,5,77,75,152
NWCobb,NHenry,50,16,0,22,32,0,72,48,0,66,54,120
NWCobb,EHenry,12,6,0,15,12,0,27,18,0,18,27,45
NWCobb,SHenry,50,6,0,12,17,0,62,23,0,56,29,85
NWCobb,SRockdale,19,6,0,11,23,1,30,29,1,25,35,60
NWCobb,NRockdale,23,5,0,7,44,2,30,49,2,28,53,81
NWCobb,NBarrow,15,1,0,3,15,0,18,16,0,16,18,34
NWCobb,SBarrow,7,0,0,3,3,0,10,3,0,7,6,13
NWCobb,NWBartow,652,117,0,180,392,0,832,509,0,769,572,1341
NWCobb,NEBartow,573,99,0,235,397,1,808,496,1,672,633,1305
NWCobb,SWBartow,1080,215,0,422,1071,0,1502,1286,0,1295,1493,2788
NWCobb,Cartersville,5272,1014,2,3562,8676,6,8834,9690,8,6288,12244,18532
NWCobb,NECarroll,293,67,0,64,146,0,357,213,0,360,210,570
NWCobb,WCarroll,24,5,0,11,14,0,35,19,0,29,25,54
NWCobb,CentralCarroll,141,29,0,38,78,0,179,107,0,170,116,286
NWCobb,SECarroll,14,2,0,4,7,0,18,9,0,16,11,27
NWCobb,WCoweta,17,2,0,6,8,0,23,10,0,19,14,33
NWCobb,NCoweta,70,10,0,29,34,0,99,44,0,80,63,143
NWCobb,SCoweta,2,2,0,0,1,0,2,3,0,4,1,5
NWCobb,SECoweta,4,0,0,5,0,0,9,0,0,4,5,9
NWCobb,NForsyth,160,27,0,72,130,2,232,157,2,187,204,391
NWCobb,Cumming,367,54,0,191,196,5,558,250,5,421,392,813
NWCobb,SForsyth,247,42,0,72,114,5,319,156,5,289,191,480
NWCobb,NHall,8,2,0,3,5,0,11,7,0,10,8,18
NWCobb,Gainesville,16,4,0,11,1,0,27,5,0,20,12,32
NWCobb,SHall,16,2,0,5,9,0,21,11,0,18,14,32
NWCobb,WNewton,21,5,0,13,28,0,34,33,0,26,41,67
NWCobb,ENewton,0,1,0,1,0,0,1,1,0,1,1,2
NWCobb,NPaulding,3991,675,0,4342,12234,7,8333,12909,7,4666,16583,21249
NWCobb,WPaulding,453,83,0,180,353,0,633,436,0,536,533,1069
NWCobb,EPaulding,5079,888,0,3801,10457,6,8880,11345,6,5967,14264,20231
NWCobb,NSpalding,6,0,0,5,16,0,11,16,0,6,21,27
NWCobb,SSpalding,1,0,0,4,4,0,5,4,0,1,8,9
NWCobb,WWalton,11,1,0,4,2,0,15,3,0,12,6,18
NWCobb,EWalton,3,1,0,3,5,0,6,6,0,4,8,12
NECobb,NFulton,5294,1013,18,3391,8334,5,8685,9347,23,6325,11730,18055
NECobb,Roswell,5968,1085,10,6580,16127,13,12548,17212,23,7063,22720,29783
NECobb,SandySprings,7371,1229,69,5770,12087,56,13141,13316,125,8669,17913,26582
NECobb,Buckhead,2809,448,99,1166,2367,36,3975,2815,135,3356,3569,6925
NECobb,NWAtlanta,880,187,4,257,439,3,1137,626,7,1071,699,1770
NECobb,NEAtlanta,1743,350,114,458,975,41,2201,1325,155,2207,1474,3681
NECobb,SWAtlanta,491,79,8,139,339,7,630,418,15,578,485,1063
NECobb,CBDAtlanta,1311,295,305,286,574,59,1597,869,364,1911,919,2830
NECobb,SEAtlanta,251,73,5,81,102,5,332,175,10,329,188,517
NECobb,SFulton,202,47,0,49,108,0,251,155,0,249,157,406
NECobb,Tri-Cities,391,94,10,46,142,1,437,236,11,495,189,684
NECobb,Shannon,160,29,1,41,126,0,201,155,1,190,167,357
NECobb,WCherokee,417,84,0,144,377,0,561,461,0,501,521,1022
NECobb,NCherokee,144,20,0,67,168,0,211,188,0,164,235,399
NECobb,ECentCherokee,2976,544,0,1411,3960,0,4387,4504,0,3520,5371,8891
NECobb,Woodstock,7416,1294,2,7808,20394,2,15224,21688,4,8712,28204,36916
NECobb,Airport,144,33,31,13,48,0,157,81,31,208,61,269
NECobb,NEClayton,223,66,0,31,125,0,254,191,0,289,156,445
NECobb,Riverdale,107,26,0,20,68,0,127,94,0,133,88,221
NECobb,SClayton,100,25,0,31,55,1,131,80,1,125,87,212
NECobb,NWCobb,12372,2182,36,13267,24770,262,25639,26952,298,14590,38299,52889
NECobb,NECobb,41840,7535,26,87515,166860,37,129355,174395,63,49401,254412,303813
NECobb,SWCobb,1673,305,1,800,2088,0,2473,2393,1,1979,2888,4867
NECobb,Marietta,11159,1942,87,14238,24848,226,25397,26790,313,13188,39312,52500
NECobb,Cumberland,11769,1886,124,9888,19366,112,21657,21252,236,13779,29366,43145
NECobb,SCobb,1947,337,12,1130,2694,4,3077,3031,16,2296,3828,6124
NECobb,Chamblee,3085,552,24,1540,3396,14,4625,3948,38,3661,4950,8611
NECobb,NWDeKalb,688,111,10,197,331,3,885,442,13,809,531,1340
NECobb,NEDeKalb,708,134,2,234,450,5,942,584,7,844,689,1533
NECobb,Atlanta-DeKalb,81,22,2,21,81,0,102,103,2,105,102,207
NECobb,Decatur,90,13,3,19,42,1,109,55,4,106,62,168
NECobb,SWDeKalb,190,37,2,34,131,0,224,168,2,229,165,394
NECobb,SEDeKalb,123,24,0,45,35,0,168,59,0,147,80,227
NECobb,SDeKalb,174,52,0,34,80,0,208,132,0,226,114,340
NECobb,WDouglas,252,44,0,46,78,0,298,122,0,296,124,420
NECobb,EDouglas,546,109,0,129,252,0,675,361,0,655,381,1036
NECobb,WFayette,60,10,0,17,48,0,77,58,0,70,65,135
NECobb,EFayette,68,21,0,14,35,0,82,56,0,89,49,138
NECobb,NGwinnett,397,57,0,92,156,0,489,213,0,454,248,702
NECobb,CentGwinnett,850,137,1,207,399,1,1057,536,2,988,607,1595
NECobb,EGwinnett,104,20,0,26,55,0,130,75,0,124,81,205
NECobb,Norcross,1570,306,3,459,1014,0,2029,1320,3,1879,1473,3352
NECobb,Lilburn,215,37,0,61,126,0,276,163,0,252,187,439
NECobb,Snellville,142,24,0,34,47,0,176,71,0,166,81,247
NECobb,NHenry,82,19,0,20,40,0,102,59,0,101,60,161
NECobb,EHenry,25,7,0,8,16,0,33,23,0,32,24,56
NECobb,SHenry,43,16,0,13,40,0,56,56,0,59,53,112
NECobb,SRockdale,39,10,0,7,8,0,46,18,0,49,15,64
NECobb,NRockdale,41,12,0,15,9,0,56,21,0,53,24,77
NECobb,NBarrow,38,3,0,10,4,0,48,7,0,41,14,55
NECobb,SBarrow,30,4,0,4,8,0,34,12,0,34,12,46
NECobb,NWBartow,187,19,0,35,139,0,222,158,0,206,174,380
NECobb,NEBartow,143,30,0,54,130,0,197,160,0,173,184,357
NECobb,SWBartow,308,61,0,88,242,0,396,303,0,369,330,699
NECobb,Cartersville,977,202,0,288,734,0,1265,936,0,1179,1022,2201
NECobb,NECarroll,84,22,0,10,59,0,94,81,0,106,69,175
NECobb,WCarroll,5,0,0,3,1,0,8,1,0,5,4,9
NECobb,CentralCarroll,39,3,0,15,21,0,54,24,0,42,36,78
NECobb,SECarroll,8,1,0,3,0,0,11,1,0,9,3,12
NECobb,WCoweta,15,5,0,4,10,0,19,15,0,20,14,34
NECobb,NCoweta,60,5,0,21,22,0,81,27,0,65,43,108
NECobb,SCoweta,2,0,0,0,0,0,2,0,0,2,0,2
NECobb,SECoweta,8,2,0,1,21,0,9,23,0,10,22,32
NECobb,NForsyth,314,60,0,62,227,0,376,287,0,374,289,663
NECobb,Cumming,902,161,0,228,652,0,1130,813,0,1063,880,1943
NECobb,SForsyth,721,128,0,190,350,0,911,478,0,849,540,1389
NECobb,NHall,25,3,0,9,21,0,34,24,0,28,30,58
NECobb,Gainesville,74,12,0,18,42,0,92,54,0,86,60,146
NECobb,SHall,64,10,0,23,33,0,87,43,0,74,56,130
NECobb,WNewton,46,11,0,17,48,0,63,59,0,57,65,122
NECobb,ENewton,5,0,0,0,1,0,5,1,0,5,1,6
NECobb,NPaulding,660,112,0,174,424,0,834,536,0,772,598,1370
NECobb,WPaulding,189,30,0,30,75,0,219,105,0,219,105,324
NECobb,EPaulding,1292,249,0,288,651,0,1580,900,0,1541,939,2480
NECobb,NSpalding,14,4,0,6,13,0,20,17,0,18,19,37
NECobb,SSpalding,3,0,0,1,4,0,4,4,0,3,5,8
NECobb,WWalton,39,6,0,5,19,0,44,25,0,45,24,69
NECobb,EWalton,11,5,0,3,1,0,14,6,0,16,4,20
SWCobb,NFulton,273,55,0,54,157,0,327,212,0,328,211,539
SWCobb,Roswell,209,47,0,49,93,0,258,140,0,256,142,398
SWCobb,SandySprings,832,128,12,153,353,7,985,481,19,972,513,1485
SWCobb,Buckhead,842,126,15,243,584,6,1085,710,21,983,833,1816
SWCobb,NWAtlanta,683,146,5,209,606,10,892,752,15,834,825,1659
SWCobb,NEAtlanta,678,110,26,275,630,42,953,740,68,814,947,1761
SWCobb,SWAtlanta,688,139,7,335,802,10,1023,941,17,834,1147,1981
SWCobb,CBDAtlanta,700,124,109,203,471,61,903,595,170,933,735,1668
SWCobb,SEAtlanta,198,26,0,82,123,1,280,149,1,224,206,430
SWCobb,SFulton,540,117,1,218,383,0,758,500,1,658,601,1259
SWCobb,Tri-Cities,319,53,4,59,185,0,378,238,4,376,244,620
SWCobb,Shannon,190,45,0,38,161,0,228,206,0,235,199,434
SWCobb,WCherokee,26,7,0,12,40,0,38,47,0,33,52,85
SWCobb,NCherokee,16,0,0,7,6,0,23,6,0,16,13,29
SWCobb,ECentCherokee,223,41,0,47,142,0,270,183,0,264,189,453
SWCobb,Woodstock,539,84,0,184,522,0,723,606,0,623,706,1329
SWCobb,Airport,161,31,18,12,34,2,173,65,20,210,48,258
SWCobb,NEClayton,102,20,1,25,37,0,127,57,1,123,62,185
SWCobb,Riverdale,66,11,1,10,44,0,76,55,1,78,54,132
SWCobb,SClayton,35,7,0,9,22,0,44,29,0,42,31,73
SWCobb,NWCobb,4465,848,3,5499,14062,32,9964,14910,35,5316,19593,24909
SWCobb,NECobb,1665,317,1,854,2018,0,2519,2335,1,1983,2872,4855
SWCobb,SWCobb,10939,2128,2,25212,57100,4,36151,59228,6,13069,82316,95385
SWCobb,Marietta,4184,699,24,3995,10669,60,8179,11368,84,4907,14724,19631
SWCobb,Cumberland,3943,757,23,1532,4063,22,5475,4820,45,4723,5617,10340
SWCobb,SCobb,4831,933,24,7300,19106,50,12131,20039,74,5788,26456,32244
SWCobb,Chamblee,527,95,8,104,140,1,631,235,9,630,245,875
SWCobb,NWDeKalb,244,47,3,65,143,3,309,190,6,294,211,505
SWCobb,NEDeKalb,164,29,1,59,65,1,223,94,2,194,125,319
SWCobb,Atlanta-DeKalb,45,10,1,13,27,1,58,37,2,56,41,97
SWCobb,Decatur,45,8,1,12,35,2,57,43,3,54,49,103
SWCobb,SWDeKalb,87,17,2,32,48,0,119,65,2,106,80,186
SWCobb,SEDeKalb,30,7,0,16,24,0,46,31,0,37,40,77
SWCobb,SDeKalb,100,21,0,23,70,0,123,91,0,121,93,214
SWCobb,WDouglas,886,154,0,350,891,0,1236,1045,0,1040,1241,2281
SWCobb,EDouglas,3405,648,4,3790,8391,8,7195,9039,12,4057,12189,16246
SWCobb,WFayette,62,10,0,21,39,0,83,49,0,72,60,132
SWCobb,EFayette,48,13,0,12,8,0,60,21,0,61,20,81
SWCobb,NGwinnett,23,5,0,5,10,0,28,15,0,28,15,43
SWCobb,CentGwinnett,115,15,0,34,60,0,149,75,0,130,94,224
SWCobb,EGwinnett,6,2,0,4,2,0,10,4,0,8,6,14
SWCobb,Norcross,280,40,0,26,89,0,306,129,0,320,115,435
SWCobb,Lilburn,21,4,0,9,7,0,30,11,0,25,16,41
SWCobb,Snellville,19,4,0,7,28,0,26,32,0,23,35,58
SWCobb,NHenry,31,5,0,8,9,0,39,14,0,36,17,53
SWCobb,EHenry,14,1,0,1,6,0,15,7,0,15,7,22
SWCobb,SHenry,17,6,0,12,4,0,29,10,0,23,16,39
SWCobb,SRockdale,14,1,0,6,0,0,20,1,0,15,6,21
SWCobb,NRockdale,20,4,0,3,9,0,23,13,0,24,12,36
SWCobb,NBarrow,3,1,0,0,3,0,3,4,0,4,3,7
SWCobb,SBarrow,3,1,0,0,4,0,3,5,0,4,4,8
SWCobb,NWBartow,31,5,0,13,51,0,44,56,0,36,64,100
SWCobb,NEBartow,33,4,0,12,13,0,45,17,0,37,25,62
SWCobb,SWBartow,75,10,0,34,77,0,109,87,0,85,111,196
SWCobb,Cartersville,379,62,0,134,221,0,513,283,0,441,355,796
SWCobb,NECarroll,249,35,0,46,124,0,295,159,0,284,170,454
SWCobb,WCarroll,29,5,0,4,5,0,33,10,0,34,9,43
SWCobb,CentralCarroll,112,16,0,43,50,0,155,66,0,128,93,221
SWCobb,SECarroll,19,3,0,6,10,0,25,13,0,22,16,38
SWCobb,WCoweta,26,7,0,11,4,0,37,11,0,33,15,48
SWCobb,NCoweta,138,19,0,24,62,0,162,81,0,157,86,243
SWCobb,SCoweta,5,2,0,2,0,0,7,2,0,7,2,9
SWCobb,SECoweta,11,2,0,4,2,0,15,4,0,13,6,19
SWCobb,NForsyth,10,3,0,6,3,0,16,6,0,13,9,22
SWCobb,Cumming,29,4,0,11,23,0,40,27,0,33,34,67
SWCobb,SForsyth,50,8,0,6,15,0,56,23,0,58,21,79
SWCobb,NHall,1,0,0,0,1,0,1,1,0,1,1,2
SWCobb,Gainesville,1,0,0,0,4,0,1,4,0,1,4,5
SWCobb,SHall,2,0,0,3,0,0,5,0,0,2,3,5
SWCobb,WNewton,8,0,0,7,3,0,15,3,0,8,10,18
SWCobb,ENewton,2,0,0,0,0,0,2,0,0,2,0,2
SWCobb,NPaulding,691,120,0,423,1315,0,1114,1435,0,811,1738,2549
SWCobb,WPaulding,293,44,0,122,310,0,415,354,0,337,432,769
SWCobb,EPaulding,4818,881,0,5240,14615,0,10058,15496,0,5699,19855,25554
SWCobb,NSpalding,6,1,0,2,0,0,8,1,0,7,2,9
SWCobb,SSpalding,3,0,0,1,0,0,4,0,0,3,1,4
SWCobb,WWalton,2,1,0,0,10,0,2,11,0,3,10,13
SWCobb,EWalton,1,1,0,0,1,0,1,2,0,2,1,3
Marietta,NFulton,878,184,7,270,635,15,1148,819,22,1069,920,1989
Marietta,Roswell,848,169,1,378,758,24,1226,927,25,1018,1160,2178
Marietta,SandySprings,1666,275,23,815,1191,17,2481,1466,40,1964,2023,3987
Marietta,Buckhead,1577,288,64,610,998,47,2187,1286,111,1929,1655,3584
Marietta,NWAtlanta,697,138,26,301,495,16,998,633,42,861,812,1673
Marietta,NEAtlanta,1085,214,83,289,485,68,1374,699,151,1382,842,2224
Marietta,SWAtlanta,573,121,28,243,409,24,816,530,52,722,676,1398
Marietta,CBDAtlanta,708,163,159,130,291,37,838,454,196,1030,458,1488
Marietta,SEAtlanta,235,65,20,56,119,24,291,184,44,320,199,519
Marietta,SFulton,291,61,0,93,187,7,384,248,7,352,287,639
Marietta,Tri-Cities,238,72,10,78,106,20,316,178,30,320,204,524
Marietta,Shannon,215,46,4,73,52,11,288,98,15,265,136,401
Marietta,WCherokee,273,49,0,64,156,0,337,205,0,322,220,542
Marietta,NCherokee,105,14,0,26,50,0,131,64,0,119,76,195
Marietta,ECentCherokee,1331,227,0,408,951,4,1739,1178,4,1558,1363,2921
Marietta,Woodstock,2795,486,3,1420,3685,38,4215,4171,41,3284,5143,8427
Marietta,Airport,119,15,22,21,32,4,140,47,26,156,57,213
Marietta,NEClayton,166,48,2,44,41,10,210,89,12,216,95,311
Marietta,Riverdale,134,25,2,32,44,12,166,69,14,161,88,249
Marietta,SClayton,101,34,1,30,30,2,131,64,3,136,62,198
Marietta,NWCobb,11871,2138,105,12071,22155,238,23942,24293,343,14114,34464,48578
Marietta,NECobb,11380,1981,88,14234,24290,213,25614,26271,301,13449,38737,52186
Marietta,SWCobb,4372,830,24,3972,10266,59,8344,11096,83,5226,14297,19523
Marietta,Marietta,26117,4704,370,42515,68301,967,68632,73005,1337,31191,111783,142974
Marietta,Cumberland,12685,2250,327,11498,19890,602,24183,22140,929,15262,31990,47252
Marietta,SCobb,6238,1173,137,6840,16768,349,13078,17941,486,7548,23957,31505
Marietta,Chamblee,1074,196,25,283,375,33,1357,571,58,1295,691,1986
Marietta,NWDeKalb,362,77,12,64,202,12,426,279,24,451,278,729
Marietta,NEDeKalb,320,62,5,87,179,18,407,241,23,387,284,671
Marietta,Atlanta-DeKalb,106,24,6,26,25,9,132,49,15,136,60,196
Marietta,Decatur,58,9,2,9,69,6,67,78,8,69,84,153
Marietta,SWDeKalb,149,54,10,42,61,13,191,115,23,213,116,329
Marietta,SEDeKalb,141,36,7,50,35,13,191,71,20,184,98,282
Marietta,SDeKalb,172,53,3,54,80,8,226,133,11,228,142,370
Marietta,WDouglas,427,77,0,123,225,2,550,302,2,504,350,854
Marietta,EDouglas,1053,174,4,413,880,9,1466,1054,13,1231,1302,2533
Marietta,WFayette,80,14,1,19,37,0,99,51,1,95,56,151
Marietta,EFayette,72,12,0,26,51,1,98,63,1,84,78,162
Marietta,NGwinnett,179,38,1,66,88,4,245,126,5,218,158,376
Marietta,CentGwinnett,365,49,2,111,156,21,476,205,23,416,288,704
Marietta,EGwinnett,77,15,0,24,34,2,101,49,2,92,60,152
Marietta,Norcross,505,85,1,182,201,42,687,286,43,591,425,1016
Marietta,Lilburn,139,29,0,53,125,9,192,154,9,168,187,355
Marietta,Snellville,101,16,0,60,61,5,161,77,5,117,126,243
Marietta,NHenry,96,18,1,21,46,4,117,64,5,115,71,186
Marietta,EHenry,44,11,0,18,22,2,62,33,2,55,42,97
Marietta,SHenry,64,20,0,30,17,0,94,37,0,84,47,131
Marietta,SRockdale,37,10,0,9,23,2,46,33,2,47,34,81
Marietta,NRockdale,34,11,0,12,15,1,46,26,1,45,28,73
Marietta,NBarrow,18,2,0,8,5,0,26,7,0,20,13,33
Marietta,SBarrow,19,3,0,4,33,0,23,36,0,22,37,59
Marietta,NWBartow,158,20,0,43,85,0,201,105,0,178,128,306
Marietta,NEBartow,118,18,0,45,80,0,163,98,0,136,125,261
Marietta,SWBartow,254,39,0,82,243,0,336,282,0,293,325,618
Marietta,Cartersville,825,161,2,222,502,0,1047,663,2,988,724,1712
Marietta,NECarroll,164,39,0,25,94,0,189,133,0,203,119,322
Marietta,WCarroll,18,6,0,7,1,0,25,7,0,24,8,32
Marietta,CentralCarroll,91,14,0,18,36,0,109,50,0,105,54,159
Marietta,SECarroll,15,3,0,2,4,0,17,7,0,18,6,24
Marietta,WCoweta,18,3,0,3,7,0,21,10,0,21,10,31
Marietta,NCoweta,102,17,0,25,38,1,127,55,1,119,64,183
Marietta,SCoweta,8,1,0,3,4,0,11,5,0,9,7,16
Marietta,SECoweta,16,0,0,7,1,0,23,1,0,16,8,24
Marietta,NForsyth,104,14,0,34,48,0,138,62,0,118,82,200
Marietta,Cumming,245,39,2,99,126,7,344,165,9,286,232,518
Marietta,SForsyth,156,27,0,53,68,1,209,95,1,183,122,305
Marietta,NHall,3,2,0,3,3,0,6,5,0,5,6,11
Marietta,Gainesville,22,4,0,2,21,0,24,25,0,26,23,49
Marietta,SHall,27,6,0,7,10,0,34,16,0,33,17,50
Marietta,WNewton,51,5,0,5,6,0,56,11,0,56,11,67
Marietta,ENewton,3,2,0,0,2,0,3,4,0,5,2,7
Marietta,NPaulding,888,150,0,344,876,0,1232,1026,0,1038,1220,2258
Marietta,WPaulding,280,37,0,73,93,0,353,130,0,317,166,483
Marietta,EPaulding,2477,435,1,795,2162,7,3272,2597,8,2913,2964,5877
Marietta,NSpalding,10,4,0,1,1,1,11,5,1,14,3,17
Marietta,SSpalding,6,0,0,2,3,0,8,3,0,6,5,11
Marietta,WWalton,16,4,0,6,6,0,22,10,0,20,12,32
Marietta,EWalton,10,1,0,2,0,0,12,1,0,11,2,13
Cumberland,NFulton,1779,344,18,361,682,8,2140,1026,26,2141,1051,3192
Cumberland,Roswell,1735,284,28,557,1397,15,2292,1681,43,2047,1969,4016
Cumberland,SandySprings,7930,1279,120,6109,8666,91,14039,9945,211,9329,14866,24195
Cumberland,Buckhead,8249,1262,271,7618,9167,207,15867,10429,478,9782,16992,26774
Cumberland,NWAtlanta,4356,839,151,4036,6111,107,8392,6950,258,5346,10254,15600
Cumberland,NEAtlanta,4885,875,477,2030,2779,225,6915,3654,702,6237,5034,11271
Cumberland,SWAtlanta,2774,535,173,1423,2307,76,4197,2842,249,3482,3806,7288
Cumberland,CBDAtlanta,3372,685,785,1120,1515,294,4492,2200,1079,4842,2929,7771
Cumberland,SEAtlanta,1173,298,162,313,745,43,1486,1043,205,1633,1101,2734
Cumberland,SFulton,1087,183,11,325,564,2,1412,747,13,1281,891,2172
Cumberland,Tri-Cities,1298,275,117,272,481,34,1570,756,151,1690,787,2477
Cumberland,Shannon,1081,174,33,173,382,13,1254,556,46,1288,568,1856
Cumberland,WCherokee,378,55,0,66,111,0,444,166,0,433,177,610
Cumberland,NCherokee,128,25,0,34,64,0,162,89,0,153,98,251
Cumberland,ECentCherokee,1825,302,1,279,511,1,2104,813,2,2128,791,2919
Cumberland,Woodstock,3337,542,11,625,1492,8,3962,2034,19,3890,2125,6015
Cumberland,Airport,499,90,76,36,66,3,535,156,79,665,105,770
Cumberland,NEClayton,733,200,14,81,235,5,814,435,19,947,321,1268
Cumberland,Riverdale,583,130,19,83,163,4,666,293,23,732,250,982
Cumberland,SClayton,419,138,0,65,149,2,484,287,2,557,216,773
Cumberland,NWCobb,7882,1310,83,2405,4852,171,10287,6162,254,9275,7428,16703
Cumberland,NECobb,12435,1987,126,9851,19704,120,22286,21691,246,14548,29675,44223
Cumberland,SWCobb,4069,736,22,1566,4095,20,5635,4831,42,4827,5681,10508
Cumberland,Marietta,12504,2234,354,11554,19699,591,24058,21933,945,15092,31844,46936
Cumberland,Cumberland,76838,11388,1914,114738,134455,2442,191576,145843,4356,90140,251635,341775
Cumberland,SCobb,13011,2206,188,11703,24304,178,24714,26510,366,15405,36185,51590
Cumberland,Chamblee,4549,812,196,1697,2901,111,6246,3713,307,5557,4709,10266
Cumberland,NWDeKalb,1637,325,50,452,670,23,2089,995,73,2012,1145,3157
Cumberland,NEDeKalb,1615,298,69,317,597,23,1932,895,92,1982,937,2919
Cumberland,Atlanta-DeKalb,451,85,58,126,196,12,577,281,70,594,334,928
Cumberland,Decatur,275,60,44,45,105,15,320,165,59,379,165,544
Cumberland,SWDeKalb,734,188,74,120,264,10,854,452,84,996,394,1390
Cumberland,SEDeKalb,673,157,45,87,253,6,760,410,51,875,346,1221
Cumberland,SDeKalb,769,206,19,130,341,4,899,547,23,994,475,1469
Cumberland,WDouglas,1031,169,0,146,372,1,1177,541,1,1200,519,1719
Cumberland,EDouglas,1967,296,7,577,1204,4,2544,1500,11,2270,1785,4055
Cumberland,WFayette,331,38,0,47,78,0,378,116,0,369,125,494
Cumberland,EFayette,357,41,1,57,79,1,414,120,2,399,137,536
Cumberland,NGwinnett,726,122,3,125,172,1,851,294,4,851,298,1149
Cumberland,CentGwinnett,1366,236,12,254,390,6,1620,626,18,1614,650,2264
Cumberland,EGwinnett,324,56,1,29,71,0,353,127,1,381,100,481
Cumberland,Norcross,1896,346,32,443,789,16,2339,1135,48,2274,1248,3522
Cumberland,Lilburn,491,96,8,96,155,4,587,251,12,595,255,850
Cumberland,Snellville,435,65,1,65,125,1,500,190,2,501,191,692
Cumberland,NHenry,409,96,8,59,104,2,468,200,10,513,165,678
Cumberland,EHenry,177,42,0,23,39,0,200,81,0,219,62,281
Cumberland,SHenry,345,79,0,39,123,0,384,202,0,424,162,586
Cumberland,SRockdale,183,53,1,31,60,0,214,113,1,237,91,328
Cumberland,NRockdale,161,45,1,31,43,0,192,88,1,207,74,281
Cumberland,NBarrow,76,11,0,17,18,0,93,29,0,87,35,122
Cumberland,SBarrow,54,7,0,13,6,0,67,13,0,61,19,80
Cumberland,NWBartow,170,39,0,34,76,0,204,115,0,209,110,319
Cumberland,NEBartow,187,21,0,52,98,0,239,119,0,208,150,358
Cumberland,SWBartow,299,46,0,72,210,0,371,256,0,345,282,627
Cumberland,Cartersville,945,152,1,141,337,0,1086,489,1,1098,478,1576
Cumberland,NECarroll,257,60,1,30,65,0,287,125,1,318,95,413
Cumberland,WCarroll,21,4,0,5,3,0,26,7,0,25,8,33
Cumberland,CentralCarroll,157,35,0,23,46,0,180,81,0,192,69,261
Cumberland,SECarroll,32,3,0,7,10,0,39,13,0,35,17,52
Cumberland,WCoweta,92,12,0,11,24,0,103,36,0,104,35,139
Cumberland,NCoweta,513,79,7,74,224,2,587,303,9,599,300,899
Cumberland,SCoweta,35,10,0,7,6,0,42,16,0,45,13,58
Cumberland,SECoweta,56,10,0,11,9,0,67,19,0,66,20,86
Cumberland,NForsyth,239,43,0,48,153,0,287,196,0,282,201,483
Cumberland,Cumming,624,90,0,98,224,3,722,314,3,714,325,1039
Cumberland,SForsyth,400,60,0,70,191,2,470,251,2,460,263,723
Cumberland,NHall,15,0,0,3,6,0,18,6,0,15,9,24
Cumberland,Gainesville,51,7,0,12,32,0,63,39,0,58,44,102
Cumberland,SHall,134,18,0,22,48,0,156,66,0,152,70,222
Cumberland,WNewton,212,48,2,34,69,0,246,117,2,262,103,365
Cumberland,ENewton,21,6,0,5,6,0,26,12,0,27,11,38
Cumberland,NPaulding,746,124,1,141,295,0,887,419,1,871,436,1307
Cumberland,WPaulding,310,48,0,46,156,0,356,204,0,358,202,560
Cumberland,EPaulding,2469,434,2,431,1244,1,2900,1678,3,2905,1676,4581
Cumberland,NSpalding,58,13,0,11,32,0,69,45,0,71,43,114
Cumberland,SSpalding,32,7,0,4,18,0,36,25,0,39,22,61
Cumberland,WWalton,86,15,0,24,56,0,110,71,0,101,80,181
Cumberland,EWalton,18,5,0,8,15,0,26,20,0,23,23,46
SCobb,NFulton,408,70,7,111,197,1,519,267,8,485,309,794
SCobb,Roswell,301,68,6,91,241,1,392,309,7,375,333,708
SCobb,SandySprings,1972,358,76,622,1277,11,2594,1635,87,2406,1910,4316
SCobb,Buckhead,2569,431,153,1193,2730,37,3762,3161,190,3153,3960,7113
SCobb,NWAtlanta,2675,552,42,2494,5953,63,5169,6505,105,3269,8510,11779
SCobb,NEAtlanta,2704,421,210,987,2349,140,3691,2770,350,3335,3476,6811
SCobb,SWAtlanta,3027,582,73,3379,7354,98,6406,7936,171,3682,10831,14513
SCobb,CBDAtlanta,2732,467,794,853,2101,267,3585,2568,1061,3993,3221,7214
SCobb,SEAtlanta,828,161,40,382,857,22,1210,1018,62,1029,1261,2290
SCobb,SFulton,1521,291,5,1333,2493,2,2854,2784,7,1817,3828,5645
SCobb,Tri-Cities,1015,182,29,394,795,15,1409,977,44,1226,1204,2430
SCobb,Shannon,702,114,2,203,557,2,905,671,4,818,762,1580
SCobb,WCherokee,46,5,0,25,27,0,71,32,0,51,52,103
SCobb,NCherokee,20,2,0,7,3,0,27,5,0,22,10,32
SCobb,ECentCherokee,275,49,0,88,174,0,363,223,0,324,262,586
SCobb,Woodstock,481,80,0,130,352,0,611,432,0,561,482,1043
SCobb,Airport,630,85,118,57,113,5,687,198,123,833,175,1008
SCobb,NEClayton,363,64,1,66,161,0,429,225,1,428,227,655
SCobb,Riverdale,258,55,2,67,216,1,325,271,3,315,284,599
SCobb,SClayton,171,35,0,25,45,0,196,80,0,206,70,276
SCobb,NWCobb,2453,428,16,1455,3515,28,3908,3943,44,2897,4998,7895
SCobb,NECobb,1889,343,13,1148,2783,5,3037,3126,18,2245,3936,6181
SCobb,SWCobb,5264,1031,25,7449,19646,57,12713,20677,82,6320,27152,33472
SCobb,Marietta,6101,1215,128,6795,16296,334,12896,17511,462,7444,23425,30869
SCobb,Cumberland,12206,1988,180,11562,23857,171,23768,25845,351,14374,35590,49964
SCobb,SCobb,24361,4549,300,53856,117038,754,78217,121587,1054,29210,171648,200858
SCobb,Chamblee,1270,224,58,273,821,4,1543,1045,62,1552,1098,2650
SCobb,NWDeKalb,748,146,32,181,388,16,929,534,48,926,585,1511
SCobb,NEDeKalb,456,93,26,102,220,15,558,313,41,575,337,912
SCobb,Atlanta-DeKalb,189,38,16,69,118,4,258,156,20,243,191,434
SCobb,Decatur,176,24,30,37,78,8,213,102,38,230,123,353
SCobb,SWDeKalb,363,69,29,85,246,2,448,315,31,461,333,794
SCobb,SEDeKalb,216,41,9,45,52,4,261,93,13,266,101,367
SCobb,SDeKalb,293,69,7,81,225,1,374,294,8,369,307,676
SCobb,WDouglas,1430,280,1,509,1420,0,1939,1700,1,1711,1929,3640
SCobb,EDouglas,5065,964,17,6427,13504,35,11492,14468,52,6046,19966,26012
SCobb,WFayette,214,35,0,49,105,0,263,140,0,249,154,403
SCobb,EFayette,213,30,0,45,81,0,258,111,0,243,126,369
SCobb,NGwinnett,124,13,0,25,91,0,149,104,0,137,116,253
SCobb,CentGwinnett,246,48,1,58,91,0,304,139,1,295,149,444
SCobb,EGwinnett,52,5,0,6,24,0,58,29,0,57,30,87
SCobb,Norcross,465,101,3,98,168,0,563,269,3,569,266,835
SCobb,Lilburn,93,19,0,23,45,0,116,64,0,112,68,180
SCobb,Snellville,107,14,0,22,60,0,129,74,0,121,82,203
SCobb,NHenry,151,28,0,32,95,1,183,123,1,179,128,307
SCobb,EHenry,74,8,0,12,48,0,86,56,0,82,60,142
SCobb,SHenry,138,22,0,33,69,0,171,91,0,160,102,262
SCobb,SRockdale,62,13,0,13,14,0,75,27,0,75,27,102
SCobb,NRockdale,67,19,0,28,46,1,95,65,1,86,75,161
SCobb,NBarrow,11,2,0,5,1,0,16,3,0,13,6,19
SCobb,SBarrow,6,2,0,1,32,0,7,34,0,8,33,41
SCobb,NWBartow,31,8,0,15,24,0,46,32,0,39,39,78
SCobb,NEBartow,27,9,0,14,15,0,41,24,0,36,29,65
SCobb,SWBartow,68,12,0,26,72,0,94,84,0,80,98,178
SCobb,Cartersville,198,42,0,60,141,0,258,183,0,240,201,441
SCobb,NECarroll,351,57,0,68,182,0,419,239,0,408,250,658
SCobb,WCarroll,37,7,0,13,37,0,50,44,0,44,50,94
SCobb,CentralCarroll,200,42,0,62,76,0,262,118,0,242,138,380
SCobb,SECarroll,30,3,0,12,23,0,42,26,0,33,35,68
SCobb,WCoweta,73,16,0,22,28,0,95,44,0,89,50,139
SCobb,NCoweta,317,45,0,57,114,1,374,159,1,362,172,534
SCobb,SCoweta,23,6,0,9,12,0,32,18,0,29,21,50
SCobb,SECoweta,37,6,0,9,1,0,46,7,0,43,10,53
SCobb,NForsyth,25,2,0,10,37,0,35,39,0,27,47,74
SCobb,Cumming,90,13,0,42,62,1,132,75,1,103,105,208
SCobb,SForsyth,57,10,0,27,62,0,84,72,0,67,89,156
SCobb,NHall,3,0,0,0,0,0,3,0,0,3,0,3
SCobb,Gainesville,3,1,0,3,8,0,6,9,0,4,11,15
SCobb,SHall,14,3,0,7,7,0,21,10,0,17,14,31
SCobb,WNewton,82,12,1,17,40,0,99,52,1,95,57,152
SCobb,ENewton,10,0,0,0,1,0,10,1,0,10,1,11
SCobb,NPaulding,395,69,0,157,343,0,552,412,0,464,500,964
SCobb,WPaulding,262,32,0,85,222,0,347,254,0,294,307,601
SCobb,EPaulding,2521,461,1,1233,3706,2,3754,4167,3,2983,4941,7924
SCobb,NSpalding,26,4,0,3,12,0,29,16,0,30,15,45
SCobb,SSpalding,16,0,0,5,8,0,21,8,0,16,13,29
SCobb,WWalton,16,5,0,4,10,0,20,15,0,21,14,35
SCobb,EWalton,7,5,0,1,12,0,8,17,0,12,13,25
Chamblee,NFulton,4790,875,205,1502,3805,66,6292,4680,271,5870,5373,11243
Chamblee,Roswell,4187,749,138,2396,6017,105,6583,6766,243,5074,8518,13592
Chamblee,SandySprings,19189,3305,751,26305,35183,551,45494,38488,1302,23245,62039,85284
Chamblee,Buckhead,11519,1763,1148,11778,18175,922,23297,19938,2070,14430,30875,45305
Chamblee,NWAtlanta,1784,388,374,570,1057,176,2354,1445,550,2546,1803,4349
Chamblee,NEAtlanta,6564,1131,1870,3220,6305,788,9784,7436,2658,9565,10313,19878
Chamblee,SWAtlanta,1336,296,475,260,567,159,1596,863,634,2107,986,3093
Chamblee,CBDAtlanta,3252,759,3039,825,2258,1066,4077,3017,4105,7050,4149,11199
Chamblee,SEAtlanta,1272,305,417,266,707,178,1538,1012,595,1994,1151,3145
Chamblee,SFulton,380,86,26,67,185,4,447,271,30,492,256,748
Chamblee,Tri-Cities,1030,285,315,99,192,53,1129,477,368,1630,344,1974
Chamblee,Shannon,502,136,106,65,178,22,567,314,128,744,265,1009
Chamblee,WCherokee,80,11,0,30,27,0,110,38,0,91,57,148
Chamblee,NCherokee,50,6,0,18,19,0,68,25,0,56,37,93
Chamblee,ECentCherokee,725,121,3,186,343,7,911,464,10,849,536,1385
Chamblee,Woodstock,987,152,11,179,475,5,1166,627,16,1150,659,1809
Chamblee,Airport,311,95,337,24,93,7,335,188,344,743,124,867
Chamblee,NEClayton,637,187,59,84,223,8,721,410,67,883,315,1198
Chamblee,Riverdale,452,146,66,39,79,13,491,225,79,664,131,795
Chamblee,SClayton,343,105,18,58,158,1,401,263,19,466,217,683
Chamblee,NWCobb,1543,280,21,223,406,14,1766,686,35,1844,643,2487
Chamblee,NECobb,3208,544,24,1597,3348,14,4805,3892,38,3776,4959,8735
Chamblee,SWCobb,486,90,7,93,172,1,579,262,8,583,266,849
Chamblee,Marietta,1115,160,27,292,417,28,1407,577,55,1302,737,2039
Chamblee,Cumberland,4603,812,198,1661,2992,105,6264,3804,303,5613,4758,10371
Chamblee,SCobb,1272,220,54,300,752,10,1572,972,64,1546,1062,2608
Chamblee,Chamblee,42737,7546,1410,78308,128329,2079,121045,135875,3489,51693,208716,260409
Chamblee,NWDeKalb,7270,1201,374,7715,15538,388,14985,16739,762,8845,23641,32486
Chamblee,NEDeKalb,9032,1715,234,10306,19863,160,19338,21578,394,10981,30329,41310
Chamblee,Atlanta-DeKalb,642,124,127,322,484,45,964,608,172,893,851,1744
Chamblee,Decatur,858,151,123,508,954,60,1366,1105,183,1132,1522,2654
Chamblee,SWDeKalb,1857,325,216,644,1612,115,2501,1937,331,2398,2371,4769
Chamblee,SEDeKalb,1947,383,128,430,1001,50,2377,1384,178,2458,1481,3939
Chamblee,SDeKalb,1407,241,73,325,674,15,1732,915,88,1721,1014,2735
Chamblee,WDouglas,210,46,6,43,102,0,253,148,6,262,145,407
Chamblee,EDouglas,398,83,24,74,104,8,472,187,32,505,186,691
Chamblee,WFayette,103,31,5,31,43,1,134,74,6,139,75,214
Chamblee,EFayette,127,40,9,27,89,1,154,129,10,176,117,293
Chamblee,NGwinnett,2686,418,17,522,982,13,3208,1400,30,3121,1517,4638
Chamblee,CentGwinnett,6127,973,82,1916,4392,67,8043,5365,149,7182,6375,13557
Chamblee,EGwinnett,1199,164,2,207,398,9,1406,562,11,1365,614,1979
Chamblee,Norcross,12406,2341,186,12741,25317,297,25147,27658,483,14933,38355,53288
Chamblee,Lilburn,2268,382,21,1086,2531,22,3354,2913,43,2671,3639,6310
Chamblee,Snellville,1328,240,12,306,597,14,1634,837,26,1580,917,2497
Chamblee,NHenry,466,94,21,99,162,2,565,256,23,581,263,844
Chamblee,EHenry,243,45,1,48,70,2,291,115,3,289,120,409
Chamblee,SHenry,336,75,4,67,101,1,403,176,5,415,169,584
Chamblee,SRockdale,374,59,11,40,59,2,414,118,13,444,101,545
Chamblee,NRockdale,370,75,8,50,145,2,420,220,10,453,197,650
Chamblee,NBarrow,303,45,0,52,92,0,355,137,0,348,144,492
Chamblee,SBarrow,237,40,0,52,67,0,289,107,0,277,119,396
Chamblee,NWBartow,39,3,0,8,15,0,47,18,0,42,23,65
Chamblee,NEBartow,36,3,0,14,57,0,50,60,0,39,71,110
Chamblee,SWBartow,60,13,0,20,71,0,80,84,0,73,91,164
Chamblee,Cartersville,232,35,1,37,76,0,269,111,1,268,113,381
Chamblee,NECarroll,43,12,0,8,30,0,51,42,0,55,38,93
Chamblee,WCarroll,0,0,0,2,0,0,2,0,0,0,2,2
Chamblee,CentralCarroll,19,6,0,12,7,0,31,13,0,25,19,44
Chamblee,SECarroll,3,1,0,3,21,0,6,22,0,4,24,28
Chamblee,WCoweta,28,2,0,6,2,0,34,4,0,30,8,38
Chamblee,NCoweta,144,30,12,32,65,4,176,95,16,186,101,287
Chamblee,SCoweta,7,2,0,6,19,0,13,21,0,9,25,34
Chamblee,SECoweta,13,2,1,9,6,0,22,8,1,16,15,31
Chamblee,NForsyth,373,82,2,100,263,0,473,345,2,457,363,820
Chamblee,Cumming,1166,195,16,257,506,3,1423,701,19,1377,766,2143
Chamblee,SForsyth,970,178,9,259,704,8,1229,882,17,1157,971,2128
Chamblee,NHall,61,11,0,14,82,0,75,93,0,72,96,168
Chamblee,Gainesville,190,28,0,40,139,0,230,167,0,218,179,397
Chamblee,SHall,524,75,2,81,230,0,605,305,2,601,311,912
Chamblee,WNewton,416,82,5,74,122,1,490,204,6,503,197,700
Chamblee,ENewton,44,7,0,16,34,0,60,41,0,51,50,101
Chamblee,NPaulding,143,24,0,30,111,0,173,135,0,167,141,308
Chamblee,WPaulding,46,4,0,14,53,0,60,57,0,50,67,117
Chamblee,EPaulding,436,62,9,72,217,2,508,279,11,507,291,798
Chamblee,NSpalding,30,6,1,8,13,0,38,19,1,37,21,58
Chamblee,SSpalding,17,6,0,6,10,0,23,16,0,23,16,39
Chamblee,WWalton,264,34,1,69,121,0,333,155,1,299,190,489
Chamblee,EWalton,126,23,0,33,46,0,159,69,0,149,79,228
NWDeKalb,NFulton,1026,151,51,183,854,39,1209,1005,90,1228,1076,2304
NWDeKalb,Roswell,763,137,36,167,725,36,930,862,72,936,928,1864
NWDeKalb,SandySprings,2911,447,210,1014,2072,115,3925,2519,325,3568,3201,6769
NWDeKalb,Buckhead,5761,917,299,6496,8712,275,12257,9629,574,6977,15483,22460
NWDeKalb,NWAtlanta,1359,312,153,898,1524,99,2257,1836,252,1824,2521,4345
NWDeKalb,NEAtlanta,7560,1206,608,9418,10306,530,16978,11512,1138,9374,20254,29628
NWDeKalb,SWAtlanta,1410,298,255,547,1036,159,1957,1334,414,1963,1742,3705
NWDeKalb,CBDAtlanta,3496,577,1120,2038,2667,598,5534,3244,1718,5193,5303,10496
NWDeKalb,SEAtlanta,1513,317,161,1105,2024,102,2618,2341,263,1991,3231,5222
NWDeKalb,SFulton,329,61,12,97,185,6,426,246,18,402,288,690
NWDeKalb,Tri-Cities,1100,264,145,227,516,55,1327,780,200,1509,798,2307
NWDeKalb,Shannon,615,130,36,144,282,24,759,412,60,781,450,1231
NWDeKalb,WCherokee,38,9,0,15,55,0,53,64,0,47,70,117
NWDeKalb,NCherokee,16,2,0,1,28,1,17,30,1,18,30,48
NWDeKalb,ECentCherokee,235,42,0,64,190,3,299,232,3,277,257,534
NWDeKalb,Woodstock,304,66,5,66,191,4,370,257,9,375,261,636
NWDeKalb,Airport,449,75,172,57,142,8,506,217,180,696,207,903
NWDeKalb,NEClayton,943,201,14,378,927,17,1321,1128,31,1158,1322,2480
NWDeKalb,Riverdale,445,137,12,105,340,14,550,477,26,594,459,1053
NWDeKalb,SClayton,407,89,4,116,222,8,523,311,12,500,346,846
NWDeKalb,NWCobb,527,105,9,96,201,6,623,306,15,641,303,944
NWDeKalb,NECobb,662,138,10,177,415,3,839,553,13,810,595,1405
NWDeKalb,SWCobb,208,35,2,67,200,3,275,235,5,245,270,515
NWDeKalb,Marietta,335,83,12,68,167,12,403,250,24,430,247,677
NWDeKalb,Cumberland,1579,331,56,458,768,26,2037,1099,82,1966,1252,3218
NWDeKalb,SCobb,715,133,34,182,356,15,897,489,49,882,553,1435
NWDeKalb,Chamblee,7121,1234,346,7777,16120,391,14898,17354,737,8701,24288,32989
NWDeKalb,NWDeKalb,26175,4248,1868,40947,52254,2590,67122,56502,4458,32291,95791,128082
NWDeKalb,NEDeKalb,9793,1707,431,10697,23701,699,20490,25408,1130,11931,35097,47028
NWDeKalb,Atlanta-DeKalb,1924,328,88,3165,4867,156,5089,5195,244,2340,8188,10528
NWDeKalb,Decatur,3463,527,280,6314,8642,476,9777,9169,756,4270,15432,19702
NWDeKalb,SWDeKalb,4231,876,298,5793,12174,478,10024,13050,776,5405,18445,23850
NWDeKalb,SEDeKalb,3413,708,132,2433,6822,290,5846,7530,422,4253,9545,13798
NWDeKalb,SDeKalb,2551,500,89,1463,3436,102,4014,3936,191,3140,5001,8141
NWDeKalb,WDouglas,226,38,3,54,179,3,280,217,6,267,236,503
NWDeKalb,EDouglas,378,81,10,92,171,8,470,252,18,469,271,740
NWDeKalb,WFayette,133,30,3,47,65,3,180,95,6,166,115,281
NWDeKalb,EFayette,190,39,1,43,134,2,233,173,3,230,179,409
NWDeKalb,NGwinnett,1076,156,2,274,700,22,1350,856,24,1234,996,2230
NWDeKalb,CentGwinnett,2288,369,18,704,2599,88,2992,2968,106,2675,3391,6066
NWDeKalb,EGwinnett,553,105,0,131,482,14,684,587,14,658,627,1285
NWDeKalb,Norcross,2837,503,33,1499,5123,239,4336,5626,272,3373,6861,10234
NWDeKalb,Lilburn,1758,296,10,1046,4005,103,2804,4301,113,2064,5154,7218
NWDeKalb,Snellville,1521,262,5,653,3252,72,2174,3514,77,1788,3977,5765
NWDeKalb,NHenry,770,126,4,288,815,13,1058,941,17,900,1116,2016
NWDeKalb,EHenry,315,61,0,103,242,0,418,303,0,376,345,721
NWDeKalb,SHenry,487,77,3,130,204,7,617,281,10,567,341,908
NWDeKalb,SRockdale,398,80,5,109,342,5,507,422,10,483,456,939
NWDeKalb,NRockdale,448,75,9,131,297,17,579,372,26,532,445,977
NWDeKalb,NBarrow,100,21,1,27,63,0,127,84,1,122,90,212
NWDeKalb,SBarrow,74,18,0,32,118,0,106,136,0,92,150,242
NWDeKalb,NWBartow,8,3,0,4,9,0,12,12,0,11,13,24
NWDeKalb,NEBartow,13,1,0,4,40,0,17,41,0,14,44,58
NWDeKalb,SWBartow,25,1,0,10,83,0,35,84,0,26,93,119
NWDeKalb,Cartersville,70,13,0,22,129,0,92,142,0,83,151,234
NWDeKalb,NECarroll,48,13,0,19,45,0,67,58,0,61,64,125
NWDeKalb,WCarroll,0,0,0,1,0,0,1,0,0,0,1,1
NWDeKalb,CentralCarroll,30,6,0,11,15,0,41,21,0,36,26,62
NWDeKalb,SECarroll,3,1,0,3,4,0,6,5,0,4,7,11
NWDeKalb,WCoweta,29,9,1,14,50,0,43,59,1,39,64,103
NWDeKalb,NCoweta,228,38,4,69,158,7,297,196,11,270,234,504
NWDeKalb,SCoweta,20,1,0,6,25,0,26,26,0,21,31,52
NWDeKalb,SECoweta,31,9,0,11,7,1,42,16,1,40,19,59
NWDeKalb,NForsyth,76,9,0,38,163,1,114,172,1,85,202,287
NWDeKalb,Cumming,190,34,2,84,333,19,274,367,21,226,436,662
NWDeKalb,SForsyth,184,44,4,73,217,10,257,261,14,232,300,532
NWDeKalb,NHall,21,3,0,8,24,0,29,27,0,24,32,56
NWDeKalb,Gainesville,42,16,1,22,69,0,64,85,1,59,91,150
NWDeKalb,SHall,164,27,0,49,193,4,213,220,4,191,246,437
NWDeKalb,WNewton,593,88,11,124,295,8,717,383,19,692,427,1119
NWDeKalb,ENewton,56,12,1,18,67,0,74,79,1,69,85,154
NWDeKalb,NPaulding,53,14,0,16,33,0,69,47,0,67,49,116
NWDeKalb,WPaulding,24,2,0,12,40,0,36,42,0,26,52,78
NWDeKalb,EPaulding,207,45,3,68,173,4,275,218,7,255,245,500
NWDeKalb,NSpalding,64,10,0,20,15,0,84,25,0,74,35,109
NWDeKalb,SSpalding,41,6,0,13,11,0,54,17,0,47,24,71
NWDeKalb,WWalton,271,48,0,95,393,2,366,441,2,319,490,809
NWDeKalb,EWalton,112,17,0,45,112,0,157,129,0,129,157,286
NEDeKalb,NFulton,1437,272,26,373,889,17,1810,1161,43,1735,1279,3014
NEDeKalb,Roswell,1056,185,12,417,1179,10,1473,1364,22,1253,1606,2859
NEDeKalb,SandySprings,3778,691,201,1515,2653,84,5293,3344,285,4670,4252,8922
NEDeKalb,Buckhead,4156,721,376,1599,2971,177,5755,3692,553,5253,4747,10000
NEDeKalb,NWAtlanta,1091,206,107,280,500,64,1371,706,171,1404,844,2248
NEDeKalb,NEAtlanta,4546,776,776,1712,3443,403,6258,4219,1179,6098,5558,11656
NEDeKalb,SWAtlanta,956,183,167,232,362,119,1188,545,286,1306,713,2019
NEDeKalb,CBDAtlanta,3256,597,2206,685,1422,650,3941,2019,2856,6059,2757,8816
NEDeKalb,SEAtlanta,1105,211,118,333,661,94,1438,872,212,1434,1088,2522
NEDeKalb,SFulton,207,41,7,41,118,6,248,159,13,255,165,420
NEDeKalb,Tri-Cities,815,178,81,102,212,33,917,390,114,1074,347,1421
NEDeKalb,Shannon,341,69,16,66,124,17,407,193,33,426,207,633
NEDeKalb,WCherokee,31,1,0,7,19,0,38,20,0,32,26,58
NEDeKalb,NCherokee,7,0,0,4,28,0,11,28,0,7,32,39
NEDeKalb,ECentCherokee,199,26,0,38,149,2,237,175,2,225,189,414
NEDeKalb,Woodstock,218,40,0,43,87,2,261,127,2,258,132,390
NEDeKalb,Airport,491,108,200,42,80,5,533,188,205,799,127,926
NEDeKalb,NEClayton,764,161,12,194,475,11,958,636,23,937,680,1617
NEDeKalb,Riverdale,331,79,20,83,141,7,414,220,27,430,231,661
NEDeKalb,SClayton,335,67,2,67,94,4,402,161,6,404,165,569
NEDeKalb,NWCobb,432,72,8,97,92,6,529,164,14,512,195,707
NEDeKalb,NECobb,653,134,2,221,417,5,874,551,7,789,643,1432
NEDeKalb,SWCobb,147,22,1,51,105,1,198,127,2,170,157,327
NEDeKalb,Marietta,343,65,8,89,124,19,432,189,27,416,232,648
NEDeKalb,Cumberland,1642,293,72,335,635,19,1977,928,91,2007,989,2996
NEDeKalb,SCobb,454,83,28,101,216,12,555,299,40,565,329,894
NEDeKalb,Chamblee,8839,1642,229,10326,19936,154,19165,21578,383,10710,30416,41126
NEDeKalb,NWDeKalb,9390,1595,431,10502,22932,694,19892,24527,1125,11416,34128,45544
NEDeKalb,NEDeKalb,38267,6987,1101,72848,128662,2420,111115,135649,3521,46355,203930,250285
NEDeKalb,Atlanta-DeKalb,762,131,52,652,1297,73,1414,1428,125,945,2022,2967
NEDeKalb,Decatur,1385,238,67,1481,3634,246,2866,3872,313,1690,5361,7051
NEDeKalb,SWDeKalb,4041,761,179,5421,12881,439,9462,13642,618,4981,18741,23722
NEDeKalb,SEDeKalb,5773,1178,101,7278,20022,336,13051,21200,437,7052,27636,34688
NEDeKalb,SDeKalb,2541,517,29,1591,4201,59,4132,4718,88,3087,5851,8938
NEDeKalb,WDouglas,116,14,1,40,56,1,156,70,2,131,97,228
NEDeKalb,EDouglas,199,41,1,68,95,10,267,136,11,241,173,414
NEDeKalb,WFayette,81,21,0,32,36,2,113,57,2,102,70,172
NEDeKalb,EFayette,144,15,0,48,51,1,192,66,1,159,100,259
NEDeKalb,NGwinnett,2168,320,2,499,968,9,2667,1288,11,2490,1476,3966
NEDeKalb,CentGwinnett,5405,939,12,2533,5655,43,7938,6594,55,6356,8231,14587
NEDeKalb,EGwinnett,1241,195,0,341,904,7,1582,1099,7,1436,1252,2688
NEDeKalb,Norcross,8629,1781,60,10378,23387,126,19007,25168,186,10470,33891,44361
NEDeKalb,Lilburn,7431,1334,65,8593,21153,139,16024,22487,204,8830,29885,38715
NEDeKalb,Snellville,4000,671,13,2244,7286,61,6244,7957,74,4684,9591,14275
NEDeKalb,NHenry,739,143,5,240,605,5,979,748,10,887,850,1737
NEDeKalb,EHenry,424,64,0,95,224,1,519,288,1,488,320,808
NEDeKalb,SHenry,416,86,1,122,160,2,538,246,3,503,284,787
NEDeKalb,SRockdale,598,98,0,178,570,3,776,668,3,696,751,1447
NEDeKalb,NRockdale,835,189,2,280,614,5,1115,803,7,1026,899,1925
NEDeKalb,NBarrow,251,43,0,42,67,0,293,110,0,294,109,403
NEDeKalb,SBarrow,210,40,0,53,128,0,263,168,0,250,181,431
NEDeKalb,NWBartow,3,1,0,2,28,0,5,29,0,4,30,34
NEDeKalb,NEBartow,10,2,0,11,23,0,21,25,0,12,34,46
NEDeKalb,SWBartow,19,6,0,8,17,0,27,23,0,25,25,50
NEDeKalb,Cartersville,68,13,0,17,31,0,85,44,0,81,48,129
NEDeKalb,NECarroll,19,6,0,12,31,0,31,37,0,25,43,68
NEDeKalb,WCarroll,2,1,0,0,1,0,2,2,0,3,1,4
NEDeKalb,CentralCarroll,16,3,0,10,16,0,26,19,0,19,26,45
NEDeKalb,SECarroll,0,0,0,1,0,0,1,0,0,0,1,1
NEDeKalb,WCoweta,17,0,0,10,9,0,27,9,0,17,19,36
NEDeKalb,NCoweta,101,20,1,38,68,4,139,88,5,122,110,232
NEDeKalb,SCoweta,6,2,0,3,3,0,9,5,0,8,6,14
NEDeKalb,SECoweta,23,2,0,7,4,0,30,6,0,25,11,36
NEDeKalb,NForsyth,101,13,0,34,99,0,135,112,0,114,133,247
NEDeKalb,Cumming,274,57,0,104,166,2,378,223,2,331,272,603
NEDeKalb,SForsyth,371,64,0,109,240,1,480,304,1,435,350,785
NEDeKalb,NHall,43,12,0,15,20,0,58,32,0,55,35,90
NEDeKalb,Gainesville,160,29,0,39,91,0,199,120,0,189,130,319
NEDeKalb,SHall,423,79,0,94,158,0,517,237,0,502,252,754
NEDeKalb,WNewton,854,160,0,171,350,6,1025,510,6,1014,527,1541
NEDeKalb,ENewton,89,10,0,39,94,0,128,104,0,99,133,232
NEDeKalb,NPaulding,38,8,0,12,16,0,50,24,0,46,28,74
NEDeKalb,WPaulding,9,2,0,8,3,0,17,5,0,11,11,22
NEDeKalb,EPaulding,141,30,0,51,72,2,192,102,2,171,125,296
NEDeKalb,NSpalding,44,12,0,19,36,1,63,48,1,56,56,112
NEDeKalb,SSpalding,24,2,0,17,22,0,41,24,0,26,39,65
NEDeKalb,WWalton,683,104,1,186,468,2,869,572,3,788,656,1444
NEDeKalb,EWalton,231,31,0,66,127,0,297,158,0,262,193,455
Atlanta-DeKalb,NFulton,114,24,21,18,36,5,132,60,26,159,59,218
Atlanta-DeKalb,Roswell,76,15,14,18,47,1,94,62,15,105,66,171
Atlanta-DeKalb,SandySprings,540,90,148,108,171,30,648,261,178,778,309,1087
Atlanta-DeKalb,Buckhead,992,145,183,646,1070,115,1638,1215,298,1320,1831,3151
Atlanta-DeKalb,NWAtlanta,413,88,57,348,585,67,761,673,124,558,1000,1558
Atlanta-DeKalb,NEAtlanta,2480,382,307,4496,5780,280,6976,6162,587,3169,10556,13725
Atlanta-DeKalb,SWAtlanta,558,106,76,406,746,120,964,852,196,740,1272,2012
Atlanta-DeKalb,CBDAtlanta,2067,321,664,2113,3428,539,4180,3749,1203,3052,6080,9132
Atlanta-DeKalb,SEAtlanta,929,190,75,2016,4049,123,2945,4239,198,1194,6188,7382
Atlanta-DeKalb,SFulton,92,18,5,56,93,1,148,111,6,115,150,265
Atlanta-DeKalb,Tri-Cities,484,105,75,198,465,45,682,570,120,664,708,1372
Atlanta-DeKalb,Shannon,195,36,11,52,110,5,247,146,16,242,167,409
Atlanta-DeKalb,WCherokee,1,1,0,2,14,0,3,15,0,2,16,18
Atlanta-DeKalb,NCherokee,0,0,0,0,12,0,0,12,0,0,12,12
Atlanta-DeKalb,ECentCherokee,16,2,0,7,49,0,23,51,0,18,56,74
Atlanta-DeKalb,Woodstock,39,7,1,10,10,0,49,17,1,47,20,67
Atlanta-DeKalb,Airport,303,50,163,73,65,17,376,115,180,516,155,671
Atlanta-DeKalb,NEClayton,423,74,4,305,697,9,728,771,13,501,1011,1512
Atlanta-DeKalb,Riverdale,164,33,8,46,115,4,210,148,12,205,165,370
Atlanta-DeKalb,SClayton,124,27,4,45,90,2,169,117,6,155,137,292
Atlanta-DeKalb,NWCobb,80,22,4,30,44,7,110,66,11,106,81,187
Atlanta-DeKalb,NECobb,83,24,3,17,84,0,100,108,3,110,101,211
Atlanta-DeKalb,SWCobb,45,17,1,11,29,1,56,46,2,63,41,104
Atlanta-DeKalb,Marietta,106,23,5,28,48,11,134,71,16,134,87,221
Atlanta-DeKalb,Cumberland,431,99,59,113,184,14,544,283,73,589,311,900
Atlanta-DeKalb,SCobb,185,36,16,64,175,5,249,211,21,237,244,481
Atlanta-DeKalb,Chamblee,710,118,139,309,636,46,1019,754,185,967,991,1958
Atlanta-DeKalb,NWDeKalb,1759,332,89,3146,4833,170,4905,5165,259,2180,8149,10329
Atlanta-DeKalb,NEDeKalb,872,148,54,648,1208,71,1520,1356,125,1074,1927,3001
Atlanta-DeKalb,Atlanta-DeKalb,1401,294,77,4808,8572,167,6209,8866,244,1772,13547,15319
Atlanta-DeKalb,Decatur,706,130,59,1655,2715,81,2361,2845,140,895,4451,5346
Atlanta-DeKalb,SWDeKalb,1549,310,87,3033,7348,184,4582,7658,271,1946,10565,12511
Atlanta-DeKalb,SEDeKalb,575,111,45,346,886,34,921,997,79,731,1266,1997
Atlanta-DeKalb,SDeKalb,924,180,24,946,2376,45,1870,2556,69,1128,3367,4495
Atlanta-DeKalb,WDouglas,54,17,2,15,41,0,69,58,2,73,56,129
Atlanta-DeKalb,EDouglas,95,16,1,41,91,5,136,107,6,112,137,249
Atlanta-DeKalb,WFayette,32,7,1,8,44,0,40,51,1,40,52,92
Atlanta-DeKalb,EFayette,44,7,0,21,77,1,65,84,1,51,99,150
Atlanta-DeKalb,NGwinnett,65,8,4,30,75,1,95,83,5,77,106,183
Atlanta-DeKalb,CentGwinnett,151,34,10,51,78,2,202,112,12,195,131,326
Atlanta-DeKalb,EGwinnett,36,8,0,12,37,0,48,45,0,44,49,93
Atlanta-DeKalb,Norcross,257,37,13,67,189,8,324,226,21,307,264,571
Atlanta-DeKalb,Lilburn,134,27,5,71,171,1,205,198,6,166,243,409
Atlanta-DeKalb,Snellville,138,32,4,53,130,5,191,162,9,174,188,362
Atlanta-DeKalb,NHenry,198,34,2,108,255,0,306,289,2,234,363,597
Atlanta-DeKalb,EHenry,64,15,0,22,69,0,86,84,0,79,91,170
Atlanta-DeKalb,SHenry,120,19,2,43,95,1,163,114,3,141,139,280
Atlanta-DeKalb,SRockdale,72,16,3,36,199,0,108,215,3,91,235,326
Atlanta-DeKalb,NRockdale,97,19,0,33,39,1,130,58,1,116,73,189
Atlanta-DeKalb,NBarrow,4,1,0,4,3,0,8,4,0,5,7,12
Atlanta-DeKalb,SBarrow,4,3,0,3,3,1,7,6,1,7,7,14
Atlanta-DeKalb,NWBartow,3,1,0,2,0,0,5,1,0,4,2,6
Atlanta-DeKalb,NEBartow,0,0,0,1,0,0,1,0,0,0,1,1
Atlanta-DeKalb,SWBartow,2,1,0,2,8,0,4,9,0,3,10,13
Atlanta-DeKalb,Cartersville,10,3,0,1,11,0,11,14,0,13,12,25
Atlanta-DeKalb,NECarroll,7,1,0,3,20,0,10,21,0,8,23,31
Atlanta-DeKalb,WCarroll,0,0,0,3,2,0,3,2,0,0,5,5
Atlanta-DeKalb,CentralCarroll,9,3,0,3,3,0,12,6,0,12,6,18
Atlanta-DeKalb,SECarroll,1,0,0,0,0,0,1,0,0,1,0,1
Atlanta-DeKalb,WCoweta,15,1,0,2,11,0,17,12,0,16,13,29
Atlanta-DeKalb,NCoweta,40,13,0,14,40,3,54,53,3,53,57,110
Atlanta-DeKalb,SCoweta,4,1,0,0,12,0,4,13,0,5,12,17
Atlanta-DeKalb,SECoweta,5,0,0,3,7,0,8,7,0,5,10,15
Atlanta-DeKalb,NForsyth,5,2,0,5,6,0,10,8,0,7,11,18
Atlanta-DeKalb,Cumming,15,2,1,8,33,1,23,35,2,18,42,60
Atlanta-DeKalb,SForsyth,13,1,2,9,23,1,22,24,3,16,33,49
Atlanta-DeKalb,NHall,1,0,0,0,0,0,1,0,0,1,0,1
Atlanta-DeKalb,Gainesville,3,1,0,1,3,0,4,4,0,4,4,8
Atlanta-DeKalb,SHall,7,5,0,6,25,0,13,30,0,12,31,43
Atlanta-DeKalb,WNewton,103,18,1,32,125,1,135,143,2,122,158,280
Atlanta-DeKalb,ENewton,17,3,0,4,9,0,21,12,0,20,13,33
Atlanta-DeKalb,NPaulding,8,1,0,1,12,1,9,13,1,9,14,23
Atlanta-DeKalb,WPaulding,5,0,0,3,2,0,8,2,0,5,5,10
Atlanta-DeKalb,EPaulding,50,4,1,6,52,0,56,56,1,55,58,113
Atlanta-DeKalb,NSpalding,22,2,0,7,16,0,29,18,0,24,23,47
Atlanta-DeKalb,SSpalding,10,0,0,4,3,0,14,3,0,10,7,17
Atlanta-DeKalb,WWalton,28,7,0,13,54,0,41,61,0,35,67,102
Atlanta-DeKalb,EWalton,12,2,0,7,8,0,19,10,0,14,15,29
Decatur,NFulton,147,35,25,27,48,1,174,83,26,207,76,283
Decatur,Roswell,96,16,15,21,60,8,117,76,23,127,89,216
Decatur,SandySprings,484,73,118,91,160,35,575,233,153,675,286,961
Decatur,Buckhead,801,110,165,429,502,82,1230,612,247,1076,1013,2089
Decatur,NWAtlanta,299,47,94,133,248,48,432,295,142,440,429,869
Decatur,NEAtlanta,1530,206,271,1359,2065,226,2889,2271,497,2007,3650,5657
Decatur,SWAtlanta,370,65,140,144,281,103,514,346,243,575,528,1103
Decatur,CBDAtlanta,1129,142,659,451,1008,253,1580,1150,912,1930,1712,3642
Decatur,SEAtlanta,402,71,67,287,496,110,689,567,177,540,893,1433
Decatur,SFulton,77,13,9,26,66,4,103,79,13,99,96,195
Decatur,Tri-Cities,304,67,85,68,144,63,372,211,148,456,275,731
Decatur,Shannon,124,25,25,26,42,17,150,67,42,174,85,259
Decatur,WCherokee,3,1,0,1,2,0,4,3,0,4,3,7
Decatur,NCherokee,0,0,0,0,1,0,0,1,0,0,1,1
Decatur,ECentCherokee,20,4,0,3,20,1,23,24,1,24,24,48
Decatur,Woodstock,42,15,2,6,13,0,48,28,2,59,19,78
Decatur,Airport,151,19,114,12,25,8,163,44,122,284,45,329
Decatur,NEClayton,277,50,17,128,265,20,405,315,37,344,413,757
Decatur,Riverdale,107,15,7,33,78,8,140,93,15,129,119,248
Decatur,SClayton,105,12,3,28,30,3,133,42,6,120,61,181
Decatur,NWCobb,85,11,6,12,77,2,97,88,8,102,91,193
Decatur,NECobb,84,11,3,20,33,1,104,44,4,98,54,152
Decatur,SWCobb,39,7,1,12,29,2,51,36,3,47,43,90
Decatur,Marietta,71,17,2,8,35,10,79,52,12,90,53,143
Decatur,Cumberland,302,55,42,51,84,15,353,139,57,399,150,549
Decatur,SCobb,161,29,29,38,72,8,199,101,37,219,118,337
Decatur,Chamblee,848,123,130,484,834,58,1332,957,188,1101,1376,2477
Decatur,NWDeKalb,3288,516,276,6364,8486,470,9652,9002,746,4080,15320,19400
Decatur,NEDeKalb,1486,240,76,1552,3615,213,3038,3855,289,1802,5380,7182
Decatur,Atlanta-DeKalb,697,134,56,1652,2830,91,2349,2964,147,887,4573,5460
Decatur,Decatur,2337,417,192,5947,8558,322,8284,8975,514,2946,14827,17773
Decatur,SWDeKalb,1854,365,161,3724,8887,451,5578,9252,612,2380,13062,15442
Decatur,SEDeKalb,1032,183,95,878,2564,267,1910,2747,362,1310,3709,5019
Decatur,SDeKalb,971,169,50,813,2248,108,1784,2417,158,1190,3169,4359
Decatur,WDouglas,39,9,5,19,14,2,58,23,7,53,35,88
Decatur,EDouglas,91,14,13,24,56,3,115,70,16,118,83,201
Decatur,WFayette,21,2,2,9,6,0,30,8,2,25,15,40
Decatur,EFayette,28,3,0,12,44,1,40,47,1,31,57,88
Decatur,NGwinnett,107,27,2,48,109,4,155,136,6,136,161,297
Decatur,CentGwinnett,285,43,9,104,200,22,389,243,31,337,326,663
Decatur,EGwinnett,60,11,1,23,44,1,83,55,2,72,68,140
Decatur,Norcross,361,65,19,162,352,37,523,417,56,445,551,996
Decatur,Lilburn,254,45,7,172,448,28,426,493,35,306,648,954
Decatur,Snellville,237,49,10,137,337,26,374,386,36,296,500,796
Decatur,NHenry,233,37,4,120,287,12,353,324,16,274,419,693
Decatur,EHenry,101,8,1,29,63,2,130,71,3,110,94,204
Decatur,SHenry,103,34,4,35,89,6,138,123,10,141,130,271
Decatur,SRockdale,108,19,1,49,94,6,157,113,7,128,149,277
Decatur,NRockdale,120,26,1,33,80,5,153,106,6,147,118,265
Decatur,NBarrow,14,1,0,2,7,0,16,8,0,15,9,24
Decatur,SBarrow,6,2,0,3,10,0,9,12,0,8,13,21
Decatur,NWBartow,1,0,0,0,2,0,1,2,0,1,2,3
Decatur,NEBartow,2,0,0,0,1,0,2,1,0,2,1,3
Decatur,SWBartow,4,0,0,1,2,0,5,2,0,4,3,7
Decatur,Cartersville,2,2,2,2,3,0,4,5,2,6,5,11
Decatur,NECarroll,8,2,0,6,4,0,14,6,0,10,10,20
Decatur,WCarroll,2,0,0,1,1,0,3,1,0,2,2,4
Decatur,CentralCarroll,3,0,0,3,0,0,6,0,0,3,3,6
Decatur,SECarroll,1,0,0,0,0,0,1,0,0,1,0,1
Decatur,WCoweta,5,2,0,2,6,0,7,8,0,7,8,15
Decatur,NCoweta,30,5,3,16,52,2,46,57,5,38,70,108
Decatur,SCoweta,2,0,0,1,4,0,3,4,0,2,5,7
Decatur,SECoweta,3,1,0,2,6,0,5,7,0,4,8,12
Decatur,NForsyth,10,0,0,3,26,0,13,26,0,10,29,39
Decatur,Cumming,11,4,1,16,31,1,27,35,2,16,48,64
Decatur,SForsyth,27,5,4,4,19,2,31,24,6,36,25,61
Decatur,NHall,1,0,0,1,1,0,2,1,0,1,2,3
Decatur,Gainesville,5,0,0,3,6,0,8,6,0,5,9,14
Decatur,SHall,19,5,0,7,31,0,26,36,0,24,38,62
Decatur,WNewton,124,30,2,40,79,2,164,109,4,156,121,277
Decatur,ENewton,14,1,0,7,4,0,21,5,0,15,11,26
Decatur,NPaulding,4,3,0,3,12,0,7,15,0,7,15,22
Decatur,WPaulding,4,0,0,4,5,0,8,5,0,4,9,13
Decatur,EPaulding,46,3,0,16,14,1,62,17,1,49,31,80
Decatur,NSpalding,12,1,0,4,0,0,16,1,0,13,4,17
Decatur,SSpalding,4,0,0,1,0,0,5,0,0,4,1,5
Decatur,WWalton,42,5,1,27,39,0,69,44,1,48,66,114
Decatur,EWalton,11,4,0,10,20,0,21,24,0,15,30,45
SWDeKalb,NFulton,321,72,21,42,105,7,363,177,28,414,154,568
SWDeKalb,Roswell,158,35,14,47,113,5,205,148,19,207,165,372
SWDeKalb,SandySprings,1241,235,256,132,466,32,1373,701,288,1732,630,2362
SWDeKalb,Buckhead,1932,354,407,543,1090,188,2475,1444,595,2693,1821,4514
SWDeKalb,NWAtlanta,781,196,120,315,682,122,1096,878,242,1097,1119,2216
SWDeKalb,NEAtlanta,3174,653,687,1999,4737,413,5173,5390,1100,4514,7149,11663
SWDeKalb,SWAtlanta,1052,215,177,491,1254,152,1543,1469,329,1444,1897,3341
SWDeKalb,CBDAtlanta,3552,675,1838,1594,4007,975,5146,4682,2813,6065,6576,12641
SWDeKalb,SEAtlanta,1797,394,109,2188,5362,138,3985,5756,247,2300,7688,9988
SWDeKalb,SFulton,219,43,11,78,119,1,297,162,12,273,198,471
SWDeKalb,Tri-Cities,1056,206,120,320,844,36,1376,1050,156,1382,1200,2582
SWDeKalb,Shannon,340,84,18,95,255,5,435,339,23,442,355,797
SWDeKalb,WCherokee,4,2,0,1,1,0,5,3,0,6,2,8
SWDeKalb,NCherokee,3,0,0,3,2,0,6,2,0,3,5,8
SWDeKalb,ECentCherokee,23,11,0,12,26,0,35,37,0,34,38,72
SWDeKalb,Woodstock,65,14,4,18,62,0,83,76,4,83,80,163
SWDeKalb,Airport,829,136,250,135,248,12,964,384,262,1215,395,1610
SWDeKalb,NEClayton,1265,248,17,783,2404,12,2048,2652,29,1530,3199,4729
SWDeKalb,Riverdale,373,71,11,139,286,5,512,357,16,455,430,885
SWDeKalb,SClayton,354,75,3,114,298,3,468,373,6,432,415,847
SWDeKalb,NWCobb,128,42,11,37,151,9,165,193,20,181,197,378
SWDeKalb,NECobb,177,38,2,37,78,0,214,116,2,217,115,332
SWDeKalb,SWCobb,96,12,2,35,38,0,131,50,2,110,73,183
SWDeKalb,Marietta,156,50,10,31,87,12,187,137,22,216,130,346
SWDeKalb,Cumberland,781,209,76,113,307,6,894,516,82,1066,426,1492
SWDeKalb,SCobb,358,69,27,102,287,5,460,356,32,454,394,848
SWDeKalb,Chamblee,1795,336,225,670,1441,113,2465,1777,338,2356,2224,4580
SWDeKalb,NWDeKalb,3843,850,281,5803,11357,404,9646,12207,685,4974,17564,22538
SWDeKalb,NEDeKalb,4102,800,186,5360,13023,452,9462,13823,638,5088,18835,23923
SWDeKalb,Atlanta-DeKalb,1367,265,80,3004,7204,184,4371,7469,264,1712,10392,12104
SWDeKalb,Decatur,1681,317,120,3820,8643,435,5501,8960,555,2118,12898,15016
SWDeKalb,SWDeKalb,7978,1742,355,23570,55410,1047,31548,57152,1402,10075,80027,90102
SWDeKalb,SEDeKalb,3666,729,168,5901,16929,432,9567,17658,600,4563,23262,27825
SWDeKalb,SDeKalb,4514,902,93,7211,19855,325,11725,20757,418,5509,27391,32900
SWDeKalb,WDouglas,104,6,1,27,32,1,131,38,2,111,60,171
SWDeKalb,EDouglas,206,33,13,54,181,1,260,214,14,252,236,488
SWDeKalb,WFayette,108,18,1,28,40,0,136,58,1,127,68,195
SWDeKalb,EFayette,123,24,1,47,89,0,170,113,1,148,136,284
SWDeKalb,NGwinnett,169,37,2,71,121,0,240,158,2,208,192,400
SWDeKalb,CentGwinnett,539,81,10,179,438,2,718,519,12,630,619,1249
SWDeKalb,EGwinnett,146,28,0,41,192,0,187,220,0,174,233,407
SWDeKalb,Norcross,865,161,21,379,819,10,1244,980,31,1047,1208,2255
SWDeKalb,Lilburn,632,105,5,429,1281,8,1061,1386,13,742,1718,2460
SWDeKalb,Snellville,658,120,4,284,1069,11,942,1189,15,782,1364,2146
SWDeKalb,NHenry,887,162,5,483,1505,5,1370,1667,10,1054,1993,3047
SWDeKalb,EHenry,326,47,1,116,294,2,442,341,3,374,412,786
SWDeKalb,SHenry,485,77,1,110,213,0,595,290,1,563,323,886
SWDeKalb,SRockdale,430,70,4,157,536,1,587,606,5,504,694,1198
SWDeKalb,NRockdale,431,87,0,182,516,3,613,603,3,518,701,1219
SWDeKalb,NBarrow,17,7,0,12,21,0,29,28,0,24,33,57
SWDeKalb,SBarrow,18,4,0,14,10,1,32,14,1,22,25,47
SWDeKalb,NWBartow,0,0,0,3,1,0,3,1,0,0,4,4
SWDeKalb,NEBartow,3,0,0,2,6,0,5,6,0,3,8,11
SWDeKalb,SWBartow,3,0,0,3,6,0,6,6,0,3,9,12
SWDeKalb,Cartersville,9,3,0,3,20,0,12,23,0,12,23,35
SWDeKalb,NECarroll,13,5,0,8,27,0,21,32,0,18,35,53
SWDeKalb,WCarroll,1,1,0,1,2,0,2,3,0,2,3,5
SWDeKalb,CentralCarroll,15,0,0,4,21,0,19,21,0,15,25,40
SWDeKalb,SECarroll,1,0,0,0,0,0,1,0,0,1,0,1
SWDeKalb,WCoweta,27,3,0,10,7,0,37,10,0,30,17,47
SWDeKalb,NCoweta,125,18,1,33,166,0,158,184,1,144,199,343
SWDeKalb,SCoweta,6,3,0,3,10,0,9,13,0,9,13,22
SWDeKalb,SECoweta,21,7,0,6,4,0,27,11,0,28,10,38
SWDeKalb,NForsyth,8,1,0,2,39,0,10,40,0,9,41,50
SWDeKalb,Cumming,37,1,0,9,91,0,46,92,0,38,100,138
SWDeKalb,SForsyth,50,7,1,22,54,0,72,61,1,58,76,134
SWDeKalb,NHall,7,0,0,2,2,0,9,2,0,7,4,11
SWDeKalb,Gainesville,4,1,0,12,42,0,16,43,0,5,54,59
SWDeKalb,SHall,36,2,0,20,71,0,56,73,0,38,91,129
SWDeKalb,WNewton,514,84,6,119,264,1,633,348,7,604,384,988
SWDeKalb,ENewton,51,8,0,25,37,0,76,45,0,59,62,121
SWDeKalb,NPaulding,13,1,1,4,7,0,17,8,1,15,11,26
SWDeKalb,WPaulding,9,1,0,4,28,0,13,29,0,10,32,42
SWDeKalb,EPaulding,73,13,0,26,38,0,99,51,0,86,64,150
SWDeKalb,NSpalding,51,7,0,12,21,0,63,28,0,58,33,91
SWDeKalb,SSpalding,22,4,0,8,18,0,30,22,0,26,26,52
SWDeKalb,WWalton,137,23,0,46,106,4,183,129,4,160,156,316
SWDeKalb,EWalton,48,8,0,22,66,0,70,74,0,56,88,144
SEDeKalb,NFulton,373,74,16,68,88,3,441,162,19,463,159,622
SEDeKalb,Roswell,219,42,6,52,82,0,271,124,6,267,134,401
SEDeKalb,SandySprings,1391,257,196,177,383,59,1568,640,255,1844,619,2463
SEDeKalb,Buckhead,1853,341,389,299,851,66,2152,1192,455,2583,1216,3799
SEDeKalb,NWAtlanta,619,121,74,82,281,34,701,402,108,814,397,1211
SEDeKalb,NEAtlanta,2739,507,567,614,1538,229,3353,2045,796,3813,2381,6194
SEDeKalb,SWAtlanta,671,133,83,168,325,48,839,458,131,887,541,1428
SEDeKalb,CBDAtlanta,2955,604,2083,495,1022,591,3450,1626,2674,5642,2108,7750
SEDeKalb,SEAtlanta,963,183,66,304,638,42,1267,821,108,1212,984,2196
SEDeKalb,SFulton,109,17,4,28,35,2,137,52,6,130,65,195
SEDeKalb,Tri-Cities,781,150,46,99,188,29,880,338,75,977,316,1293
SEDeKalb,Shannon,216,28,5,48,155,0,264,183,5,249,203,452
SEDeKalb,WCherokee,1,0,0,1,1,0,2,1,0,1,2,3
SEDeKalb,NCherokee,0,0,0,1,0,0,1,0,0,0,1,1
SEDeKalb,ECentCherokee,15,3,0,9,12,0,24,15,0,18,21,39
SEDeKalb,Woodstock,24,11,0,13,12,0,37,23,0,35,25,60
SEDeKalb,Airport,804,120,203,49,68,4,853,188,207,1127,121,1248
SEDeKalb,NEClayton,766,155,5,267,807,6,1033,962,11,926,1080,2006
SEDeKalb,Riverdale,175,32,3,85,146,1,260,178,4,210,232,442
SEDeKalb,SClayton,198,53,2,66,89,1,264,142,3,253,156,409
SEDeKalb,NWCobb,56,16,2,33,62,5,89,78,7,74,100,174
SEDeKalb,NECobb,121,29,0,50,42,0,171,71,0,150,92,242
SEDeKalb,SWCobb,32,6,0,15,14,0,47,20,0,38,29,67
SEDeKalb,Marietta,146,46,7,57,94,17,203,140,24,199,168,367
SEDeKalb,Cumberland,731,203,43,79,236,5,810,439,48,977,320,1297
SEDeKalb,SCobb,230,45,11,42,95,4,272,140,15,286,141,427
SEDeKalb,Chamblee,1982,394,130,455,1145,52,2437,1539,182,2506,1652,4158
SEDeKalb,NWDeKalb,3210,675,134,2400,6709,324,5610,7384,458,4019,9433,13452
SEDeKalb,NEDeKalb,5431,1059,86,7205,19823,377,12636,20882,463,6576,27405,33981
SEDeKalb,Atlanta-DeKalb,529,105,32,351,821,29,880,926,61,666,1201,1867
SEDeKalb,Decatur,892,191,82,838,2569,243,1730,2760,325,1165,3650,4815
SEDeKalb,SWDeKalb,3160,600,104,5860,16267,411,9020,16867,515,3864,22538,26402
SEDeKalb,SEDeKalb,15548,2922,308,37634,89168,1008,53182,92090,1316,18778,127810,146588
SEDeKalb,SDeKalb,5640,1102,87,9808,25159,298,15448,26261,385,6829,35265,42094
SEDeKalb,WDouglas,47,3,0,8,18,0,55,21,0,50,26,76
SEDeKalb,EDouglas,85,19,1,27,59,1,112,78,2,105,87,192
SEDeKalb,WFayette,47,11,0,15,20,0,62,31,0,58,35,93
SEDeKalb,EFayette,77,19,0,22,63,0,99,82,0,96,85,181
SEDeKalb,NGwinnett,308,42,0,105,279,1,413,321,1,350,385,735
SEDeKalb,CentGwinnett,1033,228,2,529,1412,7,1562,1640,9,1263,1948,3211
SEDeKalb,EGwinnett,316,56,0,131,407,0,447,463,0,372,538,910
SEDeKalb,Norcross,1332,275,7,482,1604,7,1814,1879,14,1614,2093,3707
SEDeKalb,Lilburn,1537,289,6,2274,6784,8,3811,7073,14,1832,9066,10898
SEDeKalb,Snellville,2212,431,4,2433,7785,15,4645,8216,19,2647,10233,12880
SEDeKalb,NHenry,764,145,1,598,1528,5,1362,1673,6,910,2131,3041
SEDeKalb,EHenry,518,92,0,246,556,0,764,648,0,610,802,1412
SEDeKalb,SHenry,373,73,1,108,288,0,481,361,1,447,396,843
SEDeKalb,SRockdale,1295,261,12,1200,3552,15,2495,3813,27,1568,4767,6335
SEDeKalb,NRockdale,2195,443,15,1801,4956,17,3996,5399,32,2653,6774,9427
SEDeKalb,NBarrow,59,13,0,23,88,0,82,101,0,72,111,183
SEDeKalb,SBarrow,58,14,0,32,73,0,90,87,0,72,105,177
SEDeKalb,NWBartow,0,0,0,0,0,0,0,0,0,0,0,0
SEDeKalb,NEBartow,0,0,0,0,0,0,0,0,0,0,0,0
SEDeKalb,SWBartow,0,1,0,1,1,0,1,2,0,1,2,3
SEDeKalb,Cartersville,3,1,0,3,3,0,6,4,0,4,6,10
SEDeKalb,NECarroll,6,5,0,3,23,0,9,28,0,11,26,37
SEDeKalb,WCarroll,0,1,0,0,0,0,0,1,0,1,0,1
SEDeKalb,CentralCarroll,8,1,0,2,0,0,10,1,0,9,2,11
SEDeKalb,SECarroll,0,0,0,0,0,0,0,0,0,0,0,0
SEDeKalb,WCoweta,6,3,0,3,2,0,9,5,0,9,5,14
SEDeKalb,NCoweta,54,12,1,17,26,1,71,38,2,67,44,111
SEDeKalb,SCoweta,3,0,0,6,2,0,9,2,0,3,8,11
SEDeKalb,SECoweta,3,3,0,3,4,0,6,7,0,6,7,13
SEDeKalb,NForsyth,6,0,0,2,14,0,8,14,0,6,16,22
SEDeKalb,Cumming,15,5,0,13,22,0,28,27,0,20,35,55
SEDeKalb,SForsyth,56,9,0,15,41,0,71,50,0,65,56,121
SEDeKalb,NHall,2,0,0,1,3,0,3,3,0,2,4,6
SEDeKalb,Gainesville,24,3,0,5,45,0,29,48,0,27,50,77
SEDeKalb,SHall,44,9,0,14,81,0,58,90,0,53,95,148
SEDeKalb,WNewton,1254,245,6,355,943,5,1609,1188,11,1505,1303,2808
SEDeKalb,ENewton,109,20,0,48,146,0,157,166,0,129,194,323
SEDeKalb,NPaulding,4,0,0,3,2,0,7,2,0,4,5,9
SEDeKalb,WPaulding,1,0,0,3,0,0,4,0,0,1,3,4
SEDeKalb,EPaulding,28,3,0,13,52,0,41,55,0,31,65,96
SEDeKalb,NSpalding,48,8,0,12,40,0,60,48,0,56,52,108
SEDeKalb,SSpalding,15,2,0,2,28,0,17,30,0,17,30,47
SEDeKalb,WWalton,524,86,0,208,689,0,732,775,0,610,897,1507
SEDeKalb,EWalton,187,27,0,61,84,0,248,111,0,214,145,359
SDeKalb,NFulton,282,52,15,61,122,0,343,174,15,349,183,532
SDeKalb,Roswell,168,39,1,29,54,1,197,93,2,208,84,292
SDeKalb,SandySprings,992,210,93,102,249,20,1094,459,113,1295,371,1666
SDeKalb,Buckhead,1566,396,140,271,817,58,1837,1213,198,2102,1146,3248
SDeKalb,NWAtlanta,785,176,38,233,567,13,1018,743,51,999,813,1812
SDeKalb,NEAtlanta,2924,615,272,1190,2861,178,4114,3476,450,3811,4229,8040
SDeKalb,SWAtlanta,815,195,49,474,886,43,1289,1081,92,1059,1403,2462
SDeKalb,CBDAtlanta,3818,848,1037,1182,3040,481,5000,3888,1518,5703,4703,10406
SDeKalb,SEAtlanta,1795,353,56,1579,4087,49,3374,4440,105,2204,5715,7919
SDeKalb,SFulton,235,61,0,91,223,2,326,284,2,296,316,612
SDeKalb,Tri-Cities,1357,281,31,532,1191,10,1889,1472,41,1669,1733,3402
SDeKalb,Shannon,543,121,4,197,355,7,740,476,11,668,559,1227
SDeKalb,WCherokee,2,2,0,1,1,0,3,3,0,4,2,6
SDeKalb,NCherokee,1,0,0,0,0,0,1,0,0,1,0,1
SDeKalb,ECentCherokee,31,10,0,16,15,0,47,25,0,41,31,72
SDeKalb,Woodstock,51,13,0,15,52,0,66,65,0,64,67,131
SDeKalb,Airport,1233,227,91,247,725,22,1480,952,113,1551,994,2545
SDeKalb,NEClayton,3041,642,13,3039,7400,41,6080,8042,54,3696,10480,14176
SDeKalb,Riverdale,515,116,3,283,812,3,798,928,6,634,1098,1732
SDeKalb,SClayton,840,155,3,374,900,3,1214,1055,6,998,1277,2275
SDeKalb,NWCobb,147,30,2,55,92,3,202,122,5,179,150,329
SDeKalb,NECobb,153,50,0,43,89,0,196,139,0,203,132,335
SDeKalb,SWCobb,99,14,0,22,65,0,121,79,0,113,87,200
SDeKalb,Marietta,200,57,3,64,58,8,264,115,11,260,130,390
SDeKalb,Cumberland,853,215,16,121,405,4,974,620,20,1084,530,1614
SDeKalb,SCobb,318,66,7,89,241,2,407,307,9,391,332,723
SDeKalb,Chamblee,1448,259,66,299,737,16,1747,996,82,1773,1052,2825
SDeKalb,NWDeKalb,2498,505,77,1491,3552,124,3989,4057,201,3080,5167,8247
SDeKalb,NEDeKalb,2608,461,31,1598,4176,64,4206,4637,95,3100,5838,8938
SDeKalb,Atlanta-DeKalb,784,160,15,907,2353,46,1691,2513,61,959,3306,4265
SDeKalb,Decatur,854,178,48,793,2176,107,1647,2354,155,1080,3076,4156
SDeKalb,SWDeKalb,4051,900,88,7142,19673,307,11193,20573,395,5039,27122,32161
SDeKalb,SEDeKalb,5552,1089,80,9975,24798,250,15527,25887,330,6721,35023,41744
SDeKalb,SDeKalb,16097,3222,199,40410,100491,609,56507,103713,808,19518,141510,161028
SDeKalb,WDouglas,96,20,0,30,75,0,126,95,0,116,105,221
SDeKalb,EDouglas,167,38,1,48,122,0,215,160,1,206,170,376
SDeKalb,WFayette,164,47,1,45,48,1,209,95,2,212,94,306
SDeKalb,EFayette,299,41,0,108,225,0,407,266,0,340,333,673
SDeKalb,NGwinnett,203,31,0,59,130,2,262,161,2,234,191,425
SDeKalb,CentGwinnett,624,97,0,169,330,5,793,427,5,721,504,1225
SDeKalb,EGwinnett,171,31,0,51,147,2,222,178,2,202,200,402
SDeKalb,Norcross,802,167,6,178,519,1,980,686,7,975,698,1673
SDeKalb,Lilburn,565,128,0,382,883,3,947,1011,3,693,1268,1961
SDeKalb,Snellville,882,177,1,573,1589,6,1455,1766,7,1060,2168,3228
SDeKalb,NHenry,2651,542,11,3113,9987,29,5764,10529,40,3204,13129,16333
SDeKalb,EHenry,930,161,0,595,1583,5,1525,1744,5,1091,2183,3274
SDeKalb,SHenry,1133,188,0,336,866,1,1469,1054,1,1321,1203,2524
SDeKalb,SRockdale,1563,275,4,1911,5279,10,3474,5554,14,1842,7200,9042
SDeKalb,NRockdale,1887,387,6,1572,3997,11,3459,4384,17,2280,5580,7860
SDeKalb,NBarrow,25,7,0,14,38,0,39,45,0,32,52,84
SDeKalb,SBarrow,46,2,0,14,20,0,60,22,0,48,34,82
SDeKalb,NWBartow,1,0,0,0,0,0,1,0,0,1,0,1
SDeKalb,NEBartow,0,0,0,1,3,0,1,3,0,0,4,4
SDeKalb,SWBartow,4,0,0,4,4,0,8,4,0,4,8,12
SDeKalb,Cartersville,11,2,0,3,11,0,14,13,0,13,14,27
SDeKalb,NECarroll,23,7,0,3,31,0,26,38,0,30,34,64
SDeKalb,WCarroll,1,0,0,2,0,0,3,0,0,1,2,3
SDeKalb,CentralCarroll,7,4,0,10,14,0,17,18,0,11,24,35
SDeKalb,SECarroll,2,0,0,5,17,0,7,17,0,2,22,24
SDeKalb,WCoweta,42,7,0,8,11,0,50,18,0,49,19,68
SDeKalb,NCoweta,206,43,0,52,97,0,258,140,0,249,149,398
SDeKalb,SCoweta,14,4,0,7,9,1,21,13,1,18,17,35
SDeKalb,SECoweta,28,7,0,16,11,0,44,18,0,35,27,62
SDeKalb,NForsyth,5,2,0,3,6,0,8,8,0,7,9,16
SDeKalb,Cumming,27,5,0,9,30,0,36,35,0,32,39,71
SDeKalb,SForsyth,49,8,0,12,66,1,61,74,1,57,79,136
SDeKalb,NHall,1,0,0,0,0,0,1,0,0,1,0,1
SDeKalb,Gainesville,13,1,0,8,10,0,21,11,0,14,18,32
SDeKalb,SHall,34,4,0,14,23,0,48,27,0,38,37,75
SDeKalb,WNewton,1228,212,1,473,1240,5,1701,1452,6,1441,1718,3159
SDeKalb,ENewton,139,20,0,36,100,1,175,120,1,159,137,296
SDeKalb,NPaulding,18,4,0,5,21,0,23,25,0,22,26,48
SDeKalb,WPaulding,3,1,0,1,9,0,4,10,0,4,10,14
SDeKalb,EPaulding,96,15,0,37,87,0,133,102,0,111,124,235
SDeKalb,NSpalding,121,20,0,31,25,0,152,45,0,141,56,197
SDeKalb,SSpalding,66,5,0,17,41,0,83,46,0,71,58,129
SDeKalb,WWalton,274,58,0,118,313,1,392,371,1,332,432,764
SDeKalb,EWalton,110,17,0,49,95,0,159,112,0,127,144,271
WDouglas,NFulton,63,10,1,16,69,0,79,79,1,74,85,159
WDouglas,Roswell,37,7,0,10,32,0,47,39,0,44,42,86
WDouglas,SandySprings,399,56,10,47,160,3,446,216,13,465,210,675
WDouglas,Buckhead,494,90,20,113,257,3,607,347,23,604,373,977
WDouglas,NWAtlanta,624,90,3,99,326,3,723,416,6,717,428,1145
WDouglas,NEAtlanta,593,86,23,171,450,24,764,536,47,702,645,1347
WDouglas,SWAtlanta,805,159,2,268,674,10,1073,833,12,966,952,1918
WDouglas,CBDAtlanta,752,118,159,181,420,34,933,538,193,1029,635,1664
WDouglas,SEAtlanta,314,48,4,95,206,2,409,254,6,366,303,669
WDouglas,SFulton,1379,254,3,757,1996,0,2136,2250,3,1636,2753,4389
WDouglas,Tri-Cities,588,116,2,122,342,0,710,458,2,706,464,1170
WDouglas,Shannon,731,128,0,239,609,1,970,737,1,859,849,1708
WDouglas,WCherokee,3,0,0,3,1,0,6,1,0,3,4,7
WDouglas,NCherokee,2,0,0,0,0,0,2,0,0,2,0,2
WDouglas,ECentCherokee,29,4,0,11,45,0,40,49,0,33,56,89
WDouglas,Woodstock,68,12,0,13,35,0,81,47,0,80,48,128
WDouglas,Airport,335,41,12,35,134,1,370,175,13,388,170,558
WDouglas,NEClayton,223,45,2,41,58,0,264,103,2,270,99,369
WDouglas,Riverdale,114,19,0,42,74,0,156,93,0,133,116,249
WDouglas,SClayton,108,20,0,14,38,0,122,58,0,128,52,180
WDouglas,NWCobb,552,105,0,131,234,3,683,339,3,657,368,1025
WDouglas,NECobb,280,45,0,44,99,0,324,144,0,325,143,468
WDouglas,SWCobb,856,151,0,366,874,0,1222,1025,0,1007,1240,2247
WDouglas,Marietta,455,87,0,124,230,2,579,317,2,542,356,898
WDouglas,Cumberland,1084,188,0,125,355,1,1209,543,1,1272,481,1753
WDouglas,SCobb,1356,258,1,510,1520,0,1866,1778,1,1615,2030,3645
WDouglas,Chamblee,227,56,7,41,130,0,268,186,7,290,171,461
WDouglas,NWDeKalb,246,45,3,57,254,3,303,299,6,294,314,608
WDouglas,NEDeKalb,124,21,1,48,53,1,172,74,2,146,102,248
WDouglas,Atlanta-DeKalb,57,16,2,12,49,0,69,65,2,75,61,136
WDouglas,Decatur,37,8,5,18,17,2,55,25,7,50,37,87
WDouglas,SWDeKalb,91,17,1,24,44,1,115,61,2,109,69,178
WDouglas,SEDeKalb,37,4,0,7,14,0,44,18,0,41,21,62
WDouglas,SDeKalb,111,24,0,36,88,0,147,112,0,135,124,259
WDouglas,WDouglas,17723,3493,0,34844,80906,0,52567,84399,0,21216,115750,136966
WDouglas,EDouglas,7143,1382,4,10529,25845,12,17672,27227,16,8529,36386,44915
WDouglas,WFayette,331,58,0,92,139,0,423,197,0,389,231,620
WDouglas,EFayette,186,44,0,48,82,0,234,126,0,230,130,360
WDouglas,NGwinnett,7,3,0,2,2,0,9,5,0,10,4,14
WDouglas,CentGwinnett,31,4,0,20,36,0,51,40,0,35,56,91
WDouglas,EGwinnett,3,0,0,0,2,0,3,2,0,3,2,5
WDouglas,Norcross,93,21,0,15,99,0,108,120,0,114,114,228
WDouglas,Lilburn,18,5,0,5,6,0,23,11,0,23,11,34
WDouglas,Snellville,8,1,0,7,7,0,15,8,0,9,14,23
WDouglas,NHenry,56,8,0,20,22,0,76,30,0,64,42,106
WDouglas,EHenry,8,0,0,5,17,0,13,17,0,8,22,30
WDouglas,SHenry,38,6,0,10,11,0,48,17,0,44,21,65
WDouglas,SRockdale,6,1,0,4,12,0,10,13,0,7,16,23
WDouglas,NRockdale,21,0,0,10,15,0,31,15,0,21,25,46
WDouglas,NBarrow,0,0,0,0,0,0,0,0,0,0,0,0
WDouglas,SBarrow,0,0,0,1,0,0,1,0,0,0,1,1
WDouglas,NWBartow,11,1,0,3,8,0,14,9,0,12,11,23
WDouglas,NEBartow,8,0,0,0,7,0,8,7,0,8,7,15
WDouglas,SWBartow,33,6,0,7,16,0,40,22,0,39,23,62
WDouglas,Cartersville,105,23,0,29,32,0,134,55,0,128,61,189
WDouglas,NECarroll,2633,504,0,2594,6916,0,5227,7420,0,3137,9510,12647
WDouglas,WCarroll,241,32,0,58,86,0,299,118,0,273,144,417
WDouglas,CentralCarroll,1893,327,0,1059,2411,0,2952,2738,0,2220,3470,5690
WDouglas,SECarroll,249,48,0,138,388,0,387,436,0,297,526,823
WDouglas,WCoweta,279,52,0,67,167,0,346,219,0,331,234,565
WDouglas,NCoweta,798,127,0,231,549,0,1029,676,0,925,780,1705
WDouglas,SCoweta,30,10,0,13,14,0,43,24,0,40,27,67
WDouglas,SECoweta,32,6,0,8,25,0,40,31,0,38,33,71
WDouglas,NForsyth,0,0,0,1,0,0,1,0,0,0,1,1
WDouglas,Cumming,2,0,0,3,14,0,5,14,0,2,17,19
WDouglas,SForsyth,7,2,0,2,20,0,9,22,0,9,22,31
WDouglas,NHall,0,0,0,0,0,0,0,0,0,0,0,0
WDouglas,Gainesville,0,0,0,0,0,0,0,0,0,0,0,0
WDouglas,SHall,0,0,0,1,0,0,1,0,0,0,1,1
WDouglas,WNewton,6,0,0,2,13,0,8,13,0,6,15,21
WDouglas,ENewton,0,0,0,0,0,0,0,0,0,0,0,0
WDouglas,NPaulding,195,34,0,56,146,0,251,180,0,229,202,431
WDouglas,WPaulding,390,69,0,213,591,0,603,660,0,459,804,1263
WDouglas,EPaulding,2637,495,0,2271,6457,0,4908,6952,0,3132,8728,11860
WDouglas,NSpalding,12,2,0,4,3,0,16,5,0,14,7,21
WDouglas,SSpalding,9,4,0,2,4,0,11,8,0,13,6,19
WDouglas,WWalton,1,0,0,1,0,0,2,0,0,1,1,2
WDouglas,EWalton,1,0,0,0,0,0,1,0,0,1,0,1
EDouglas,NFulton,123,30,2,29,46,2,152,76,4,155,77,232
EDouglas,Roswell,88,17,2,27,89,0,115,106,2,107,116,223
EDouglas,SandySprings,602,98,23,94,153,8,696,251,31,723,255,978
EDouglas,Buckhead,834,149,55,191,496,22,1025,645,77,1038,709,1747
EDouglas,NWAtlanta,1060,201,10,442,1090,12,1502,1291,22,1271,1544,2815
EDouglas,NEAtlanta,1021,158,60,341,790,44,1362,948,104,1239,1175,2414
EDouglas,SWAtlanta,1802,330,16,1258,2985,34,3060,3315,50,2148,4277,6425
EDouglas,CBDAtlanta,1512,236,350,375,1026,132,1887,1262,482,2098,1533,3631
EDouglas,SEAtlanta,482,90,9,192,306,12,674,396,21,581,510,1091
EDouglas,SFulton,2580,478,5,2240,5141,2,4820,5619,7,3063,7383,10446
EDouglas,Tri-Cities,767,141,9,286,727,6,1053,868,15,917,1019,1936
EDouglas,Shannon,868,160,0,367,1209,2,1235,1369,2,1028,1578,2606
EDouglas,WCherokee,17,2,0,7,9,0,24,11,0,19,16,35
EDouglas,NCherokee,6,1,0,1,5,0,7,6,0,7,6,13
EDouglas,ECentCherokee,101,13,0,25,71,0,126,84,0,114,96,210
EDouglas,Woodstock,183,29,0,44,125,0,227,154,0,212,169,381
EDouglas,Airport,411,56,46,40,109,1,451,165,47,513,150,663
EDouglas,NEClayton,281,63,2,46,118,1,327,181,3,346,165,511
EDouglas,Riverdale,160,36,0,52,142,0,212,178,0,196,194,390
EDouglas,SClayton,127,24,0,27,52,0,154,76,0,151,79,230
EDouglas,NWCobb,1131,218,2,351,742,8,1482,960,10,1351,1101,2452
EDouglas,NECobb,543,88,0,137,281,0,680,369,0,631,418,1049
EDouglas,SWCobb,3377,615,4,3780,8395,3,7157,9010,7,3996,12178,16174
EDouglas,Marietta,1072,196,4,411,832,9,1483,1028,13,1272,1252,2524
EDouglas,Cumberland,1945,317,7,571,1100,4,2516,1417,11,2269,1675,3944
EDouglas,SCobb,4747,844,17,6441,13331,37,11188,14175,54,5608,19809,25417
EDouglas,Chamblee,411,88,22,63,108,7,474,196,29,521,178,699
EDouglas,NWDeKalb,378,63,12,112,210,9,490,273,21,453,331,784
EDouglas,NEDeKalb,196,55,1,73,118,11,269,173,12,252,202,454
EDouglas,Atlanta-DeKalb,91,19,3,38,115,3,129,134,6,113,156,269
EDouglas,Decatur,81,10,12,23,65,3,104,75,15,103,91,194
EDouglas,SWDeKalb,198,37,14,53,167,1,251,204,15,249,221,470
EDouglas,SEDeKalb,78,26,1,31,40,1,109,66,2,105,72,177
EDouglas,SDeKalb,170,37,1,52,151,0,222,188,1,208,203,411
EDouglas,WDouglas,7465,1470,4,10694,26157,12,18159,27627,16,8939,36863,45802
EDouglas,EDouglas,22255,4335,9,44255,87742,27,66510,92077,36,26599,132024,158623
EDouglas,WFayette,321,64,0,75,214,0,396,278,0,385,289,674
EDouglas,EFayette,209,42,0,47,89,0,256,131,0,251,136,387
EDouglas,NGwinnett,23,7,0,9,5,0,32,12,0,30,14,44
EDouglas,CentGwinnett,86,23,0,28,49,0,114,72,0,109,77,186
EDouglas,EGwinnett,14,4,0,8,10,0,22,14,0,18,18,36
EDouglas,Norcross,172,40,0,37,112,0,209,152,0,212,149,361
EDouglas,Lilburn,45,10,0,13,15,0,58,25,0,55,28,83
EDouglas,Snellville,32,9,0,12,38,0,44,47,0,41,50,91
EDouglas,NHenry,96,23,0,29,41,0,125,64,0,119,70,189
EDouglas,EHenry,33,7,0,9,12,0,42,19,0,40,21,61
EDouglas,SHenry,77,6,0,20,28,0,97,34,0,83,48,131
EDouglas,SRockdale,18,4,0,7,30,0,25,34,0,22,37,59
EDouglas,NRockdale,48,8,0,13,16,0,61,24,0,56,29,85
EDouglas,NBarrow,2,0,0,2,0,0,4,0,0,2,2,4
EDouglas,SBarrow,1,0,0,0,0,0,1,0,0,1,0,1
EDouglas,NWBartow,26,2,0,6,31,0,32,33,0,28,37,65
EDouglas,NEBartow,26,0,0,8,5,0,34,5,0,26,13,39
EDouglas,SWBartow,47,11,0,17,55,0,64,66,0,58,72,130
EDouglas,Cartersville,118,21,0,37,61,0,155,82,0,139,98,237
EDouglas,NECarroll,1144,189,0,348,790,1,1492,979,1,1333,1139,2472
EDouglas,WCarroll,119,21,0,32,86,0,151,107,0,140,118,258
EDouglas,CentralCarroll,712,128,0,195,370,0,907,498,0,840,565,1405
EDouglas,SECarroll,96,26,0,36,80,0,132,106,0,122,116,238
EDouglas,WCoweta,175,34,0,45,60,0,220,94,0,209,105,314
EDouglas,NCoweta,620,113,0,167,432,1,787,545,1,733,600,1333
EDouglas,SCoweta,34,5,0,11,23,0,45,28,0,39,34,73
EDouglas,SECoweta,45,9,0,9,11,0,54,20,0,54,20,74
EDouglas,NForsyth,4,0,0,4,4,0,8,4,0,4,8,12
EDouglas,Cumming,14,3,0,8,4,0,22,7,0,17,12,29
EDouglas,SForsyth,22,3,0,6,18,0,28,21,0,25,24,49
EDouglas,NHall,0,0,0,1,0,0,1,0,0,0,1,1
EDouglas,Gainesville,0,0,0,1,0,0,1,0,0,0,1,1
EDouglas,SHall,2,0,0,0,1,0,2,1,0,2,1,3
EDouglas,WNewton,35,9,0,10,24,0,45,33,0,44,34,78
EDouglas,ENewton,1,1,0,1,1,0,2,2,0,2,2,4
EDouglas,NPaulding,391,61,0,98,277,0,489,338,0,452,375,827
EDouglas,WPaulding,372,68,0,123,403,0,495,471,0,440,526,966
EDouglas,EPaulding,4507,812,9,3337,9473,6,7844,10285,15,5328,12816,18144
EDouglas,NSpalding,16,2,0,2,2,0,18,4,0,18,4,22
EDouglas,SSpalding,16,0,0,0,33,0,16,33,0,16,33,49
EDouglas,WWalton,7,1,0,4,2,0,11,3,0,8,6,14
EDouglas,EWalton,1,2,0,1,4,0,2,6,0,3,5,8
WFayette,NFulton,16,6,0,11,4,0,27,10,0,22,15,37
WFayette,Roswell,13,3,0,10,2,0,23,5,0,16,12,28
WFayette,SandySprings,118,23,4,26,37,1,144,60,5,145,64,209
WFayette,Buckhead,205,38,9,37,132,1,242,170,10,252,170,422
WFayette,NWAtlanta,223,36,3,36,58,3,259,94,6,262,97,359
WFayette,NEAtlanta,265,61,24,93,188,9,358,249,33,350,290,640
WFayette,SWAtlanta,303,58,3,119,294,0,422,352,3,364,413,777
WFayette,CBDAtlanta,244,45,66,65,201,9,309,246,75,355,275,630
WFayette,SEAtlanta,324,53,3,85,170,1,409,223,4,380,256,636
WFayette,SFulton,829,131,0,546,1710,1,1375,1841,1,960,2257,3217
WFayette,Tri-Cities,908,164,4,169,402,1,1077,566,5,1076,572,1648
WFayette,Shannon,2315,475,3,1959,5450,7,4274,5925,10,2793,7416,10209
WFayette,WCherokee,0,0,0,0,0,0,0,0,0,0,0,0
WFayette,NCherokee,0,0,0,0,0,0,0,0,0,0,0,0
WFayette,ECentCherokee,2,0,0,0,0,0,2,0,0,2,0,2
WFayette,Woodstock,4,1,0,2,16,0,6,17,0,5,18,23
WFayette,Airport,506,76,19,98,239,0,604,315,19,601,337,938
WFayette,NEClayton,721,109,1,204,319,3,925,428,4,831,526,1357
WFayette,Riverdale,745,137,2,440,1265,1,1185,1402,3,884,1706,2590
WFayette,SClayton,1277,234,0,567,1263,1,1844,1497,1,1511,1831,3342
WFayette,NWCobb,39,7,0,34,5,1,73,12,1,46,40,86
WFayette,NECobb,77,8,0,18,39,0,95,47,0,85,57,142
WFayette,SWCobb,59,8,0,23,19,0,82,27,0,67,42,109
WFayette,Marietta,82,17,1,22,17,0,104,34,1,100,39,139
WFayette,Cumberland,346,52,0,47,86,0,393,138,0,398,133,531
WFayette,SCobb,229,34,0,40,132,0,269,166,0,263,172,435
WFayette,Chamblee,98,27,5,25,80,1,123,107,6,130,106,236
WFayette,NWDeKalb,148,34,3,46,88,3,194,122,6,185,137,322
WFayette,NEDeKalb,99,18,0,30,42,2,129,60,2,117,74,191
WFayette,Atlanta-DeKalb,37,2,1,16,21,0,53,23,1,40,37,77
WFayette,Decatur,21,4,2,8,7,0,29,11,2,27,15,42
WFayette,SWDeKalb,114,18,1,32,48,0,146,66,1,133,80,213
WFayette,SEDeKalb,43,13,0,21,11,0,64,24,0,56,32,88
WFayette,SDeKalb,180,41,1,43,84,1,223,125,2,222,128,350
WFayette,WDouglas,314,62,0,80,127,0,394,189,0,376,207,583
WFayette,EDouglas,341,50,0,84,173,0,425,223,0,391,257,648
WFayette,WFayette,25730,4390,0,45802,89268,0,71532,93658,0,30120,135070,165190
WFayette,EFayette,4669,863,1,4642,10874,0,9311,11737,1,5533,15516,21049
WFayette,NGwinnett,0,1,0,3,1,0,3,2,0,1,4,5
WFayette,CentGwinnett,19,7,0,11,36,0,30,43,0,26,47,73
WFayette,EGwinnett,0,0,0,1,8,0,1,8,0,0,9,9
WFayette,Norcross,51,19,1,9,35,0,60,54,1,71,44,115
WFayette,Lilburn,13,1,0,6,0,0,19,1,0,14,6,20
WFayette,Snellville,13,3,0,7,5,0,20,8,0,16,12,28
WFayette,NHenry,359,58,0,80,186,0,439,244,0,417,266,683
WFayette,EHenry,166,38,0,45,47,0,211,85,0,204,92,296
WFayette,SHenry,879,136,0,195,485,0,1074,621,0,1015,680,1695
WFayette,SRockdale,32,2,0,8,11,0,40,13,0,34,19,53
WFayette,NRockdale,24,10,0,21,1,0,45,11,0,34,22,56
WFayette,NBarrow,1,0,0,0,0,0,1,0,0,1,0,1
WFayette,SBarrow,0,0,0,0,0,0,0,0,0,0,0,0
WFayette,NWBartow,0,0,0,0,0,0,0,0,0,0,0,0
WFayette,NEBartow,0,0,0,0,0,0,0,0,0,0,0,0
WFayette,SWBartow,0,0,0,0,0,0,0,0,0,0,0,0
WFayette,Cartersville,1,0,0,0,0,0,1,0,0,1,0,1
WFayette,NECarroll,68,11,0,18,57,0,86,68,0,79,75,154
WFayette,WCarroll,27,3,0,9,25,0,36,28,0,30,34,64
WFayette,CentralCarroll,180,31,0,99,73,0,279,104,0,211,172,383
WFayette,SECarroll,57,11,0,15,28,0,72,39,0,68,43,111
WFayette,WCoweta,727,118,0,158,475,0,885,593,0,845,633,1478
WFayette,NCoweta,6120,1039,0,4276,11700,0,10396,12739,0,7159,15976,23135
WFayette,SCoweta,457,81,0,163,387,0,620,468,0,538,550,1088
WFayette,SECoweta,2326,422,0,2288,6495,0,4614,6917,0,2748,8783,11531
WFayette,NForsyth,0,0,0,0,0,0,0,0,0,0,0,0
WFayette,Cumming,0,0,0,0,2,0,0,2,0,0,2,2
WFayette,SForsyth,5,0,0,0,0,0,5,0,0,5,0,5
WFayette,NHall,0,0,0,0,0,0,0,0,0,0,0,0
WFayette,Gainesville,0,0,0,1,0,0,1,0,0,0,1,1
WFayette,SHall,1,0,0,0,0,0,1,0,0,1,0,1
WFayette,WNewton,54,11,0,17,27,0,71,38,0,65,44,109
WFayette,ENewton,3,0,0,2,0,0,5,0,0,3,2,5
WFayette,NPaulding,7,2,0,5,7,0,12,9,0,9,12,21
WFayette,WPaulding,10,5,0,6,7,0,16,12,0,15,13,28
WFayette,EPaulding,76,20,0,30,26,0,106,46,0,96,56,152
WFayette,NSpalding,623,119,0,201,328,0,824,447,0,742,529,1271
WFayette,SSpalding,627,106,0,188,368,0,815,474,0,733,556,1289
WFayette,WWalton,2,1,0,3,0,0,5,1,0,3,3,6
WFayette,EWalton,0,0,0,0,0,0,0,0,0,0,0,0
EFayette,NFulton,36,9,0,9,10,0,45,19,0,45,19,64
EFayette,Roswell,26,9,0,7,11,0,33,20,0,35,18,53
EFayette,SandySprings,164,44,9,34,63,1,198,107,10,217,98,315
EFayette,Buckhead,268,67,24,69,117,3,337,184,27,359,189,548
EFayette,NWAtlanta,225,28,3,41,98,3,266,126,6,256,142,398
EFayette,NEAtlanta,505,107,41,161,262,24,666,369,65,653,447,1100
EFayette,SWAtlanta,329,60,2,156,284,5,485,344,7,391,445,836
EFayette,CBDAtlanta,588,110,164,145,383,53,733,493,217,862,581,1443
EFayette,SEAtlanta,428,88,0,183,411,7,611,499,7,516,601,1117
EFayette,SFulton,504,85,0,228,683,0,732,768,0,589,911,1500
EFayette,Tri-Cities,1114,176,3,404,921,2,1518,1097,5,1293,1327,2620
EFayette,Shannon,2169,384,11,2295,5946,8,4464,6330,19,2564,8249,10813
EFayette,WCherokee,2,0,0,0,0,0,2,0,0,2,0,2
EFayette,NCherokee,0,0,0,0,0,0,0,0,0,0,0,0
EFayette,ECentCherokee,2,1,0,2,2,0,4,3,0,3,4,7
EFayette,Woodstock,14,3,0,3,2,0,17,5,0,17,5,22
EFayette,Airport,862,118,12,362,797,2,1224,915,14,992,1161,2153
EFayette,NEClayton,1517,230,3,792,1581,8,2309,1811,11,1750,2381,4131
EFayette,Riverdale,2436,507,3,3211,8632,7,5647,9139,10,2946,11850,14796
EFayette,SClayton,3753,750,6,3894,9518,4,7647,10268,10,4509,13416,17925
EFayette,NWCobb,41,11,0,21,30,2,62,41,2,52,53,105
EFayette,NECobb,61,12,0,24,43,0,85,55,0,73,67,140
EFayette,SWCobb,41,10,0,17,11,0,58,21,0,51,28,79
EFayette,Marietta,91,13,0,23,54,1,114,67,1,104,78,182
EFayette,Cumberland,371,53,1,61,96,1,432,149,2,425,158,583
EFayette,SCobb,221,31,0,41,86,0,262,117,0,252,127,379
EFayette,Chamblee,140,48,9,29,82,1,169,130,10,197,112,309
EFayette,NWDeKalb,192,37,1,49,179,2,241,216,3,230,230,460
EFayette,NEDeKalb,145,24,0,40,76,1,185,100,1,169,117,286
EFayette,Atlanta-DeKalb,34,9,0,26,45,1,60,54,1,43,72,115
EFayette,Decatur,31,5,0,11,29,1,42,34,1,36,41,77
EFayette,SWDeKalb,135,20,1,49,146,0,184,166,1,156,195,351
EFayette,SEDeKalb,86,18,0,30,64,0,116,82,0,104,94,198
EFayette,SDeKalb,296,63,0,108,179,0,404,242,0,359,287,646
EFayette,WDouglas,176,45,0,49,87,0,225,132,0,221,136,357
EFayette,EDouglas,224,31,0,50,108,0,274,139,0,255,158,413
EFayette,WFayette,4732,870,1,4632,10888,0,9364,11758,1,5603,15520,21123
EFayette,EFayette,16428,2908,2,32513,60859,0,48941,63767,2,19338,93372,112710
EFayette,NGwinnett,13,2,0,3,17,0,16,19,0,15,20,35
EFayette,CentGwinnett,27,12,0,9,14,0,36,26,0,39,23,62
EFayette,EGwinnett,9,2,0,2,6,0,11,8,0,11,8,19
EFayette,Norcross,72,25,1,15,44,0,87,69,1,98,59,157
EFayette,Lilburn,34,6,0,17,17,0,51,23,0,40,34,74
EFayette,Snellville,24,7,0,9,26,0,33,33,0,31,35,66
EFayette,NHenry,737,121,1,298,839,0,1035,960,1,859,1137,1996
EFayette,EHenry,330,60,0,68,184,0,398,244,0,390,252,642
EFayette,SHenry,1787,308,0,647,1714,0,2434,2022,0,2095,2361,4456
EFayette,SRockdale,66,11,0,17,15,0,83,26,0,77,32,109
EFayette,NRockdale,67,17,0,16,13,0,83,30,0,84,29,113
EFayette,NBarrow,2,0,0,0,0,0,2,0,0,2,0,2
EFayette,SBarrow,3,0,0,0,0,0,3,0,0,3,0,3
EFayette,NWBartow,0,0,0,0,0,0,0,0,0,0,0,0
EFayette,NEBartow,0,0,0,0,0,0,0,0,0,0,0,0
EFayette,SWBartow,0,1,0,0,0,0,0,1,0,1,0,1
EFayette,Cartersville,1,0,0,3,2,0,4,2,0,1,5,6
EFayette,NECarroll,31,12,0,7,17,0,38,29,0,43,24,67
EFayette,WCarroll,3,0,0,2,3,0,5,3,0,3,5,8
EFayette,CentralCarroll,63,12,0,32,26,0,95,38,0,75,58,133
EFayette,SECarroll,21,2,0,5,6,0,26,8,0,23,11,34
EFayette,WCoweta,204,28,0,39,58,0,243,86,0,232,97,329
EFayette,NCoweta,1514,265,0,510,1170,0,2024,1435,0,1779,1680,3459
EFayette,SCoweta,119,25,0,38,79,0,157,104,0,144,117,261
EFayette,SECoweta,822,160,0,502,1301,0,1324,1461,0,982,1803,2785
EFayette,NForsyth,0,0,0,1,5,0,1,5,0,0,6,6
EFayette,Cumming,3,1,0,2,2,0,5,3,0,4,4,8
EFayette,SForsyth,9,2,0,3,0,0,12,2,0,11,3,14
EFayette,NHall,0,0,0,0,0,0,0,0,0,0,0,0
EFayette,Gainesville,0,0,0,0,0,0,0,0,0,0,0,0
EFayette,SHall,1,0,0,1,1,0,2,1,0,1,2,3
EFayette,WNewton,128,12,0,28,36,0,156,48,0,140,64,204
EFayette,ENewton,9,3,0,3,5,0,12,8,0,12,8,20
EFayette,NPaulding,4,0,0,0,1,0,4,1,0,4,1,5
EFayette,WPaulding,11,1,0,2,3,0,13,4,0,12,5,17
EFayette,EPaulding,68,13,0,24,21,0,92,34,0,81,45,126
EFayette,NSpalding,992,190,0,523,983,0,1515,1173,0,1182,1506,2688
EFayette,SSpalding,746,122,0,332,670,0,1078,792,0,868,1002,1870
EFayette,WWalton,11,1,0,1,8,0,12,9,0,12,9,21
EFayette,EWalton,3,1,0,0,2,0,3,3,0,4,2,6
NGwinnett,NFulton,5349,1010,2,2419,6221,10,7768,7231,12,6361,8650,15011
NGwinnett,Roswell,1167,218,2,309,687,0,1476,905,2,1387,996,2383
NGwinnett,SandySprings,1893,288,28,303,608,13,2196,896,41,2209,924,3133
NGwinnett,Buckhead,1228,235,35,173,483,6,1401,718,41,1498,662,2160
NGwinnett,NWAtlanta,334,62,4,38,123,1,372,185,5,400,162,562
NGwinnett,NEAtlanta,992,178,60,219,506,23,1211,684,83,1230,748,1978
NGwinnett,SWAtlanta,116,32,1,50,97,10,166,129,11,149,157,306
NGwinnett,CBDAtlanta,687,147,145,112,299,15,799,446,160,979,426,1405
NGwinnett,SEAtlanta,143,37,3,44,124,3,187,161,6,183,171,354
NGwinnett,SFulton,21,9,0,5,9,0,26,18,0,30,14,44
NGwinnett,Tri-Cities,186,43,2,18,55,1,204,98,3,231,74,305
NGwinnett,Shannon,28,4,2,10,19,0,38,23,2,34,29,63
NGwinnett,WCherokee,30,3,0,20,7,0,50,10,0,33,27,60
NGwinnett,NCherokee,39,9,0,19,45,0,58,54,0,48,64,112
NGwinnett,ECentCherokee,375,56,0,106,278,0,481,334,0,431,384,815
NGwinnett,Woodstock,155,34,0,43,139,0,198,173,0,189,182,371
NGwinnett,Airport,69,20,9,11,3,0,80,23,9,98,14,112
NGwinnett,NEClayton,101,23,0,34,38,0,135,61,0,124,72,196
NGwinnett,Riverdale,16,5,0,10,4,0,26,9,0,21,14,35
NGwinnett,SClayton,20,4,0,8,17,0,28,21,0,24,25,49
NGwinnett,NWCobb,132,20,0,79,60,1,211,80,1,152,140,292
NGwinnett,NECobb,392,58,0,88,175,0,480,233,0,450,263,713
NGwinnett,SWCobb,19,2,0,6,2,0,25,4,0,21,8,29
NGwinnett,Marietta,205,36,1,68,81,4,273,117,5,242,153,395
NGwinnett,Cumberland,839,121,3,121,188,1,960,309,4,963,310,1273
NGwinnett,SCobb,123,19,0,26,88,0,149,107,0,142,114,256
NGwinnett,Chamblee,2779,453,17,535,907,13,3314,1360,30,3249,1455,4704
NGwinnett,NWDeKalb,1111,181,2,291,716,23,1402,897,25,1294,1030,2324
NGwinnett,NEDeKalb,2105,326,2,483,1033,8,2588,1359,10,2433,1524,3957
NGwinnett,Atlanta-DeKalb,71,13,4,28,57,1,99,70,5,88,86,174
NGwinnett,Decatur,141,18,2,47,124,4,188,142,6,161,175,336
NGwinnett,SWDeKalb,232,35,2,74,125,0,306,160,2,269,199,468
NGwinnett,SEDeKalb,306,65,0,109,308,1,415,373,1,371,418,789
NGwinnett,SDeKalb,225,32,0,67,90,2,292,122,2,257,159,416
NGwinnett,WDouglas,12,1,0,3,2,0,15,3,0,13,5,18
NGwinnett,EDouglas,20,11,0,12,10,0,32,21,0,31,22,53
NGwinnett,WFayette,0,1,0,2,14,0,2,15,0,1,16,17
NGwinnett,EFayette,15,5,0,5,29,0,20,34,0,20,34,54
NGwinnett,NGwinnett,76976,14071,12,134527,306184,2,211503,320255,14,91059,440713,531772
NGwinnett,CentGwinnett,28285,5161,38,27251,64990,72,55536,70151,110,33484,92313,125797
NGwinnett,EGwinnett,8133,1467,2,7937,19767,3,16070,21234,5,9602,27707,37309
NGwinnett,Norcross,7244,1138,3,1741,4055,2,8985,5193,5,8385,5798,14183
NGwinnett,Lilburn,1389,233,0,597,1382,0,1986,1615,0,1622,1979,3601
NGwinnett,Snellville,2602,480,0,1266,3325,0,3868,3805,0,3082,4591,7673
NGwinnett,NHenry,48,4,0,17,20,0,65,24,0,52,37,89
NGwinnett,EHenry,35,8,0,11,15,0,46,23,0,43,26,69
NGwinnett,SHenry,26,3,0,10,23,0,36,26,0,29,33,62
NGwinnett,SRockdale,102,20,0,26,27,0,128,47,0,122,53,175
NGwinnett,NRockdale,303,45,0,63,134,0,366,179,0,348,197,545
NGwinnett,NBarrow,3843,647,0,2649,7571,1,6492,8218,1,4490,10221,14711
NGwinnett,SBarrow,1833,341,0,861,2299,0,2694,2640,0,2174,3160,5334
NGwinnett,NWBartow,1,1,0,1,0,0,2,1,0,2,1,3
NGwinnett,NEBartow,3,0,0,3,15,0,6,15,0,3,18,21
NGwinnett,SWBartow,0,0,0,0,0,0,0,0,0,0,0,0
NGwinnett,Cartersville,10,0,0,3,29,0,13,29,0,10,32,42
NGwinnett,NECarroll,0,0,0,0,0,0,0,0,0,0,0,0
NGwinnett,WCarroll,0,0,0,1,0,0,1,0,0,0,1,1
NGwinnett,CentralCarroll,0,0,0,0,0,0,0,0,0,0,0,0
NGwinnett,SECarroll,0,0,0,0,0,0,0,0,0,0,0,0
NGwinnett,WCoweta,0,0,0,0,0,0,0,0,0,0,0,0
NGwinnett,NCoweta,1,0,0,2,6,0,3,6,0,1,8,9
NGwinnett,SCoweta,0,0,0,0,0,0,0,0,0,0,0,0
NGwinnett,SECoweta,0,0,0,0,0,0,0,0,0,0,0,0
NGwinnett,NForsyth,920,164,0,280,903,0,1200,1067,0,1084,1183,2267
NGwinnett,Cumming,4378,805,0,3080,8191,0,7458,8996,0,5183,11271,16454
NGwinnett,SForsyth,4022,731,0,2724,7362,0,6746,8093,0,4753,10086,14839
NGwinnett,NHall,641,95,0,118,365,0,759,460,0,736,483,1219
NGwinnett,Gainesville,3854,739,0,829,2022,0,4683,2761,0,4593,2851,7444
NGwinnett,SHall,9472,1676,1,8451,20761,1,17923,22437,2,11149,29213,40362
NGwinnett,WNewton,321,42,0,89,140,0,410,182,0,363,229,592
NGwinnett,ENewton,36,5,0,16,25,0,52,30,0,41,41,82
NGwinnett,NPaulding,6,1,0,5,4,0,11,5,0,7,9,16
NGwinnett,WPaulding,1,1,0,3,1,0,4,2,0,2,4,6
NGwinnett,EPaulding,21,5,0,18,23,0,39,28,0,26,41,67
NGwinnett,NSpalding,0,0,0,1,0,0,1,0,0,0,1,1
NGwinnett,SSpalding,1,0,0,1,0,0,2,0,0,1,1,2
NGwinnett,WWalton,801,167,0,263,587,0,1064,754,0,968,850,1818
NGwinnett,EWalton,671,123,0,188,403,0,859,526,0,794,591,1385
CentGwinnett,NFulton,9345,1840,18,8320,18744,41,17665,20584,59,11203,27105,38308
CentGwinnett,Roswell,2232,433,5,1220,3065,3,3452,3498,8,2670,4288,6958
CentGwinnett,SandySprings,3270,540,59,776,1455,59,4046,1995,118,3869,2290,6159
CentGwinnett,Buckhead,2414,406,106,329,1001,30,2743,1407,136,2926,1360,4286
CentGwinnett,NWAtlanta,566,131,19,74,134,15,640,265,34,716,223,939
CentGwinnett,NEAtlanta,1971,405,162,422,1004,111,2393,1409,273,2538,1537,4075
CentGwinnett,SWAtlanta,309,69,14,90,165,24,399,234,38,392,279,671
CentGwinnett,CBDAtlanta,1296,300,475,209,513,95,1505,813,570,2071,817,2888
CentGwinnett,SEAtlanta,319,83,14,74,168,12,393,251,26,416,254,670
CentGwinnett,SFulton,63,14,0,22,27,0,85,41,0,77,49,126
CentGwinnett,Tri-Cities,363,112,19,37,103,2,400,215,21,494,142,636
CentGwinnett,Shannon,93,22,0,27,64,1,120,86,1,115,92,207
CentGwinnett,WCherokee,45,7,0,18,65,0,63,72,0,52,83,135
CentGwinnett,NCherokee,49,9,0,20,130,0,69,139,0,58,150,208
CentGwinnett,ECentCherokee,522,85,0,164,253,0,686,338,0,607,417,1024
CentGwinnett,Woodstock,321,49,1,88,107,0,409,156,1,371,195,566
CentGwinnett,Airport,177,43,54,13,23,0,190,66,54,274,36,310
CentGwinnett,NEClayton,257,52,1,55,100,0,312,152,1,310,155,465
CentGwinnett,Riverdale,80,20,0,13,60,0,93,80,0,100,73,173
CentGwinnett,SClayton,84,13,0,23,61,0,107,74,0,97,84,181
CentGwinnett,NWCobb,344,47,2,142,145,8,486,192,10,393,295,688
CentGwinnett,NECobb,848,127,1,197,379,1,1045,506,2,976,577,1553
CentGwinnett,SWCobb,96,11,0,34,59,0,130,70,0,107,93,200
CentGwinnett,Marietta,379,66,2,130,158,22,509,224,24,447,310,757
CentGwinnett,Cumberland,1419,225,12,224,417,7,1643,642,19,1656,648,2304
CentGwinnett,SCobb,269,55,1,60,92,0,329,147,1,325,152,477
CentGwinnett,Chamblee,5930,954,78,1902,4269,63,7832,5223,141,6962,6234,13196
CentGwinnett,NWDeKalb,2112,378,21,694,2791,109,2806,3169,130,2511,3594,6105
CentGwinnett,NEDeKalb,5096,902,12,2512,5549,39,7608,6451,51,6010,8100,14110
CentGwinnett,Atlanta-DeKalb,149,28,6,49,77,0,198,105,6,183,126,309
CentGwinnett,Decatur,288,44,11,87,245,23,375,289,34,343,355,698
CentGwinnett,SWDeKalb,484,87,9,149,459,4,633,546,13,580,612,1192
CentGwinnett,SEDeKalb,1018,196,0,502,1377,6,1520,1573,6,1214,1885,3099
CentGwinnett,SDeKalb,595,113,0,171,431,6,766,544,6,708,608,1316
CentGwinnett,WDouglas,24,3,0,13,23,0,37,26,0,27,36,63
CentGwinnett,EDouglas,83,18,0,23,58,0,106,76,0,101,81,182
CentGwinnett,WFayette,22,6,0,10,22,0,32,28,0,28,32,60
CentGwinnett,EFayette,28,13,0,9,15,0,37,28,0,41,24,65
CentGwinnett,NGwinnett,29688,5385,37,27454,65736,70,57142,71121,107,35110,93260,128370
CentGwinnett,CentGwinnett,124180,23198,682,190947,374905,1122,315127,398103,1804,148060,566974,715034
CentGwinnett,EGwinnett,13448,2514,16,13840,35068,55,27288,37582,71,15978,48963,64941
CentGwinnett,Norcross,22664,3959,154,18059,39946,182,40723,43905,336,26777,58187,84964
CentGwinnett,Lilburn,7494,1355,35,8727,21886,60,16221,23241,95,8884,30673,39557
CentGwinnett,Snellville,11015,2018,13,11859,30925,15,22874,32943,28,13046,42799,55845
CentGwinnett,NHenry,201,27,0,53,104,0,254,131,0,228,157,385
CentGwinnett,EHenry,177,21,0,41,113,0,218,134,0,198,154,352
CentGwinnett,SHenry,104,23,0,43,61,0,147,84,0,127,104,231
CentGwinnett,SRockdale,314,52,0,83,230,0,397,282,0,366,313,679
CentGwinnett,NRockdale,854,162,0,232,593,0,1086,755,0,1016,825,1841
CentGwinnett,NBarrow,2226,387,0,635,1740,0,2861,2127,0,2613,2375,4988
CentGwinnett,SBarrow,1771,316,0,600,1513,0,2371,1829,0,2087,2113,4200
CentGwinnett,NWBartow,1,0,0,1,4,0,2,4,0,1,5,6
CentGwinnett,NEBartow,3,2,0,4,5,0,7,7,0,5,9,14
CentGwinnett,SWBartow,9,0,0,6,33,0,15,33,0,9,39,48
CentGwinnett,Cartersville,26,2,0,19,19,0,45,21,0,28,38,66
CentGwinnett,NECarroll,4,1,0,2,8,0,6,9,0,5,10,15
CentGwinnett,WCarroll,0,0,0,0,0,0,0,0,0,0,0,0
CentGwinnett,CentralCarroll,3,0,0,4,2,0,7,2,0,3,6,9
CentGwinnett,SECarroll,0,0,0,0,2,0,0,2,0,0,2,2
CentGwinnett,WCoweta,0,0,0,0,1,0,0,1,0,0,1,1
CentGwinnett,NCoweta,14,5,0,12,17,0,26,22,0,19,29,48
CentGwinnett,SCoweta,0,0,0,0,0,0,0,0,0,0,0,0
CentGwinnett,SECoweta,0,0,0,3,27,0,3,27,0,0,30,30
CentGwinnett,NForsyth,711,119,0,206,394,0,917,513,0,830,600,1430
CentGwinnett,Cumming,2395,437,0,903,2254,2,3298,2691,2,2832,3159,5991
CentGwinnett,SForsyth,3829,693,0,2432,6687,3,6261,7380,3,4522,9122,13644
CentGwinnett,NHall,342,66,0,99,215,0,441,281,0,408,314,722
CentGwinnett,Gainesville,1399,223,0,251,525,0,1650,748,0,1622,776,2398
CentGwinnett,SHall,2931,571,0,955,2507,0,3886,3078,0,3502,3462,6964
CentGwinnett,WNewton,811,149,0,189,339,0,1000,488,0,960,528,1488
CentGwinnett,ENewton,107,14,0,39,73,0,146,87,0,121,112,233
CentGwinnett,NPaulding,20,1,0,10,4,0,30,5,0,21,14,35
CentGwinnett,WPaulding,2,0,0,2,15,0,4,15,0,2,17,19
CentGwinnett,EPaulding,55,6,1,25,88,0,80,94,1,62,113,175
CentGwinnett,NSpalding,7,2,0,5,7,0,12,9,0,9,12,21
CentGwinnett,SSpalding,0,0,0,2,0,0,2,0,0,0,2,2
CentGwinnett,WWalton,2131,368,0,957,2527,0,3088,2895,0,2499,3484,5983
CentGwinnett,EWalton,1073,154,0,311,645,0,1384,799,0,1227,956,2183
EGwinnett,NFulton,904,168,0,164,471,0,1068,639,0,1072,635,1707
EGwinnett,Roswell,333,39,1,52,183,0,385,222,1,373,235,608
EGwinnett,SandySprings,681,116,4,120,204,7,801,320,11,801,331,1132
EGwinnett,Buckhead,463,91,2,77,209,2,540,300,4,556,288,844
EGwinnett,NWAtlanta,133,29,0,17,53,3,150,82,3,162,73,235
EGwinnett,NEAtlanta,397,67,11,102,280,15,499,347,26,475,397,872
EGwinnett,SWAtlanta,79,13,0,30,55,5,109,68,5,92,90,182
EGwinnett,CBDAtlanta,305,80,52,75,152,15,380,232,67,437,242,679
EGwinnett,SEAtlanta,74,13,0,20,61,1,94,74,1,87,82,169
EGwinnett,SFulton,9,1,0,1,4,0,10,5,0,10,5,15
EGwinnett,Tri-Cities,95,33,1,15,22,0,110,55,1,129,37,166
EGwinnett,Shannon,17,4,0,6,2,0,23,6,0,21,8,29
EGwinnett,WCherokee,1,0,0,3,0,0,4,0,0,1,3,4
EGwinnett,NCherokee,1,0,0,2,1,0,3,1,0,1,3,4
EGwinnett,ECentCherokee,44,5,0,18,49,0,62,54,0,49,67,116
EGwinnett,Woodstock,38,1,0,5,40,0,43,41,0,39,45,84
EGwinnett,Airport,41,12,4,3,3,0,44,15,4,57,6,63
EGwinnett,NEClayton,74,16,0,17,72,1,91,88,1,90,90,180
EGwinnett,Riverdale,9,2,0,10,30,0,19,32,0,11,40,51
EGwinnett,SClayton,17,3,0,5,27,0,22,30,0,20,32,52
EGwinnett,NWCobb,52,4,0,28,37,0,80,41,0,56,65,121
EGwinnett,NECobb,127,20,0,29,55,0,156,75,0,147,84,231
EGwinnett,SWCobb,8,0,0,2,2,0,10,2,0,8,4,12
EGwinnett,Marietta,90,11,0,24,42,2,114,53,2,101,68,169
EGwinnett,Cumberland,358,59,1,40,83,0,398,142,1,418,123,541
EGwinnett,SCobb,58,11,0,12,26,0,70,37,0,69,38,107
EGwinnett,Chamblee,1239,182,2,205,352,9,1444,534,11,1423,566,1989
EGwinnett,NWDeKalb,554,104,0,151,646,13,705,750,13,658,810,1468
EGwinnett,NEDeKalb,1249,218,0,343,837,7,1592,1055,7,1467,1187,2654
EGwinnett,Atlanta-DeKalb,44,11,0,12,25,0,56,36,0,55,37,92
EGwinnett,Decatur,56,10,1,26,43,1,82,53,2,67,70,137
EGwinnett,SWDeKalb,140,23,0,36,162,0,176,185,0,163,198,361
EGwinnett,SEDeKalb,338,57,0,125,426,0,463,483,0,395,551,946
EGwinnett,SDeKalb,190,45,0,67,118,1,257,163,1,235,186,421
EGwinnett,WDouglas,4,1,0,0,1,0,4,2,0,5,1,6
EGwinnett,EDouglas,17,4,0,6,8,0,23,12,0,21,14,35
EGwinnett,WFayette,3,0,0,1,9,0,4,9,0,3,10,13
EGwinnett,EFayette,7,3,0,2,1,0,9,4,0,10,3,13
EGwinnett,NGwinnett,7903,1473,2,7911,19641,3,15814,21114,5,9378,27555,36933
EGwinnett,CentGwinnett,12610,2329,16,13818,34184,57,26428,36513,73,14955,48059,63014
EGwinnett,EGwinnett,14621,2771,0,31642,78141,0,46263,80912,0,17392,109783,127175
EGwinnett,Norcross,2724,431,0,455,1192,2,3179,1623,2,3155,1649,4804
EGwinnett,Lilburn,1099,210,1,650,1876,4,1749,2086,5,1310,2530,3840
EGwinnett,Snellville,4679,874,0,7203,20022,0,11882,20896,0,5553,27225,32778
EGwinnett,NHenry,70,11,0,15,42,0,85,53,0,81,57,138
EGwinnett,EHenry,34,10,0,12,53,0,46,63,0,44,65,109
EGwinnett,SHenry,55,9,0,11,32,0,66,41,0,64,43,107
EGwinnett,SRockdale,106,17,0,28,67,0,134,84,0,123,95,218
EGwinnett,NRockdale,560,99,0,152,346,0,712,445,0,659,498,1157
EGwinnett,NBarrow,1731,350,0,1411,4173,0,3142,4523,0,2081,5584,7665
EGwinnett,SBarrow,1735,342,0,1622,4183,0,3357,4525,0,2077,5805,7882
EGwinnett,NWBartow,0,0,0,0,0,0,0,0,0,0,0,0
EGwinnett,NEBartow,0,0,0,0,0,0,0,0,0,0,0,0
EGwinnett,SWBartow,0,0,0,0,0,0,0,0,0,0,0,0
EGwinnett,Cartersville,1,0,0,1,5,0,2,5,0,1,6,7
EGwinnett,NECarroll,0,0,0,0,0,0,0,0,0,0,0,0
EGwinnett,WCarroll,0,0,0,0,0,0,0,0,0,0,0,0
EGwinnett,CentralCarroll,0,0,0,0,0,0,0,0,0,0,0,0
EGwinnett,SECarroll,0,0,0,0,0,0,0,0,0,0,0,0
EGwinnett,WCoweta,0,0,0,0,0,0,0,0,0,0,0,0
EGwinnett,NCoweta,2,0,0,1,0,0,3,0,0,2,1,3
EGwinnett,SCoweta,0,0,0,0,0,0,0,0,0,0,0,0
EGwinnett,SECoweta,0,0,0,0,0,0,0,0,0,0,0,0
EGwinnett,NForsyth,56,8,0,26,26,0,82,34,0,64,52,116
EGwinnett,Cumming,294,48,0,70,109,0,364,157,0,342,179,521
EGwinnett,SForsyth,414,74,0,82,208,0,496,282,0,488,290,778
EGwinnett,NHall,42,8,0,17,35,0,59,43,0,50,52,102
EGwinnett,Gainesville,481,91,0,90,101,0,571,192,0,572,191,763
EGwinnett,SHall,680,132,0,346,538,0,1026,670,0,812,884,1696
EGwinnett,WNewton,457,85,0,126,271,0,583,356,0,542,397,939
EGwinnett,ENewton,54,7,0,20,65,0,74,72,0,61,85,146
EGwinnett,NPaulding,0,0,0,1,4,0,1,4,0,0,5,5
EGwinnett,WPaulding,0,0,0,0,0,0,0,0,0,0,0,0
EGwinnett,EPaulding,8,1,0,4,2,0,12,3,0,9,6,15
EGwinnett,NSpalding,6,1,0,1,6,0,7,7,0,7,7,14
EGwinnett,SSpalding,1,0,0,1,0,0,2,0,0,1,1,2
EGwinnett,WWalton,1700,320,0,1854,5421,0,3554,5741,0,2020,7275,9295
EGwinnett,EWalton,1094,189,0,460,1281,0,1554,1470,0,1283,1741,3024
Norcross,NFulton,7392,1575,29,4497,11149,38,11889,12724,67,8996,15684,24680
Norcross,Roswell,5146,968,21,4320,9635,13,9466,10603,34,6135,13968,20103
Norcross,SandySprings,5566,1070,98,3836,7309,97,9402,8379,195,6734,11242,17976
Norcross,Buckhead,3418,622,252,940,2210,94,4358,2832,346,4292,3244,7536
Norcross,NWAtlanta,675,170,43,110,295,11,785,465,54,888,416,1304
Norcross,NEAtlanta,2452,474,393,799,1816,296,3251,2290,689,3319,2911,6230
Norcross,SWAtlanta,433,108,51,123,233,38,556,341,89,592,394,986
Norcross,CBDAtlanta,1385,379,843,250,899,235,1635,1278,1078,2607,1384,3991
Norcross,SEAtlanta,449,126,47,102,207,19,551,333,66,622,328,950
Norcross,SFulton,137,28,1,27,53,1,164,81,2,166,81,247
Norcross,Tri-Cities,386,142,42,47,175,1,433,317,43,570,223,793
Norcross,Shannon,167,58,8,30,56,2,197,114,10,233,88,321
Norcross,WCherokee,103,15,0,15,35,0,118,50,0,118,50,168
Norcross,NCherokee,54,11,0,15,17,0,69,28,0,65,32,97
Norcross,ECentCherokee,675,132,0,147,397,0,822,529,0,807,544,1351
Norcross,Woodstock,732,116,1,125,214,0,857,330,1,849,339,1188
Norcross,Airport,154,60,62,13,12,2,167,72,64,276,27,303
Norcross,NEClayton,362,97,4,76,137,3,438,234,7,463,216,679
Norcross,Riverdale,149,46,1,16,63,0,165,109,1,196,79,275
Norcross,SClayton,148,43,1,30,58,0,178,101,1,192,88,280
Norcross,NWCobb,703,125,2,190,162,23,893,287,25,830,375,1205
Norcross,NECobb,1559,262,3,437,1077,0,1996,1339,3,1824,1514,3338
Norcross,SWCobb,265,46,0,33,95,0,298,141,0,311,128,439
Norcross,Marietta,489,102,1,184,212,41,673,314,42,592,437,1029
Norcross,Cumberland,1984,356,30,448,805,17,2432,1161,47,2370,1270,3640
Norcross,SCobb,447,81,5,110,250,0,557,331,5,533,360,893
Norcross,Chamblee,11888,2280,181,12736,24677,279,24624,26957,460,14349,37692,52041
Norcross,NWDeKalb,2675,543,38,1461,5445,321,4136,5988,359,3256,7227,10483
Norcross,NEDeKalb,8545,1640,62,10160,22840,97,18705,24480,159,10247,33097,43344
Norcross,Atlanta-DeKalb,251,39,8,76,178,8,327,217,16,298,262,560
Norcross,Decatur,353,60,23,170,328,40,523,388,63,436,538,974
Norcross,SWDeKalb,867,135,21,352,890,9,1219,1025,30,1023,1251,2274
Norcross,SEDeKalb,1316,288,10,505,1662,7,1821,1950,17,1614,2174,3788
Norcross,SDeKalb,776,168,6,193,481,2,969,649,8,950,676,1626
Norcross,WDouglas,80,21,0,18,92,0,98,113,0,101,110,211
Norcross,EDouglas,150,30,0,33,51,0,183,81,0,180,84,264
Norcross,WFayette,50,16,1,12,31,0,62,47,1,67,43,110
Norcross,EFayette,68,17,1,25,42,0,93,59,1,86,67,153
Norcross,NGwinnett,7370,1186,4,1712,4037,2,9082,5223,6,8560,5751,14311
Norcross,CentGwinnett,23767,4257,144,18325,39636,172,42092,43893,316,28168,58133,86301
Norcross,EGwinnett,2527,443,0,456,1221,2,2983,1664,2,2970,1679,4649
Norcross,Norcross,67012,12755,664,97068,172541,739,164080,185296,1403,80431,270348,350779
Norcross,Lilburn,9184,1679,55,9927,25398,81,19111,27077,136,10918,35406,46324
Norcross,Snellville,3653,636,2,1206,3296,4,4859,3932,6,4291,4506,8797
Norcross,NHenry,321,52,1,66,84,0,387,136,1,374,150,524
Norcross,EHenry,222,26,0,27,114,0,249,140,0,248,141,389
Norcross,SHenry,201,29,1,50,59,0,251,88,1,231,109,340
Norcross,SRockdale,273,53,0,47,183,0,320,236,0,326,230,556
Norcross,NRockdale,397,82,0,79,120,0,476,202,0,479,199,678
Norcross,NBarrow,723,116,0,78,178,0,801,294,0,839,256,1095
Norcross,SBarrow,584,101,0,90,280,0,674,381,0,685,370,1055
Norcross,NWBartow,7,3,0,6,1,0,13,4,0,10,7,17
Norcross,NEBartow,19,2,0,6,4,0,25,6,0,21,10,31
Norcross,SWBartow,27,2,0,11,15,0,38,17,0,29,26,55
Norcross,Cartersville,94,19,0,25,33,0,119,52,0,113,58,171
Norcross,NECarroll,22,2,1,6,21,0,28,23,1,25,27,52
Norcross,WCarroll,2,0,0,0,0,0,2,0,0,2,0,2
Norcross,CentralCarroll,11,3,0,3,2,0,14,5,0,14,5,19
Norcross,SECarroll,0,1,0,0,4,0,0,5,0,1,4,5
Norcross,WCoweta,3,3,0,2,11,0,5,14,0,6,13,19
Norcross,NCoweta,61,22,0,13,19,0,74,41,0,83,32,115
Norcross,SCoweta,5,0,0,0,0,0,5,0,0,5,0,5
Norcross,SECoweta,11,2,0,1,6,0,12,8,0,13,7,20
Norcross,NForsyth,577,87,0,83,243,0,660,330,0,664,326,990
Norcross,Cumming,1611,287,0,291,927,0,1902,1214,0,1898,1218,3116
Norcross,SForsyth,2175,396,1,884,2360,2,3059,2756,3,2572,3246,5818
Norcross,NHall,163,31,0,23,41,0,186,72,0,194,64,258
Norcross,Gainesville,505,91,0,81,111,0,586,202,0,596,192,788
Norcross,SHall,1250,203,0,168,357,0,1418,560,0,1453,525,1978
Norcross,WNewton,459,75,0,62,128,0,521,203,0,534,190,724
Norcross,ENewton,36,1,0,8,18,0,44,19,0,37,26,63
Norcross,NPaulding,67,9,0,9,36,0,76,45,0,76,45,121
Norcross,WPaulding,16,2,0,7,1,0,23,3,0,18,8,26
Norcross,EPaulding,197,27,0,31,33,0,228,60,0,224,64,288
Norcross,NSpalding,14,3,0,3,8,0,17,11,0,17,11,28
Norcross,SSpalding,7,0,0,3,5,0,10,5,0,7,8,15
Norcross,WWalton,622,103,0,111,349,0,733,452,0,725,460,1185
Norcross,EWalton,320,42,0,54,79,0,374,121,0,362,133,495
Lilburn,NFulton,904,150,2,387,872,2,1291,1022,4,1056,1261,2317
Lilburn,Roswell,476,83,1,219,447,0,695,530,1,560,666,1226
Lilburn,SandySprings,1068,175,25,314,590,21,1382,765,46,1268,925,2193
Lilburn,Buckhead,1028,188,55,245,780,16,1273,968,71,1271,1041,2312
Lilburn,NWAtlanta,265,46,7,56,95,6,321,141,13,318,157,475
Lilburn,NEAtlanta,936,163,77,354,849,62,1290,1012,139,1176,1265,2441
Lilburn,SWAtlanta,156,37,8,76,138,14,232,175,22,201,228,429
Lilburn,CBDAtlanta,790,142,330,183,376,86,973,518,416,1262,645,1907
Lilburn,SEAtlanta,222,38,3,73,128,8,295,166,11,263,209,472
Lilburn,SFulton,41,9,1,12,19,0,53,28,1,51,31,82
Lilburn,Tri-Cities,207,46,9,22,40,1,229,86,10,262,63,325
Lilburn,Shannon,62,13,0,14,13,0,76,26,0,75,27,102
Lilburn,WCherokee,5,1,0,0,1,0,5,2,0,6,1,7
Lilburn,NCherokee,4,0,0,4,11,0,8,11,0,4,15,19
Lilburn,ECentCherokee,48,10,0,29,72,0,77,82,0,58,101,159
Lilburn,Woodstock,71,15,0,29,58,0,100,73,0,86,87,173
Lilburn,Airport,121,16,27,11,16,0,132,32,27,164,27,191
Lilburn,NEClayton,200,30,0,51,45,1,251,75,1,230,97,327
Lilburn,Riverdale,55,11,0,18,11,0,73,22,0,66,29,95
Lilburn,SClayton,53,12,0,20,20,0,73,32,0,65,40,105
Lilburn,NWCobb,104,17,1,57,40,2,161,57,3,122,99,221
Lilburn,NECobb,211,38,0,55,150,0,266,188,0,249,205,454
Lilburn,SWCobb,21,4,0,8,12,0,29,16,0,25,20,45
Lilburn,Marietta,143,22,0,51,59,10,194,81,10,165,120,285
Lilburn,Cumberland,523,100,8,100,111,4,623,211,12,631,215,846
Lilburn,SCobb,92,23,0,22,34,0,114,57,0,115,56,171
Lilburn,Chamblee,2188,365,21,1084,2515,21,3272,2880,42,2574,3620,6194
Lilburn,NWDeKalb,1740,297,10,1057,4413,105,2797,4710,115,2047,5575,7622
Lilburn,NEDeKalb,6954,1212,69,8519,20323,135,15473,21535,204,8235,28977,37212
Lilburn,Atlanta-DeKalb,130,25,5,72,191,2,202,216,7,160,265,425
Lilburn,Decatur,234,46,6,159,392,27,393,438,33,286,578,864
Lilburn,SWDeKalb,601,100,5,437,1258,7,1038,1358,12,706,1702,2408
Lilburn,SEDeKalb,1629,327,6,2312,6593,7,3941,6920,13,1962,8912,10874
Lilburn,SDeKalb,620,120,0,389,1055,3,1009,1175,3,740,1447,2187
Lilburn,WDouglas,15,7,0,2,6,0,17,13,0,22,8,30
Lilburn,EDouglas,56,10,0,9,15,0,65,25,0,66,24,90
Lilburn,WFayette,17,0,0,6,0,0,23,0,0,17,6,23
Lilburn,EFayette,32,3,0,8,15,0,40,18,0,35,23,58
Lilburn,NGwinnett,1383,250,0,608,1546,1,1991,1796,1,1633,2155,3788
Lilburn,CentGwinnett,7700,1419,37,8619,22622,60,16319,24041,97,9156,31301,40457
Lilburn,EGwinnett,1139,203,1,670,1856,4,1809,2059,5,1343,2530,3873
Lilburn,Norcross,8888,1554,60,9891,24896,82,18779,26450,142,10502,34869,45371
Lilburn,Lilburn,16158,2804,24,36454,76065,100,52612,78869,124,18986,112619,131605
Lilburn,Snellville,4913,922,4,6925,19005,6,11838,19927,10,5839,25936,31775
Lilburn,NHenry,163,30,0,65,102,0,228,132,0,193,167,360
Lilburn,EHenry,113,25,0,24,51,0,137,76,0,138,75,213
Lilburn,SHenry,91,17,0,29,43,0,120,60,0,108,72,180
Lilburn,SRockdale,263,55,0,133,397,0,396,452,0,318,530,848
Lilburn,NRockdale,678,115,0,285,830,0,963,945,0,793,1115,1908
Lilburn,NBarrow,171,44,0,34,142,0,205,186,0,215,176,391
Lilburn,SBarrow,183,31,0,53,95,0,236,126,0,214,148,362
Lilburn,NWBartow,1,0,0,0,0,0,1,0,0,1,0,1
Lilburn,NEBartow,1,0,0,0,0,0,1,0,0,1,0,1
Lilburn,SWBartow,0,0,0,0,0,0,0,0,0,0,0,0
Lilburn,Cartersville,3,0,0,7,13,0,10,13,0,3,20,23
Lilburn,NECarroll,4,0,0,3,21,0,7,21,0,4,24,28
Lilburn,WCarroll,0,0,0,0,0,0,0,0,0,0,0,0
Lilburn,CentralCarroll,3,0,0,0,1,0,3,1,0,3,1,4
Lilburn,SECarroll,1,0,0,0,0,0,1,0,0,1,0,1
Lilburn,WCoweta,1,0,0,0,1,0,1,1,0,1,1,2
Lilburn,NCoweta,9,1,0,5,11,0,14,12,0,10,16,26
Lilburn,SCoweta,0,0,0,1,1,0,1,1,0,0,2,2
Lilburn,SECoweta,2,1,0,0,1,0,2,2,0,3,1,4
Lilburn,NForsyth,55,9,0,19,45,0,74,54,0,64,64,128
Lilburn,Cumming,167,28,0,51,130,0,218,158,0,195,181,376
Lilburn,SForsyth,243,41,0,111,330,0,354,371,0,284,441,725
Lilburn,NHall,27,7,0,13,16,0,40,23,0,34,29,63
Lilburn,Gainesville,123,12,0,31,132,0,154,144,0,135,163,298
Lilburn,SHall,214,32,0,63,88,0,277,120,0,246,151,397
Lilburn,WNewton,412,77,0,106,247,0,518,324,0,489,353,842
Lilburn,ENewton,49,2,0,25,22,0,74,24,0,51,47,98
Lilburn,NPaulding,3,0,0,2,4,0,5,4,0,3,6,9
Lilburn,WPaulding,3,0,0,4,1,0,7,1,0,3,5,8
Lilburn,EPaulding,29,5,0,12,15,0,41,20,0,34,27,61
Lilburn,NSpalding,5,0,0,4,4,0,9,4,0,5,8,13
Lilburn,SSpalding,3,0,0,1,0,0,4,0,0,3,1,4
Lilburn,WWalton,572,115,0,229,715,0,801,830,0,687,944,1631
Lilburn,EWalton,192,31,0,52,86,0,244,117,0,223,138,361
Snellville,NFulton,1032,153,0,227,607,6,1259,760,6,1185,840,2025
Snellville,Roswell,339,57,0,59,128,0,398,185,0,396,187,583
Snellville,SandySprings,853,143,11,151,359,20,1004,502,31,1007,530,1537
Snellville,Buckhead,840,131,28,176,487,9,1016,618,37,999,672,1671
Snellville,NWAtlanta,262,62,9,46,80,8,308,142,17,333,134,467
Snellville,NEAtlanta,904,156,53,371,613,68,1275,769,121,1113,1052,2165
Snellville,SWAtlanta,171,22,6,97,105,18,268,127,24,199,220,419
Snellville,CBDAtlanta,905,159,270,188,394,96,1093,553,366,1334,678,2012
Snellville,SEAtlanta,212,43,7,83,178,8,295,221,15,262,269,531
Snellville,SFulton,48,8,0,12,14,0,60,22,0,56,26,82
Snellville,Tri-Cities,230,50,1,28,53,0,258,103,1,281,81,362
Snellville,Shannon,64,10,0,16,11,0,80,21,0,74,27,101
Snellville,WCherokee,2,0,0,1,1,0,3,1,0,2,2,4
Snellville,NCherokee,4,0,0,2,4,0,6,4,0,4,6,10
Snellville,ECentCherokee,44,7,0,18,62,0,62,69,0,51,80,131
Snellville,Woodstock,36,9,0,19,36,0,55,45,0,45,55,100
Snellville,Airport,206,30,21,15,35,0,221,65,21,257,50,307
Snellville,NEClayton,297,50,0,70,84,1,367,134,1,347,155,502
Snellville,Riverdale,67,9,0,21,63,0,88,72,0,76,84,160
Snellville,SClayton,73,9,0,24,68,0,97,77,0,82,92,174
Snellville,NWCobb,67,11,0,54,26,5,121,37,5,78,85,163
Snellville,NECobb,151,31,0,32,69,0,183,100,0,182,101,283
Snellville,SWCobb,16,2,0,5,15,0,21,17,0,18,20,38
Snellville,Marietta,135,20,0,66,44,5,201,64,5,155,115,270
Snellville,Cumberland,479,79,1,73,131,1,552,210,2,559,205,764
Snellville,SCobb,119,16,0,28,52,0,147,68,0,135,80,215
Snellville,Chamblee,1431,247,11,349,614,13,1780,861,24,1689,976,2665
Snellville,NWDeKalb,1467,286,5,679,3603,81,2146,3889,86,1758,4363,6121
Snellville,NEDeKalb,3754,645,13,2253,7007,59,6007,7652,72,4412,9319,13731
Snellville,Atlanta-DeKalb,125,24,4,53,149,3,178,173,7,153,205,358
Snellville,Decatur,227,43,10,136,347,27,363,390,37,280,510,790
Snellville,SWDeKalb,591,91,4,286,1000,10,877,1091,14,686,1296,1982
Snellville,SEDeKalb,2129,381,4,2358,7999,15,4487,8380,19,2514,10372,12886
Snellville,SDeKalb,851,171,1,582,1467,6,1433,1638,7,1023,2055,3078
Snellville,WDouglas,9,2,0,5,8,0,14,10,0,11,13,24
Snellville,EDouglas,36,12,0,16,33,0,52,45,0,48,49,97
Snellville,WFayette,17,2,0,4,1,0,21,3,0,19,5,24
Snellville,EFayette,37,9,0,6,24,0,43,33,0,46,30,76
Snellville,NGwinnett,2586,457,0,1262,3405,0,3848,3862,0,3043,4667,7710
Snellville,CentGwinnett,10697,2086,13,11592,30969,15,22289,33055,28,12796,42576,55372
Snellville,EGwinnett,4797,939,0,7274,19609,0,12071,20548,0,5736,26883,32619
Snellville,Norcross,3572,657,2,1178,3562,4,4750,4219,6,4231,4744,8975
Snellville,Lilburn,4543,844,4,6903,18997,6,11446,19841,10,5391,25906,31297
Snellville,Snellville,28850,5379,6,68264,155309,4,97114,160688,10,34235,223577,257812
Snellville,NHenry,232,32,0,57,143,0,289,175,0,264,200,464
Snellville,EHenry,186,44,0,67,144,0,253,188,0,230,211,441
Snellville,SHenry,196,25,0,41,152,0,237,177,0,221,193,414
Snellville,SRockdale,489,96,0,276,832,0,765,928,0,585,1108,1693
Snellville,NRockdale,2410,439,0,1479,3836,0,3889,4275,0,2849,5315,8164
Snellville,NBarrow,463,74,0,129,420,0,592,494,0,537,549,1086
Snellville,SBarrow,486,81,0,186,528,0,672,609,0,567,714,1281
Snellville,NWBartow,0,0,0,0,0,0,0,0,0,0,0,0
Snellville,NEBartow,0,0,0,1,0,0,1,0,0,0,1,1
Snellville,SWBartow,1,0,0,1,1,0,2,1,0,1,2,3
Snellville,Cartersville,3,0,0,2,2,0,5,2,0,3,4,7
Snellville,NECarroll,0,0,0,1,1,0,1,1,0,0,2,2
Snellville,WCarroll,0,0,0,0,0,0,0,0,0,0,0,0
Snellville,CentralCarroll,1,0,0,1,0,0,2,0,0,1,1,2
Snellville,SECarroll,0,1,0,0,0,0,0,1,0,1,0,1
Snellville,WCoweta,1,1,0,0,4,0,1,5,0,2,4,6
Snellville,NCoweta,8,3,0,7,4,0,15,7,0,11,11,22
Snellville,SCoweta,0,0,0,1,0,0,1,0,0,0,1,1
Snellville,SECoweta,2,0,0,0,0,0,2,0,0,2,0,2
Snellville,NForsyth,39,6,0,18,66,0,57,72,0,45,84,129
Snellville,Cumming,166,29,0,47,109,0,213,138,0,195,156,351
Snellville,SForsyth,359,68,0,72,147,0,431,215,0,427,219,646
Snellville,NHall,28,7,0,13,30,0,41,37,0,35,43,78
Snellville,Gainesville,205,43,0,41,63,0,246,106,0,248,104,352
Snellville,SHall,288,37,0,106,184,0,394,221,0,325,290,615
Snellville,WNewton,1217,252,0,428,970,0,1645,1222,0,1469,1398,2867
Snellville,ENewton,128,17,0,63,75,0,191,92,0,145,138,283
Snellville,NPaulding,3,0,0,1,0,0,4,0,0,3,1,4
Snellville,WPaulding,0,0,0,2,0,0,2,0,0,0,2,2
Snellville,EPaulding,11,4,0,5,22,0,16,26,0,15,27,42
Snellville,NSpalding,17,3,0,11,5,0,28,8,0,20,16,36
Snellville,SSpalding,10,1,0,1,1,0,11,2,0,11,2,13
Snellville,WWalton,2924,556,1,3796,10338,0,6720,10894,1,3481,14134,17615
Snellville,EWalton,889,184,0,326,710,0,1215,894,0,1073,1036,2109
NHenry,NFulton,102,21,2,22,43,0,124,64,2,125,65,190
NHenry,Roswell,56,8,0,12,20,0,68,28,0,64,32,96
NHenry,SandySprings,408,89,36,46,66,5,454,155,41,533,117,650
NHenry,Buckhead,657,172,36,79,244,4,736,416,40,865,327,1192
NHenry,NWAtlanta,338,82,6,60,75,3,398,157,9,426,138,564
NHenry,NEAtlanta,1078,186,56,305,543,37,1383,729,93,1320,885,2205
NHenry,SWAtlanta,352,67,6,150,303,11,502,370,17,425,464,889
NHenry,CBDAtlanta,1251,235,268,323,665,78,1574,900,346,1754,1066,2820
NHenry,SEAtlanta,875,166,8,372,1036,3,1247,1202,11,1049,1411,2460
NHenry,SFulton,150,15,0,42,141,0,192,156,0,165,183,348
NHenry,Tri-Cities,1278,261,13,261,829,3,1539,1090,16,1552,1093,2645
NHenry,Shannon,444,83,1,152,457,0,596,540,1,528,609,1137
NHenry,WCherokee,0,0,0,0,0,0,0,0,0,0,0,0
NHenry,NCherokee,0,0,0,1,0,0,1,0,0,0,1,1
NHenry,ECentCherokee,4,0,0,4,16,0,8,16,0,4,20,24
NHenry,Woodstock,17,2,0,8,28,0,25,30,0,19,36,55
NHenry,Airport,1032,153,42,190,330,1,1222,483,43,1227,521,1748
NHenry,NEClayton,5070,968,21,5620,14753,24,10690,15721,45,6059,20397,26456
NHenry,Riverdale,869,181,1,713,1977,3,1582,2158,4,1051,2693,3744
NHenry,SClayton,3747,707,9,5632,13221,12,9379,13928,21,4463,18865,23328
NHenry,NWCobb,66,10,0,20,32,0,86,42,0,76,52,128
NHenry,NECobb,96,20,0,18,66,0,114,86,0,116,84,200
NHenry,SWCobb,33,5,0,11,4,0,44,9,0,38,15,53
NHenry,Marietta,104,26,1,23,88,4,127,114,5,131,115,246
NHenry,Cumberland,476,101,8,55,116,2,531,217,10,585,173,758
NHenry,SCobb,139,28,0,31,114,1,170,142,1,167,146,313
NHenry,Chamblee,526,104,21,102,189,2,628,293,23,651,293,944
NHenry,NWDeKalb,779,130,3,293,777,10,1072,907,13,912,1080,1992
NHenry,NEDeKalb,727,149,5,271,690,5,998,839,10,881,966,1847
NHenry,Atlanta-DeKalb,166,27,2,99,258,0,265,285,2,195,357,552
NHenry,Decatur,220,35,4,114,252,11,334,287,15,259,377,636
NHenry,SWDeKalb,804,145,5,491,1503,3,1295,1648,8,954,1997,2951
NHenry,SEDeKalb,729,136,1,604,1457,5,1333,1593,6,866,2066,2932
NHenry,SDeKalb,2435,507,13,3069,9852,33,5504,10359,46,2955,12954,15909
NHenry,WDouglas,41,10,0,11,19,0,52,29,0,51,30,81
NHenry,EDouglas,111,33,0,26,27,0,137,60,0,144,53,197
NHenry,WFayette,353,48,0,76,237,0,429,285,0,401,313,714
NHenry,EFayette,718,132,1,307,778,0,1025,910,1,851,1085,1936
NHenry,NGwinnett,41,3,0,15,17,0,56,20,0,44,32,76
NHenry,CentGwinnett,196,39,0,56,79,0,252,118,0,235,135,370
NHenry,EGwinnett,56,12,0,14,30,0,70,42,0,68,44,112
NHenry,Norcross,353,69,1,56,118,0,409,187,1,423,174,597
NHenry,Lilburn,135,27,0,67,117,0,202,144,0,162,184,346
NHenry,Snellville,216,35,0,61,111,0,277,146,0,251,172,423
NHenry,NHenry,16352,3063,2,38356,80045,7,54708,83108,9,19417,118408,137825
NHenry,EHenry,3032,592,0,3644,10386,0,6676,10978,0,3624,14030,17654
NHenry,SHenry,5419,1122,0,5645,14357,2,11064,15479,2,6541,20004,26545
NHenry,SRockdale,973,184,0,784,2449,0,1757,2633,0,1157,3233,4390
NHenry,NRockdale,803,168,0,299,790,0,1102,958,0,971,1089,2060
NHenry,NBarrow,8,0,0,3,7,0,11,7,0,8,10,18
NHenry,SBarrow,10,1,0,10,9,0,20,10,0,11,19,30
NHenry,NWBartow,1,0,0,0,0,0,1,0,0,1,0,1
NHenry,NEBartow,0,0,0,0,0,0,0,0,0,0,0,0
NHenry,SWBartow,1,0,0,0,0,0,1,0,0,1,0,1
NHenry,Cartersville,3,2,0,2,1,0,5,3,0,5,3,8
NHenry,NECarroll,5,1,0,1,14,0,6,15,0,6,15,21
NHenry,WCarroll,1,0,0,1,0,0,2,0,0,1,1,2
NHenry,CentralCarroll,2,1,0,3,2,0,5,3,0,3,5,8
NHenry,SECarroll,1,0,0,0,0,0,1,0,0,1,0,1
NHenry,WCoweta,15,5,0,9,11,0,24,16,0,20,20,40
NHenry,NCoweta,131,23,0,39,77,0,170,100,0,154,116,270
NHenry,SCoweta,10,2,0,4,15,0,14,17,0,12,19,31
NHenry,SECoweta,41,17,0,30,47,0,71,64,0,58,77,135
NHenry,NForsyth,1,0,0,1,0,0,2,0,0,1,1,2
NHenry,Cumming,4,0,0,1,5,0,5,5,0,4,6,10
NHenry,SForsyth,23,3,0,4,14,0,27,17,0,26,18,44
NHenry,NHall,0,0,0,0,0,0,0,0,0,0,0,0
NHenry,Gainesville,4,0,0,0,1,0,4,1,0,4,1,5
NHenry,SHall,4,0,0,1,2,0,5,2,0,4,3,7
NHenry,WNewton,950,202,0,338,823,0,1288,1025,0,1152,1161,2313
NHenry,ENewton,53,15,0,27,37,0,80,52,0,68,64,132
NHenry,NPaulding,3,0,0,2,1,0,5,1,0,3,3,6
NHenry,WPaulding,1,0,0,2,17,0,3,17,0,1,19,20
NHenry,EPaulding,20,4,0,9,17,0,29,21,0,24,26,50
NHenry,NSpalding,357,65,0,120,224,0,477,289,0,422,344,766
NHenry,SSpalding,209,32,0,51,33,0,260,65,0,241,84,325
NHenry,WWalton,95,14,0,31,71,0,126,85,0,109,102,211
NHenry,EWalton,59,14,0,18,53,0,77,67,0,73,71,144
EHenry,NFulton,50,14,0,12,17,0,62,31,0,64,29,93
EHenry,Roswell,34,3,0,6,54,0,40,57,0,37,60,97
EHenry,SandySprings,200,40,6,22,48,4,222,88,10,246,74,320
EHenry,Buckhead,261,56,7,54,148,1,315,204,8,324,203,527
EHenry,NWAtlanta,154,31,1,22,64,0,176,95,1,186,86,272
EHenry,NEAtlanta,422,86,15,109,278,3,531,364,18,523,390,913
EHenry,SWAtlanta,163,35,2,53,124,3,216,159,5,200,180,380
EHenry,CBDAtlanta,426,76,50,85,264,15,511,340,65,552,364,916
EHenry,SEAtlanta,317,62,1,77,176,0,394,238,1,380,253,633
EHenry,SFulton,78,11,0,11,9,0,89,20,0,89,20,109
EHenry,Tri-Cities,598,94,3,80,185,0,678,279,3,695,265,960
EHenry,Shannon,222,29,0,37,97,1,259,126,1,251,135,386
EHenry,WCherokee,0,0,0,0,0,0,0,0,0,0,0,0
EHenry,NCherokee,0,0,0,0,0,0,0,0,0,0,0,0
EHenry,ECentCherokee,2,1,0,1,1,0,3,2,0,3,2,5
EHenry,Woodstock,0,0,0,2,6,0,2,6,0,0,8,8
EHenry,Airport,443,68,8,46,53,0,489,121,8,519,99,618
EHenry,NEClayton,1458,250,2,568,1402,2,2026,1652,4,1710,1972,3682
EHenry,Riverdale,321,63,0,94,385,0,415,448,0,384,479,863
EHenry,SClayton,979,178,0,467,1298,0,1446,1476,0,1157,1765,2922
EHenry,NWCobb,16,7,0,13,18,0,29,25,0,23,31,54
EHenry,NECobb,32,9,0,12,21,0,44,30,0,41,33,74
EHenry,SWCobb,17,1,0,1,4,0,18,5,0,18,5,23
EHenry,Marietta,49,12,0,14,28,2,63,40,2,61,44,105
EHenry,Cumberland,190,47,0,23,78,0,213,125,0,237,101,338
EHenry,SCobb,80,10,0,12,40,0,92,50,0,90,52,142
EHenry,Chamblee,271,61,1,51,54,2,322,115,3,333,107,440
EHenry,NWDeKalb,393,57,0,110,260,0,503,317,0,450,370,820
EHenry,NEDeKalb,437,65,0,127,281,1,564,346,1,502,409,911
EHenry,Atlanta-DeKalb,68,9,0,23,87,0,91,96,0,77,110,187
EHenry,Decatur,79,14,1,26,46,2,105,60,3,94,74,168
EHenry,SWDeKalb,330,45,1,114,258,2,444,303,3,376,374,750
EHenry,SEDeKalb,488,85,0,228,496,0,716,581,0,573,724,1297
EHenry,SDeKalb,880,154,0,593,1533,5,1473,1687,5,1034,2131,3165
EHenry,WDouglas,11,0,0,7,17,0,18,17,0,11,24,35
EHenry,EDouglas,40,8,0,7,28,0,47,36,0,48,35,83
EHenry,WFayette,190,39,0,33,54,0,223,93,0,229,87,316
EHenry,EFayette,321,64,0,66,200,0,387,264,0,385,266,651
EHenry,NGwinnett,34,9,0,11,16,0,45,25,0,43,27,70
EHenry,CentGwinnett,189,22,0,41,146,0,230,168,0,211,187,398
EHenry,EGwinnett,35,5,0,12,51,0,47,56,0,40,63,103
EHenry,Norcross,225,37,0,25,98,0,250,135,0,262,123,385
EHenry,Lilburn,123,25,0,29,46,0,152,71,0,148,75,223
EHenry,Snellville,173,39,0,71,177,0,244,216,0,212,248,460
EHenry,NHenry,2816,564,0,3661,10309,0,6477,10873,0,3380,13970,17350
EHenry,EHenry,6786,1213,0,15122,38103,0,21908,39316,0,7999,53225,61224
EHenry,SHenry,6695,1218,0,8774,23259,0,15469,24477,0,7913,32033,39946
EHenry,SRockdale,786,166,0,857,2616,0,1643,2782,0,952,3473,4425
EHenry,NRockdale,1275,224,0,642,1583,0,1917,1807,0,1499,2225,3724
EHenry,NBarrow,7,2,0,5,6,0,12,8,0,9,11,20
EHenry,SBarrow,10,1,0,5,14,0,15,15,0,11,19,30
EHenry,NWBartow,0,0,0,0,0,0,0,0,0,0,0,0
EHenry,NEBartow,0,0,0,0,0,0,0,0,0,0,0,0
EHenry,SWBartow,0,0,0,0,0,0,0,0,0,0,0,0
EHenry,Cartersville,1,0,0,0,0,0,1,0,0,1,0,1
EHenry,NECarroll,1,0,0,0,4,0,1,4,0,1,4,5
EHenry,WCarroll,0,0,0,0,0,0,0,0,0,0,0,0
EHenry,CentralCarroll,0,0,0,0,0,0,0,0,0,0,0,0
EHenry,SECarroll,0,0,0,0,0,0,0,0,0,0,0,0
EHenry,WCoweta,3,2,0,2,0,0,5,2,0,5,2,7
EHenry,NCoweta,47,6,0,19,31,0,66,37,0,53,50,103
EHenry,SCoweta,4,1,0,0,0,0,4,1,0,5,0,5
EHenry,SECoweta,12,2,0,5,17,0,17,19,0,14,22,36
EHenry,NForsyth,0,0,0,0,0,0,0,0,0,0,0,0
EHenry,Cumming,0,2,0,2,2,0,2,4,0,2,4,6
EHenry,SForsyth,4,1,0,6,4,0,10,5,0,5,10,15
EHenry,NHall,0,0,0,0,0,0,0,0,0,0,0,0
EHenry,Gainesville,1,0,0,0,0,0,1,0,0,1,0,1
EHenry,SHall,1,1,0,1,4,0,2,5,0,2,5,7
EHenry,WNewton,1925,364,0,1584,4758,0,3509,5122,0,2289,6342,8631
EHenry,ENewton,91,19,0,73,82,0,164,101,0,110,155,265
EHenry,NPaulding,2,0,0,0,0,0,2,0,0,2,0,2
EHenry,WPaulding,0,0,0,0,0,0,0,0,0,0,0,0
EHenry,EPaulding,6,0,0,1,1,0,7,1,0,6,2,8
EHenry,NSpalding,429,86,0,179,334,0,608,420,0,515,513,1028
EHenry,SSpalding,255,62,0,35,88,0,290,150,0,317,123,440
EHenry,WWalton,70,14,0,25,79,0,95,93,0,84,104,188
EHenry,EWalton,82,13,0,19,31,0,101,44,0,95,50,145
SHenry,NFulton,63,7,1,14,24,0,77,31,1,71,38,109
SHenry,Roswell,46,12,0,16,27,0,62,39,0,58,43,101
SHenry,SandySprings,283,64,11,38,40,2,321,104,13,358,80,438
SHenry,Buckhead,474,127,24,65,222,0,539,349,24,625,287,912
SHenry,NWAtlanta,336,56,1,43,90,0,379,146,1,393,133,526
SHenry,NEAtlanta,797,170,30,182,460,21,979,630,51,997,663,1660
SHenry,SWAtlanta,323,69,2,106,164,7,429,233,9,394,277,671
SHenry,CBDAtlanta,957,176,143,167,349,27,1124,525,170,1276,543,1819
SHenry,SEAtlanta,802,129,3,169,443,5,971,572,8,934,617,1551
SHenry,SFulton,169,17,0,38,71,0,207,88,0,186,109,295
SHenry,Tri-Cities,1267,230,3,162,367,1,1429,597,4,1500,530,2030
SHenry,Shannon,511,95,1,118,285,0,629,380,1,607,403,1010
SHenry,WCherokee,0,1,0,0,0,0,0,1,0,1,0,1
SHenry,NCherokee,0,0,0,0,0,0,0,0,0,0,0,0
SHenry,ECentCherokee,1,0,0,3,1,0,4,1,0,1,4,5
SHenry,Woodstock,8,2,0,6,25,0,14,27,0,10,31,41
SHenry,Airport,997,165,16,73,163,2,1070,328,18,1178,238,1416
SHenry,NEClayton,3190,552,2,1110,2544,6,4300,3096,8,3744,3660,7404
SHenry,Riverdale,970,206,1,424,1366,1,1394,1572,2,1177,1791,2968
SHenry,SClayton,4046,795,6,3252,8406,14,7298,9201,20,4847,11672,16519
SHenry,NWCobb,51,12,0,14,22,0,65,34,0,63,36,99
SHenry,NECobb,61,16,0,10,45,0,71,61,0,77,55,132
SHenry,SWCobb,18,4,0,12,7,0,30,11,0,22,19,41
SHenry,Marietta,82,17,0,26,33,0,108,50,0,99,59,158
SHenry,Cumberland,399,87,0,53,92,0,452,179,0,486,145,631
SHenry,SCobb,157,27,0,36,56,0,193,83,0,184,92,276
SHenry,Chamblee,330,85,4,69,153,1,399,238,5,419,223,642
SHenry,NWDeKalb,530,88,3,142,209,7,672,297,10,621,358,979
SHenry,NEDeKalb,462,63,1,111,152,2,573,215,3,526,265,791
SHenry,Atlanta-DeKalb,114,18,2,36,84,0,150,102,2,134,120,254
SHenry,Decatur,123,12,4,40,51,6,163,63,10,139,97,236
SHenry,SWDeKalb,425,68,1,97,312,0,522,380,1,494,409,903
SHenry,SEDeKalb,368,71,1,128,315,0,496,386,1,440,443,883
SHenry,SDeKalb,1060,185,0,397,868,1,1457,1053,1,1245,1266,2511
SHenry,WDouglas,47,5,0,12,14,0,59,19,0,52,26,78
SHenry,EDouglas,81,10,0,18,31,0,99,41,0,91,49,140
SHenry,WFayette,909,153,0,193,526,0,1102,679,0,1062,719,1781
SHenry,EFayette,1809,320,0,692,1725,0,2501,2045,0,2129,2417,4546
SHenry,NGwinnett,29,6,0,7,18,0,36,24,0,35,25,60
SHenry,CentGwinnett,111,21,0,35,82,0,146,103,0,132,117,249
SHenry,EGwinnett,47,11,0,13,32,0,60,43,0,58,45,103
SHenry,Norcross,234,34,1,44,65,0,278,99,1,269,109,378
SHenry,Lilburn,99,15,0,28,45,0,127,60,0,114,73,187
SHenry,Snellville,171,35,0,47,133,0,218,168,0,206,180,386
SHenry,NHenry,5196,1046,0,5578,13973,2,10774,15019,2,6242,19553,25795
SHenry,EHenry,7020,1344,0,8888,23345,0,15908,24689,0,8364,32233,40597
SHenry,SHenry,44816,8089,0,76449,164110,0,121265,172199,0,52905,240559,293464
SHenry,SRockdale,863,169,0,355,909,0,1218,1078,0,1032,1264,2296
SHenry,NRockdale,873,144,0,184,454,0,1057,598,0,1017,638,1655
SHenry,NBarrow,8,2,0,3,1,0,11,3,0,10,4,14
SHenry,SBarrow,13,0,0,5,3,0,18,3,0,13,8,21
SHenry,NWBartow,0,0,0,0,0,0,0,0,0,0,0,0
SHenry,NEBartow,0,0,0,0,0,0,0,0,0,0,0,0
SHenry,SWBartow,0,0,0,0,0,0,0,0,0,0,0,0
SHenry,Cartersville,1,0,0,1,1,0,2,1,0,1,2,3
SHenry,NECarroll,1,0,0,2,0,0,3,0,0,1,2,3
SHenry,WCarroll,0,0,0,0,0,0,0,0,0,0,0,0
SHenry,CentralCarroll,10,2,0,11,38,0,21,40,0,12,49,61
SHenry,SECarroll,3,0,0,0,0,0,3,0,0,3,0,3
SHenry,WCoweta,22,0,0,9,7,0,31,7,0,22,16,38
SHenry,NCoweta,294,30,0,63,125,0,357,155,0,324,188,512
SHenry,SCoweta,34,2,0,7,13,0,41,15,0,36,20,56
SHenry,SECoweta,219,31,0,73,109,0,292,140,0,250,182,432
SHenry,NForsyth,1,1,0,0,1,0,1,2,0,2,1,3
SHenry,Cumming,2,0,0,1,1,0,3,1,0,2,2,4
SHenry,SForsyth,11,1,0,3,6,0,14,7,0,12,9,21
SHenry,NHall,0,0,0,0,0,0,0,0,0,0,0,0
SHenry,Gainesville,0,0,0,0,0,0,0,0,0,0,0,0
SHenry,SHall,2,0,0,1,1,0,3,1,0,2,2,4
SHenry,WNewton,2035,350,0,742,1743,0,2777,2093,0,2385,2485,4870
SHenry,ENewton,172,28,0,59,153,0,231,181,0,200,212,412
SHenry,NPaulding,0,0,0,0,1,0,0,1,0,0,1,1
SHenry,WPaulding,1,0,0,0,1,0,1,1,0,1,1,2
SHenry,EPaulding,13,4,0,2,2,0,15,6,0,17,4,21
SHenry,NSpalding,3573,703,0,2622,6291,0,6195,6994,0,4276,8913,13189
SHenry,SSpalding,1773,326,0,643,1407,0,2416,1733,0,2099,2050,4149
SHenry,WWalton,119,21,0,20,21,0,139,42,0,140,41,181
SHenry,EWalton,89,16,0,32,28,0,121,44,0,105,60,165
SRockdale,NFulton,72,13,3,19,70,1,91,83,4,88,90,178
SRockdale,Roswell,51,6,0,4,20,0,55,26,0,57,24,81
SRockdale,SandySprings,266,55,13,42,63,1,308,118,14,334,106,440
SRockdale,Buckhead,311,83,28,40,123,3,351,206,31,422,166,588
SRockdale,NWAtlanta,162,25,2,23,83,0,185,108,2,189,106,295
SRockdale,NEAtlanta,451,102,22,121,195,11,572,297,33,575,327,902
SRockdale,SWAtlanta,123,31,4,35,120,5,158,151,9,158,160,318
SRockdale,CBDAtlanta,562,105,94,115,248,28,677,353,122,761,391,1152
SRockdale,SEAtlanta,240,36,1,63,133,3,303,169,4,277,199,476
SRockdale,SFulton,28,9,0,5,8,0,33,17,0,37,13,50
SRockdale,Tri-Cities,312,48,0,24,70,0,336,118,0,360,94,454
SRockdale,Shannon,92,13,0,17,56,0,109,69,0,105,73,178
SRockdale,WCherokee,1,0,0,0,0,0,1,0,0,1,0,1
SRockdale,NCherokee,0,0,0,0,0,0,0,0,0,0,0,0
SRockdale,ECentCherokee,0,0,0,2,41,0,2,41,0,0,43,43
SRockdale,Woodstock,3,2,0,2,4,0,5,6,0,5,6,11
SRockdale,Airport,257,43,8,13,67,1,270,110,9,308,81,389
SRockdale,NEClayton,578,115,0,221,400,7,799,515,7,693,628,1321
SRockdale,Riverdale,96,18,0,23,47,0,119,65,0,114,70,184
SRockdale,SClayton,245,39,0,82,282,0,327,321,0,284,364,648
SRockdale,NWCobb,13,6,0,9,13,1,22,19,1,19,23,42
SRockdale,NECobb,40,12,0,10,6,0,50,18,0,52,16,68
SRockdale,SWCobb,10,2,0,2,1,0,12,3,0,12,3,15
SRockdale,Marietta,32,9,0,18,45,2,50,54,2,41,65,106
SRockdale,Cumberland,226,54,1,28,41,0,254,95,1,281,69,350
SRockdale,SCobb,65,7,0,12,24,0,77,31,0,72,36,108
SRockdale,Chamblee,376,76,11,51,52,2,427,128,13,463,105,568
SRockdale,NWDeKalb,415,83,5,117,464,6,532,547,11,503,587,1090
SRockdale,NEDeKalb,603,112,0,194,515,4,797,627,4,715,713,1428
SRockdale,Atlanta-DeKalb,61,18,3,40,130,0,101,148,3,82,170,252
SRockdale,Decatur,97,15,1,49,76,5,146,91,6,113,130,243
SRockdale,SWDeKalb,356,70,4,168,621,2,524,691,6,430,791,1221
SRockdale,SEDeKalb,1235,244,12,1186,3415,15,2421,3659,27,1491,4616,6107
SRockdale,SDeKalb,1404,248,4,1887,5199,10,3291,5447,14,1656,7096,8752
SRockdale,WDouglas,6,3,0,4,12,0,10,15,0,9,16,25
SRockdale,EDouglas,22,6,0,10,26,0,32,32,0,28,36,64
SRockdale,WFayette,41,7,0,11,29,0,52,36,0,48,40,88
SRockdale,EFayette,72,18,0,22,35,0,94,53,0,90,57,147
SRockdale,NGwinnett,109,17,0,24,39,0,133,56,0,126,63,189
SRockdale,CentGwinnett,325,65,0,82,274,0,407,339,0,390,356,746
SRockdale,EGwinnett,91,20,0,27,61,0,118,81,0,111,88,199
SRockdale,Norcross,304,53,0,51,150,0,355,203,0,357,201,558
SRockdale,Lilburn,228,56,0,126,373,0,354,429,0,284,499,783
SRockdale,Snellville,495,113,0,302,893,0,797,1006,0,608,1195,1803
SRockdale,NHenry,915,201,0,762,2434,0,1677,2635,0,1116,3196,4312
SRockdale,EHenry,747,144,0,850,2494,0,1597,2638,0,891,3344,4235
SRockdale,SHenry,922,165,0,371,946,0,1293,1111,0,1087,1317,2404
SRockdale,SRockdale,3959,727,0,10440,25580,2,14399,26307,2,4686,36022,40708
SRockdale,NRockdale,4382,830,0,6729,17384,0,11111,18214,0,5212,24113,29325
SRockdale,NBarrow,18,4,0,7,7,0,25,11,0,22,14,36
SRockdale,SBarrow,29,3,0,8,5,0,37,8,0,32,13,45
SRockdale,NWBartow,0,0,0,0,0,0,0,0,0,0,0,0
SRockdale,NEBartow,0,0,0,0,0,0,0,0,0,0,0,0
SRockdale,SWBartow,0,0,0,0,0,0,0,0,0,0,0,0
SRockdale,Cartersville,0,0,0,1,0,0,1,0,0,0,1,1
SRockdale,NECarroll,1,0,0,1,0,0,2,0,0,1,1,2
SRockdale,WCarroll,0,0,0,0,0,0,0,0,0,0,0,0
SRockdale,CentralCarroll,0,0,0,0,0,0,0,0,0,0,0,0
SRockdale,SECarroll,0,0,0,0,0,0,0,0,0,0,0,0
SRockdale,WCoweta,0,0,0,0,0,0,0,0,0,0,0,0
SRockdale,NCoweta,12,3,0,8,1,0,20,4,0,15,9,24
SRockdale,SCoweta,0,0,0,0,0,0,0,0,0,0,0,0
SRockdale,SECoweta,5,0,0,3,9,0,8,9,0,5,12,17
SRockdale,NForsyth,0,0,0,0,0,0,0,0,0,0,0,0
SRockdale,Cumming,6,0,0,1,5,0,7,5,0,6,6,12
SRockdale,SForsyth,15,0,0,2,10,0,17,10,0,15,12,27
SRockdale,NHall,1,0,0,0,0,0,1,0,0,1,0,1
SRockdale,Gainesville,8,0,0,6,1,0,14,1,0,8,7,15
SRockdale,SHall,12,6,0,4,25,0,16,31,0,18,29,47
SRockdale,WNewton,2170,385,2,2512,7039,0,4682,7424,2,2557,9551,12108
SRockdale,ENewton,118,23,0,55,87,0,173,110,0,141,142,283
SRockdale,NPaulding,0,1,0,1,0,0,1,1,0,1,1,2
SRockdale,WPaulding,0,0,0,0,0,0,0,0,0,0,0,0
SRockdale,EPaulding,4,1,0,1,5,0,5,6,0,5,6,11
SRockdale,NSpalding,79,10,0,13,17,0,92,27,0,89,30,119
SRockdale,SSpalding,33,4,0,6,7,0,39,11,0,37,13,50
SRockdale,WWalton,236,41,0,89,230,0,325,271,0,277,319,596
SRockdale,EWalton,133,29,0,31,72,0,164,101,0,162,103,265
NRockdale,NFulton,121,17,2,33,29,0,154,46,2,140,62,202
NRockdale,Roswell,49,7,0,21,31,0,70,38,0,56,52,108
NRockdale,SandySprings,250,37,16,37,47,3,287,84,19,303,87,390
NRockdale,Buckhead,319,73,37,46,134,2,365,207,39,429,182,611
NRockdale,NWAtlanta,163,33,6,26,47,2,189,80,8,202,75,277
NRockdale,NEAtlanta,459,76,38,127,244,26,586,320,64,573,397,970
NRockdale,SWAtlanta,144,21,3,52,66,4,196,87,7,168,122,290
NRockdale,CBDAtlanta,556,101,117,101,176,26,657,277,143,774,303,1077
NRockdale,SEAtlanta,210,39,3,52,73,1,262,112,4,252,126,378
NRockdale,SFulton,48,4,0,13,38,0,61,42,0,52,51,103
NRockdale,Tri-Cities,208,38,3,26,56,0,234,94,3,249,82,331
NRockdale,Shannon,75,16,0,14,37,0,89,53,0,91,51,142
NRockdale,WCherokee,1,0,0,0,0,0,1,0,0,1,0,1
NRockdale,NCherokee,0,0,0,0,0,0,0,0,0,0,0,0
NRockdale,ECentCherokee,4,0,0,2,2,0,6,2,0,4,4,8
NRockdale,Woodstock,13,1,0,4,2,0,17,3,0,14,6,20
NRockdale,Airport,223,24,33,12,12,0,235,36,33,280,24,304
NRockdale,NEClayton,383,86,1,78,228,1,461,314,2,470,307,777
NRockdale,Riverdale,72,15,0,15,43,0,87,58,0,87,58,145
NRockdale,SClayton,195,35,0,52,109,0,247,144,0,230,161,391
NRockdale,NWCobb,25,7,0,8,44,2,33,51,2,32,54,86
NRockdale,NECobb,47,13,0,13,18,0,60,31,0,60,31,91
NRockdale,SWCobb,21,4,0,4,4,0,25,8,0,25,8,33
NRockdale,Marietta,30,16,0,16,27,1,46,43,1,46,44,90
NRockdale,Cumberland,187,45,1,30,72,0,217,117,1,233,102,335
NRockdale,SCobb,87,12,0,21,58,1,108,70,1,99,80,179
NRockdale,Chamblee,416,86,8,51,112,2,467,198,10,510,165,675
NRockdale,NWDeKalb,418,104,9,127,350,20,545,454,29,531,497,1028
NRockdale,NEDeKalb,817,175,2,296,621,5,1113,796,7,994,922,1916
NRockdale,Atlanta-DeKalb,83,14,0,29,64,2,112,78,2,97,95,192
NRockdale,Decatur,85,23,1,30,55,4,115,78,5,109,89,198
NRockdale,SWDeKalb,414,91,0,168,479,3,582,570,3,505,650,1155
NRockdale,SEDeKalb,2083,397,15,1745,4645,13,3828,5042,28,2495,6403,8898
NRockdale,SDeKalb,1697,330,6,1627,3949,10,3324,4279,16,2033,5586,7619
NRockdale,WDouglas,15,2,0,8,5,0,23,7,0,17,13,30
NRockdale,EDouglas,47,9,0,10,36,0,57,45,0,56,46,102
NRockdale,WFayette,21,6,0,20,2,0,41,8,0,27,22,49
NRockdale,EFayette,62,8,0,22,16,0,84,24,0,70,38,108
NRockdale,NGwinnett,305,47,0,72,140,0,377,187,0,352,212,564
NRockdale,CentGwinnett,871,154,0,229,618,0,1100,772,0,1025,847,1872
NRockdale,EGwinnett,525,88,0,143,323,0,668,411,0,613,466,1079
NRockdale,Norcross,405,69,0,78,127,0,483,196,0,474,205,679
NRockdale,Lilburn,617,104,0,286,657,0,903,761,0,721,943,1664
NRockdale,Snellville,2364,471,0,1432,4093,0,3796,4564,0,2835,5525,8360
NRockdale,NHenry,771,150,0,281,795,0,1052,945,0,921,1076,1997
NRockdale,EHenry,1211,217,0,604,1679,0,1815,1896,0,1428,2283,3711
NRockdale,SHenry,812,140,0,197,356,0,1009,496,0,952,553,1505
NRockdale,SRockdale,4534,911,0,6728,17421,0,11262,18332,0,5445,24149,29594
NRockdale,NRockdale,22476,4576,0,42589,78035,2,65065,82611,2,27052,120626,147678
NRockdale,NBarrow,119,13,0,24,51,0,143,64,0,132,75,207
NRockdale,SBarrow,160,35,0,30,41,0,190,76,0,195,71,266
NRockdale,NWBartow,0,0,0,1,0,0,1,0,0,0,1,1
NRockdale,NEBartow,0,0,0,0,0,0,0,0,0,0,0,0
NRockdale,SWBartow,0,0,0,0,0,0,0,0,0,0,0,0
NRockdale,Cartersville,0,0,0,0,1,0,0,1,0,0,1,1
NRockdale,NECarroll,4,0,0,1,2,0,5,2,0,4,3,7
NRockdale,WCarroll,1,0,0,0,0,0,1,0,0,1,0,1
NRockdale,CentralCarroll,2,0,0,2,1,0,4,1,0,2,3,5
NRockdale,SECarroll,0,0,0,0,0,0,0,0,0,0,0,0
NRockdale,WCoweta,1,0,0,2,5,0,3,5,0,1,7,8
NRockdale,NCoweta,15,4,0,10,3,0,25,7,0,19,13,32
NRockdale,SCoweta,0,0,0,1,1,0,1,1,0,0,2,2
NRockdale,SECoweta,4,2,0,1,1,0,5,3,0,6,2,8
NRockdale,NForsyth,3,0,0,0,4,0,3,4,0,3,4,7
NRockdale,Cumming,13,2,0,7,20,0,20,22,0,15,27,42
NRockdale,SForsyth,47,6,0,11,6,0,58,12,0,53,17,70
NRockdale,NHall,1,1,0,2,0,0,3,1,0,2,2,4
NRockdale,Gainesville,16,2,0,5,14,0,21,16,0,18,19,37
NRockdale,SHall,41,8,0,13,32,0,54,40,0,49,45,94
NRockdale,WNewton,7992,1557,0,7055,17791,0,15047,19348,0,9549,24846,34395
NRockdale,ENewton,635,131,0,227,510,0,862,641,0,766,737,1503
NRockdale,NPaulding,1,0,0,0,0,0,1,0,0,1,0,1
NRockdale,WPaulding,0,0,0,1,0,0,1,0,0,0,1,1
NRockdale,EPaulding,11,2,0,10,5,0,21,7,0,13,15,28
NRockdale,NSpalding,49,10,0,22,34,0,71,44,0,59,56,115
NRockdale,SSpalding,44,8,0,8,26,0,52,34,0,52,34,86
NRockdale,WWalton,1582,315,0,789,2181,0,2371,2496,0,1897,2970,4867
NRockdale,EWalton,697,132,0,180,350,0,877,482,0,829,530,1359
NBarrow,NFulton,399,68,0,54,109,0,453,177,0,467,163,630
NBarrow,Roswell,96,17,0,16,30,0,112,47,0,113,46,159
NBarrow,SandySprings,186,28,0,36,38,0,222,66,0,214,74,288
NBarrow,Buckhead,113,33,0,26,91,0,139,124,0,146,117,263
NBarrow,NWAtlanta,31,11,0,8,17,0,39,28,0,42,25,67
NBarrow,NEAtlanta,89,20,3,28,70,5,117,90,8,112,103,215
NBarrow,SWAtlanta,13,2,0,2,12,0,15,14,0,15,14,29
NBarrow,CBDAtlanta,48,11,3,15,53,3,63,64,6,62,71,133
NBarrow,SEAtlanta,10,2,0,6,17,0,16,19,0,12,23,35
NBarrow,SFulton,3,3,0,0,0,0,3,3,0,6,0,6
NBarrow,Tri-Cities,17,5,0,3,4,0,20,9,0,22,7,29
NBarrow,Shannon,2,1,0,0,2,0,2,3,0,3,2,5
NBarrow,WCherokee,0,0,0,1,0,0,1,0,0,0,1,1
NBarrow,NCherokee,2,0,0,0,1,0,2,1,0,2,1,3
NBarrow,ECentCherokee,16,3,0,9,6,0,25,9,0,19,15,34
NBarrow,Woodstock,7,2,0,1,5,0,8,7,0,9,6,15
NBarrow,Airport,11,1,0,1,0,0,12,1,0,12,1,13
NBarrow,NEClayton,14,0,0,0,16,0,14,16,0,14,16,30
NBarrow,Riverdale,1,0,0,0,7,0,1,7,0,1,7,8
NBarrow,SClayton,1,1,0,1,4,0,2,5,0,2,5,7
NBarrow,NWCobb,16,2,0,2,25,0,18,27,0,18,27,45
NBarrow,NECobb,40,5,0,12,9,0,52,14,0,45,21,66
NBarrow,SWCobb,1,1,0,0,3,0,1,4,0,2,3,5
NBarrow,Marietta,23,7,0,6,4,0,29,11,0,30,10,40
NBarrow,Cumberland,98,17,0,20,14,0,118,31,0,115,34,149
NBarrow,SCobb,14,1,0,5,4,0,19,5,0,15,9,24
NBarrow,Chamblee,344,58,0,55,121,0,399,179,0,402,176,578
NBarrow,NWDeKalb,117,21,1,34,82,0,151,103,1,139,116,255
NBarrow,NEDeKalb,273,44,0,47,148,0,320,192,0,317,195,512
NBarrow,Atlanta-DeKalb,3,0,0,6,5,0,9,5,0,3,11,14
NBarrow,Decatur,8,3,0,3,7,0,11,10,0,11,10,21
NBarrow,SWDeKalb,27,7,0,7,13,0,34,20,0,34,20,54
NBarrow,SEDeKalb,75,11,0,15,100,0,90,111,0,86,115,201
NBarrow,SDeKalb,34,5,0,14,41,0,48,46,0,39,55,94
NBarrow,WDouglas,0,0,0,0,0,0,0,0,0,0,0,0
NBarrow,EDouglas,3,0,0,2,1,0,5,1,0,3,3,6
NBarrow,WFayette,1,0,0,0,0,0,1,0,0,1,0,1
NBarrow,EFayette,0,0,0,0,0,0,0,0,0,0,0,0
NBarrow,NGwinnett,3600,620,0,2652,7309,1,6252,7929,1,4220,9962,14182
NBarrow,CentGwinnett,2163,367,0,645,1835,0,2808,2202,0,2530,2480,5010
NBarrow,EGwinnett,1627,333,0,1384,3975,0,3011,4308,0,1960,5359,7319
NBarrow,Norcross,742,109,0,73,229,0,815,338,0,851,302,1153
NBarrow,Lilburn,185,33,0,45,109,0,230,142,0,218,154,372
NBarrow,Snellville,450,80,0,122,352,0,572,432,0,530,474,1004
NBarrow,NHenry,8,0,0,4,4,0,12,4,0,8,8,16
NBarrow,EHenry,6,1,0,2,21,0,8,22,0,7,23,30
NBarrow,SHenry,8,1,0,3,6,0,11,7,0,9,9,18
NBarrow,SRockdale,20,1,0,6,12,0,26,13,0,21,18,39
NBarrow,NRockdale,110,23,0,23,47,0,133,70,0,133,70,203
NBarrow,NBarrow,16825,3212,0,31146,68220,0,47971,71432,0,20037,99366,119403
NBarrow,SBarrow,4037,784,0,5645,14113,0,9682,14897,0,4821,19758,24579
NBarrow,NWBartow,0,0,0,0,0,0,0,0,0,0,0,0
NBarrow,NEBartow,0,0,0,0,0,0,0,0,0,0,0,0
NBarrow,SWBartow,0,0,0,0,0,0,0,0,0,0,0,0
NBarrow,Cartersville,0,0,0,0,0,0,0,0,0,0,0,0
NBarrow,NECarroll,0,0,0,0,0,0,0,0,0,0,0,0
NBarrow,WCarroll,0,0,0,0,0,0,0,0,0,0,0,0
NBarrow,CentralCarroll,0,0,0,1,0,0,1,0,0,0,1,1
NBarrow,SECarroll,0,0,0,0,0,0,0,0,0,0,0,0
NBarrow,WCoweta,0,0,0,0,0,0,0,0,0,0,0,0
NBarrow,NCoweta,0,0,0,0,0,0,0,0,0,0,0,0
NBarrow,SCoweta,0,0,0,0,0,0,0,0,0,0,0,0
NBarrow,SECoweta,0,0,0,0,0,0,0,0,0,0,0,0
NBarrow,NForsyth,57,9,0,20,35,0,77,44,0,66,55,121
NBarrow,Cumming,187,27,0,34,63,0,221,90,0,214,97,311
NBarrow,SForsyth,190,32,0,29,95,0,219,127,0,222,124,346
NBarrow,NHall,66,10,0,29,36,0,95,46,0,76,65,141
NBarrow,Gainesville,843,158,0,198,495,0,1041,653,0,1001,693,1694
NBarrow,SHall,1337,249,0,1158,2923,0,2495,3172,0,1586,4081,5667
NBarrow,WNewton,163,18,0,35,51,0,198,69,0,181,86,267
NBarrow,ENewton,33,8,0,11,11,0,44,19,0,41,22,63
NBarrow,NPaulding,0,0,0,0,0,0,0,0,0,0,0,0
NBarrow,WPaulding,0,0,0,0,0,0,0,0,0,0,0,0
NBarrow,EPaulding,1,0,0,0,2,0,1,2,0,1,2,3
NBarrow,NSpalding,0,0,0,0,0,0,0,0,0,0,0,0
NBarrow,SSpalding,0,0,0,0,0,0,0,0,0,0,0,0
NBarrow,WWalton,445,67,0,199,489,0,644,556,0,512,688,1200
NBarrow,EWalton,935,193,0,507,1304,0,1442,1497,0,1128,1811,2939
SBarrow,NFulton,257,42,0,37,66,0,294,108,0,299,103,402
SBarrow,Roswell,85,19,0,13,31,0,98,50,0,104,44,148
SBarrow,SandySprings,139,17,0,27,52,1,166,69,1,156,80,236
SBarrow,Buckhead,95,18,0,24,60,0,119,78,0,113,84,197
SBarrow,NWAtlanta,21,6,0,10,37,0,31,43,0,27,47,74
SBarrow,NEAtlanta,71,11,0,21,66,0,92,77,0,82,87,169
SBarrow,SWAtlanta,10,4,0,2,24,0,12,28,0,14,26,40
SBarrow,CBDAtlanta,38,10,1,15,92,0,53,102,1,49,107,156
SBarrow,SEAtlanta,11,1,0,7,30,0,18,31,0,12,37,49
SBarrow,SFulton,2,1,0,0,1,0,2,2,0,3,1,4
SBarrow,Tri-Cities,11,4,0,4,1,0,15,5,0,15,5,20
SBarrow,Shannon,0,0,0,0,5,0,0,5,0,0,5,5
SBarrow,WCherokee,0,0,0,0,0,0,0,0,0,0,0,0
SBarrow,NCherokee,1,0,0,0,0,0,1,0,0,1,0,1
SBarrow,ECentCherokee,10,2,0,7,4,0,17,6,0,12,11,23
SBarrow,Woodstock,4,0,0,2,16,0,6,16,0,4,18,22
SBarrow,Airport,7,5,0,1,1,0,8,6,0,12,2,14
SBarrow,NEClayton,14,5,0,3,5,0,17,10,0,19,8,27
SBarrow,Riverdale,7,1,0,0,0,0,7,1,0,8,0,8
SBarrow,SClayton,3,2,0,2,0,0,5,2,0,5,2,7
SBarrow,NWCobb,10,0,0,4,1,0,14,1,0,10,5,15
SBarrow,NECobb,40,1,0,9,14,0,49,15,0,41,23,64
SBarrow,SWCobb,4,0,0,0,5,0,4,5,0,4,5,9
SBarrow,Marietta,21,6,0,6,13,0,27,19,0,27,19,46
SBarrow,Cumberland,70,10,0,13,5,0,83,15,0,80,18,98
SBarrow,SCobb,9,1,0,4,6,0,13,7,0,10,10,20
SBarrow,Chamblee,237,54,0,49,64,0,286,118,0,291,113,404
SBarrow,NWDeKalb,86,16,0,49,149,0,135,165,0,102,198,300
SBarrow,NEDeKalb,247,41,0,60,115,0,307,156,0,288,175,463
SBarrow,Atlanta-DeKalb,3,0,0,2,3,1,5,3,1,3,6,9
SBarrow,Decatur,5,1,0,6,13,0,11,14,0,6,19,25
SBarrow,SWDeKalb,24,2,0,7,30,1,31,32,1,26,38,64
SBarrow,SEDeKalb,73,13,0,27,99,0,100,112,0,86,126,212
SBarrow,SDeKalb,39,4,0,14,26,0,53,30,0,43,40,83
SBarrow,WDouglas,0,0,0,1,0,0,1,0,0,0,1,1
SBarrow,EDouglas,0,0,0,0,1,0,0,1,0,0,1,1
SBarrow,WFayette,0,0,0,0,0,0,0,0,0,0,0,0
SBarrow,EFayette,1,0,0,0,0,0,1,0,0,1,0,1
SBarrow,NGwinnett,1783,344,0,834,2332,0,2617,2676,0,2127,3166,5293
SBarrow,CentGwinnett,1760,300,0,593,1617,0,2353,1917,0,2060,2210,4270
SBarrow,EGwinnett,1656,307,0,1545,3944,0,3201,4251,0,1963,5489,7452
SBarrow,Norcross,629,91,0,91,279,0,720,370,0,720,370,1090
SBarrow,Lilburn,180,29,0,55,119,0,235,148,0,209,174,383
SBarrow,Snellville,481,77,0,198,564,0,679,641,0,558,762,1320
SBarrow,NHenry,13,2,0,9,18,0,22,20,0,15,27,42
SBarrow,EHenry,10,2,0,4,14,0,14,16,0,12,18,30
SBarrow,SHenry,13,1,0,8,1,0,21,2,0,14,9,23
SBarrow,SRockdale,36,2,0,7,13,0,43,15,0,38,20,58
SBarrow,NRockdale,184,39,0,28,74,0,212,113,0,223,102,325
SBarrow,NBarrow,3934,758,0,5602,14145,0,9536,14903,0,4692,19747,24439
SBarrow,SBarrow,8050,1443,0,14752,34314,0,22802,35757,0,9493,49066,58559
SBarrow,NWBartow,0,0,0,0,0,0,0,0,0,0,0,0
SBarrow,NEBartow,0,0,0,0,0,0,0,0,0,0,0,0
SBarrow,SWBartow,0,0,0,0,0,0,0,0,0,0,0,0
SBarrow,Cartersville,0,0,0,1,0,0,1,0,0,0,1,1
SBarrow,NECarroll,0,0,0,0,0,0,0,0,0,0,0,0
SBarrow,WCarroll,0,0,0,0,0,0,0,0,0,0,0,0
SBarrow,CentralCarroll,0,0,0,0,0,0,0,0,0,0,0,0
SBarrow,SECarroll,0,0,0,0,0,0,0,0,0,0,0,0
SBarrow,WCoweta,0,0,0,0,0,0,0,0,0,0,0,0
SBarrow,NCoweta,1,0,0,0,0,0,1,0,0,1,0,1
SBarrow,SCoweta,0,0,0,0,0,0,0,0,0,0,0,0
SBarrow,SECoweta,0,0,0,0,0,0,0,0,0,0,0,0
SBarrow,NForsyth,19,1,0,10,16,0,29,17,0,20,26,46
SBarrow,Cumming,79,19,0,26,52,0,105,71,0,98,78,176
SBarrow,SForsyth,118,17,0,15,64,0,133,81,0,135,79,214
SBarrow,NHall,27,4,0,8,19,0,35,23,0,31,27,58
SBarrow,Gainesville,373,72,0,73,102,0,446,174,0,445,175,620
SBarrow,SHall,437,72,0,196,363,0,633,435,0,509,559,1068
SBarrow,WNewton,162,32,0,45,65,0,207,97,0,194,110,304
SBarrow,ENewton,28,5,0,17,15,0,45,20,0,33,32,65
SBarrow,NPaulding,0,0,0,0,0,0,0,0,0,0,0,0
SBarrow,WPaulding,0,0,0,0,0,0,0,0,0,0,0,0
SBarrow,EPaulding,3,0,0,0,4,0,3,4,0,3,4,7
SBarrow,NSpalding,0,0,0,0,0,0,0,0,0,0,0,0
SBarrow,SSpalding,1,0,0,0,0,0,1,0,0,1,0,1
SBarrow,WWalton,509,125,0,299,774,0,808,899,0,634,1073,1707
SBarrow,EWalton,1355,248,0,773,2139,0,2128,2387,0,1603,2912,4515
NWBartow,NFulton,47,5,0,17,40,0,64,45,0,52,57,109
NWBartow,Roswell,34,0,0,11,25,0,45,25,0,34,36,70
NWBartow,SandySprings,64,13,0,19,46,0,83,59,0,77,65,142
NWBartow,Buckhead,45,6,0,6,49,0,51,55,0,51,55,106
NWBartow,NWAtlanta,16,3,0,6,14,0,22,17,0,19,20,39
NWBartow,NEAtlanta,30,6,1,11,40,0,41,46,1,37,51,88
NWBartow,SWAtlanta,10,1,0,5,19,0,15,20,0,11,24,35
NWBartow,CBDAtlanta,14,4,0,8,33,0,22,37,0,18,41,59
NWBartow,SEAtlanta,3,1,0,1,8,0,4,9,0,4,9,13
NWBartow,SFulton,3,0,0,1,0,0,4,0,0,3,1,4
NWBartow,Tri-Cities,4,1,0,2,0,0,6,1,0,5,2,7
NWBartow,Shannon,1,0,0,1,1,0,2,1,0,1,2,3
NWBartow,WCherokee,85,17,0,44,96,0,129,113,0,102,140,242
NWBartow,NCherokee,17,2,0,1,2,0,18,4,0,19,3,22
NWBartow,ECentCherokee,237,30,0,59,132,0,296,162,0,267,191,458
NWBartow,Woodstock,185,33,0,52,137,0,237,170,0,218,189,407
NWBartow,Airport,3,0,0,0,0,0,3,0,0,3,0,3
NWBartow,NEClayton,0,0,0,0,2,0,0,2,0,0,2,2
NWBartow,Riverdale,0,0,0,0,1,0,0,1,0,0,1,1
NWBartow,SClayton,0,0,0,0,0,0,0,0,0,0,0,0
NWBartow,NWCobb,654,114,0,165,358,0,819,472,0,768,523,1291
NWBartow,NECobb,197,38,0,43,181,0,240,219,0,235,224,459
NWBartow,SWCobb,46,6,0,13,24,0,59,30,0,52,37,89
NWBartow,Marietta,186,28,0,47,155,0,233,183,0,214,202,416
NWBartow,Cumberland,185,37,0,33,72,0,218,109,0,222,105,327
NWBartow,SCobb,39,7,0,14,33,0,53,40,0,46,47,93
NWBartow,Chamblee,25,7,0,8,10,0,33,17,0,32,18,50
NWBartow,NWDeKalb,8,2,0,5,16,0,13,18,0,10,21,31
NWBartow,NEDeKalb,10,2,0,5,12,0,15,14,0,12,17,29
NWBartow,Atlanta-DeKalb,2,0,0,3,0,0,5,0,0,2,3,5
NWBartow,Decatur,1,0,0,0,5,0,1,5,0,1,5,6
NWBartow,SWDeKalb,0,1,0,1,0,0,1,1,0,1,1,2
NWBartow,SEDeKalb,0,0,0,0,1,0,0,1,0,0,1,1
NWBartow,SDeKalb,2,0,0,1,0,0,3,0,0,2,1,3
NWBartow,WDouglas,11,0,0,5,11,0,16,11,0,11,16,27
NWBartow,EDouglas,26,5,0,8,30,0,34,35,0,31,38,69
NWBartow,WFayette,0,0,0,0,0,0,0,0,0,0,0,0
NWBartow,EFayette,0,1,0,0,0,0,0,1,0,1,0,1
NWBartow,NGwinnett,1,2,0,1,1,0,2,3,0,3,2,5
NWBartow,CentGwinnett,2,0,0,1,8,0,3,8,0,2,9,11
NWBartow,EGwinnett,0,0,0,0,0,0,0,0,0,0,0,0
NWBartow,Norcross,8,0,0,4,18,0,12,18,0,8,22,30
NWBartow,Lilburn,1,0,0,1,0,0,2,0,0,1,1,2
NWBartow,Snellville,1,0,0,0,0,0,1,0,0,1,0,1
NWBartow,NHenry,1,0,0,0,0,0,1,0,0,1,0,1
NWBartow,EHenry,0,0,0,0,0,0,0,0,0,0,0,0
NWBartow,SHenry,0,0,0,0,0,0,0,0,0,0,0,0
NWBartow,SRockdale,0,0,0,0,0,0,0,0,0,0,0,0
NWBartow,NRockdale,0,0,0,1,0,0,1,0,0,0,1,1
NWBartow,NBarrow,0,0,0,0,0,0,0,0,0,0,0,0
NWBartow,SBarrow,0,0,0,0,0,0,0,0,0,0,0,0
NWBartow,NWBartow,5816,1130,0,11040,24596,0,16856,25726,0,6946,35636,42582
NWBartow,NEBartow,528,100,0,555,1443,0,1083,1543,0,628,1998,2626
NWBartow,SWBartow,415,70,0,298,915,0,713,985,0,485,1213,1698
NWBartow,Cartersville,3204,568,0,2308,6063,0,5512,6631,0,3772,8371,12143
NWBartow,NECarroll,10,2,0,4,20,0,14,22,0,12,24,36
NWBartow,WCarroll,1,0,0,0,0,0,1,0,0,1,0,1
NWBartow,CentralCarroll,2,0,0,1,3,0,3,3,0,2,4,6
NWBartow,SECarroll,0,0,0,0,0,0,0,0,0,0,0,0
NWBartow,WCoweta,0,0,0,0,0,0,0,0,0,0,0,0
NWBartow,NCoweta,0,0,0,0,0,0,0,0,0,0,0,0
NWBartow,SCoweta,0,0,0,0,0,0,0,0,0,0,0,0
NWBartow,SECoweta,0,0,0,0,0,0,0,0,0,0,0,0
NWBartow,NForsyth,6,0,0,1,1,0,7,1,0,6,2,8
NWBartow,Cumming,13,2,0,6,30,0,19,32,0,15,36,51
NWBartow,SForsyth,15,4,0,2,6,0,17,10,0,19,8,27
NWBartow,NHall,0,0,0,0,0,0,0,0,0,0,0,0
NWBartow,Gainesville,1,1,0,2,0,0,3,1,0,2,2,4
NWBartow,SHall,0,0,0,0,0,0,0,0,0,0,0,0
NWBartow,WNewton,0,0,0,0,0,0,0,0,0,0,0,0
NWBartow,ENewton,0,0,0,0,0,0,0,0,0,0,0,0
NWBartow,NPaulding,117,19,0,18,46,0,135,65,0,136,64,200
NWBartow,WPaulding,11,0,0,1,2,0,12,2,0,11,3,14
NWBartow,EPaulding,120,26,0,32,71,0,152,97,0,146,103,249
NWBartow,NSpalding,0,0,0,0,0,0,0,0,0,0,0,0
NWBartow,SSpalding,0,0,0,0,0,0,0,0,0,0,0,0
NWBartow,WWalton,0,0,0,1,0,0,1,0,0,0,1,1
NWBartow,EWalton,0,0,0,0,0,0,0,0,0,0,0,0
NEBartow,NFulton,96,20,0,32,67,0,128,87,0,116,99,215
NEBartow,Roswell,45,8,0,17,61,0,62,69,0,53,78,131
NEBartow,SandySprings,95,15,0,15,28,0,110,43,0,110,43,153
NEBartow,Buckhead,57,8,0,19,60,0,76,68,0,65,79,144
NEBartow,NWAtlanta,16,5,0,8,9,0,24,14,0,21,17,38
NEBartow,NEAtlanta,29,3,1,19,88,0,48,91,1,33,107,140
NEBartow,SWAtlanta,10,0,0,9,30,0,19,30,0,10,39,49
NEBartow,CBDAtlanta,20,1,1,8,54,0,28,55,1,22,62,84
NEBartow,SEAtlanta,7,4,0,1,9,0,8,13,0,11,10,21
NEBartow,SFulton,4,0,0,0,6,0,4,6,0,4,6,10
NEBartow,Tri-Cities,3,4,0,2,4,0,5,8,0,7,6,13
NEBartow,Shannon,1,0,0,1,1,0,2,1,0,1,2,3
NEBartow,WCherokee,300,45,0,235,761,0,535,806,0,345,996,1341
NEBartow,NCherokee,42,8,0,11,39,0,53,47,0,50,50,100
NEBartow,ECentCherokee,437,65,0,223,638,0,660,703,0,502,861,1363
NEBartow,Woodstock,184,38,0,66,181,0,250,219,0,222,247,469
NEBartow,Airport,0,0,0,0,1,0,0,1,0,0,1,1
NEBartow,NEClayton,4,0,0,1,2,0,5,2,0,4,3,7
NEBartow,Riverdale,0,0,0,0,0,0,0,0,0,0,0,0
NEBartow,SClayton,0,0,0,0,1,0,0,1,0,0,1,1
NEBartow,NWCobb,549,104,0,210,360,1,759,464,1,653,571,1224
NEBartow,NECobb,169,38,0,54,155,0,223,193,0,207,209,416
NEBartow,SWCobb,34,9,0,13,12,0,47,21,0,43,25,68
NEBartow,Marietta,140,15,0,54,132,0,194,147,0,155,186,341
NEBartow,Cumberland,196,16,0,56,142,0,252,158,0,212,198,410
NEBartow,SCobb,29,12,0,15,13,0,44,25,0,41,28,69
NEBartow,Chamblee,32,6,0,12,22,0,44,28,0,38,34,72
NEBartow,NWDeKalb,17,2,0,6,67,0,23,69,0,19,73,92
NEBartow,NEDeKalb,8,1,0,6,14,0,14,15,0,9,20,29
NEBartow,Atlanta-DeKalb,0,0,0,2,5,0,2,5,0,0,7,7
NEBartow,Decatur,0,0,0,1,1,0,1,1,0,0,2,2
NEBartow,SWDeKalb,3,0,0,1,6,0,4,6,0,3,7,10
NEBartow,SEDeKalb,0,0,0,0,0,0,0,0,0,0,0,0
NEBartow,SDeKalb,1,0,0,1,2,0,2,2,0,1,3,4
NEBartow,WDouglas,7,2,0,0,2,0,7,4,0,9,2,11
NEBartow,EDouglas,26,2,0,10,24,0,36,26,0,28,34,62
NEBartow,WFayette,1,0,0,0,0,0,1,0,0,1,0,1
NEBartow,EFayette,0,0,0,0,0,0,0,0,0,0,0,0
NEBartow,NGwinnett,4,0,0,4,11,0,8,11,0,4,15,19
NEBartow,CentGwinnett,5,1,0,5,4,0,10,5,0,6,9,15
NEBartow,EGwinnett,0,0,0,0,0,0,0,0,0,0,0,0
NEBartow,Norcross,16,0,0,6,28,0,22,28,0,16,34,50
NEBartow,Lilburn,1,0,0,2,1,0,3,1,0,1,3,4
NEBartow,Snellville,0,0,0,1,0,0,1,0,0,0,1,1
NEBartow,NHenry,0,0,0,1,0,0,1,0,0,0,1,1
NEBartow,EHenry,0,0,0,0,0,0,0,0,0,0,0,0
NEBartow,SHenry,1,0,0,0,0,0,1,0,0,1,0,1
NEBartow,SRockdale,0,0,0,0,0,0,0,0,0,0,0,0
NEBartow,NRockdale,0,0,0,0,0,0,0,0,0,0,0,0
NEBartow,NBarrow,0,0,0,0,0,0,0,0,0,0,0,0
NEBartow,SBarrow,0,0,0,0,0,0,0,0,0,0,0,0
NEBartow,NWBartow,518,105,0,545,1480,0,1063,1585,0,623,2025,2648
NEBartow,NEBartow,2906,520,0,3843,8866,0,6749,9386,0,3426,12709,16135
NEBartow,SWBartow,149,21,0,61,129,0,210,150,0,170,190,360
NEBartow,Cartersville,2440,444,0,2443,6058,0,4883,6502,0,2884,8501,11385
NEBartow,NECarroll,4,0,0,1,4,0,5,4,0,4,5,9
NEBartow,WCarroll,0,0,0,1,0,0,1,0,0,0,1,1
NEBartow,CentralCarroll,3,0,0,0,1,0,3,1,0,3,1,4
NEBartow,SECarroll,0,0,0,0,0,0,0,0,0,0,0,0
NEBartow,WCoweta,0,0,0,0,0,0,0,0,0,0,0,0
NEBartow,NCoweta,0,0,0,0,0,0,0,0,0,0,0,0
NEBartow,SCoweta,0,0,0,0,0,0,0,0,0,0,0,0
NEBartow,SECoweta,0,0,0,0,0,0,0,0,0,0,0,0
NEBartow,NForsyth,15,2,0,1,2,0,16,4,0,17,3,20
NEBartow,Cumming,32,7,0,21,23,0,53,30,0,39,44,83
NEBartow,SForsyth,38,3,0,8,11,0,46,14,0,41,19,60
NEBartow,NHall,0,0,0,0,0,0,0,0,0,0,0,0
NEBartow,Gainesville,4,1,0,0,0,0,4,1,0,5,0,5
NEBartow,SHall,1,0,0,1,0,0,2,0,0,1,1,2
NEBartow,WNewton,0,0,0,0,0,0,0,0,0,0,0,0
NEBartow,ENewton,0,0,0,0,0,0,0,0,0,0,0,0
NEBartow,NPaulding,87,15,0,21,44,0,108,59,0,102,65,167
NEBartow,WPaulding,6,0,0,1,1,0,7,1,0,6,2,8
NEBartow,EPaulding,91,21,0,33,47,0,124,68,0,112,80,192
NEBartow,NSpalding,0,0,0,0,0,0,0,0,0,0,0,0
NEBartow,SSpalding,0,0,0,0,0,0,0,0,0,0,0,0
NEBartow,WWalton,0,0,0,0,0,0,0,0,0,0,0,0
NEBartow,EWalton,0,0,0,0,0,0,0,0,0,0,0,0
SWBartow,NFulton,72,16,0,20,36,1,92,52,1,88,57,145
SWBartow,Roswell,52,5,0,21,18,0,73,23,0,57,39,96
SWBartow,SandySprings,133,15,1,34,87,0,167,102,1,149,121,270
SWBartow,Buckhead,108,16,0,38,169,0,146,185,0,124,207,331
SWBartow,NWAtlanta,39,8,0,14,34,0,53,42,0,47,48,95
SWBartow,NEAtlanta,40,12,0,17,137,0,57,149,0,52,154,206
SWBartow,SWAtlanta,13,4,0,3,28,0,16,32,0,17,31,48
SWBartow,CBDAtlanta,35,8,2,19,131,0,54,139,2,45,150,195
SWBartow,SEAtlanta,8,3,0,3,35,0,11,38,0,11,38,49
SWBartow,SFulton,10,4,0,2,9,0,12,13,0,14,11,25
SWBartow,Tri-Cities,15,1,0,6,5,0,21,6,0,16,11,27
SWBartow,Shannon,3,0,0,1,0,0,4,0,0,3,1,4
SWBartow,WCherokee,41,7,0,15,23,0,56,30,0,48,38,86
SWBartow,NCherokee,12,1,0,1,4,0,13,5,0,13,5,18
SWBartow,ECentCherokee,146,30,0,52,95,0,198,125,0,176,147,323
SWBartow,Woodstock,295,42,0,103,286,0,398,328,0,337,389,726
SWBartow,Airport,1,1,0,1,1,0,2,2,0,2,2,4
SWBartow,NEClayton,7,0,0,3,0,0,10,0,0,7,3,10
SWBartow,Riverdale,1,0,0,0,1,0,1,1,0,1,1,2
SWBartow,SClayton,0,1,0,1,0,0,1,1,0,1,1,2
SWBartow,NWCobb,1029,229,0,440,1101,0,1469,1330,0,1258,1541,2799
SWBartow,NECobb,329,57,0,108,244,0,437,301,0,386,352,738
SWBartow,SWCobb,81,13,0,27,92,0,108,105,0,94,119,213
SWBartow,Marietta,305,40,0,78,229,0,383,269,0,345,307,652
SWBartow,Cumberland,345,43,0,59,167,0,404,210,0,388,226,614
SWBartow,SCobb,71,9,0,32,61,0,103,70,0,80,93,173
SWBartow,Chamblee,57,11,0,18,56,0,75,67,0,68,74,142
SWBartow,NWDeKalb,24,4,0,15,110,0,39,114,0,28,125,153
SWBartow,NEDeKalb,21,7,0,10,29,0,31,36,0,28,39,67
SWBartow,Atlanta-DeKalb,1,1,0,1,6,0,2,7,0,2,7,9
SWBartow,Decatur,4,0,0,2,7,0,6,7,0,4,9,13
SWBartow,SWDeKalb,1,0,0,1,19,0,2,19,0,1,20,21
SWBartow,SEDeKalb,0,0,0,0,0,0,0,0,0,0,0,0
SWBartow,SDeKalb,4,1,0,1,7,0,5,8,0,5,8,13
SWBartow,WDouglas,34,8,0,8,15,0,42,23,0,42,23,65
SWBartow,EDouglas,53,12,0,15,55,0,68,67,0,65,70,135
SWBartow,WFayette,0,0,0,0,0,0,0,0,0,0,0,0
SWBartow,EFayette,1,0,0,0,0,0,1,0,0,1,0,1
SWBartow,NGwinnett,0,0,0,0,0,0,0,0,0,0,0,0
SWBartow,CentGwinnett,5,1,0,6,28,0,11,29,0,6,34,40
SWBartow,EGwinnett,1,0,0,0,0,0,1,0,0,1,0,1
SWBartow,Norcross,30,7,0,13,11,0,43,18,0,37,24,61
SWBartow,Lilburn,0,1,0,1,1,0,1,2,0,1,2,3
SWBartow,Snellville,0,0,0,3,1,0,3,1,0,0,4,4
SWBartow,NHenry,0,0,0,0,9,0,0,9,0,0,9,9
SWBartow,EHenry,0,0,0,0,0,0,0,0,0,0,0,0
SWBartow,SHenry,0,0,0,0,0,0,0,0,0,0,0,0
SWBartow,SRockdale,0,0,0,0,0,0,0,0,0,0,0,0
SWBartow,NRockdale,0,0,0,0,0,0,0,0,0,0,0,0
SWBartow,NBarrow,0,0,0,0,0,0,0,0,0,0,0,0
SWBartow,SBarrow,0,0,0,0,0,0,0,0,0,0,0,0
SWBartow,NWBartow,430,78,0,321,928,0,751,1006,0,508,1249,1757
SWBartow,NEBartow,163,21,0,72,128,0,235,149,0,184,200,384
SWBartow,SWBartow,3991,823,0,6042,15298,0,10033,16121,0,4814,21340,26154
SWBartow,Cartersville,3438,721,0,4182,11170,0,7620,11891,0,4159,15352,19511
SWBartow,NECarroll,19,2,0,11,8,0,30,10,0,21,19,40
SWBartow,WCarroll,1,0,0,0,0,0,1,0,0,1,0,1
SWBartow,CentralCarroll,13,5,0,12,10,0,25,15,0,18,22,40
SWBartow,SECarroll,0,0,0,0,0,0,0,0,0,0,0,0
SWBartow,WCoweta,0,0,0,0,0,0,0,0,0,0,0,0
SWBartow,NCoweta,1,0,0,0,1,0,1,1,0,1,1,2
SWBartow,SCoweta,0,0,0,0,0,0,0,0,0,0,0,0
SWBartow,SECoweta,0,0,0,0,0,0,0,0,0,0,0,0
SWBartow,NForsyth,1,0,0,1,1,0,2,1,0,1,2,3
SWBartow,Cumming,12,0,0,6,11,0,18,11,0,12,17,29
SWBartow,SForsyth,13,2,0,3,19,0,16,21,0,15,22,37
SWBartow,NHall,0,0,0,0,0,0,0,0,0,0,0,0
SWBartow,Gainesville,0,0,0,1,0,0,1,0,0,0,1,1
SWBartow,SHall,1,0,0,0,0,0,1,0,0,1,0,1
SWBartow,WNewton,0,0,0,0,0,0,0,0,0,0,0,0
SWBartow,ENewton,0,0,0,0,0,0,0,0,0,0,0,0
SWBartow,NPaulding,446,64,0,218,574,0,664,638,0,510,792,1302
SWBartow,WPaulding,36,7,0,8,12,0,44,19,0,43,20,63
SWBartow,EPaulding,311,51,0,135,325,0,446,376,0,362,460,822
SWBartow,NSpalding,0,1,0,0,0,0,0,1,0,1,0,1
SWBartow,SSpalding,0,0,0,0,0,0,0,0,0,0,0,0
SWBartow,WWalton,0,0,0,0,0,0,0,0,0,0,0,0
SWBartow,EWalton,0,0,0,0,0,0,0,0,0,0,0,0
Cartersville,NFulton,242,51,0,73,66,1,315,117,1,293,140,433
Cartersville,Roswell,183,40,0,53,125,0,236,165,0,223,178,401
Cartersville,SandySprings,394,57,1,66,111,0,460,168,1,452,177,629
Cartersville,Buckhead,357,61,0,65,188,0,422,249,0,418,253,671
Cartersville,NWAtlanta,145,24,0,22,65,0,167,89,0,169,87,256
Cartersville,NEAtlanta,163,42,4,51,194,0,214,236,4,209,245,454
Cartersville,SWAtlanta,35,12,1,19,28,0,54,40,1,48,47,95
Cartersville,CBDAtlanta,100,27,7,41,154,0,141,181,7,134,195,329
Cartersville,SEAtlanta,25,6,0,16,24,0,41,30,0,31,40,71
Cartersville,SFulton,47,5,0,9,14,0,56,19,0,52,23,75
Cartersville,Tri-Cities,36,15,0,17,13,0,53,28,0,51,30,81
Cartersville,Shannon,10,3,0,8,9,0,18,12,0,13,17,30
Cartersville,WCherokee,829,143,0,394,897,0,1223,1040,0,972,1291,2263
Cartersville,NCherokee,78,8,0,29,27,0,107,35,0,86,56,142
Cartersville,ECentCherokee,831,163,0,253,525,0,1084,688,0,994,778,1772
Cartersville,Woodstock,1464,257,0,850,2034,0,2314,2291,0,1721,2884,4605
Cartersville,Airport,11,3,0,2,1,0,13,4,0,14,3,17
Cartersville,NEClayton,14,4,0,4,3,0,18,7,0,18,7,25
Cartersville,Riverdale,7,0,0,3,5,0,10,5,0,7,8,15
Cartersville,SClayton,5,0,0,1,8,0,6,8,0,5,9,14
Cartersville,NWCobb,5008,982,2,3513,8543,6,8521,9525,8,5992,12062,18054
Cartersville,NECobb,1021,174,0,265,632,0,1286,806,0,1195,897,2092
Cartersville,SWCobb,348,68,0,116,218,0,464,286,0,416,334,750
Cartersville,Marietta,860,148,2,250,390,0,1110,538,2,1010,640,1650
Cartersville,Cumberland,942,158,1,149,281,0,1091,439,1,1101,430,1531
Cartersville,SCobb,212,43,0,56,165,0,268,208,0,255,221,476
Cartersville,Chamblee,216,34,1,43,121,0,259,155,1,251,164,415
Cartersville,NWDeKalb,79,15,0,22,165,0,101,180,0,94,187,281
Cartersville,NEDeKalb,75,12,0,20,36,0,95,48,0,87,56,143
Cartersville,Atlanta-DeKalb,13,1,0,3,11,0,16,12,0,14,14,28
Cartersville,Decatur,3,0,2,2,8,0,5,8,2,5,10,15
Cartersville,SWDeKalb,14,2,0,7,12,0,21,14,0,16,19,35
Cartersville,SEDeKalb,6,1,0,2,6,0,8,7,0,7,8,15
Cartersville,SDeKalb,8,3,0,6,10,0,14,13,0,11,16,27
Cartersville,WDouglas,94,16,0,21,33,0,115,49,0,110,54,164
Cartersville,EDouglas,123,17,0,45,43,0,168,60,0,140,88,228
Cartersville,WFayette,1,0,0,0,1,0,1,1,0,1,1,2
Cartersville,EFayette,1,0,0,0,2,0,1,2,0,1,2,3
Cartersville,NGwinnett,7,0,0,4,4,0,11,4,0,7,8,15
Cartersville,CentGwinnett,33,0,0,14,27,0,47,27,0,33,41,74
Cartersville,EGwinnett,0,0,0,1,1,0,1,1,0,0,2,2
Cartersville,Norcross,103,13,0,20,48,0,123,61,0,116,68,184
Cartersville,Lilburn,6,0,0,6,7,0,12,7,0,6,13,19
Cartersville,Snellville,3,0,0,2,1,0,5,1,0,3,3,6
Cartersville,NHenry,3,3,0,1,1,0,4,4,0,6,2,8
Cartersville,EHenry,1,0,0,0,0,0,1,0,0,1,0,1
Cartersville,SHenry,2,0,0,1,1,0,3,1,0,2,2,4
Cartersville,SRockdale,0,0,0,1,0,0,1,0,0,0,1,1
Cartersville,NRockdale,0,0,0,1,0,0,1,0,0,0,1,1
Cartersville,NBarrow,0,0,0,0,0,0,0,0,0,0,0,0
Cartersville,SBarrow,0,0,0,1,0,0,1,0,0,0,1,1
Cartersville,NWBartow,3316,634,0,2277,6022,0,5593,6656,0,3950,8299,12249
Cartersville,NEBartow,2498,459,0,2423,6282,0,4921,6741,0,2957,8705,11662
Cartersville,SWBartow,3667,679,0,4226,11399,0,7893,12078,0,4346,15625,19971
Cartersville,Cartersville,35970,6632,0,55097,108879,0,91067,115511,0,42602,163976,206578
Cartersville,NECarroll,63,9,0,21,17,0,84,26,0,72,38,110
Cartersville,WCarroll,3,1,0,3,2,0,6,3,0,4,5,9
Cartersville,CentralCarroll,29,4,0,15,23,0,44,27,0,33,38,71
Cartersville,SECarroll,3,0,0,2,1,0,5,1,0,3,3,6
Cartersville,WCoweta,2,0,0,1,0,0,3,0,0,2,1,3
Cartersville,NCoweta,2,0,0,0,0,0,2,0,0,2,0,2
Cartersville,SCoweta,0,0,0,0,0,0,0,0,0,0,0,0
Cartersville,SECoweta,0,0,0,0,0,0,0,0,0,0,0,0
Cartersville,NForsyth,26,7,0,14,34,0,40,41,0,33,48,81
Cartersville,Cumming,95,10,0,37,30,0,132,40,0,105,67,172
Cartersville,SForsyth,62,7,0,12,14,0,74,21,0,69,26,95
Cartersville,NHall,0,0,0,0,0,0,0,0,0,0,0,0
Cartersville,Gainesville,4,2,0,2,4,0,6,6,0,6,6,12
Cartersville,SHall,0,0,0,0,1,0,0,1,0,0,1,1
Cartersville,WNewton,1,1,0,0,0,0,1,1,0,2,0,2
Cartersville,ENewton,0,0,0,0,0,0,0,0,0,0,0,0
Cartersville,NPaulding,1449,286,0,1075,2472,0,2524,2758,0,1735,3547,5282
Cartersville,WPaulding,138,13,0,40,93,0,178,106,0,151,133,284
Cartersville,EPaulding,954,151,0,290,510,0,1244,661,0,1105,800,1905
Cartersville,NSpalding,0,0,0,0,0,0,0,0,0,0,0,0
Cartersville,SSpalding,0,0,0,0,0,0,0,0,0,0,0,0
Cartersville,WWalton,0,0,0,0,16,0,0,16,0,0,16,16
Cartersville,EWalton,0,0,0,0,0,0,0,0,0,0,0,0
NECarroll,NFulton,10,2,0,6,2,0,16,4,0,12,8,20
NECarroll,Roswell,13,6,0,4,16,0,17,22,0,19,20,39
NECarroll,SandySprings,55,9,0,10,12,0,65,21,0,64,22,86
NECarroll,Buckhead,92,20,1,26,37,0,118,57,1,113,63,176
NECarroll,NWAtlanta,183,24,0,22,38,0,205,62,0,207,60,267
NECarroll,NEAtlanta,119,23,0,34,94,1,153,117,1,142,129,271
NECarroll,SWAtlanta,163,35,0,49,84,0,212,119,0,198,133,331
NECarroll,CBDAtlanta,117,20,9,28,91,4,145,111,13,146,123,269
NECarroll,SEAtlanta,55,9,0,22,66,0,77,75,0,64,88,152
NECarroll,SFulton,236,39,0,42,67,0,278,106,0,275,109,384
NECarroll,Tri-Cities,78,20,1,19,11,0,97,31,1,99,30,129
NECarroll,Shannon,109,18,0,21,63,0,130,81,0,127,84,211
NECarroll,WCherokee,1,0,0,1,4,0,2,4,0,1,5,6
NECarroll,NCherokee,0,0,0,0,0,0,0,0,0,0,0,0
NECarroll,ECentCherokee,6,4,0,2,11,0,8,15,0,10,13,23
NECarroll,Woodstock,33,5,0,17,27,0,50,32,0,38,44,82
NECarroll,Airport,41,5,0,4,11,0,45,16,0,46,15,61
NECarroll,NEClayton,36,7,0,2,16,0,38,23,0,43,18,61
NECarroll,Riverdale,18,4,0,4,13,0,22,17,0,22,17,39
NECarroll,SClayton,9,2,0,1,26,0,10,28,0,11,27,38
NECarroll,NWCobb,309,43,0,71,183,0,380,226,0,352,254,606
NECarroll,NECobb,95,22,0,12,60,0,107,82,0,117,72,189
NECarroll,SWCobb,236,42,0,41,89,0,277,131,0,278,130,408
NECarroll,Marietta,168,37,0,26,63,0,194,100,0,205,89,294
NECarroll,Cumberland,271,67,1,42,72,0,313,139,1,339,114,453
NECarroll,SCobb,340,51,0,71,164,0,411,215,0,391,235,626
NECarroll,Chamblee,46,10,0,16,33,0,62,43,0,56,49,105
NECarroll,NWDeKalb,43,10,0,20,63,0,63,73,0,53,83,136
NECarroll,NEDeKalb,39,6,0,10,34,0,49,40,0,45,44,89
NECarroll,Atlanta-DeKalb,5,1,0,3,25,0,8,26,0,6,28,34
NECarroll,Decatur,10,1,0,8,4,0,18,5,0,11,12,23
NECarroll,SWDeKalb,21,2,0,14,35,0,35,37,0,23,49,72
NECarroll,SEDeKalb,6,5,0,3,40,0,9,45,0,11,43,54
NECarroll,SDeKalb,28,4,0,3,21,0,31,25,0,32,24,56
NECarroll,WDouglas,2572,482,0,2572,6964,0,5144,7446,0,3054,9536,12590
NECarroll,EDouglas,1058,251,0,365,698,1,1423,949,1,1309,1064,2373
NECarroll,WFayette,79,16,0,16,45,0,95,61,0,95,61,156
NECarroll,EFayette,44,11,0,5,9,0,49,20,0,55,14,69
NECarroll,NGwinnett,0,0,0,1,0,0,1,0,0,0,1,1
NECarroll,CentGwinnett,3,0,0,3,8,0,6,8,0,3,11,14
NECarroll,EGwinnett,0,0,0,0,0,0,0,0,0,0,0,0
NECarroll,Norcross,22,1,1,7,25,0,29,26,1,24,32,56
NECarroll,Lilburn,7,2,0,3,7,0,10,9,0,9,10,19
NECarroll,Snellville,0,0,0,2,1,0,2,1,0,0,3,3
NECarroll,NHenry,8,0,0,2,11,0,10,11,0,8,13,21
NECarroll,EHenry,1,0,0,0,4,0,1,4,0,1,4,5
NECarroll,SHenry,1,0,0,3,1,0,4,1,0,1,4,5
NECarroll,SRockdale,0,0,0,0,0,0,0,0,0,0,0,0
NECarroll,NRockdale,4,1,0,1,2,0,5,3,0,5,3,8
NECarroll,NBarrow,0,0,0,0,0,0,0,0,0,0,0,0
NECarroll,SBarrow,0,0,0,0,0,0,0,0,0,0,0,0
NECarroll,NWBartow,4,3,0,1,22,0,5,25,0,7,23,30
NECarroll,NEBartow,5,0,0,2,0,0,7,0,0,5,2,7
NECarroll,SWBartow,19,4,0,12,8,0,31,12,0,23,20,43
NECarroll,Cartersville,73,14,0,25,28,0,98,42,0,87,53,140
NECarroll,NECarroll,11497,2219,0,21095,46548,0,32592,48767,0,13716,67643,81359
NECarroll,WCarroll,563,118,0,183,363,0,746,481,0,681,546,1227
NECarroll,CentralCarroll,3252,589,5,2552,6338,11,5804,6927,16,3846,8901,12747
NECarroll,SECarroll,148,24,0,52,238,0,200,262,0,172,290,462
NECarroll,WCoweta,141,26,0,17,62,0,158,88,0,167,79,246
NECarroll,NCoweta,215,35,0,32,123,0,247,158,0,250,155,405
NECarroll,SCoweta,16,0,0,7,2,0,23,2,0,16,9,25
NECarroll,SECoweta,9,2,0,2,17,0,11,19,0,11,19,30
NECarroll,NForsyth,1,0,0,0,0,0,1,0,0,1,0,1
NECarroll,Cumming,1,0,0,2,0,0,3,0,0,1,2,3
NECarroll,SForsyth,1,0,0,1,2,0,2,2,0,1,3,4
NECarroll,NHall,0,0,0,0,0,0,0,0,0,0,0,0
NECarroll,Gainesville,0,0,0,0,0,0,0,0,0,0,0,0
NECarroll,SHall,0,0,0,0,9,0,0,9,0,0,9,9
NECarroll,WNewton,1,0,0,1,1,0,2,1,0,1,2,3
NECarroll,ENewton,0,0,0,0,0,0,0,0,0,0,0,0
NECarroll,NPaulding,129,16,0,41,92,0,170,108,0,145,133,278
NECarroll,WPaulding,865,147,0,838,2520,0,1703,2667,0,1012,3358,4370
NECarroll,EPaulding,1525,262,0,903,2340,0,2428,2602,0,1787,3243,5030
NECarroll,NSpalding,1,0,0,1,1,0,2,1,0,1,2,3
NECarroll,SSpalding,1,0,0,0,0,0,1,0,0,1,0,1
NECarroll,WWalton,0,0,0,0,0,0,0,0,0,0,0,0
NECarroll,EWalton,0,0,0,0,0,0,0,0,0,0,0,0
WCarroll,NFulton,0,0,0,1,0,0,1,0,0,0,1,1
WCarroll,Roswell,0,0,0,0,0,0,0,0,0,0,0,0
WCarroll,SandySprings,6,2,0,5,1,0,11,3,0,8,6,14
WCarroll,Buckhead,9,3,0,5,22,0,14,25,0,12,27,39
WCarroll,NWAtlanta,12,1,0,2,3,0,14,4,0,13,5,18
WCarroll,NEAtlanta,8,3,0,8,14,0,16,17,0,11,22,33
WCarroll,SWAtlanta,18,4,0,10,23,0,28,27,0,22,33,55
WCarroll,CBDAtlanta,7,0,0,15,4,0,22,4,0,7,19,26
WCarroll,SEAtlanta,5,0,0,1,1,0,6,1,0,5,2,7
WCarroll,SFulton,33,7,0,11,6,0,44,13,0,40,17,57
WCarroll,Tri-Cities,19,2,0,4,11,0,23,13,0,21,15,36
WCarroll,Shannon,26,6,0,10,5,0,36,11,0,32,15,47
WCarroll,WCherokee,0,0,0,0,0,0,0,0,0,0,0,0
WCarroll,NCherokee,0,0,0,0,0,0,0,0,0,0,0,0
WCarroll,ECentCherokee,0,0,0,1,0,0,1,0,0,0,1,1
WCarroll,Woodstock,2,0,0,0,0,0,2,0,0,2,0,2
WCarroll,Airport,18,0,0,2,0,0,20,0,0,18,2,20
WCarroll,NEClayton,7,1,0,3,4,0,10,5,0,8,7,15
WCarroll,Riverdale,1,0,0,1,0,0,2,0,0,1,1,2
WCarroll,SClayton,2,0,0,3,2,0,5,2,0,2,5,7
WCarroll,NWCobb,28,6,0,8,9,0,36,15,0,34,17,51
WCarroll,NECobb,8,2,0,5,1,0,13,3,0,10,6,16
WCarroll,SWCobb,19,7,0,5,9,0,24,16,0,26,14,40
WCarroll,Marietta,19,6,0,4,2,0,23,8,0,25,6,31
WCarroll,Cumberland,22,4,0,9,5,0,31,9,0,26,14,40
WCarroll,SCobb,39,12,0,19,42,0,58,54,0,51,61,112
WCarroll,Chamblee,0,0,0,1,0,0,1,0,0,0,1,1
WCarroll,NWDeKalb,3,0,0,2,5,0,5,5,0,3,7,10
WCarroll,NEDeKalb,1,0,0,0,1,0,1,1,0,1,1,2
WCarroll,Atlanta-DeKalb,1,0,0,2,0,0,3,0,0,1,2,3
WCarroll,Decatur,2,0,0,0,0,0,2,0,0,2,0,2
WCarroll,SWDeKalb,0,1,0,2,1,0,2,2,0,1,3,4
WCarroll,SEDeKalb,0,1,0,0,0,0,0,1,0,1,0,1
WCarroll,SDeKalb,1,0,0,1,0,0,2,0,0,1,1,2
WCarroll,WDouglas,240,35,0,48,81,0,288,116,0,275,129,404
WCarroll,EDouglas,127,19,0,30,95,0,157,114,0,146,125,271
WCarroll,WFayette,30,3,0,14,18,0,44,21,0,33,32,65
WCarroll,EFayette,6,0,0,3,5,0,9,5,0,6,8,14
WCarroll,NGwinnett,0,0,0,1,0,0,1,0,0,0,1,1
WCarroll,CentGwinnett,0,0,0,0,0,0,0,0,0,0,0,0
WCarroll,EGwinnett,0,0,0,0,0,0,0,0,0,0,0,0
WCarroll,Norcross,1,0,0,0,0,0,1,0,0,1,0,1
WCarroll,Lilburn,0,0,0,0,0,0,0,0,0,0,0,0
WCarroll,Snellville,0,0,0,0,0,0,0,0,0,0,0,0
WCarroll,NHenry,1,0,0,1,0,0,2,0,0,1,1,2
WCarroll,EHenry,0,0,0,0,0,0,0,0,0,0,0,0
WCarroll,SHenry,1,0,0,0,0,0,1,0,0,1,0,1
WCarroll,SRockdale,0,0,0,0,0,0,0,0,0,0,0,0
WCarroll,NRockdale,1,0,0,0,0,0,1,0,0,1,0,1
WCarroll,NBarrow,0,0,0,0,0,0,0,0,0,0,0,0
WCarroll,SBarrow,0,0,0,0,0,0,0,0,0,0,0,0
WCarroll,NWBartow,1,0,0,0,0,0,1,0,0,1,0,1
WCarroll,NEBartow,0,0,0,1,0,0,1,0,0,0,1,1
WCarroll,SWBartow,0,0,0,0,0,0,0,0,0,0,0,0
WCarroll,Cartersville,2,1,0,4,1,0,6,2,0,3,5,8
WCarroll,NECarroll,559,103,0,167,385,0,726,488,0,662,552,1214
WCarroll,WCarroll,4697,910,0,7730,13219,0,12427,14129,0,5607,20949,26556
WCarroll,CentralCarroll,3806,763,15,2577,6292,19,6383,7055,34,4584,8888,13472
WCarroll,SECarroll,209,31,0,181,482,0,390,513,0,240,663,903
WCarroll,WCoweta,71,6,0,20,40,0,91,46,0,77,60,137
WCarroll,NCoweta,131,22,0,30,36,0,161,58,0,153,66,219
WCarroll,SCoweta,8,2,0,4,5,0,12,7,0,10,9,19
WCarroll,SECoweta,7,2,0,0,1,0,7,3,0,9,1,10
WCarroll,NForsyth,0,0,0,0,0,0,0,0,0,0,0,0
WCarroll,Cumming,0,0,0,0,0,0,0,0,0,0,0,0
WCarroll,SForsyth,0,0,0,0,0,0,0,0,0,0,0,0
WCarroll,NHall,0,0,0,0,0,0,0,0,0,0,0,0
WCarroll,Gainesville,0,0,0,0,0,0,0,0,0,0,0,0
WCarroll,SHall,0,0,0,0,0,0,0,0,0,0,0,0
WCarroll,WNewton,0,0,0,0,0,0,0,0,0,0,0,0
WCarroll,ENewton,0,0,0,0,0,0,0,0,0,0,0,0
WCarroll,NPaulding,22,1,0,5,10,0,27,11,0,23,15,38
WCarroll,WPaulding,92,14,0,14,26,0,106,40,0,106,40,146
WCarroll,EPaulding,123,26,0,29,78,0,152,104,0,149,107,256
WCarroll,NSpalding,0,0,0,0,0,0,0,0,0,0,0,0
WCarroll,SSpalding,1,0,0,1,1,0,2,1,0,1,2,3
WCarroll,WWalton,0,0,0,0,0,0,0,0,0,0,0,0
WCarroll,EWalton,0,0,0,0,0,0,0,0,0,0,0,0
CentralCarroll,NFulton,5,1,0,5,17,0,10,18,0,6,22,28
CentralCarroll,Roswell,4,3,0,1,1,0,5,4,0,7,2,9
CentralCarroll,SandySprings,42,3,0,10,30,0,52,33,0,45,40,85
CentralCarroll,Buckhead,75,8,0,29,19,0,104,27,0,83,48,131
CentralCarroll,NWAtlanta,116,17,0,21,15,0,137,32,0,133,36,169
CentralCarroll,NEAtlanta,74,12,0,30,34,0,104,46,0,86,64,150
CentralCarroll,SWAtlanta,125,23,0,43,62,0,168,85,0,148,105,253
CentralCarroll,CBDAtlanta,63,10,3,44,33,0,107,43,3,76,77,153
CentralCarroll,SEAtlanta,49,6,0,17,44,0,66,50,0,55,61,116
CentralCarroll,SFulton,296,54,0,108,163,0,404,217,0,350,271,621
CentralCarroll,Tri-Cities,115,16,0,20,16,0,135,32,0,131,36,167
CentralCarroll,Shannon,193,38,0,52,94,0,245,132,0,231,146,377
CentralCarroll,WCherokee,0,0,0,0,0,0,0,0,0,0,0,0
CentralCarroll,NCherokee,0,0,0,0,0,0,0,0,0,0,0,0
CentralCarroll,ECentCherokee,1,0,0,2,5,0,3,5,0,1,7,8
CentralCarroll,Woodstock,12,2,0,5,18,0,17,20,0,14,23,37
CentralCarroll,Airport,75,16,0,11,8,0,86,24,0,91,19,110
CentralCarroll,NEClayton,65,7,0,9,16,0,74,23,0,72,25,97
CentralCarroll,Riverdale,24,5,0,12,59,0,36,64,0,29,71,100
CentralCarroll,SClayton,34,6,0,11,16,0,45,22,0,40,27,67
CentralCarroll,NWCobb,145,25,0,36,38,0,181,63,0,170,74,244
CentralCarroll,NECobb,39,9,0,19,44,0,58,53,0,48,63,111
CentralCarroll,SWCobb,118,20,0,46,52,0,164,72,0,138,98,236
CentralCarroll,Marietta,107,6,0,14,35,0,121,41,0,113,49,162
CentralCarroll,Cumberland,178,33,0,31,67,0,209,100,0,211,98,309
CentralCarroll,SCobb,213,34,0,57,119,0,270,153,0,247,176,423
CentralCarroll,Chamblee,21,5,0,8,17,0,29,22,0,26,25,51
CentralCarroll,NWDeKalb,33,3,0,11,19,0,44,22,0,36,30,66
CentralCarroll,NEDeKalb,15,3,0,8,14,0,23,17,0,18,22,40
CentralCarroll,Atlanta-DeKalb,8,1,0,3,3,0,11,4,0,9,6,15
CentralCarroll,Decatur,7,0,0,3,0,0,10,0,0,7,3,10
CentralCarroll,SWDeKalb,13,0,0,8,13,0,21,13,0,13,21,34
CentralCarroll,SEDeKalb,3,0,0,2,1,0,5,1,0,3,3,6
CentralCarroll,SDeKalb,5,4,0,6,14,0,11,18,0,9,20,29
CentralCarroll,WDouglas,1835,326,0,1048,2419,0,2883,2745,0,2161,3467,5628
CentralCarroll,EDouglas,688,132,0,180,388,0,868,520,0,820,568,1388
CentralCarroll,WFayette,175,33,0,105,67,0,280,100,0,208,172,380
CentralCarroll,EFayette,61,12,0,34,49,0,95,61,0,73,83,156
CentralCarroll,NGwinnett,0,0,0,0,0,0,0,0,0,0,0,0
CentralCarroll,CentGwinnett,2,0,0,2,1,0,4,1,0,2,3,5
CentralCarroll,EGwinnett,0,0,0,0,0,0,0,0,0,0,0,0
CentralCarroll,Norcross,14,1,0,5,3,0,19,4,0,15,8,23
CentralCarroll,Lilburn,2,0,0,0,0,0,2,0,0,2,0,2
CentralCarroll,Snellville,1,0,0,1,0,0,2,0,0,1,1,2
CentralCarroll,NHenry,5,1,0,6,11,0,11,12,0,6,17,23
CentralCarroll,EHenry,1,0,0,0,0,0,1,0,0,1,0,1
CentralCarroll,SHenry,11,3,0,8,37,0,19,40,0,14,45,59
CentralCarroll,SRockdale,0,0,0,0,0,0,0,0,0,0,0,0
CentralCarroll,NRockdale,2,0,0,1,0,0,3,0,0,2,1,3
CentralCarroll,NBarrow,0,0,0,1,0,0,1,0,0,0,1,1
CentralCarroll,SBarrow,0,0,0,0,0,0,0,0,0,0,0,0
CentralCarroll,NWBartow,2,0,0,1,1,0,3,1,0,2,2,4
CentralCarroll,NEBartow,1,0,0,0,1,0,1,1,0,1,1,2
CentralCarroll,SWBartow,11,1,0,12,6,0,23,7,0,12,18,30
CentralCarroll,Cartersville,40,3,0,11,27,0,51,30,0,43,38,81
CentralCarroll,NECarroll,3266,617,5,2498,6400,11,5764,7017,16,3888,8909,12797
CentralCarroll,WCarroll,3778,758,15,2593,6271,19,6371,7029,34,4551,8883,13434
CentralCarroll,CentralCarroll,41633,7826,196,52264,100435,464,93897,108261,660,49655,153163,202818
CentralCarroll,SECarroll,2003,350,7,1809,4494,3,3812,4844,10,2360,6306,8666
CentralCarroll,WCoweta,876,160,0,425,681,5,1301,841,5,1036,1111,2147
CentralCarroll,NCoweta,1111,199,0,473,446,1,1584,645,1,1310,920,2230
CentralCarroll,SCoweta,127,21,0,86,87,0,213,108,0,148,173,321
CentralCarroll,SECoweta,65,12,0,69,47,0,134,59,0,77,116,193
CentralCarroll,NForsyth,0,0,0,0,0,0,0,0,0,0,0,0
CentralCarroll,Cumming,0,0,0,0,0,0,0,0,0,0,0,0
CentralCarroll,SForsyth,3,0,0,0,16,0,3,16,0,3,16,19
CentralCarroll,NHall,0,0,0,0,0,0,0,0,0,0,0,0
CentralCarroll,Gainesville,0,0,0,0,0,0,0,0,0,0,0,0
CentralCarroll,SHall,0,0,0,0,0,0,0,0,0,0,0,0
CentralCarroll,WNewton,0,0,0,0,0,0,0,0,0,0,0,0
CentralCarroll,ENewton,0,0,0,0,0,0,0,0,0,0,0,0
CentralCarroll,NPaulding,76,15,0,30,31,0,106,46,0,91,61,152
CentralCarroll,WPaulding,361,63,0,209,350,0,570,413,0,424,559,983
CentralCarroll,EPaulding,689,129,0,296,499,0,985,628,0,818,795,1613
CentralCarroll,NSpalding,8,1,0,4,18,0,12,19,0,9,22,31
CentralCarroll,SSpalding,6,1,0,2,1,0,8,2,0,7,3,10
CentralCarroll,WWalton,0,0,0,0,0,0,0,0,0,0,0,0
CentralCarroll,EWalton,0,0,0,0,0,0,0,0,0,0,0,0
SECarroll,NFulton,2,0,0,1,1,0,3,1,0,2,2,4
SECarroll,Roswell,0,0,0,0,25,0,0,25,0,0,25,25
SECarroll,SandySprings,11,0,0,2,9,0,13,9,0,11,11,22
SECarroll,Buckhead,14,1,0,5,14,0,19,15,0,15,19,34
SECarroll,NWAtlanta,19,4,0,1,17,0,20,21,0,23,18,41
SECarroll,NEAtlanta,8,2,1,12,14,0,20,16,1,11,26,37
SECarroll,SWAtlanta,29,5,0,11,27,0,40,32,0,34,38,72
SECarroll,CBDAtlanta,9,1,0,17,10,0,26,11,0,10,27,37
SECarroll,SEAtlanta,9,1,0,4,17,0,13,18,0,10,21,31
SECarroll,SFulton,59,9,0,10,18,0,69,27,0,68,28,96
SECarroll,Tri-Cities,40,4,0,9,20,0,49,24,0,44,29,73
SECarroll,Shannon,55,11,0,14,13,0,69,24,0,66,27,93
SECarroll,WCherokee,0,0,0,0,0,0,0,0,0,0,0,0
SECarroll,NCherokee,0,0,0,0,0,0,0,0,0,0,0,0
SECarroll,ECentCherokee,0,0,0,0,0,0,0,0,0,0,0,0
SECarroll,Woodstock,2,0,0,1,1,0,3,1,0,2,2,4
SECarroll,Airport,23,2,0,4,51,0,27,53,0,25,55,80
SECarroll,NEClayton,18,2,0,2,8,0,20,10,0,20,10,30
SECarroll,Riverdale,9,2,0,4,9,0,13,11,0,11,13,24
SECarroll,SClayton,9,2,0,1,4,0,10,6,0,11,5,16
SECarroll,NWCobb,17,1,0,5,9,0,22,10,0,18,14,32
SECarroll,NECobb,8,3,0,3,0,0,11,3,0,11,3,14
SECarroll,SWCobb,12,2,0,4,7,0,16,9,0,14,11,25
SECarroll,Marietta,23,3,0,4,1,0,27,4,0,26,5,31
SECarroll,Cumberland,27,1,0,9,10,0,36,11,0,28,19,47
SECarroll,SCobb,34,3,0,11,42,0,45,45,0,37,53,90
SECarroll,Chamblee,2,1,0,2,8,0,4,9,0,3,10,13
SECarroll,NWDeKalb,3,0,0,3,19,0,6,19,0,3,22,25
SECarroll,NEDeKalb,1,1,0,3,0,0,4,1,0,2,3,5
SECarroll,Atlanta-DeKalb,2,0,0,0,0,0,2,0,0,2,0,2
SECarroll,Decatur,0,0,0,0,0,0,0,0,0,0,0,0
SECarroll,SWDeKalb,0,1,0,1,1,0,1,2,0,1,2,3
SECarroll,SEDeKalb,0,0,0,0,0,0,0,0,0,0,0,0
SECarroll,SDeKalb,1,0,0,4,17,0,5,17,0,1,21,22
SECarroll,WDouglas,243,49,0,137,372,0,380,421,0,292,509,801
SECarroll,EDouglas,109,23,0,35,62,0,144,85,0,132,97,229
SECarroll,WFayette,75,7,0,19,28,0,94,35,0,82,47,129
SECarroll,EFayette,21,6,0,7,5,0,28,11,0,27,12,39
SECarroll,NGwinnett,0,0,0,0,0,0,0,0,0,0,0,0
SECarroll,CentGwinnett,1,0,0,0,2,0,1,2,0,1,2,3
SECarroll,EGwinnett,0,0,0,0,0,0,0,0,0,0,0,0
SECarroll,Norcross,0,0,0,0,4,0,0,4,0,0,4,4
SECarroll,Lilburn,0,0,0,0,0,0,0,0,0,0,0,0
SECarroll,Snellville,1,1,0,0,0,0,1,1,0,2,0,2
SECarroll,NHenry,1,0,0,1,0,0,2,0,0,1,1,2
SECarroll,EHenry,0,0,0,0,0,0,0,0,0,0,0,0
SECarroll,SHenry,3,0,0,1,0,0,4,0,0,3,1,4
SECarroll,SRockdale,0,0,0,0,0,0,0,0,0,0,0,0
SECarroll,NRockdale,0,0,0,0,0,0,0,0,0,0,0,0
SECarroll,NBarrow,0,0,0,0,0,0,0,0,0,0,0,0
SECarroll,SBarrow,0,0,0,0,0,0,0,0,0,0,0,0
SECarroll,NWBartow,0,0,0,0,0,0,0,0,0,0,0,0
SECarroll,NEBartow,0,0,0,0,0,0,0,0,0,0,0,0
SECarroll,SWBartow,0,0,0,0,0,0,0,0,0,0,0,0
SECarroll,Cartersville,3,0,0,4,0,0,7,0,0,3,4,7
SECarroll,NECarroll,163,28,0,47,180,0,210,208,0,191,227,418
SECarroll,WCarroll,209,34,0,185,504,0,394,538,0,243,689,932
SECarroll,CentralCarroll,1954,338,7,1788,4518,3,3742,4856,10,2299,6309,8608
SECarroll,SECarroll,1276,266,0,2544,5510,0,3820,5776,0,1542,8054,9596
SECarroll,WCoweta,243,36,0,181,642,0,424,678,0,279,823,1102
SECarroll,NCoweta,363,67,0,197,486,0,560,553,0,430,683,1113
SECarroll,SCoweta,26,4,0,8,3,0,34,7,0,30,11,41
SECarroll,SECoweta,6,2,0,2,1,0,8,3,0,8,3,11
SECarroll,NForsyth,0,0,0,0,0,0,0,0,0,0,0,0
SECarroll,Cumming,0,0,0,0,0,0,0,0,0,0,0,0
SECarroll,SForsyth,0,0,0,0,0,0,0,0,0,0,0,0
SECarroll,NHall,0,0,0,0,0,0,0,0,0,0,0,0
SECarroll,Gainesville,0,0,0,0,0,0,0,0,0,0,0,0
SECarroll,SHall,0,0,0,0,0,0,0,0,0,0,0,0
SECarroll,WNewton,0,0,0,0,0,0,0,0,0,0,0,0
SECarroll,ENewton,0,0,0,0,0,0,0,0,0,0,0,0
SECarroll,NPaulding,9,0,0,0,0,0,9,0,0,9,0,9
SECarroll,WPaulding,7,4,0,6,1,0,13,5,0,11,7,18
SECarroll,EPaulding,39,7,0,16,85,0,55,92,0,46,101,147
SECarroll,NSpalding,2,0,0,1,5,0,3,5,0,2,6,8
SECarroll,SSpalding,2,0,0,1,0,0,3,0,0,2,1,3
SECarroll,WWalton,0,0,0,0,0,0,0,0,0,0,0,0
SECarroll,EWalton,0,0,0,0,0,0,0,0,0,0,0,0
WCoweta,NFulton,0,0,0,2,0,0,2,0,0,0,2,2
WCoweta,Roswell,1,1,0,0,0,0,1,1,0,2,0,2
WCoweta,SandySprings,29,6,0,8,5,0,37,11,0,35,13,48
WCoweta,Buckhead,59,14,1,16,32,0,75,46,1,74,48,122
WCoweta,NWAtlanta,82,16,0,6,22,0,88,38,0,98,28,126
WCoweta,NEAtlanta,88,19,3,18,82,2,106,101,5,110,102,212
WCoweta,SWAtlanta,120,17,0,25,70,1,145,87,1,137,96,233
WCoweta,CBDAtlanta,91,18,11,22,125,0,113,143,11,120,147,267
WCoweta,SEAtlanta,101,21,0,26,42,0,127,63,0,122,68,190
WCoweta,SFulton,254,44,0,100,194,0,354,238,0,298,294,592
WCoweta,Tri-Cities,284,51,0,41,82,0,325,133,0,335,123,458
WCoweta,Shannon,455,79,0,83,132,1,538,211,1,534,216,750
WCoweta,WCherokee,0,0,0,0,0,0,0,0,0,0,0,0
WCoweta,NCherokee,0,0,0,0,0,0,0,0,0,0,0,0
WCoweta,ECentCherokee,0,0,0,0,0,0,0,0,0,0,0,0
WCoweta,Woodstock,3,0,0,1,0,0,4,0,0,3,1,4
WCoweta,Airport,172,26,1,17,21,0,189,47,1,199,38,237
WCoweta,NEClayton,124,26,1,17,58,0,141,84,1,151,75,226
WCoweta,Riverdale,72,16,0,23,17,0,95,33,0,88,40,128
WCoweta,SClayton,70,17,0,11,15,0,81,32,0,87,26,113
WCoweta,NWCobb,20,3,0,4,17,0,24,20,0,23,21,44
WCoweta,NECobb,18,1,0,6,5,0,24,6,0,19,11,30
WCoweta,SWCobb,27,6,0,8,28,0,35,34,0,33,36,69
WCoweta,Marietta,23,3,0,5,17,0,28,20,0,26,22,48
WCoweta,Cumberland,108,18,0,15,57,0,123,75,0,126,72,198
WCoweta,SCobb,86,15,0,14,13,0,100,28,0,101,27,128
WCoweta,Chamblee,17,4,0,7,7,0,24,11,0,21,14,35
WCoweta,NWDeKalb,38,8,1,12,64,0,50,72,1,47,76,123
WCoweta,NEDeKalb,23,2,0,6,11,0,29,13,0,25,17,42
WCoweta,Atlanta-DeKalb,5,1,0,5,15,0,10,16,0,6,20,26
WCoweta,Decatur,2,4,0,4,9,0,6,13,0,6,13,19
WCoweta,SWDeKalb,18,7,0,6,9,0,24,16,0,25,15,40
WCoweta,SEDeKalb,9,2,0,1,1,0,10,3,0,11,2,13
WCoweta,SDeKalb,40,7,0,5,10,0,45,17,0,47,15,62
WCoweta,WDouglas,258,49,0,72,185,0,330,234,0,307,257,564
WCoweta,EDouglas,174,33,0,48,45,0,222,78,0,207,93,300
WCoweta,WFayette,736,115,0,153,448,0,889,563,0,851,601,1452
WCoweta,EFayette,195,41,0,37,61,0,232,102,0,236,98,334
WCoweta,NGwinnett,0,0,0,0,0,0,0,0,0,0,0,0
WCoweta,CentGwinnett,3,1,0,0,1,0,3,2,0,4,1,5
WCoweta,EGwinnett,0,0,0,0,0,0,0,0,0,0,0,0
WCoweta,Norcross,14,3,0,3,26,0,17,29,0,17,29,46
WCoweta,Lilburn,1,1,0,0,3,0,1,4,0,2,3,5
WCoweta,Snellville,0,1,0,0,0,0,0,1,0,1,0,1
WCoweta,NHenry,20,3,0,6,15,0,26,18,0,23,21,44
WCoweta,EHenry,2,1,0,3,1,0,5,2,0,3,4,7
WCoweta,SHenry,26,1,0,11,6,0,37,7,0,27,17,44
WCoweta,SRockdale,0,0,0,0,1,0,0,1,0,0,1,1
WCoweta,NRockdale,1,0,0,2,4,0,3,4,0,1,6,7
WCoweta,NBarrow,0,0,0,0,0,0,0,0,0,0,0,0
WCoweta,SBarrow,0,0,0,0,0,0,0,0,0,0,0,0
WCoweta,NWBartow,0,0,0,0,0,0,0,0,0,0,0,0
WCoweta,NEBartow,0,0,0,0,0,0,0,0,0,0,0,0
WCoweta,SWBartow,0,0,0,0,0,0,0,0,0,0,0,0
WCoweta,Cartersville,2,1,0,1,0,0,3,1,0,3,1,4
WCoweta,NECarroll,131,28,0,22,81,0,153,109,0,159,103,262
WCoweta,WCarroll,87,12,0,22,15,0,109,27,0,99,37,136
WCoweta,CentralCarroll,875,145,0,424,661,4,1299,806,4,1020,1089,2109
WCoweta,SECarroll,255,41,0,186,643,0,441,684,0,296,829,1125
WCoweta,WCoweta,6789,1290,0,12908,27462,0,19697,28752,0,8079,40370,48449
WCoweta,NCoweta,6547,1227,0,9096,20201,0,15643,21428,0,7774,29297,37071
WCoweta,SCoweta,591,123,0,594,1462,0,1185,1585,0,714,2056,2770
WCoweta,SECoweta,195,36,0,112,280,0,307,316,0,231,392,623
WCoweta,NForsyth,0,0,0,0,0,0,0,0,0,0,0,0
WCoweta,Cumming,0,0,0,0,0,0,0,0,0,0,0,0
WCoweta,SForsyth,1,0,0,0,0,0,1,0,0,1,0,1
WCoweta,NHall,0,0,0,0,0,0,0,0,0,0,0,0
WCoweta,Gainesville,0,0,0,0,0,0,0,0,0,0,0,0
WCoweta,SHall,0,0,0,0,0,0,0,0,0,0,0,0
WCoweta,WNewton,0,0,0,0,0,0,0,0,0,0,0,0
WCoweta,ENewton,0,0,0,0,0,0,0,0,0,0,0,0
WCoweta,NPaulding,4,0,0,0,1,0,4,1,0,4,1,5
WCoweta,WPaulding,17,1,0,4,13,0,21,14,0,18,17,35
WCoweta,EPaulding,82,8,0,18,41,0,100,49,0,90,59,149
WCoweta,NSpalding,30,6,0,11,3,0,41,9,0,36,14,50
WCoweta,SSpalding,47,13,0,8,16,0,55,29,0,60,24,84
WCoweta,WWalton,0,0,0,0,0,0,0,0,0,0,0,0
WCoweta,EWalton,0,0,0,0,0,0,0,0,0,0,0,0
NCoweta,NFulton,16,3,2,2,1,0,18,4,2,21,3,24
NCoweta,Roswell,14,5,0,7,23,0,21,28,0,19,30,49
NCoweta,SandySprings,140,34,15,26,42,1,166,76,16,189,69,258
NCoweta,Buckhead,307,81,27,71,257,3,378,338,30,415,331,746
NCoweta,NWAtlanta,319,61,5,54,103,2,373,164,7,385,159,544
NCoweta,NEAtlanta,521,86,58,140,295,22,661,381,80,665,457,1122
NCoweta,SWAtlanta,522,95,5,123,304,4,645,399,9,622,431,1053
NCoweta,CBDAtlanta,572,101,174,144,285,49,716,386,223,847,478,1325
NCoweta,SEAtlanta,454,86,4,128,244,7,582,330,11,544,379,923
NCoweta,SFulton,1609,244,3,1445,3607,1,3054,3851,4,1856,5053,6909
NCoweta,Tri-Cities,1450,271,11,194,545,4,1644,816,15,1732,743,2475
NCoweta,Shannon,2719,466,7,1163,3347,9,3882,3813,16,3192,4519,7711
NCoweta,WCherokee,0,0,0,0,0,0,0,0,0,0,0,0
NCoweta,NCherokee,0,0,0,0,0,0,0,0,0,0,0,0
NCoweta,ECentCherokee,3,0,0,0,1,0,3,1,0,3,1,4
NCoweta,Woodstock,8,0,0,2,2,0,10,2,0,8,4,12
NCoweta,Airport,871,111,34,71,119,2,942,230,36,1016,192,1208
NCoweta,NEClayton,688,106,1,89,206,4,777,312,5,795,299,1094
NCoweta,Riverdale,411,82,1,151,418,0,562,500,1,494,569,1063
NCoweta,SClayton,482,97,0,109,269,0,591,366,0,579,378,957
NCoweta,NWCobb,72,14,0,25,40,0,97,54,0,86,65,151
NCoweta,NECobb,79,9,0,27,16,0,106,25,0,88,43,131
NCoweta,SWCobb,135,17,0,30,48,0,165,65,0,152,78,230
NCoweta,Marietta,118,18,0,29,35,1,147,53,1,136,65,201
NCoweta,Cumberland,542,84,7,79,193,2,621,277,9,633,274,907
NCoweta,SCobb,345,49,0,54,198,1,399,247,1,394,253,647
NCoweta,Chamblee,157,38,12,38,60,4,195,98,16,207,102,309
NCoweta,NWDeKalb,233,50,4,78,247,8,311,297,12,287,333,620
NCoweta,NEDeKalb,133,24,1,43,52,4,176,76,5,158,99,257
NCoweta,Atlanta-DeKalb,47,8,0,10,35,3,57,43,3,55,48,103
NCoweta,Decatur,39,5,3,19,33,2,58,38,5,47,54,101
NCoweta,SWDeKalb,113,21,1,33,127,0,146,148,1,135,160,295
NCoweta,SEDeKalb,45,11,1,19,37,1,64,48,2,57,57,114
NCoweta,SDeKalb,204,40,0,45,101,0,249,141,0,244,146,390
NCoweta,WDouglas,789,109,0,233,500,0,1022,609,0,898,733,1631
NCoweta,EDouglas,626,115,0,180,404,1,806,519,1,741,585,1326
NCoweta,WFayette,5965,979,0,4244,11659,0,10209,12638,0,6944,15903,22847
NCoweta,EFayette,1476,274,0,492,1092,0,1968,1366,0,1750,1584,3334
NCoweta,NGwinnett,0,0,0,3,4,0,3,4,0,0,7,7
NCoweta,CentGwinnett,22,4,0,13,21,0,35,25,0,26,34,60
NCoweta,EGwinnett,3,0,0,0,2,0,3,2,0,3,2,5
NCoweta,Norcross,55,22,0,15,42,0,70,64,0,77,57,134
NCoweta,Lilburn,6,0,0,3,15,0,9,15,0,6,18,24
NCoweta,Snellville,5,3,0,7,8,0,12,11,0,8,15,23
NCoweta,NHenry,134,14,0,38,100,0,172,114,0,148,138,286
NCoweta,EHenry,36,7,0,21,28,0,57,35,0,43,49,92
NCoweta,SHenry,292,38,0,65,79,0,357,117,0,330,144,474
NCoweta,SRockdale,10,2,0,10,2,0,20,4,0,12,12,24
NCoweta,NRockdale,18,3,0,10,3,0,28,6,0,21,13,34
NCoweta,NBarrow,0,0,0,0,0,0,0,0,0,0,0,0
NCoweta,SBarrow,0,0,0,0,0,0,0,0,0,0,0,0
NCoweta,NWBartow,0,0,0,0,0,0,0,0,0,0,0,0
NCoweta,NEBartow,0,0,0,0,0,0,0,0,0,0,0,0
NCoweta,SWBartow,1,0,0,0,1,0,1,1,0,1,1,2
NCoweta,Cartersville,2,0,0,0,1,0,2,1,0,2,1,3
NCoweta,NECarroll,224,26,0,40,91,0,264,117,0,250,131,381
NCoweta,WCarroll,117,19,0,30,36,0,147,55,0,136,66,202
NCoweta,CentralCarroll,1113,202,0,480,442,1,1593,644,1,1315,923,2238
NCoweta,SECarroll,374,68,0,195,541,0,569,609,0,442,736,1178
NCoweta,WCoweta,6751,1303,0,9074,20176,0,15825,21479,0,8054,29250,37304
NCoweta,NCoweta,39034,7043,2,67302,142566,0,106336,149609,2,46079,209868,255947
NCoweta,SCoweta,2112,410,0,2034,5022,0,4146,5432,0,2522,7056,9578
NCoweta,SECoweta,1783,314,0,2297,5848,0,4080,6162,0,2097,8145,10242
NCoweta,NForsyth,0,0,0,0,0,0,0,0,0,0,0,0
NCoweta,Cumming,1,0,0,1,1,0,2,1,0,1,2,3
NCoweta,SForsyth,4,1,0,0,2,0,4,3,0,5,2,7
NCoweta,NHall,0,0,0,0,0,0,0,0,0,0,0,0
NCoweta,Gainesville,0,0,0,0,0,0,0,0,0,0,0,0
NCoweta,SHall,0,1,0,0,0,0,0,1,0,1,0,1
NCoweta,WNewton,20,3,0,7,3,0,27,6,0,23,10,33
NCoweta,ENewton,0,0,0,0,0,0,0,0,0,0,0,0
NCoweta,NPaulding,14,3,0,6,11,0,20,14,0,17,17,34
NCoweta,WPaulding,42,7,0,10,12,0,52,19,0,49,22,71
NCoweta,EPaulding,158,26,0,49,84,0,207,110,0,184,133,317
NCoweta,NSpalding,228,48,0,68,92,0,296,140,0,276,160,436
NCoweta,SSpalding,299,51,0,50,79,0,349,130,0,350,129,479
NCoweta,WWalton,1,0,0,1,0,0,2,0,0,1,1,2
NCoweta,EWalton,0,0,0,0,0,0,0,0,0,0,0,0
SCoweta,NFulton,1,0,0,0,1,0,1,1,0,1,1,2
SCoweta,Roswell,0,0,0,0,0,0,0,0,0,0,0,0
SCoweta,SandySprings,8,1,0,2,1,0,10,2,0,9,3,12
SCoweta,Buckhead,12,2,1,4,33,0,16,35,1,15,37,52
SCoweta,NWAtlanta,18,6,0,5,16,0,23,22,0,24,21,45
SCoweta,NEAtlanta,23,3,2,22,38,0,45,41,2,28,60,88
SCoweta,SWAtlanta,33,3,0,17,47,0,50,50,0,36,64,100
SCoweta,CBDAtlanta,23,6,2,22,75,0,45,81,2,31,97,128
SCoweta,SEAtlanta,39,5,0,12,30,0,51,35,0,44,42,86
SCoweta,SFulton,90,14,0,17,42,0,107,56,0,104,59,163
SCoweta,Tri-Cities,126,27,0,31,38,1,157,65,1,153,70,223
SCoweta,Shannon,174,20,0,41,54,0,215,74,0,194,95,289
SCoweta,WCherokee,0,0,0,0,0,0,0,0,0,0,0,0
SCoweta,NCherokee,0,0,0,0,0,0,0,0,0,0,0,0
SCoweta,ECentCherokee,0,0,0,0,0,0,0,0,0,0,0,0
SCoweta,Woodstock,0,0,0,0,0,0,0,0,0,0,0,0
SCoweta,Airport,75,12,1,12,17,0,87,29,1,88,29,117
SCoweta,NEClayton,56,9,0,13,15,0,69,24,0,65,28,93
SCoweta,Riverdale,35,5,0,13,15,0,48,20,0,40,28,68
SCoweta,SClayton,25,7,0,10,32,0,35,39,0,32,42,74
SCoweta,NWCobb,2,0,0,1,2,0,3,2,0,2,3,5
SCoweta,NECobb,5,1,0,0,31,0,5,32,0,6,31,37
SCoweta,SWCobb,3,0,0,2,0,0,5,0,0,3,2,5
SCoweta,Marietta,10,2,0,6,0,0,16,2,0,12,6,18
SCoweta,Cumberland,35,12,0,5,12,0,40,24,0,47,17,64
SCoweta,SCobb,22,5,0,8,12,0,30,17,0,27,20,47
SCoweta,Chamblee,14,0,0,5,8,0,19,8,0,14,13,27
SCoweta,NWDeKalb,16,3,0,9,50,0,25,53,0,19,59,78
SCoweta,NEDeKalb,8,1,0,1,3,0,9,4,0,9,4,13
SCoweta,Atlanta-DeKalb,3,0,0,1,1,0,4,1,0,3,2,5
SCoweta,Decatur,0,1,0,0,2,0,0,3,0,1,2,3
SCoweta,SWDeKalb,10,2,0,2,5,0,12,7,0,12,7,19
SCoweta,SEDeKalb,5,0,0,2,1,0,7,1,0,5,3,8
SCoweta,SDeKalb,13,4,0,10,17,1,23,21,1,17,28,45
SCoweta,WDouglas,35,12,0,15,10,0,50,22,0,47,25,72
SCoweta,EDouglas,36,7,0,13,31,0,49,38,0,43,44,87
SCoweta,WFayette,481,80,0,164,426,0,645,506,0,561,590,1151
SCoweta,EFayette,114,36,0,34,110,0,148,146,0,150,144,294
SCoweta,NGwinnett,0,0,0,0,0,0,0,0,0,0,0,0
SCoweta,CentGwinnett,0,0,0,0,0,0,0,0,0,0,0,0
SCoweta,EGwinnett,0,0,0,1,0,0,1,0,0,0,1,1
SCoweta,Norcross,6,1,0,1,1,0,7,2,0,7,2,9
SCoweta,Lilburn,1,0,0,2,0,0,3,0,0,1,2,3
SCoweta,Snellville,1,0,0,1,0,0,2,0,0,1,1,2
SCoweta,NHenry,7,1,0,5,30,0,12,31,0,8,35,43
SCoweta,EHenry,5,0,0,1,0,0,6,0,0,5,1,6
SCoweta,SHenry,32,7,0,10,13,0,42,20,0,39,23,62
SCoweta,SRockdale,0,0,0,0,0,0,0,0,0,0,0,0
SCoweta,NRockdale,1,1,0,0,0,0,1,1,0,2,0,2
SCoweta,NBarrow,0,0,0,0,0,0,0,0,0,0,0,0
SCoweta,SBarrow,0,0,0,0,0,0,0,0,0,0,0,0
SCoweta,NWBartow,0,0,0,0,0,0,0,0,0,0,0,0
SCoweta,NEBartow,0,0,0,0,0,0,0,0,0,0,0,0
SCoweta,SWBartow,0,0,0,0,0,0,0,0,0,0,0,0
SCoweta,Cartersville,1,0,0,0,0,0,1,0,0,1,0,1
SCoweta,NECarroll,13,1,0,7,7,0,20,8,0,14,14,28
SCoweta,WCarroll,8,3,0,1,5,0,9,8,0,11,6,17
SCoweta,CentralCarroll,135,18,0,90,80,0,225,98,0,153,170,323
SCoweta,SECarroll,26,5,0,10,4,0,36,9,0,31,14,45
SCoweta,WCoweta,579,91,0,583,1456,0,1162,1547,0,670,2039,2709
SCoweta,NCoweta,2078,391,0,2036,4913,0,4114,5304,0,2469,6949,9418
SCoweta,SCoweta,2225,429,0,4026,8190,0,6251,8619,0,2654,12216,14870
SCoweta,SECoweta,256,42,0,265,686,0,521,728,0,298,951,1249
SCoweta,NForsyth,0,0,0,0,0,0,0,0,0,0,0,0
SCoweta,Cumming,0,0,0,0,0,0,0,0,0,0,0,0
SCoweta,SForsyth,0,0,0,0,0,0,0,0,0,0,0,0
SCoweta,NHall,0,0,0,0,0,0,0,0,0,0,0,0
SCoweta,Gainesville,0,0,0,0,0,0,0,0,0,0,0,0
SCoweta,SHall,0,0,0,0,0,0,0,0,0,0,0,0
SCoweta,WNewton,0,0,0,0,9,0,0,9,0,0,9,9
SCoweta,ENewton,0,0,0,0,0,0,0,0,0,0,0,0
SCoweta,NPaulding,0,0,0,0,0,0,0,0,0,0,0,0
SCoweta,WPaulding,2,0,0,0,0,0,2,0,0,2,0,2
SCoweta,EPaulding,10,2,0,3,0,0,13,2,0,12,3,15
SCoweta,NSpalding,33,9,0,16,33,0,49,42,0,42,49,91
SCoweta,SSpalding,54,12,0,16,17,0,70,29,0,66,33,99
SCoweta,WWalton,0,0,0,0,0,0,0,0,0,0,0,0
SCoweta,EWalton,0,0,0,0,0,0,0,0,0,0,0,0
SECoweta,NFulton,2,1,0,1,0,0,3,1,0,3,1,4
SECoweta,Roswell,4,0,0,0,1,0,4,1,0,4,1,5
SECoweta,SandySprings,20,4,0,2,13,0,22,17,0,24,15,39
SECoweta,Buckhead,36,8,1,14,28,0,50,36,1,45,42,87
SECoweta,NWAtlanta,53,10,0,10,22,0,63,32,0,63,32,95
SECoweta,NEAtlanta,54,22,0,26,78,1,80,100,1,76,105,181
SECoweta,SWAtlanta,56,5,0,17,43,0,73,48,0,61,60,121
SECoweta,CBDAtlanta,68,12,8,25,51,3,93,63,11,88,79,167
SECoweta,SEAtlanta,72,11,0,22,36,0,94,47,0,83,58,141
SECoweta,SFulton,106,15,0,36,29,0,142,44,0,121,65,186
SECoweta,Tri-Cities,206,41,1,29,52,0,235,93,1,248,81,329
SECoweta,Shannon,303,44,0,72,207,0,375,251,0,347,279,626
SECoweta,WCherokee,0,0,0,0,0,0,0,0,0,0,0,0
SECoweta,NCherokee,0,0,0,0,0,0,0,0,0,0,0,0
SECoweta,ECentCherokee,2,0,0,0,0,0,2,0,0,2,0,2
SECoweta,Woodstock,1,0,0,0,0,0,1,0,0,1,0,1
SECoweta,Airport,127,16,2,20,35,0,147,51,2,145,55,200
SECoweta,NEClayton,162,37,0,32,36,0,194,73,0,199,68,267
SECoweta,Riverdale,120,16,0,57,109,0,177,125,0,136,166,302
SECoweta,SClayton,196,30,0,83,189,0,279,219,0,226,272,498
SECoweta,NWCobb,4,2,0,4,5,0,8,7,0,6,9,15
SECoweta,NECobb,10,3,0,1,19,0,11,22,0,13,20,33
SECoweta,SWCobb,15,4,0,1,8,0,16,12,0,19,9,28
SECoweta,Marietta,16,2,0,4,1,0,20,3,0,18,5,23
SECoweta,Cumberland,84,14,0,9,13,0,93,27,0,98,22,120
SECoweta,SCobb,38,5,0,7,9,0,45,14,0,43,16,59
SECoweta,Chamblee,15,3,1,8,35,0,23,38,1,19,43,62
SECoweta,NWDeKalb,31,9,0,14,45,1,45,54,1,40,60,100
SECoweta,NEDeKalb,18,1,0,3,15,0,21,16,0,19,18,37
SECoweta,Atlanta-DeKalb,7,0,0,5,4,0,12,4,0,7,9,16
SECoweta,Decatur,6,2,0,2,19,0,8,21,0,8,21,29
SECoweta,SWDeKalb,23,5,0,11,9,0,34,14,0,28,20,48
SECoweta,SEDeKalb,5,0,0,2,4,0,7,4,0,5,6,11
SECoweta,SDeKalb,32,9,0,19,16,0,51,25,0,41,35,76
SECoweta,WDouglas,36,6,0,7,19,0,43,25,0,42,26,68
SECoweta,EDouglas,53,13,0,13,14,0,66,27,0,66,27,93
SECoweta,WFayette,2191,364,0,2246,6385,0,4437,6749,0,2555,8631,11186
SECoweta,EFayette,845,143,0,511,1311,0,1356,1454,0,988,1822,2810
SECoweta,NGwinnett,1,0,0,0,1,0,1,1,0,1,1,2
SECoweta,CentGwinnett,1,0,0,3,26,0,4,26,0,1,29,30
SECoweta,EGwinnett,0,0,0,0,0,0,0,0,0,0,0,0
SECoweta,Norcross,12,5,0,2,5,0,14,10,0,17,7,24
SECoweta,Lilburn,2,1,0,0,1,0,2,2,0,3,1,4
SECoweta,Snellville,2,0,0,2,4,0,4,4,0,2,6,8
SECoweta,NHenry,49,15,0,27,49,0,76,64,0,64,76,140
SECoweta,EHenry,17,1,0,3,13,0,20,14,0,18,16,34
SECoweta,SHenry,230,43,0,72,104,0,302,147,0,273,176,449
SECoweta,SRockdale,2,1,0,2,9,0,4,10,0,3,11,14
SECoweta,NRockdale,6,2,0,3,6,0,9,8,0,8,9,17
SECoweta,NBarrow,0,0,0,0,0,0,0,0,0,0,0,0
SECoweta,SBarrow,0,0,0,0,0,0,0,0,0,0,0,0
SECoweta,NWBartow,0,0,0,0,0,0,0,0,0,0,0,0
SECoweta,NEBartow,0,0,0,0,0,0,0,0,0,0,0,0
SECoweta,SWBartow,0,0,0,0,0,0,0,0,0,0,0,0
SECoweta,Cartersville,0,0,0,0,0,0,0,0,0,0,0,0
SECoweta,NECarroll,8,2,0,0,20,0,8,22,0,10,20,30
SECoweta,WCarroll,9,0,0,1,1,0,10,1,0,9,2,11
SECoweta,CentralCarroll,67,16,0,83,40,0,150,56,0,83,123,206
SECoweta,SECarroll,3,1,0,4,0,0,7,1,0,4,4,8
SECoweta,WCoweta,165,36,0,106,243,0,271,279,0,201,349,550
SECoweta,NCoweta,1802,311,0,2288,5829,0,4090,6140,0,2113,8117,10230
SECoweta,SCoweta,265,49,0,260,747,0,525,796,0,314,1007,1321
SECoweta,SECoweta,2182,448,0,4648,12250,0,6830,12698,0,2630,16898,19528
SECoweta,NForsyth,0,0,0,0,0,0,0,0,0,0,0,0
SECoweta,Cumming,0,0,0,0,0,0,0,0,0,0,0,0
SECoweta,SForsyth,0,0,0,0,0,0,0,0,0,0,0,0
SECoweta,NHall,0,0,0,0,0,0,0,0,0,0,0,0
SECoweta,Gainesville,0,0,0,0,0,0,0,0,0,0,0,0
SECoweta,SHall,0,0,0,0,0,0,0,0,0,0,0,0
SECoweta,WNewton,2,2,0,5,7,0,7,9,0,4,12,16
SECoweta,ENewton,1,0,0,0,0,0,1,0,0,1,0,1
SECoweta,NPaulding,1,0,0,0,0,0,1,0,0,1,0,1
SECoweta,WPaulding,0,0,0,0,0,0,0,0,0,0,0,0
SECoweta,EPaulding,10,0,0,4,8,0,14,8,0,10,12,22
SECoweta,NSpalding,334,62,0,137,276,0,471,338,0,396,413,809
SECoweta,SSpalding,350,50,0,181,312,0,531,362,0,400,493,893
SECoweta,WWalton,0,0,0,0,0,0,0,0,0,0,0,0
SECoweta,EWalton,1,0,0,0,0,0,1,0,0,1,0,1
NForsyth,NFulton,2876,530,0,599,1467,1,3475,1997,1,3406,2067,5473
NForsyth,Roswell,726,130,1,144,386,0,870,516,1,857,530,1387
NForsyth,SandySprings,656,101,2,130,293,2,786,394,4,759,425,1184
NForsyth,Buckhead,194,36,0,60,195,0,254,231,0,230,255,485
NForsyth,NWAtlanta,52,8,0,9,39,0,61,47,0,60,48,108
NForsyth,NEAtlanta,88,13,0,63,186,7,151,199,7,101,256,357
NForsyth,SWAtlanta,12,5,0,2,73,0,14,78,0,17,75,92
NForsyth,CBDAtlanta,49,5,6,21,171,0,70,176,6,60,192,252
NForsyth,SEAtlanta,11,3,0,7,21,1,18,24,1,14,29,43
NForsyth,SFulton,3,0,0,0,2,0,3,2,0,3,2,5
NForsyth,Tri-Cities,20,4,0,2,13,0,22,17,0,24,15,39
NForsyth,Shannon,4,0,0,0,0,0,4,0,0,4,0,4
NForsyth,WCherokee,59,7,0,41,81,0,100,88,0,66,122,188
NForsyth,NCherokee,143,26,0,83,206,0,226,232,0,169,289,458
NForsyth,ECentCherokee,1178,182,0,636,1471,0,1814,1653,0,1360,2107,3467
NForsyth,Woodstock,224,37,0,65,136,0,289,173,0,261,201,462
NForsyth,Airport,6,3,1,1,10,0,7,13,1,10,11,21
NForsyth,NEClayton,8,0,0,1,4,0,9,4,0,8,5,13
NForsyth,Riverdale,1,0,0,2,14,0,3,14,0,1,16,17
NForsyth,SClayton,0,0,0,0,0,0,0,0,0,0,0,0
NForsyth,NWCobb,192,33,0,79,114,2,271,147,2,225,195,420
NForsyth,NECobb,325,66,0,69,238,0,394,304,0,391,307,698
NForsyth,SWCobb,13,2,0,5,3,0,18,5,0,15,8,23
NForsyth,Marietta,116,17,0,33,48,0,149,65,0,133,81,214
NForsyth,Cumberland,292,39,0,43,124,0,335,163,0,331,167,498
NForsyth,SCobb,39,7,0,9,39,0,48,46,0,46,48,94
NForsyth,Chamblee,404,79,2,105,261,0,509,340,2,485,366,851
NForsyth,NWDeKalb,67,11,0,38,242,1,105,253,1,78,281,359
NForsyth,NEDeKalb,117,17,0,33,117,0,150,134,0,134,150,284
NForsyth,Atlanta-DeKalb,6,1,0,3,8,0,9,9,0,7,11,18
NForsyth,Decatur,9,0,0,5,30,0,14,30,0,9,35,44
NForsyth,SWDeKalb,5,1,0,3,18,0,8,19,0,6,21,27
NForsyth,SEDeKalb,6,0,0,1,4,0,7,4,0,6,5,11
NForsyth,SDeKalb,5,1,0,5,9,0,10,10,0,6,14,20
NForsyth,WDouglas,0,0,0,0,0,0,0,0,0,0,0,0
NForsyth,EDouglas,5,1,0,4,8,0,9,9,0,6,12,18
NForsyth,WFayette,1,0,0,0,0,0,1,0,0,1,0,1
NForsyth,EFayette,0,1,0,1,4,0,1,5,0,1,5,6
NForsyth,NGwinnett,938,155,0,307,773,0,1245,928,0,1093,1080,2173
NForsyth,CentGwinnett,740,141,0,231,447,0,971,588,0,881,678,1559
NForsyth,EGwinnett,62,8,0,23,29,0,85,37,0,70,52,122
NForsyth,Norcross,620,107,0,101,212,0,721,319,0,727,313,1040
NForsyth,Lilburn,54,6,0,23,34,0,77,40,0,60,57,117
NForsyth,Snellville,44,8,0,20,41,0,64,49,0,52,61,113
NForsyth,NHenry,1,0,0,1,0,0,2,0,0,1,1,2
NForsyth,EHenry,0,0,0,0,0,0,0,0,0,0,0,0
NForsyth,SHenry,1,1,0,0,1,0,1,2,0,2,1,3
NForsyth,SRockdale,0,0,0,0,1,0,0,1,0,0,1,1
NForsyth,NRockdale,3,0,0,2,0,0,5,0,0,3,2,5
NForsyth,NBarrow,49,8,0,18,30,0,67,38,0,57,48,105
NForsyth,SBarrow,17,4,0,10,13,0,27,17,0,21,23,44
NForsyth,NWBartow,7,0,0,2,0,0,9,0,0,7,2,9
NForsyth,NEBartow,19,0,0,1,4,0,20,4,0,19,5,24
NForsyth,SWBartow,0,0,0,0,0,0,0,0,0,0,0,0
NForsyth,Cartersville,29,4,0,12,47,0,41,51,0,33,59,92
NForsyth,NECarroll,0,0,0,0,0,0,0,0,0,0,0,0
NForsyth,WCarroll,0,0,0,0,0,0,0,0,0,0,0,0
NForsyth,CentralCarroll,0,0,0,0,0,0,0,0,0,0,0,0
NForsyth,SECarroll,0,0,0,0,0,0,0,0,0,0,0,0
NForsyth,WCoweta,0,0,0,0,0,0,0,0,0,0,0,0
NForsyth,NCoweta,0,0,0,0,0,0,0,0,0,0,0,0
NForsyth,SCoweta,0,0,0,0,0,0,0,0,0,0,0,0
NForsyth,SECoweta,0,0,0,0,0,0,0,0,0,0,0,0
NForsyth,NForsyth,13900,2428,0,30920,72134,0,44820,74562,0,16328,103054,119382
NForsyth,Cumming,7890,1407,0,9528,26730,0,17418,28137,0,9297,36258,45555
NForsyth,SForsyth,1957,344,0,539,1556,0,2496,1900,0,2301,2095,4396
NForsyth,NHall,484,74,0,212,554,0,696,628,0,558,766,1324
NForsyth,Gainesville,3312,573,4,1886,4810,1,5198,5383,5,3889,6697,10586
NForsyth,SHall,917,147,0,612,861,0,1529,1008,0,1064,1473,2537
NForsyth,WNewton,1,0,0,1,1,0,2,1,0,1,2,3
NForsyth,ENewton,0,0,0,0,0,0,0,0,0,0,0,0
NForsyth,NPaulding,5,0,0,1,5,0,6,5,0,5,6,11
NForsyth,WPaulding,1,0,0,0,0,0,1,0,0,1,0,1
NForsyth,EPaulding,5,0,0,0,2,0,5,2,0,5,2,7
NForsyth,NSpalding,0,0,0,0,0,0,0,0,0,0,0,0
NForsyth,SSpalding,0,0,0,0,0,0,0,0,0,0,0,0
NForsyth,WWalton,9,3,0,2,18,0,11,21,0,12,20,32
NForsyth,EWalton,10,2,0,4,1,0,14,3,0,12,5,17
Cumming,NFulton,10306,1841,14,4413,11515,18,14719,13356,32,12161,15946,28107
Cumming,Roswell,2295,369,1,667,1886,0,2962,2255,1,2665,2553,5218
Cumming,SandySprings,1653,316,17,382,728,19,2035,1044,36,1986,1129,3115
Cumming,Buckhead,653,95,13,144,353,13,797,448,26,761,510,1271
Cumming,NWAtlanta,108,20,0,23,101,5,131,121,5,128,129,257
Cumming,NEAtlanta,296,59,16,122,467,40,418,526,56,371,629,1000
Cumming,SWAtlanta,72,6,1,26,101,4,98,107,5,79,131,210
Cumming,CBDAtlanta,194,38,57,49,420,33,243,458,90,289,502,791
Cumming,SEAtlanta,53,7,0,30,116,3,83,123,3,60,149,209
Cumming,SFulton,18,1,0,6,0,0,24,1,0,19,6,25
Cumming,Tri-Cities,60,9,0,12,32,0,72,41,0,69,44,113
Cumming,Shannon,13,2,0,2,30,0,15,32,0,15,32,47
Cumming,WCherokee,170,25,0,95,191,0,265,216,0,195,286,481
Cumming,NCherokee,420,62,0,244,602,0,664,664,0,482,846,1328
Cumming,ECentCherokee,3379,580,0,2933,7536,0,6312,8116,0,3959,10469,14428
Cumming,Woodstock,701,125,0,172,431,0,873,556,0,826,603,1429
Cumming,Airport,25,5,2,5,6,0,30,11,2,32,11,43
Cumming,NEClayton,35,6,0,8,7,0,43,13,0,41,15,56
Cumming,Riverdale,6,2,0,5,13,0,11,15,0,8,18,26
Cumming,SClayton,3,2,0,7,18,0,10,20,0,5,25,30
Cumming,NWCobb,393,59,0,204,185,5,597,244,5,452,394,846
Cumming,NECobb,909,167,0,230,678,0,1139,845,0,1076,908,1984
Cumming,SWCobb,26,2,0,8,27,0,34,29,0,28,35,63
Cumming,Marietta,281,52,2,113,124,8,394,176,10,335,245,580
Cumming,Cumberland,633,97,0,116,308,3,749,405,3,730,427,1157
Cumming,SCobb,116,17,0,42,79,1,158,96,1,133,122,255
Cumming,Chamblee,1175,201,16,250,469,4,1425,670,20,1392,723,2115
Cumming,NWDeKalb,200,45,2,93,505,18,293,550,20,247,616,863
Cumming,NEDeKalb,294,48,0,105,176,2,399,224,2,342,283,625
Cumming,Atlanta-DeKalb,13,5,1,7,27,1,20,32,2,19,35,54
Cumming,Decatur,17,2,1,16,38,1,33,40,2,20,55,75
Cumming,SWDeKalb,47,3,0,15,66,0,62,69,0,50,81,131
Cumming,SEDeKalb,22,5,0,14,34,0,36,39,0,27,48,75
Cumming,SDeKalb,31,7,0,12,32,0,43,39,0,38,44,82
Cumming,WDouglas,3,0,0,5,5,0,8,5,0,3,10,13
Cumming,EDouglas,14,3,0,7,7,0,21,10,0,17,14,31
Cumming,WFayette,0,0,0,1,2,0,1,2,0,0,3,3
Cumming,EFayette,2,1,0,2,3,0,4,4,0,3,5,8
Cumming,NGwinnett,4422,786,0,3001,8031,0,7423,8817,0,5208,11032,16240
Cumming,CentGwinnett,2491,432,0,865,2363,2,3356,2795,2,2923,3230,6153
Cumming,EGwinnett,267,48,0,73,162,0,340,210,0,315,235,550
Cumming,Norcross,1658,317,0,315,817,0,1973,1134,0,1975,1132,3107
Cumming,Lilburn,167,31,0,60,110,0,227,141,0,198,170,368
Cumming,Snellville,179,27,0,56,115,0,235,142,0,206,171,377
Cumming,NHenry,2,0,0,3,10,0,5,10,0,2,13,15
Cumming,EHenry,1,0,0,2,1,0,3,1,0,1,3,4
Cumming,SHenry,1,1,0,1,0,0,2,1,0,2,1,3
Cumming,SRockdale,5,0,0,1,3,0,6,3,0,5,4,9
Cumming,NRockdale,9,1,0,4,8,0,13,9,0,10,12,22
Cumming,NBarrow,187,22,0,34,77,0,221,99,0,209,111,320
Cumming,SBarrow,82,15,0,25,75,0,107,90,0,97,100,197
Cumming,NWBartow,11,2,0,4,40,0,15,42,0,13,44,57
Cumming,NEBartow,31,6,0,18,13,0,49,19,0,37,31,68
Cumming,SWBartow,6,0,0,8,21,0,14,21,0,6,29,35
Cumming,Cartersville,92,11,0,34,37,0,126,48,0,103,71,174
Cumming,NECarroll,0,0,0,2,0,0,2,0,0,0,2,2
Cumming,WCarroll,0,0,0,0,0,0,0,0,0,0,0,0
Cumming,CentralCarroll,1,0,0,0,0,0,1,0,0,1,0,1
Cumming,SECarroll,0,0,0,0,0,0,0,0,0,0,0,0
Cumming,WCoweta,0,0,0,0,0,0,0,0,0,0,0,0
Cumming,NCoweta,0,0,0,2,1,0,2,1,0,0,3,3
Cumming,SCoweta,0,0,0,0,0,0,0,0,0,0,0,0
Cumming,SECoweta,1,0,0,0,0,0,1,0,0,1,0,1
Cumming,NForsyth,8384,1494,0,9548,26964,0,17932,28458,0,9878,36512,46390
Cumming,Cumming,46192,8402,0,83963,193769,0,130155,202171,0,54594,277732,332326
Cumming,SForsyth,9012,1651,1,8426,22351,1,17438,24002,2,10664,30778,41442
Cumming,NHall,478,75,0,110,274,0,588,349,0,553,384,937
Cumming,Gainesville,2302,414,2,959,2088,0,3261,2502,2,2718,3047,5765
Cumming,SHall,1292,206,0,692,994,0,1984,1200,0,1498,1686,3184
Cumming,WNewton,7,0,0,4,2,0,11,2,0,7,6,13
Cumming,ENewton,1,0,0,1,0,0,2,0,0,1,1,2
Cumming,NPaulding,18,2,0,6,17,0,24,19,0,20,23,43
Cumming,WPaulding,3,0,0,2,1,0,5,1,0,3,3,6
Cumming,EPaulding,19,1,0,17,23,0,36,24,0,20,40,60
Cumming,NSpalding,0,0,0,0,0,0,0,0,0,0,0,0
Cumming,SSpalding,0,0,0,0,0,0,0,0,0,0,0,0
Cumming,WWalton,60,8,0,19,64,0,79,72,0,68,83,151
Cumming,EWalton,38,7,0,14,38,0,52,45,0,45,52,97
SForsyth,NFulton,14267,2739,51,15442,33125,79,29709,35864,130,17057,48646,65703
SForsyth,Roswell,1981,367,3,1119,3112,6,3100,3479,9,2351,4237,6588
SForsyth,SandySprings,1249,201,26,336,753,21,1585,954,47,1476,1110,2586
SForsyth,Buckhead,482,79,13,91,263,8,573,342,21,574,362,936
SForsyth,NWAtlanta,74,14,2,32,49,1,106,63,3,90,82,172
SForsyth,NEAtlanta,256,50,24,80,278,21,336,328,45,330,379,709
SForsyth,SWAtlanta,40,6,1,14,39,2,54,45,3,47,55,102
SForsyth,CBDAtlanta,181,36,62,35,179,28,216,215,90,279,242,521
SForsyth,SEAtlanta,37,8,0,25,56,0,62,64,0,45,81,126
SForsyth,SFulton,13,2,0,4,3,0,17,5,0,15,7,22
SForsyth,Tri-Cities,49,9,1,16,72,0,65,81,1,59,88,147
SForsyth,Shannon,15,4,0,4,11,0,19,15,0,19,15,34
SForsyth,WCherokee,122,25,0,27,57,0,149,82,0,147,84,231
SForsyth,NCherokee,166,24,0,49,75,0,215,99,0,190,124,314
SForsyth,ECentCherokee,1790,291,0,634,1510,2,2424,1801,2,2081,2146,4227
SForsyth,Woodstock,485,87,0,111,207,0,596,294,0,572,318,890
SForsyth,Airport,21,2,4,1,19,0,22,21,4,27,20,47
SForsyth,NEClayton,28,3,0,10,10,0,38,13,0,31,20,51
SForsyth,Riverdale,19,0,0,0,6,0,19,6,0,19,6,25
SForsyth,SClayton,15,9,0,7,2,0,22,11,0,24,9,33
SForsyth,NWCobb,259,47,0,69,113,5,328,160,5,306,187,493
SForsyth,NECobb,736,121,0,193,377,0,929,498,0,857,570,1427
SForsyth,SWCobb,47,5,0,9,11,0,56,16,0,52,20,72
SForsyth,Marietta,169,45,0,53,49,2,222,94,2,214,104,318
SForsyth,Cumberland,437,75,0,76,175,1,513,250,1,512,252,764
SForsyth,SCobb,52,13,0,27,38,0,79,51,0,65,65,130
SForsyth,Chamblee,1016,175,8,247,682,9,1263,857,17,1199,938,2137
SForsyth,NWDeKalb,212,36,4,73,297,10,285,333,14,252,380,632
SForsyth,NEDeKalb,385,75,0,130,266,0,515,341,0,460,396,856
SForsyth,Atlanta-DeKalb,18,2,2,10,20,2,28,22,4,22,32,54
SForsyth,Decatur,30,6,4,8,16,2,38,22,6,40,26,66
SForsyth,SWDeKalb,49,8,1,24,45,0,73,53,1,58,69,127
SForsyth,SEDeKalb,43,7,0,24,28,0,67,35,0,50,52,102
SForsyth,SDeKalb,48,12,0,17,69,1,65,81,1,60,87,147
SForsyth,WDouglas,8,0,0,1,19,0,9,19,0,8,20,28
SForsyth,EDouglas,23,2,0,7,17,0,30,19,0,25,24,49
SForsyth,WFayette,2,0,0,0,0,0,2,0,0,2,0,2
SForsyth,EFayette,5,1,0,1,1,0,6,2,0,6,2,8
SForsyth,NGwinnett,4035,720,0,2742,7525,0,6777,8245,0,4755,10267,15022
SForsyth,CentGwinnett,3801,729,0,2428,6857,3,6229,7586,3,4530,9288,13818
SForsyth,EGwinnett,382,54,0,77,280,0,459,334,0,436,357,793
SForsyth,Norcross,2262,380,1,903,2409,2,3165,2789,3,2643,3314,5957
SForsyth,Lilburn,260,43,0,94,326,0,354,369,0,303,420,723
SForsyth,Snellville,369,51,0,80,145,0,449,196,0,420,225,645
SForsyth,NHenry,14,1,0,3,12,0,17,13,0,15,15,30
SForsyth,EHenry,4,1,0,4,1,0,8,2,0,5,5,10
SForsyth,SHenry,7,1,0,5,1,0,12,2,0,8,6,14
SForsyth,SRockdale,12,1,0,1,11,0,13,12,0,13,12,25
SForsyth,NRockdale,33,10,0,11,5,0,44,15,0,43,16,59
SForsyth,NBarrow,177,22,0,23,66,0,200,88,0,199,89,288
SForsyth,SBarrow,111,21,0,18,45,0,129,66,0,132,63,195
SForsyth,NWBartow,8,3,0,1,6,0,9,9,0,11,7,18
SForsyth,NEBartow,25,3,0,9,6,0,34,9,0,28,15,43
SForsyth,SWBartow,12,2,0,0,21,0,12,23,0,14,21,35
SForsyth,Cartersville,59,6,0,14,14,0,73,20,0,65,28,93
SForsyth,NECarroll,1,0,0,0,1,0,1,1,0,1,1,2
SForsyth,WCarroll,0,0,0,0,0,0,0,0,0,0,0,0
SForsyth,CentralCarroll,0,0,0,0,16,0,0,16,0,0,16,16
SForsyth,SECarroll,0,0,0,0,0,0,0,0,0,0,0,0
SForsyth,WCoweta,0,0,0,0,0,0,0,0,0,0,0,0
SForsyth,NCoweta,3,1,0,0,2,0,3,3,0,4,2,6
SForsyth,SCoweta,1,0,0,0,0,0,1,0,0,1,0,1
SForsyth,SECoweta,0,0,0,0,0,0,0,0,0,0,0,0
SForsyth,NForsyth,1945,339,0,591,1434,0,2536,1773,0,2284,2025,4309
SForsyth,Cumming,9553,1737,1,8453,22472,2,18006,24209,3,11291,30927,42218
SForsyth,SForsyth,20407,3761,1,34487,68058,0,54894,71819,1,24169,102545,126714
SForsyth,NHall,207,26,0,24,38,0,231,64,0,233,62,295
SForsyth,Gainesville,575,97,0,72,148,0,647,245,0,672,220,892
SForsyth,SHall,686,128,0,187,461,0,873,589,0,814,648,1462
SForsyth,WNewton,24,5,0,5,9,0,29,14,0,29,14,43
SForsyth,ENewton,4,1,0,3,0,0,7,1,0,5,3,8
SForsyth,NPaulding,18,1,0,7,17,0,25,18,0,19,24,43
SForsyth,WPaulding,4,1,0,2,0,0,6,1,0,5,2,7
SForsyth,EPaulding,36,5,0,13,8,0,49,13,0,41,21,62
SForsyth,NSpalding,2,0,0,0,1,0,2,1,0,2,1,3
SForsyth,SSpalding,0,0,0,0,0,0,0,0,0,0,0,0
SForsyth,WWalton,96,14,0,19,11,0,115,25,0,110,30,140
SForsyth,EWalton,47,8,0,11,16,0,58,24,0,55,27,82
NHall,NFulton,330,52,0,44,141,0,374,193,0,382,185,567
NHall,Roswell,71,13,0,18,104,0,89,117,0,84,122,206
NHall,SandySprings,65,10,0,16,17,0,81,27,0,75,33,108
NHall,Buckhead,30,3,0,8,36,0,38,39,0,33,44,77
NHall,NWAtlanta,5,1,0,1,1,0,6,2,0,6,2,8
NHall,NEAtlanta,16,4,0,10,30,0,26,34,0,20,40,60
NHall,SWAtlanta,1,0,0,0,5,0,1,5,0,1,5,6
NHall,CBDAtlanta,7,3,0,5,8,0,12,11,0,10,13,23
NHall,SEAtlanta,2,0,0,2,7,0,4,7,0,2,9,11
NHall,SFulton,0,0,0,0,0,0,0,0,0,0,0,0
NHall,Tri-Cities,2,0,0,0,0,0,2,0,0,2,0,2
NHall,Shannon,0,0,0,0,0,0,0,0,0,0,0,0
NHall,WCherokee,2,0,0,1,0,0,3,0,0,2,1,3
NHall,NCherokee,8,0,0,0,1,0,8,1,0,8,1,9
NHall,ECentCherokee,43,6,0,23,30,0,66,36,0,49,53,102
NHall,Woodstock,10,4,0,4,9,0,14,13,0,14,13,27
NHall,Airport,0,0,0,0,0,0,0,0,0,0,0,0
NHall,NEClayton,0,0,0,0,2,0,0,2,0,0,2,2
NHall,Riverdale,0,0,0,0,0,0,0,0,0,0,0,0
NHall,SClayton,0,0,0,0,0,0,0,0,0,0,0,0
NHall,NWCobb,16,1,0,2,5,0,18,6,0,17,7,24
NHall,NECobb,25,4,0,11,22,0,36,26,0,29,33,62
NHall,SWCobb,1,0,0,0,1,0,1,1,0,1,1,2
NHall,Marietta,7,0,0,2,4,0,9,4,0,7,6,13
NHall,Cumberland,11,3,0,7,7,0,18,10,0,14,14,28
NHall,SCobb,3,0,0,2,0,0,5,0,0,3,2,5
NHall,Chamblee,66,7,0,10,109,0,76,116,0,73,119,192
NHall,NWDeKalb,16,4,0,10,33,0,26,37,0,20,43,63
NHall,NEDeKalb,45,6,0,17,28,0,62,34,0,51,45,96
NHall,Atlanta-DeKalb,0,0,0,0,2,0,0,2,0,0,2,2
NHall,Decatur,1,0,0,1,2,0,2,2,0,1,3,4
NHall,SWDeKalb,5,0,0,1,2,0,6,2,0,5,3,8
NHall,SEDeKalb,5,0,0,1,4,0,6,4,0,5,5,10
NHall,SDeKalb,1,0,0,1,1,0,2,1,0,1,2,3
NHall,WDouglas,0,0,0,0,0,0,0,0,0,0,0,0
NHall,EDouglas,0,0,0,0,0,0,0,0,0,0,0,0
NHall,WFayette,0,0,0,0,0,0,0,0,0,0,0,0
NHall,EFayette,0,0,0,0,0,0,0,0,0,0,0,0
NHall,NGwinnett,671,105,0,129,340,0,800,445,0,776,469,1245
NHall,CentGwinnett,385,58,0,96,282,0,481,340,0,443,378,821
NHall,EGwinnett,47,8,0,15,26,0,62,34,0,55,41,96
NHall,Norcross,180,27,0,25,61,0,205,88,0,207,86,293
NHall,Lilburn,29,4,0,13,39,0,42,43,0,33,52,85
NHall,Snellville,25,10,0,10,48,0,35,58,0,35,58,93
NHall,NHenry,0,0,0,0,0,0,0,0,0,0,0,0
NHall,EHenry,0,0,0,0,0,0,0,0,0,0,0,0
NHall,SHenry,0,0,0,0,0,0,0,0,0,0,0,0
NHall,SRockdale,0,0,0,0,0,0,0,0,0,0,0,0
NHall,NRockdale,4,0,0,1,0,0,5,0,0,4,1,5
NHall,NBarrow,74,14,0,28,36,0,102,50,0,88,64,152
NHall,SBarrow,26,5,0,9,5,0,35,10,0,31,14,45
NHall,NWBartow,0,0,0,0,0,0,0,0,0,0,0,0
NHall,NEBartow,0,0,0,0,0,0,0,0,0,0,0,0
NHall,SWBartow,0,0,0,0,0,0,0,0,0,0,0,0
NHall,Cartersville,2,0,0,1,0,0,3,0,0,2,1,3
NHall,NECarroll,0,0,0,0,0,0,0,0,0,0,0,0
NHall,WCarroll,0,0,0,0,0,0,0,0,0,0,0,0
NHall,CentralCarroll,0,0,0,0,0,0,0,0,0,0,0,0
NHall,SECarroll,0,0,0,0,0,0,0,0,0,0,0,0
NHall,WCoweta,0,0,0,0,0,0,0,0,0,0,0,0
NHall,NCoweta,0,0,0,0,0,0,0,0,0,0,0,0
NHall,SCoweta,0,0,0,0,0,0,0,0,0,0,0,0
NHall,SECoweta,0,0,0,0,0,0,0,0,0,0,0,0
NHall,NForsyth,507,74,0,193,480,0,700,554,0,581,673,1254
NHall,Cumming,477,79,0,118,303,0,595,382,0,556,421,977
NHall,SForsyth,239,39,0,31,55,0,270,94,0,278,86,364
NHall,NHall,7907,1483,0,13819,33614,0,21726,35097,0,9390,47433,56823
NHall,Gainesville,8943,1659,20,7567,20624,23,16510,22283,43,10622,28214,38836
NHall,SHall,1366,269,2,601,932,0,1967,1201,2,1637,1533,3170
NHall,WNewton,1,0,0,3,1,0,4,1,0,1,4,5
NHall,ENewton,0,0,0,0,0,0,0,0,0,0,0,0
NHall,NPaulding,0,0,0,0,0,0,0,0,0,0,0,0
NHall,WPaulding,0,0,0,0,0,0,0,0,0,0,0,0
NHall,EPaulding,0,0,0,1,0,0,1,0,0,0,1,1
NHall,NSpalding,0,0,0,0,0,0,0,0,0,0,0,0
NHall,SSpalding,0,0,0,0,0,0,0,0,0,0,0,0
NHall,WWalton,2,0,0,5,19,0,7,19,0,2,24,26
NHall,EWalton,8,3,0,3,1,0,11,4,0,11,4,15
Gainesville,NFulton,744,128,0,102,314,0,846,442,0,872,416,1288
Gainesville,Roswell,159,31,0,34,64,0,193,95,0,190,98,288
Gainesville,SandySprings,144,24,0,26,51,0,170,75,0,168,77,245
Gainesville,Buckhead,57,11,0,22,58,0,79,69,0,68,80,148
Gainesville,NWAtlanta,15,3,0,6,6,0,21,9,0,18,12,30
Gainesville,NEAtlanta,39,9,0,22,93,0,61,102,0,48,115,163
Gainesville,SWAtlanta,4,1,0,3,13,0,7,14,0,5,16,21
Gainesville,CBDAtlanta,27,8,0,11,69,0,38,77,0,35,80,115
Gainesville,SEAtlanta,6,2,0,5,9,0,11,11,0,8,14,22
Gainesville,SFulton,0,0,0,0,2,0,0,2,0,0,2,2
Gainesville,Tri-Cities,4,3,0,0,1,0,4,4,0,7,1,8
Gainesville,Shannon,0,1,0,3,1,0,3,2,0,1,4,5
Gainesville,WCherokee,15,5,0,3,19,0,18,24,0,20,22,42
Gainesville,NCherokee,27,7,0,12,35,0,39,42,0,34,47,81
Gainesville,ECentCherokee,161,34,0,53,98,0,214,132,0,195,151,346
Gainesville,Woodstock,48,2,0,7,8,0,55,10,0,50,15,65
Gainesville,Airport,3,2,0,1,0,0,4,2,0,5,1,6
Gainesville,NEClayton,4,1,0,3,2,0,7,3,0,5,5,10
Gainesville,Riverdale,1,1,0,0,0,0,1,1,0,2,0,2
Gainesville,SClayton,0,0,0,1,26,0,1,26,0,0,27,27
Gainesville,NWCobb,22,5,0,10,2,0,32,7,0,27,12,39
Gainesville,NECobb,79,14,0,18,35,0,97,49,0,93,53,146
Gainesville,SWCobb,2,1,0,4,0,0,6,1,0,3,4,7
Gainesville,Marietta,27,1,0,7,9,0,34,10,0,28,16,44
Gainesville,Cumberland,55,14,0,15,30,0,70,44,0,69,45,114
Gainesville,SCobb,6,1,0,4,4,0,10,5,0,7,8,15
Gainesville,Chamblee,179,32,0,36,93,0,215,125,0,211,129,340
Gainesville,NWDeKalb,47,15,1,18,95,0,65,110,1,63,113,176
Gainesville,NEDeKalb,173,23,0,47,67,0,220,90,0,196,114,310
Gainesville,Atlanta-DeKalb,7,2,0,3,4,0,10,6,0,9,7,16
Gainesville,Decatur,6,1,0,3,11,0,9,12,0,7,14,21
Gainesville,SWDeKalb,8,3,0,18,25,0,26,28,0,11,43,54
Gainesville,SEDeKalb,23,5,0,9,48,0,32,53,0,28,57,85
Gainesville,SDeKalb,14,0,0,1,10,0,15,10,0,14,11,25
Gainesville,WDouglas,0,0,0,0,0,0,0,0,0,0,0,0
Gainesville,EDouglas,0,0,0,0,0,0,0,0,0,0,0,0
Gainesville,WFayette,0,0,0,0,0,0,0,0,0,0,0,0
Gainesville,EFayette,0,0,0,0,0,0,0,0,0,0,0,0
Gainesville,NGwinnett,3824,762,0,808,2013,0,4632,2775,0,4586,2821,7407
Gainesville,CentGwinnett,1393,243,0,246,504,0,1639,747,0,1636,750,2386
Gainesville,EGwinnett,426,81,0,89,84,0,515,165,0,507,173,680
Gainesville,Norcross,551,84,0,75,129,0,626,213,0,635,204,839
Gainesville,Lilburn,119,11,0,29,115,0,148,126,0,130,144,274
Gainesville,Snellville,186,40,0,44,83,0,230,123,0,226,127,353
Gainesville,NHenry,2,0,0,0,0,0,2,0,0,2,0,2
Gainesville,EHenry,3,0,0,0,0,0,3,0,0,3,0,3
Gainesville,SHenry,0,0,0,0,0,0,0,0,0,0,0,0
Gainesville,SRockdale,6,0,0,2,0,0,8,0,0,6,2,8
Gainesville,NRockdale,18,4,0,11,14,0,29,18,0,22,25,47
Gainesville,NBarrow,795,146,0,188,492,0,983,638,0,941,680,1621
Gainesville,SBarrow,339,70,0,68,125,0,407,195,0,409,193,602
Gainesville,NWBartow,0,0,0,0,0,0,0,0,0,0,0,0
Gainesville,NEBartow,3,1,0,0,0,0,3,1,0,4,0,4
Gainesville,SWBartow,0,1,0,0,0,0,0,1,0,1,0,1
Gainesville,Cartersville,3,1,0,3,2,0,6,3,0,4,5,9
Gainesville,NECarroll,0,0,0,0,0,0,0,0,0,0,0,0
Gainesville,WCarroll,0,0,0,0,0,0,0,0,0,0,0,0
Gainesville,CentralCarroll,0,0,0,0,0,0,0,0,0,0,0,0
Gainesville,SECarroll,0,0,0,0,0,0,0,0,0,0,0,0
Gainesville,WCoweta,0,0,0,0,0,0,0,0,0,0,0,0
Gainesville,NCoweta,0,0,0,0,0,0,0,0,0,0,0,0
Gainesville,SCoweta,0,0,0,0,0,0,0,0,0,0,0,0
Gainesville,SECoweta,0,0,0,0,0,0,0,0,0,0,0,0
Gainesville,NForsyth,3238,580,4,1862,4819,1,5100,5399,5,3822,6682,10504
Gainesville,Cumming,2268,407,2,923,2150,0,3191,2557,2,2677,3073,5750
Gainesville,SForsyth,586,101,0,89,224,0,675,325,0,687,313,1000
Gainesville,NHall,9206,1690,20,7594,20589,23,16800,22279,43,10916,28206,39122
Gainesville,Gainesville,70215,13118,411,87890,210558,699,158105,223676,1110,83744,299147,382891
Gainesville,SHall,12191,2314,37,9594,22670,61,21785,24984,98,14542,32325,46867
Gainesville,WNewton,22,4,0,8,3,0,30,7,0,26,11,37
Gainesville,ENewton,4,0,0,1,1,0,5,1,0,4,2,6
Gainesville,NPaulding,0,0,0,0,0,0,0,0,0,0,0,0
Gainesville,WPaulding,0,0,0,0,0,0,0,0,0,0,0,0
Gainesville,EPaulding,1,0,0,1,1,0,2,1,0,1,2,3
Gainesville,NSpalding,0,0,0,0,0,0,0,0,0,0,0,0
Gainesville,SSpalding,0,0,0,0,0,0,0,0,0,0,0,0
Gainesville,WWalton,88,15,0,15,27,0,103,42,0,103,42,145
Gainesville,EWalton,82,11,0,21,87,0,103,98,0,93,108,201
SHall,NFulton,887,143,0,151,365,1,1038,508,1,1030,517,1547
SHall,Roswell,209,37,0,32,118,0,241,155,0,246,150,396
SHall,SandySprings,313,49,2,58,104,0,371,153,2,364,162,526
SHall,Buckhead,215,40,2,40,116,0,255,156,2,257,156,413
SHall,NWAtlanta,61,11,0,8,30,1,69,41,1,72,39,111
SHall,NEAtlanta,145,20,2,54,153,3,199,173,5,167,210,377
SHall,SWAtlanta,16,5,0,8,22,2,24,27,2,21,32,53
SHall,CBDAtlanta,97,22,12,26,117,7,123,139,19,131,150,281
SHall,SEAtlanta,25,5,0,5,29,0,30,34,0,30,34,64
SHall,SFulton,1,1,0,0,11,0,1,12,0,2,11,13
SHall,Tri-Cities,31,4,0,7,18,0,38,22,0,35,25,60
SHall,Shannon,7,2,0,1,0,0,8,2,0,9,1,10
SHall,WCherokee,5,2,0,1,2,0,6,4,0,7,3,10
SHall,NCherokee,20,2,0,13,5,0,33,7,0,22,18,40
SHall,ECentCherokee,113,16,0,40,46,0,153,62,0,129,86,215
SHall,Woodstock,19,2,0,9,12,0,28,14,0,21,21,42
SHall,Airport,4,1,2,0,11,0,4,12,2,7,11,18
SHall,NEClayton,8,2,0,1,1,0,9,3,0,10,2,12
SHall,Riverdale,4,0,0,1,2,0,5,2,0,4,3,7
SHall,SClayton,1,0,0,2,1,0,3,1,0,1,3,4
SHall,NWCobb,20,0,0,5,8,0,25,8,0,20,13,33
SHall,NECobb,72,11,0,31,38,0,103,49,0,83,69,152
SHall,SWCobb,1,0,0,2,4,0,3,4,0,1,6,7
SHall,Marietta,30,3,0,14,18,0,44,21,0,33,32,65
SHall,Cumberland,136,26,0,26,38,0,162,64,0,162,64,226
SHall,SCobb,24,3,0,11,17,0,35,20,0,27,28,55
SHall,Chamblee,550,75,2,82,187,0,632,262,2,627,269,896
SHall,NWDeKalb,206,22,0,55,258,4,261,280,4,228,317,545
SHall,NEDeKalb,452,73,0,112,113,0,564,186,0,525,225,750
SHall,Atlanta-DeKalb,4,3,0,9,27,0,13,30,0,7,36,43
SHall,Decatur,26,5,0,5,19,0,31,24,0,31,24,55
SHall,SWDeKalb,34,6,0,22,62,0,56,68,0,40,84,124
SHall,SEDeKalb,42,7,0,14,72,0,56,79,0,49,86,135
SHall,SDeKalb,28,7,0,21,26,0,49,33,0,35,47,82
SHall,WDouglas,0,0,0,0,0,0,0,0,0,0,0,0
SHall,EDouglas,3,1,0,1,0,0,4,1,0,4,1,5
SHall,WFayette,1,1,0,0,0,0,1,1,0,2,0,2
SHall,EFayette,1,0,0,1,0,0,2,0,0,1,1,2
SHall,NGwinnett,8997,1645,1,8358,20759,1,17355,22404,2,10643,29118,39761
SHall,CentGwinnett,3019,536,0,959,2408,0,3978,2944,0,3555,3367,6922
SHall,EGwinnett,684,114,0,345,573,0,1029,687,0,798,918,1716
SHall,Norcross,1368,208,0,183,392,0,1551,600,0,1576,575,2151
SHall,Lilburn,200,31,0,68,140,0,268,171,0,231,208,439
SHall,Snellville,276,47,0,116,235,0,392,282,0,323,351,674
SHall,NHenry,4,1,0,3,1,0,7,2,0,5,4,9
SHall,EHenry,0,2,0,1,4,0,1,6,0,2,5,7
SHall,SHenry,1,0,0,0,1,0,1,1,0,1,1,2
SHall,SRockdale,10,4,0,4,9,0,14,13,0,14,13,27
SHall,NRockdale,40,4,0,17,27,0,57,31,0,44,44,88
SHall,NBarrow,1351,245,0,1157,2813,0,2508,3058,0,1596,3970,5566
SHall,SBarrow,445,86,0,188,292,0,633,378,0,531,480,1011
SHall,NWBartow,0,0,0,0,0,0,0,0,0,0,0,0
SHall,NEBartow,1,0,0,0,0,0,1,0,0,1,0,1
SHall,SWBartow,0,0,0,0,0,0,0,0,0,0,0,0
SHall,Cartersville,0,0,0,0,1,0,0,1,0,0,1,1
SHall,NECarroll,0,0,0,0,9,0,0,9,0,0,9,9
SHall,WCarroll,0,0,0,0,0,0,0,0,0,0,0,0
SHall,CentralCarroll,0,0,0,0,0,0,0,0,0,0,0,0
SHall,SECarroll,0,0,0,0,0,0,0,0,0,0,0,0
SHall,WCoweta,0,0,0,0,0,0,0,0,0,0,0,0
SHall,NCoweta,0,0,0,1,0,0,1,0,0,0,1,1
SHall,SCoweta,0,0,0,0,0,0,0,0,0,0,0,0
SHall,SECoweta,0,0,0,0,0,0,0,0,0,0,0,0
SHall,NForsyth,890,148,0,634,846,0,1524,994,0,1038,1480,2518
SHall,Cumming,1318,184,0,677,1084,0,1995,1268,0,1502,1761,3263
SHall,SForsyth,721,113,0,197,440,0,918,553,0,834,637,1471
SHall,NHall,1329,272,2,600,998,0,1929,1270,2,1603,1598,3201
SHall,Gainesville,12376,2270,37,9473,22647,64,21849,24917,101,14683,32184,46867
SHall,SHall,23327,4354,1,43546,99291,30,66873,103645,31,27682,142867,170549
SHall,WNewton,21,1,0,8,7,0,29,8,0,22,15,37
SHall,ENewton,4,0,0,2,4,0,6,4,0,4,6,10
SHall,NPaulding,2,0,0,0,0,0,2,0,0,2,0,2
SHall,WPaulding,1,0,0,0,0,0,1,0,0,1,0,1
SHall,EPaulding,2,0,0,0,0,0,2,0,0,2,0,2
SHall,NSpalding,0,0,0,0,0,0,0,0,0,0,0,0
SHall,SSpalding,0,0,0,0,0,0,0,0,0,0,0,0
SHall,WWalton,94,18,0,51,76,0,145,94,0,112,127,239
SHall,EWalton,134,25,0,62,62,0,196,87,0,159,124,283
WNewton,NFulton,99,14,1,18,22,0,117,36,1,114,40,154
WNewton,Roswell,51,6,0,9,19,0,60,25,0,57,28,85
WNewton,SandySprings,299,54,7,37,121,4,336,175,11,360,162,522
WNewton,Buckhead,368,79,14,62,190,2,430,269,16,461,254,715
WNewton,NWAtlanta,213,44,2,29,38,1,242,82,3,259,68,327
WNewton,NEAtlanta,594,107,18,167,319,4,761,426,22,719,490,1209
WNewton,SWAtlanta,167,37,2,49,77,1,216,114,3,206,127,333
WNewton,CBDAtlanta,612,140,89,123,217,14,735,357,103,841,354,1195
WNewton,SEAtlanta,289,40,0,63,188,5,352,228,5,329,256,585
WNewton,SFulton,52,6,0,5,15,0,57,21,0,58,20,78
WNewton,Tri-Cities,344,40,1,54,106,1,398,146,2,385,161,546
WNewton,Shannon,105,13,0,23,36,0,128,49,0,118,59,177
WNewton,WCherokee,0,0,0,0,4,0,0,4,0,0,4,4
WNewton,NCherokee,0,0,0,0,0,0,0,0,0,0,0,0
WNewton,ECentCherokee,0,1,0,1,4,0,1,5,0,1,5,6
WNewton,Woodstock,4,0,0,2,2,0,6,2,0,4,4,8
WNewton,Airport,298,42,6,25,40,0,323,82,6,346,65,411
WNewton,NEClayton,634,106,0,148,164,1,782,270,1,740,313,1053
WNewton,Riverdale,127,26,0,16,55,0,143,81,0,153,71,224
WNewton,SClayton,370,66,0,67,150,0,437,216,0,436,217,653
WNewton,NWCobb,16,3,0,9,24,0,25,27,0,19,33,52
WNewton,NECobb,58,11,0,15,36,0,73,47,0,69,51,120
WNewton,SWCobb,5,1,0,6,2,0,11,3,0,6,8,14
WNewton,Marietta,54,15,0,12,10,0,66,25,0,69,22,91
WNewton,Cumberland,265,64,2,35,83,0,300,147,2,331,118,449
WNewton,SCobb,95,12,1,14,36,0,109,48,1,108,50,158
WNewton,Chamblee,475,87,5,82,143,1,557,230,6,567,226,793
WNewton,NWDeKalb,667,116,10,133,313,9,800,429,19,793,455,1248
WNewton,NEDeKalb,937,153,0,173,345,6,1110,498,6,1090,524,1614
WNewton,Atlanta-DeKalb,91,16,1,21,130,1,112,146,2,108,152,260
WNewton,Decatur,120,20,2,45,115,2,165,135,4,142,162,304
WNewton,SWDeKalb,468,80,5,105,306,1,573,386,6,553,412,965
WNewton,SEDeKalb,1230,219,6,350,876,5,1580,1095,11,1455,1231,2686
WNewton,SDeKalb,1158,227,1,455,1145,5,1613,1372,6,1386,1605,2991
WNewton,WDouglas,7,3,0,2,13,0,9,16,0,10,15,25
WNewton,EDouglas,42,8,0,12,12,0,54,20,0,50,24,74
WNewton,WFayette,57,11,0,22,45,0,79,56,0,68,67,135
WNewton,EFayette,127,26,0,25,27,0,152,53,0,153,52,205
WNewton,NGwinnett,333,52,0,93,134,0,426,186,0,385,227,612
WNewton,CentGwinnett,841,172,0,183,373,0,1024,545,0,1013,556,1569
WNewton,EGwinnett,465,68,0,127,331,0,592,399,0,533,458,991
WNewton,Norcross,482,93,0,59,117,0,541,210,0,575,176,751
WNewton,Lilburn,410,72,0,109,278,0,519,350,0,482,387,869
WNewton,Snellville,1158,245,0,418,991,0,1576,1236,0,1403,1409,2812
WNewton,NHenry,910,180,0,354,914,0,1264,1094,0,1090,1268,2358
WNewton,EHenry,1797,346,0,1640,4626,0,3437,4972,0,2143,6266,8409
WNewton,SHenry,2022,367,0,719,1692,0,2741,2059,0,2389,2411,4800
WNewton,SRockdale,2025,361,2,2542,6925,0,4567,7286,2,2388,9467,11855
WNewton,NRockdale,7520,1535,0,6963,17624,0,14483,19159,0,9055,24587,33642
WNewton,NBarrow,145,29,0,40,60,0,185,89,0,174,100,274
WNewton,SBarrow,164,35,0,37,70,0,201,105,0,199,107,306
WNewton,NWBartow,0,0,0,0,0,0,0,0,0,0,0,0
WNewton,NEBartow,0,0,0,0,0,0,0,0,0,0,0,0
WNewton,SWBartow,0,0,0,0,0,0,0,0,0,0,0,0
WNewton,Cartersville,1,0,0,1,0,0,2,0,0,1,1,2
WNewton,NECarroll,0,0,0,1,1,0,1,1,0,0,2,2
WNewton,WCarroll,0,0,0,0,0,0,0,0,0,0,0,0
WNewton,CentralCarroll,0,0,0,0,0,0,0,0,0,0,0,0
WNewton,SECarroll,0,0,0,0,0,0,0,0,0,0,0,0
WNewton,WCoweta,0,0,0,0,0,0,0,0,0,0,0,0
WNewton,NCoweta,19,3,0,7,4,0,26,7,0,22,11,33
WNewton,SCoweta,1,0,0,0,0,0,1,0,0,1,0,1
WNewton,SECoweta,5,1,0,4,7,0,9,8,0,6,11,17
WNewton,NForsyth,1,0,0,1,1,0,2,1,0,1,2,3
WNewton,Cumming,3,0,0,7,2,0,10,2,0,3,9,12
WNewton,SForsyth,31,8,0,5,12,0,36,20,0,39,17,56
WNewton,NHall,1,0,0,2,1,0,3,1,0,1,3,4
WNewton,Gainesville,22,2,0,8,11,0,30,13,0,24,19,43
WNewton,SHall,31,5,0,7,9,0,38,14,0,36,16,52
WNewton,WNewton,35010,7101,0,62779,138899,0,97789,146000,0,42111,201678,243789
WNewton,ENewton,2648,498,0,2961,7099,0,5609,7597,0,3146,10060,13206
WNewton,NPaulding,0,0,0,0,0,0,0,0,0,0,0,0
WNewton,WPaulding,0,0,0,0,0,0,0,0,0,0,0,0
WNewton,EPaulding,1,0,0,2,2,0,3,2,0,1,4,5
WNewton,NSpalding,179,25,0,52,116,0,231,141,0,204,168,372
WNewton,SSpalding,124,24,0,21,23,0,145,47,0,148,44,192
WNewton,WWalton,1954,400,0,1276,3485,0,3230,3885,0,2354,4761,7115
WNewton,EWalton,1883,353,0,640,1640,0,2523,1993,0,2236,2280,4516
ENewton,NFulton,13,0,0,6,26,0,19,26,0,13,32,45
ENewton,Roswell,2,0,0,3,5,0,5,5,0,2,8,10
ENewton,SandySprings,21,1,0,6,9,0,27,10,0,22,15,37
ENewton,Buckhead,33,3,1,9,7,1,42,10,2,37,17,54
ENewton,NWAtlanta,20,5,0,4,16,0,24,21,0,25,20,45
ENewton,NEAtlanta,51,7,1,33,72,0,84,79,1,59,105,164
ENewton,SWAtlanta,10,4,1,11,17,0,21,21,1,15,28,43
ENewton,CBDAtlanta,52,6,4,27,80,0,79,86,4,62,107,169
ENewton,SEAtlanta,33,6,0,9,12,0,42,18,0,39,21,60
ENewton,SFulton,0,1,0,0,0,0,0,1,0,1,0,1
ENewton,Tri-Cities,43,10,0,4,8,0,47,18,0,53,12,65
ENewton,Shannon,8,0,0,2,9,0,10,9,0,8,11,19
ENewton,WCherokee,0,0,0,0,0,0,0,0,0,0,0,0
ENewton,NCherokee,0,0,0,0,0,0,0,0,0,0,0,0
ENewton,ECentCherokee,0,0,0,0,0,0,0,0,0,0,0,0
ENewton,Woodstock,0,0,0,0,0,0,0,0,0,0,0,0
ENewton,Airport,20,3,1,4,6,0,24,9,1,24,10,34
ENewton,NEClayton,44,4,0,12,9,0,56,13,0,48,21,69
ENewton,Riverdale,7,0,0,2,5,0,9,5,0,7,7,14
ENewton,SClayton,26,5,0,10,8,0,36,13,0,31,18,49
ENewton,NWCobb,1,0,0,2,0,0,3,0,0,1,2,3
ENewton,NECobb,7,2,0,0,1,0,7,3,0,9,1,10
ENewton,SWCobb,1,0,0,0,1,0,1,1,0,1,1,2
ENewton,Marietta,6,1,0,1,2,0,7,3,0,7,3,10
ENewton,Cumberland,26,4,0,4,6,0,30,10,0,30,10,40
ENewton,SCobb,9,2,0,3,1,0,12,3,0,11,4,15
ENewton,Chamblee,42,10,0,15,32,0,57,42,0,52,47,99
ENewton,NWDeKalb,65,13,1,24,59,0,89,72,1,79,83,162
ENewton,NEDeKalb,86,17,0,41,76,0,127,93,0,103,117,220
ENewton,Atlanta-DeKalb,13,2,0,9,10,0,22,12,0,15,19,34
ENewton,Decatur,14,1,0,4,10,0,18,11,0,15,14,29
ENewton,SWDeKalb,58,4,0,18,53,0,76,57,0,62,71,133
ENewton,SEDeKalb,113,16,0,41,125,0,154,141,0,129,166,295
ENewton,SDeKalb,119,21,0,38,110,1,157,131,1,140,149,289
ENewton,WDouglas,0,0,0,0,0,0,0,0,0,0,0,0
ENewton,EDouglas,1,1,0,0,1,0,1,2,0,2,1,3
ENewton,WFayette,3,0,0,1,0,0,4,0,0,3,1,4
ENewton,EFayette,4,6,0,5,4,0,9,10,0,10,9,19
ENewton,NGwinnett,45,11,0,16,45,0,61,56,0,56,61,117
ENewton,CentGwinnett,105,16,0,43,89,0,148,105,0,121,132,253
ENewton,EGwinnett,53,6,0,26,50,0,79,56,0,59,76,135
ENewton,Norcross,48,5,0,9,20,0,57,25,0,53,29,82
ENewton,Lilburn,50,7,0,20,35,0,70,42,0,57,55,112
ENewton,Snellville,116,16,0,64,83,0,180,99,0,132,147,279
ENewton,NHenry,74,11,0,29,60,0,103,71,0,85,89,174
ENewton,EHenry,95,22,0,66,114,0,161,136,0,117,180,297
ENewton,SHenry,173,33,0,64,125,0,237,158,0,206,189,395
ENewton,SRockdale,97,11,0,56,102,0,153,113,0,108,158,266
ENewton,NRockdale,641,134,0,240,478,0,881,612,0,775,718,1493
ENewton,NBarrow,39,5,0,11,12,0,50,17,0,44,23,67
ENewton,SBarrow,26,2,0,19,16,0,45,18,0,28,35,63
ENewton,NWBartow,0,0,0,0,0,0,0,0,0,0,0,0
ENewton,NEBartow,0,0,0,0,0,0,0,0,0,0,0,0
ENewton,SWBartow,0,0,0,0,0,0,0,0,0,0,0,0
ENewton,Cartersville,0,0,0,0,0,0,0,0,0,0,0,0
ENewton,NECarroll,0,0,0,0,0,0,0,0,0,0,0,0
ENewton,WCarroll,0,0,0,0,0,0,0,0,0,0,0,0
ENewton,CentralCarroll,0,0,0,0,0,0,0,0,0,0,0,0
ENewton,SECarroll,0,0,0,0,0,0,0,0,0,0,0,0
ENewton,WCoweta,0,0,0,0,0,0,0,0,0,0,0,0
ENewton,NCoweta,0,0,0,0,0,0,0,0,0,0,0,0
ENewton,SCoweta,0,0,0,0,0,0,0,0,0,0,0,0
ENewton,SECoweta,2,0,0,0,0,0,2,0,0,2,0,2
ENewton,NForsyth,0,0,0,0,0,0,0,0,0,0,0,0
ENewton,Cumming,3,0,0,2,0,0,5,0,0,3,2,5
ENewton,SForsyth,2,2,0,2,2,0,4,4,0,4,4,8
ENewton,NHall,0,0,0,1,0,0,1,0,0,0,1,1
ENewton,Gainesville,3,1,0,2,1,0,5,2,0,4,3,7
ENewton,SHall,6,1,0,2,1,0,8,2,0,7,3,10
ENewton,WNewton,2550,493,0,2947,7006,0,5497,7499,0,3043,9953,12996
ENewton,ENewton,2645,506,0,4714,11470,0,7359,11976,0,3151,16184,19335
ENewton,NPaulding,0,0,0,0,0,0,0,0,0,0,0,0
ENewton,WPaulding,0,0,0,0,0,0,0,0,0,0,0,0
ENewton,EPaulding,1,0,0,0,1,0,1,1,0,1,1,2
ENewton,NSpalding,18,6,0,4,12,0,22,18,0,24,16,40
ENewton,SSpalding,10,1,0,1,10,0,11,11,0,11,11,22
ENewton,WWalton,210,44,0,141,242,0,351,286,0,254,383,637
ENewton,EWalton,788,132,0,645,1278,0,1433,1410,0,920,1923,2843
NPaulding,NFulton,150,15,0,29,45,0,179,60,0,165,74,239
NPaulding,Roswell,112,17,0,23,56,0,135,73,0,129,79,208
NPaulding,SandySprings,310,39,0,39,116,0,349,155,0,349,155,504
NPaulding,Buckhead,222,38,1,43,85,0,265,123,1,261,128,389
NPaulding,NWAtlanta,127,20,0,18,40,0,145,60,0,147,58,205
NPaulding,NEAtlanta,142,35,2,44,123,0,186,158,2,179,167,346
NPaulding,SWAtlanta,95,15,0,24,57,0,119,72,0,110,81,191
NPaulding,CBDAtlanta,101,23,11,33,87,0,134,110,11,135,120,255
NPaulding,SEAtlanta,26,5,0,14,20,0,40,25,0,31,34,65
NPaulding,SFulton,83,16,0,12,9,0,95,25,0,99,21,120
NPaulding,Tri-Cities,65,5,0,11,30,0,76,35,0,70,41,111
NPaulding,Shannon,34,4,0,7,37,0,41,41,0,38,44,82
NPaulding,WCherokee,34,5,0,11,21,0,45,26,0,39,32,71
NPaulding,NCherokee,5,1,0,0,1,0,5,2,0,6,1,7
NPaulding,ECentCherokee,171,26,0,50,48,0,221,74,0,197,98,295
NPaulding,Woodstock,537,83,0,254,663,0,791,746,0,620,917,1537
NPaulding,Airport,23,3,0,2,5,0,25,8,0,26,7,33
NPaulding,NEClayton,22,3,0,2,0,0,24,3,0,25,2,27
NPaulding,Riverdale,8,2,0,4,9,0,12,11,0,10,13,23
NPaulding,SClayton,4,1,0,1,1,0,5,2,0,5,2,7
NPaulding,NWCobb,3599,680,0,4259,11840,7,7858,12520,7,4279,16106,20385
NPaulding,NECobb,669,115,0,184,499,0,853,614,0,784,683,1467
NPaulding,SWCobb,670,103,0,444,1265,0,1114,1368,0,773,1709,2482
NPaulding,Marietta,923,154,0,374,939,0,1297,1093,0,1077,1313,2390
NPaulding,Cumberland,767,154,1,150,316,0,917,470,1,922,466,1388
NPaulding,SCobb,414,66,0,153,435,0,567,501,0,480,588,1068
NPaulding,Chamblee,169,29,0,23,116,0,192,145,0,198,139,337
NPaulding,NWDeKalb,56,18,0,21,58,0,77,76,0,74,79,153
NPaulding,NEDeKalb,49,4,0,9,21,0,58,25,0,53,30,83
NPaulding,Atlanta-DeKalb,8,2,0,5,9,1,13,11,1,10,15,25
NPaulding,Decatur,5,2,0,5,3,0,10,5,0,7,8,15
NPaulding,SWDeKalb,13,1,1,3,10,0,16,11,1,15,13,28
NPaulding,SEDeKalb,3,0,0,3,0,0,6,0,0,3,3,6
NPaulding,SDeKalb,17,1,0,8,13,0,25,14,0,18,21,39
NPaulding,WDouglas,201,26,0,53,97,0,254,123,0,227,150,377
NPaulding,EDouglas,372,69,0,98,322,0,470,391,0,441,420,861
NPaulding,WFayette,14,0,0,4,4,0,18,4,0,14,8,22
NPaulding,EFayette,5,1,0,1,0,0,6,1,0,6,1,7
NPaulding,NGwinnett,9,0,0,4,4,0,13,4,0,9,8,17
NPaulding,CentGwinnett,18,4,0,9,12,0,27,16,0,22,21,43
NPaulding,EGwinnett,0,0,0,0,4,0,0,4,0,0,4,4
NPaulding,Norcross,72,15,0,10,36,0,82,51,0,87,46,133
NPaulding,Lilburn,3,1,0,3,2,0,6,3,0,4,5,9
NPaulding,Snellville,1,0,0,2,0,0,3,0,0,1,2,3
NPaulding,NHenry,3,1,0,5,1,0,8,2,0,4,6,10
NPaulding,EHenry,1,1,0,0,0,0,1,1,0,2,0,2
NPaulding,SHenry,0,0,0,0,1,0,0,1,0,0,1,1
NPaulding,SRockdale,0,1,0,1,0,0,1,1,0,1,1,2
NPaulding,NRockdale,2,1,0,0,0,0,2,1,0,3,0,3
NPaulding,NBarrow,0,0,0,0,0,0,0,0,0,0,0,0
NPaulding,SBarrow,0,0,0,0,0,0,0,0,0,0,0,0
NPaulding,NWBartow,118,18,0,21,46,0,139,64,0,136,67,203
NPaulding,NEBartow,89,15,0,20,41,0,109,56,0,104,61,165
NPaulding,SWBartow,433,58,0,221,547,0,654,605,0,491,768,1259
NPaulding,Cartersville,1506,284,0,1095,2540,0,2601,2824,0,1790,3635,5425
NPaulding,NECarroll,139,23,0,41,100,0,180,123,0,162,141,303
NPaulding,WCarroll,21,0,0,5,9,0,26,9,0,21,14,35
NPaulding,CentralCarroll,87,15,0,35,30,0,122,45,0,102,65,167
NPaulding,SECarroll,8,0,0,0,0,0,8,0,0,8,0,8
NPaulding,WCoweta,5,0,0,0,1,0,5,1,0,5,1,6
NPaulding,NCoweta,15,2,0,5,11,0,20,13,0,17,16,33
NPaulding,SCoweta,1,0,0,0,0,0,1,0,0,1,0,1
NPaulding,SECoweta,0,0,0,0,0,0,0,0,0,0,0,0
NPaulding,NForsyth,4,0,0,1,5,0,5,5,0,4,6,10
NPaulding,Cumming,14,0,0,10,16,0,24,16,0,14,26,40
NPaulding,SForsyth,15,2,0,7,13,0,22,15,0,17,20,37
NPaulding,NHall,0,0,0,0,0,0,0,0,0,0,0,0
NPaulding,Gainesville,0,0,0,1,0,0,1,0,0,0,1,1
NPaulding,SHall,2,0,0,0,0,0,2,0,0,2,0,2
NPaulding,WNewton,0,0,0,1,0,0,1,0,0,0,1,1
NPaulding,ENewton,0,0,0,0,0,0,0,0,0,0,0,0
NPaulding,NPaulding,4408,824,0,8801,20657,0,13209,21481,0,5232,29458,34690
NPaulding,WPaulding,245,36,0,165,469,0,410,505,0,281,634,915
NPaulding,EPaulding,2662,482,0,3441,9333,0,6103,9815,0,3144,12774,15918
NPaulding,NSpalding,0,0,0,0,0,0,0,0,0,0,0,0
NPaulding,SSpalding,0,0,0,0,0,0,0,0,0,0,0,0
NPaulding,WWalton,0,0,0,0,0,0,0,0,0,0,0,0
NPaulding,EWalton,0,0,0,0,0,0,0,0,0,0,0,0
WPaulding,NFulton,28,4,0,8,13,0,36,17,0,32,21,53
WPaulding,Roswell,26,5,0,8,14,0,34,19,0,31,22,53
WPaulding,SandySprings,84,8,0,18,35,0,102,43,0,92,53,145
WPaulding,Buckhead,77,8,0,37,81,0,114,89,0,85,118,203
WPaulding,NWAtlanta,77,13,0,20,48,0,97,61,0,90,68,158
WPaulding,NEAtlanta,61,14,0,29,109,0,90,123,0,75,138,213
WPaulding,SWAtlanta,52,15,0,19,68,0,71,83,0,67,87,154
WPaulding,CBDAtlanta,55,14,1,21,67,0,76,81,1,70,88,158
WPaulding,SEAtlanta,26,4,0,15,36,0,41,40,0,30,51,81
WPaulding,SFulton,75,12,0,13,19,0,88,31,0,87,32,119
WPaulding,Tri-Cities,43,2,0,10,13,1,53,15,1,45,24,69
WPaulding,Shannon,20,3,0,10,7,0,30,10,0,23,17,40
WPaulding,WCherokee,0,0,0,0,0,0,0,0,0,0,0,0
WPaulding,NCherokee,0,0,0,0,0,0,0,0,0,0,0,0
WPaulding,ECentCherokee,26,4,0,6,11,0,32,15,0,30,17,47
WPaulding,Woodstock,76,13,0,27,63,0,103,76,0,89,90,179
WPaulding,Airport,13,2,0,5,17,0,18,19,0,15,22,37
WPaulding,NEClayton,12,1,0,2,4,0,14,5,0,13,6,19
WPaulding,Riverdale,4,2,0,4,2,0,8,4,0,6,6,12
WPaulding,SClayton,2,0,0,2,3,0,4,3,0,2,5,7
WPaulding,NWCobb,480,86,0,164,319,0,644,405,0,566,483,1049
WPaulding,NECobb,197,30,0,43,79,0,240,109,0,227,122,349
WPaulding,SWCobb,263,51,0,97,275,0,360,326,0,314,372,686
WPaulding,Marietta,292,48,0,61,143,0,353,191,0,340,204,544
WPaulding,Cumberland,327,58,0,62,165,0,389,223,0,385,227,612
WPaulding,SCobb,259,40,0,87,241,0,346,281,0,299,328,627
WPaulding,Chamblee,47,11,0,13,56,0,60,67,0,58,69,127
WPaulding,NWDeKalb,21,2,0,10,50,0,31,52,0,23,60,83
WPaulding,NEDeKalb,15,4,0,10,15,0,25,19,0,19,25,44
WPaulding,Atlanta-DeKalb,7,0,0,3,4,0,10,4,0,7,7,14
WPaulding,Decatur,3,0,0,5,26,0,8,26,0,3,31,34
WPaulding,SWDeKalb,7,2,0,4,27,0,11,29,0,9,31,40
WPaulding,SEDeKalb,1,0,0,2,0,0,3,0,0,1,2,3
WPaulding,SDeKalb,4,1,0,5,14,0,9,15,0,5,19,24
WPaulding,WDouglas,380,85,0,212,619,0,592,704,0,465,831,1296
WPaulding,EDouglas,399,70,0,122,454,0,521,524,0,469,576,1045
WPaulding,WFayette,15,3,0,8,6,0,23,9,0,18,14,32
WPaulding,EFayette,12,3,0,2,1,0,14,4,0,15,3,18
WPaulding,NGwinnett,1,1,0,2,0,0,3,1,0,2,2,4
WPaulding,CentGwinnett,4,2,0,4,6,0,8,8,0,6,10,16
WPaulding,EGwinnett,1,0,0,0,0,0,1,0,0,1,0,1
WPaulding,Norcross,14,4,0,7,4,0,21,8,0,18,11,29
WPaulding,Lilburn,2,0,0,1,3,0,3,3,0,2,4,6
WPaulding,Snellville,1,0,0,1,1,0,2,1,0,1,2,3
WPaulding,NHenry,0,0,0,2,16,0,2,16,0,0,18,18
WPaulding,EHenry,0,0,0,0,0,0,0,0,0,0,0,0
WPaulding,SHenry,0,0,0,0,0,0,0,0,0,0,0,0
WPaulding,SRockdale,0,0,0,0,0,0,0,0,0,0,0,0
WPaulding,NRockdale,0,0,0,0,1,0,0,1,0,0,1,1
WPaulding,NBarrow,0,0,0,0,0,0,0,0,0,0,0,0
WPaulding,SBarrow,0,0,0,0,0,0,0,0,0,0,0,0
WPaulding,NWBartow,5,1,0,2,2,0,7,3,0,6,4,10
WPaulding,NEBartow,8,1,0,1,5,0,9,6,0,9,6,15
WPaulding,SWBartow,35,6,0,6,9,0,41,15,0,41,15,56
WPaulding,Cartersville,153,17,0,38,122,0,191,139,0,170,160,330
WPaulding,NECarroll,804,163,0,874,2494,0,1678,2657,0,967,3368,4335
WPaulding,WCarroll,104,13,0,16,25,0,120,38,0,117,41,158
WPaulding,CentralCarroll,368,74,0,209,349,0,577,423,0,442,558,1000
WPaulding,SECarroll,13,2,0,5,5,0,18,7,0,15,10,25
WPaulding,WCoweta,18,3,0,6,15,0,24,18,0,21,21,42
WPaulding,NCoweta,47,11,0,9,13,0,56,24,0,58,22,80
WPaulding,SCoweta,2,0,0,0,0,0,2,0,0,2,0,2
WPaulding,SECoweta,0,0,0,0,4,0,0,4,0,0,4,4
WPaulding,NForsyth,0,1,0,0,0,0,0,1,0,1,0,1
WPaulding,Cumming,6,0,0,2,10,0,8,10,0,6,12,18
WPaulding,SForsyth,3,1,0,0,1,0,3,2,0,4,1,5
WPaulding,NHall,0,0,0,0,0,0,0,0,0,0,0,0
WPaulding,Gainesville,0,0,0,0,0,0,0,0,0,0,0,0
WPaulding,SHall,1,0,0,0,0,0,1,0,0,1,0,1
WPaulding,WNewton,1,0,0,0,0,0,1,0,0,1,0,1
WPaulding,ENewton,0,0,0,0,0,0,0,0,0,0,0,0
WPaulding,NPaulding,242,32,0,180,498,0,422,530,0,274,678,952
WPaulding,WPaulding,1903,363,0,4947,10475,0,6850,10838,0,2266,15422,17688
WPaulding,EPaulding,1830,297,0,2401,5953,0,4231,6250,0,2127,8354,10481
WPaulding,NSpalding,1,0,0,0,0,0,1,0,0,1,0,1
WPaulding,SSpalding,1,0,0,0,0,0,1,0,0,1,0,1
WPaulding,WWalton,0,0,0,0,0,0,0,0,0,0,0,0
WPaulding,EWalton,0,0,0,0,0,0,0,0,0,0,0,0
EPaulding,NFulton,284,40,0,48,137,0,332,177,0,324,185,509
EPaulding,Roswell,231,42,0,41,80,0,272,122,0,273,121,394
EPaulding,SandySprings,714,121,3,92,215,1,806,336,4,838,308,1146
EPaulding,Buckhead,668,114,10,121,354,0,789,468,10,792,475,1267
EPaulding,NWAtlanta,631,123,1,77,221,2,708,344,3,755,300,1055
EPaulding,NEAtlanta,579,132,8,157,395,11,736,527,19,719,563,1282
EPaulding,SWAtlanta,601,96,0,136,310,3,737,406,3,697,449,1146
EPaulding,CBDAtlanta,725,113,114,137,396,21,862,509,135,952,554,1506
EPaulding,SEAtlanta,248,44,1,70,163,7,318,207,8,293,240,533
EPaulding,SFulton,596,122,0,119,320,0,715,442,0,718,439,1157
EPaulding,Tri-Cities,342,71,1,58,128,2,400,199,3,414,188,602
EPaulding,Shannon,251,53,0,47,151,0,298,204,0,304,198,502
EPaulding,WCherokee,42,6,0,18,51,0,60,57,0,48,69,117
EPaulding,NCherokee,8,3,0,1,45,0,9,48,0,11,46,57
EPaulding,ECentCherokee,234,32,0,59,114,0,293,146,0,266,173,439
EPaulding,Woodstock,591,115,0,151,308,0,742,423,0,706,459,1165
EPaulding,Airport,236,33,5,14,22,0,250,55,5,274,36,310
EPaulding,NEClayton,141,21,0,26,63,0,167,84,0,162,89,251
EPaulding,Riverdale,47,15,0,14,39,0,61,54,0,62,53,115
EPaulding,SClayton,47,4,0,11,24,0,58,28,0,51,35,86
EPaulding,NWCobb,5033,926,0,3795,10435,6,8828,11361,6,5959,14236,20195
EPaulding,NECobb,1348,240,0,267,719,0,1615,959,0,1588,986,2574
EPaulding,SWCobb,4359,776,0,5213,14689,0,9572,15465,0,5135,19902,25037
EPaulding,Marietta,2395,425,1,812,2122,7,3207,2547,8,2821,2941,5762
EPaulding,Cumberland,2567,453,2,430,1239,1,2997,1692,3,3022,1670,4692
EPaulding,SCobb,2281,398,1,1243,3490,2,3524,3888,3,2680,4735,7415
EPaulding,Chamblee,467,69,9,81,141,2,548,210,11,545,224,769
EPaulding,NWDeKalb,222,60,3,58,171,4,280,231,7,285,233,518
EPaulding,NEDeKalb,176,28,0,51,78,2,227,106,2,204,131,335
EPaulding,Atlanta-DeKalb,37,7,1,15,47,0,52,54,1,45,62,107
EPaulding,Decatur,53,9,0,21,39,1,74,48,1,62,61,123
EPaulding,SWDeKalb,104,11,0,27,53,0,131,64,0,115,80,195
EPaulding,SEDeKalb,33,6,0,9,73,0,42,79,0,39,82,121
EPaulding,SDeKalb,94,24,0,36,92,0,130,116,0,118,128,246
EPaulding,WDouglas,2651,518,0,2292,6408,0,4943,6926,0,3169,8700,11869
EPaulding,EDouglas,4218,771,9,3270,9370,6,7488,10141,15,4998,12646,17644
EPaulding,WFayette,90,14,0,21,37,0,111,51,0,104,58,162
EPaulding,EFayette,66,13,0,24,23,0,90,36,0,79,47,126
EPaulding,NGwinnett,20,3,0,15,27,0,35,30,0,23,42,65
EPaulding,CentGwinnett,56,6,1,30,35,0,86,41,1,63,65,128
EPaulding,EGwinnett,7,1,0,2,2,0,9,3,0,8,4,12
EPaulding,Norcross,239,36,0,32,39,0,271,75,0,275,71,346
EPaulding,Lilburn,29,6,0,11,14,0,40,20,0,35,25,60
EPaulding,Snellville,12,4,0,6,17,0,18,21,0,16,23,39
EPaulding,NHenry,22,3,0,6,36,0,28,39,0,25,42,67
EPaulding,EHenry,7,0,0,2,0,0,9,0,0,7,2,9
EPaulding,SHenry,15,2,0,4,5,0,19,7,0,17,9,26
EPaulding,SRockdale,5,1,0,0,9,0,5,10,0,6,9,15
EPaulding,NRockdale,8,2,0,10,12,0,18,14,0,10,22,32
EPaulding,NBarrow,1,0,0,0,2,0,1,2,0,1,2,3
EPaulding,SBarrow,3,0,0,1,4,0,4,4,0,3,5,8
EPaulding,NWBartow,118,19,0,38,74,0,156,93,0,137,112,249
EPaulding,NEBartow,91,12,0,32,43,0,123,55,0,103,75,178
EPaulding,SWBartow,310,59,0,136,290,0,446,349,0,369,426,795
EPaulding,Cartersville,968,158,0,304,499,0,1272,657,0,1126,803,1929
EPaulding,NECarroll,1488,301,0,907,2287,0,2395,2588,0,1789,3194,4983
EPaulding,WCarroll,143,25,0,25,78,0,168,103,0,168,103,271
EPaulding,CentralCarroll,716,134,0,314,587,0,1030,721,0,850,901,1751
EPaulding,SECarroll,42,6,0,12,43,0,54,49,0,48,55,103
EPaulding,WCoweta,73,7,0,13,35,0,86,42,0,80,48,128
EPaulding,NCoweta,164,25,0,40,89,0,204,114,0,189,129,318
EPaulding,SCoweta,10,1,0,3,2,0,13,3,0,11,5,16
EPaulding,SECoweta,6,1,0,4,5,0,10,6,0,7,9,16
EPaulding,NForsyth,4,0,0,1,1,0,5,1,0,4,2,6
EPaulding,Cumming,20,2,0,15,36,0,35,38,0,22,51,73
EPaulding,SForsyth,41,7,0,12,7,0,53,14,0,48,19,67
EPaulding,NHall,0,0,0,0,0,0,0,0,0,0,0,0
EPaulding,Gainesville,1,0,0,1,4,0,2,4,0,1,5,6
EPaulding,SHall,1,0,0,0,0,0,1,0,0,1,0,1
EPaulding,WNewton,1,0,0,4,2,0,5,2,0,1,6,7
EPaulding,ENewton,1,0,0,0,1,0,1,1,0,1,1,2
EPaulding,NPaulding,2717,489,0,3466,9299,0,6183,9788,0,3206,12765,15971
EPaulding,WPaulding,1977,362,0,2404,6225,0,4381,6587,0,2339,8629,10968
EPaulding,EPaulding,31174,5816,0,65767,148059,0,96941,153875,0,36990,213826,250816
EPaulding,NSpalding,2,0,0,4,0,0,6,0,0,2,4,6
EPaulding,SSpalding,0,0,0,0,0,0,0,0,0,0,0,0
EPaulding,WWalton,0,0,0,0,0,0,0,0,0,0,0,0
EPaulding,EWalton,0,0,0,1,0,0,1,0,0,0,1,1
NSpalding,NFulton,5,1,0,1,30,0,6,31,0,6,31,37
NSpalding,Roswell,8,0,0,4,25,0,12,25,0,8,29,37
NSpalding,SandySprings,46,10,0,7,12,0,53,22,0,56,19,75
NSpalding,Buckhead,96,14,1,7,20,0,103,34,1,111,27,138
NSpalding,NWAtlanta,61,7,0,13,13,0,74,20,0,68,26,94
NSpalding,NEAtlanta,132,23,0,29,50,0,161,73,0,155,79,234
NSpalding,SWAtlanta,48,8,0,18,16,1,66,24,1,56,35,91
NSpalding,CBDAtlanta,125,31,13,31,37,1,156,68,14,169,69,238
NSpalding,SEAtlanta,118,14,0,19,46,0,137,60,0,132,65,197
NSpalding,SFulton,31,6,0,12,13,0,43,19,0,37,25,62
NSpalding,Tri-Cities,238,39,0,29,37,0,267,76,0,277,66,343
NSpalding,Shannon,142,17,0,41,48,0,183,65,0,159,89,248
NSpalding,WCherokee,0,0,0,1,0,0,1,0,0,0,1,1
NSpalding,NCherokee,0,0,0,0,0,0,0,0,0,0,0,0
NSpalding,ECentCherokee,0,0,0,1,9,0,1,9,0,0,10,10
NSpalding,Woodstock,2,0,0,0,22,0,2,22,0,2,22,24
NSpalding,Airport,193,25,1,10,8,0,203,33,1,219,18,237
NSpalding,NEClayton,518,85,0,94,154,0,612,239,0,603,248,851
NSpalding,Riverdale,204,50,0,73,157,0,277,207,0,254,230,484
NSpalding,SClayton,874,159,2,491,1026,1,1365,1185,3,1035,1518,2553
NSpalding,NWCobb,7,1,0,3,17,0,10,18,0,8,20,28
NSpalding,NECobb,16,5,0,3,11,0,19,16,0,21,14,35
NSpalding,SWCobb,9,0,0,1,1,0,10,1,0,9,2,11
NSpalding,Marietta,12,3,0,1,3,1,13,6,1,15,5,20
NSpalding,Cumberland,62,16,0,16,37,0,78,53,0,78,53,131
NSpalding,SCobb,37,3,0,2,8,0,39,11,0,40,10,50
NSpalding,Chamblee,37,9,1,6,15,0,43,24,1,47,21,68
NSpalding,NWDeKalb,70,15,0,19,27,0,89,42,0,85,46,131
NSpalding,NEDeKalb,46,10,0,19,52,1,65,62,1,56,72,128
NSpalding,Atlanta-DeKalb,17,4,0,3,15,0,20,19,0,21,18,39
NSpalding,Decatur,8,1,0,4,1,0,12,2,0,9,5,14
NSpalding,SWDeKalb,51,6,0,10,22,0,61,28,0,57,32,89
NSpalding,SEDeKalb,41,7,0,13,22,0,54,29,0,48,35,83
NSpalding,SDeKalb,107,23,0,35,24,0,142,47,0,130,59,189
NSpalding,WDouglas,10,0,0,4,6,0,14,6,0,10,10,20
NSpalding,EDouglas,15,1,0,4,6,0,19,7,0,16,10,26
NSpalding,WFayette,634,122,0,211,354,0,845,476,0,756,565,1321
NSpalding,EFayette,950,176,0,505,1005,0,1455,1181,0,1126,1510,2636
NSpalding,NGwinnett,0,0,0,1,1,0,1,1,0,0,2,2
NSpalding,CentGwinnett,5,4,0,6,3,0,11,7,0,9,9,18
NSpalding,EGwinnett,3,0,0,0,5,0,3,5,0,3,5,8
NSpalding,Norcross,23,1,0,1,10,0,24,11,0,24,11,35
NSpalding,Lilburn,3,1,0,3,5,0,6,6,0,4,8,12
NSpalding,Snellville,15,1,0,8,15,0,23,16,0,16,23,39
NSpalding,NHenry,349,69,0,110,270,0,459,339,0,418,380,798
NSpalding,EHenry,398,80,0,165,359,0,563,439,0,478,524,1002
NSpalding,SHenry,3498,696,0,2617,6161,0,6115,6857,0,4194,8778,12972
NSpalding,SRockdale,70,8,0,12,14,0,82,22,0,78,26,104
NSpalding,NRockdale,70,8,0,20,36,0,90,44,0,78,56,134
NSpalding,NBarrow,0,0,0,0,0,0,0,0,0,0,0,0
NSpalding,SBarrow,0,0,0,0,0,0,0,0,0,0,0,0
NSpalding,NWBartow,0,0,0,0,0,0,0,0,0,0,0,0
NSpalding,NEBartow,0,0,0,0,0,0,0,0,0,0,0,0
NSpalding,SWBartow,0,1,0,0,0,0,0,1,0,1,0,1
NSpalding,Cartersville,0,0,0,0,0,0,0,0,0,0,0,0
NSpalding,NECarroll,1,1,0,1,1,0,2,2,0,2,2,4
NSpalding,WCarroll,2,0,0,0,0,0,2,0,0,2,0,2
NSpalding,CentralCarroll,4,0,0,5,1,0,9,1,0,4,6,10
NSpalding,SECarroll,1,0,0,1,4,0,2,4,0,1,5,6
NSpalding,WCoweta,30,5,0,10,9,0,40,14,0,35,19,54
NSpalding,NCoweta,258,43,0,65,104,0,323,147,0,301,169,470
NSpalding,SCoweta,42,6,0,14,20,0,56,26,0,48,34,82
NSpalding,SECoweta,320,58,0,137,281,0,457,339,0,378,418,796
NSpalding,NForsyth,0,0,0,0,0,0,0,0,0,0,0,0
NSpalding,Cumming,0,0,0,0,0,0,0,0,0,0,0,0
NSpalding,SForsyth,1,0,0,0,5,0,1,5,0,1,5,6
NSpalding,NHall,0,0,0,0,0,0,0,0,0,0,0,0
NSpalding,Gainesville,0,0,0,0,0,0,0,0,0,0,0,0
NSpalding,SHall,0,0,0,0,0,0,0,0,0,0,0,0
NSpalding,WNewton,177,29,0,50,96,0,227,125,0,206,146,352
NSpalding,ENewton,19,2,0,4,14,0,23,16,0,21,18,39
NSpalding,NPaulding,0,0,0,0,0,0,0,0,0,0,0,0
NSpalding,WPaulding,1,0,0,0,1,0,1,1,0,1,1,2
NSpalding,EPaulding,2,0,0,4,0,0,6,0,0,2,4,6
NSpalding,NSpalding,14075,2874,0,24362,53491,0,38437,56365,0,16949,77853,94802
NSpalding,SSpalding,6431,1207,0,9137,18018,0,15568,19225,0,7638,27155,34793
NSpalding,WWalton,8,2,0,4,4,0,12,6,0,10,8,18
NSpalding,EWalton,9,0,0,3,1,0,12,1,0,9,4,13
SSpalding,NFulton,5,0,0,2,4,0,7,4,0,5,6,11
SSpalding,Roswell,7,3,0,0,0,0,7,3,0,10,0,10
SSpalding,SandySprings,24,2,0,2,5,0,26,7,0,26,7,33
SSpalding,Buckhead,29,6,1,18,17,0,47,23,1,36,35,71
SSpalding,NWAtlanta,36,5,0,8,11,0,44,16,0,41,19,60
SSpalding,NEAtlanta,56,14,1,27,43,0,83,57,1,71,70,141
SSpalding,SWAtlanta,34,5,0,10,23,0,44,28,0,39,33,72
SSpalding,CBDAtlanta,57,7,5,25,21,0,82,28,5,69,46,115
SSpalding,SEAtlanta,65,11,0,16,20,0,81,31,0,76,36,112
SSpalding,SFulton,35,5,0,10,6,0,45,11,0,40,16,56
SSpalding,Tri-Cities,130,20,0,21,32,0,151,52,0,150,53,203
SSpalding,Shannon,124,22,0,14,48,0,138,70,0,146,62,208
SSpalding,WCherokee,0,0,0,0,0,0,0,0,0,0,0,0
SSpalding,NCherokee,0,0,0,0,0,0,0,0,0,0,0,0
SSpalding,ECentCherokee,0,0,0,0,0,0,0,0,0,0,0,0
SSpalding,Woodstock,1,0,0,0,0,0,1,0,0,1,0,1
SSpalding,Airport,91,23,0,6,18,0,97,41,0,114,24,138
SSpalding,NEClayton,283,41,0,37,43,0,320,84,0,324,80,404
SSpalding,Riverdale,129,27,0,33,95,0,162,122,0,156,128,284
SSpalding,SClayton,501,78,1,115,301,0,616,379,1,580,416,996
SSpalding,NWCobb,0,1,0,2,5,0,2,6,0,1,7,8
SSpalding,NECobb,3,3,0,2,4,0,5,7,0,6,6,12
SSpalding,SWCobb,2,0,0,1,0,0,3,0,0,2,1,3
SSpalding,Marietta,7,0,0,3,2,0,10,2,0,7,5,12
SSpalding,Cumberland,40,8,0,4,25,0,44,33,0,48,29,77
SSpalding,SCobb,14,1,0,3,2,0,17,3,0,15,5,20
SSpalding,Chamblee,18,4,0,7,12,0,25,16,0,22,19,41
SSpalding,NWDeKalb,37,8,0,15,3,0,52,11,0,45,18,63
SSpalding,NEDeKalb,26,3,0,13,16,0,39,19,0,29,29,58
SSpalding,Atlanta-DeKalb,9,1,0,6,3,0,15,4,0,10,9,19
SSpalding,Decatur,5,1,0,3,1,0,8,2,0,6,4,10
SSpalding,SWDeKalb,27,1,0,10,20,0,37,21,0,28,30,58
SSpalding,SEDeKalb,12,3,0,3,30,0,15,33,0,15,33,48
SSpalding,SDeKalb,53,14,0,16,41,0,69,55,0,67,57,124
SSpalding,WDouglas,10,4,0,4,5,0,14,9,0,14,9,23
SSpalding,EDouglas,18,2,0,2,3,0,20,5,0,20,5,25
SSpalding,WFayette,630,104,0,208,406,0,838,510,0,734,614,1348
SSpalding,EFayette,764,121,0,330,628,0,1094,749,0,885,958,1843
SSpalding,NGwinnett,0,0,0,0,0,0,0,0,0,0,0,0
SSpalding,CentGwinnett,1,0,0,4,1,0,5,1,0,1,5,6
SSpalding,EGwinnett,1,0,0,1,0,0,2,0,0,1,1,2
SSpalding,Norcross,9,0,0,5,1,0,14,1,0,9,6,15
SSpalding,Lilburn,2,0,0,0,1,0,2,1,0,2,1,3
SSpalding,Snellville,7,1,0,3,2,0,10,3,0,8,5,13
SSpalding,NHenry,231,41,0,62,77,0,293,118,0,272,139,411
SSpalding,EHenry,237,44,0,50,81,0,287,125,0,281,131,412
SSpalding,SHenry,1734,318,0,599,1395,0,2333,1713,0,2052,1994,4046
SSpalding,SRockdale,26,5,0,6,8,0,32,13,0,31,14,45
SSpalding,NRockdale,50,8,0,10,8,0,60,16,0,58,18,76
SSpalding,NBarrow,0,0,0,0,0,0,0,0,0,0,0,0
SSpalding,SBarrow,0,0,0,0,0,0,0,0,0,0,0,0
SSpalding,NWBartow,0,0,0,0,0,0,0,0,0,0,0,0
SSpalding,NEBartow,0,0,0,0,0,0,0,0,0,0,0,0
SSpalding,SWBartow,0,0,0,0,0,0,0,0,0,0,0,0
SSpalding,Cartersville,0,0,0,0,0,0,0,0,0,0,0,0
SSpalding,NECarroll,1,0,0,0,0,0,1,0,0,1,0,1
SSpalding,WCarroll,0,0,0,1,0,0,1,0,0,0,1,1
SSpalding,CentralCarroll,7,2,0,3,0,0,10,2,0,9,3,12
SSpalding,SECarroll,3,0,0,1,1,0,4,1,0,3,2,5
SSpalding,WCoweta,38,8,0,5,14,0,43,22,0,46,19,65
SSpalding,NCoweta,297,45,0,60,85,0,357,130,0,342,145,487
SSpalding,SCoweta,44,13,0,18,7,0,62,20,0,57,25,82
SSpalding,SECoweta,354,55,0,165,315,0,519,370,0,409,480,889
SSpalding,NForsyth,0,0,0,0,0,0,0,0,0,0,0,0
SSpalding,Cumming,0,0,0,0,0,0,0,0,0,0,0,0
SSpalding,SForsyth,0,0,0,0,0,0,0,0,0,0,0,0
SSpalding,NHall,0,0,0,0,0,0,0,0,0,0,0,0
SSpalding,Gainesville,0,0,0,0,0,0,0,0,0,0,0,0
SSpalding,SHall,0,0,0,0,0,0,0,0,0,0,0,0
SSpalding,WNewton,110,19,0,22,30,0,132,49,0,129,52,181
SSpalding,ENewton,11,1,0,0,9,0,11,10,0,12,9,21
SSpalding,NPaulding,0,0,0,0,0,0,0,0,0,0,0,0
SSpalding,WPaulding,1,0,0,0,0,0,1,0,0,1,0,1
SSpalding,EPaulding,2,0,0,0,0,0,2,0,0,2,0,2
SSpalding,NSpalding,6384,1178,0,9072,18103,0,15456,19281,0,7562,27175,34737
SSpalding,SSpalding,11579,2114,0,14917,25920,0,26496,28034,0,13693,40837,54530
SSpalding,WWalton,5,1,0,0,0,0,5,1,0,6,0,6
SSpalding,EWalton,3,0,0,0,1,0,3,1,0,3,1,4
WWalton,NFulton,232,36,1,47,82,0,279,118,1,269,129,398
WWalton,Roswell,85,12,0,13,61,0,98,73,0,97,74,171
WWalton,SandySprings,151,31,1,28,104,0,179,135,1,183,132,315
WWalton,Buckhead,132,31,3,36,137,0,168,168,3,166,173,339
WWalton,NWAtlanta,69,11,0,15,49,1,84,60,1,80,65,145
WWalton,NEAtlanta,158,28,5,53,181,0,211,209,5,191,234,425
WWalton,SWAtlanta,36,11,0,14,52,0,50,63,0,47,66,113
WWalton,CBDAtlanta,119,28,14,57,177,5,176,205,19,161,239,400
WWalton,SEAtlanta,61,11,0,20,70,0,81,81,0,72,90,162
WWalton,SFulton,12,0,0,3,1,0,15,1,0,12,4,16
WWalton,Tri-Cities,84,11,0,7,18,0,91,29,0,95,25,120
WWalton,Shannon,10,4,0,7,6,0,17,10,0,14,13,27
WWalton,WCherokee,0,0,0,0,0,0,0,0,0,0,0,0
WWalton,NCherokee,1,0,0,0,1,0,1,1,0,1,1,2
WWalton,ECentCherokee,9,0,0,2,2,0,11,2,0,9,4,13
WWalton,Woodstock,7,0,0,5,1,0,12,1,0,7,6,13
WWalton,Airport,58,8,0,5,14,0,63,22,0,66,19,85
WWalton,NEClayton,114,18,0,22,23,0,136,41,0,132,45,177
WWalton,Riverdale,16,2,0,3,15,0,19,17,0,18,18,36
WWalton,SClayton,36,8,0,9,53,0,45,61,0,44,62,106
WWalton,NWCobb,13,0,0,4,5,0,17,5,0,13,9,22
WWalton,NECobb,37,4,0,7,15,0,44,19,0,41,22,63
WWalton,SWCobb,3,1,0,1,10,0,4,11,0,4,11,15
WWalton,Marietta,17,5,0,3,19,0,20,24,0,22,22,44
WWalton,Cumberland,97,15,0,21,57,0,118,72,0,112,78,190
WWalton,SCobb,21,7,0,7,10,0,28,17,0,28,17,45
WWalton,Chamblee,300,48,1,73,125,0,373,173,1,349,198,547
WWalton,NWDeKalb,286,53,0,103,441,2,389,494,2,339,546,885
WWalton,NEDeKalb,700,125,1,203,492,2,903,617,3,826,697,1523
WWalton,Atlanta-DeKalb,11,9,0,8,25,0,19,34,0,20,33,53
WWalton,Decatur,51,10,1,23,23,0,74,33,1,62,46,108
WWalton,SWDeKalb,131,25,0,46,105,4,177,130,4,156,155,311
WWalton,SEDeKalb,494,103,0,216,691,0,710,794,0,597,907,1504
WWalton,SDeKalb,277,56,0,122,343,1,399,399,1,333,466,799
WWalton,WDouglas,1,0,0,2,0,0,3,0,0,1,2,3
WWalton,EDouglas,7,3,0,3,8,0,10,11,0,10,11,21
WWalton,WFayette,3,0,0,3,1,0,6,1,0,3,4,7
WWalton,EFayette,15,1,0,4,6,0,19,7,0,16,10,26
WWalton,NGwinnett,805,163,0,276,492,0,1081,655,0,968,768,1736
WWalton,CentGwinnett,2112,362,0,934,2617,0,3046,2979,0,2474,3551,6025
WWalton,EGwinnett,1548,300,0,1853,5386,0,3401,5686,0,1848,7239,9087
WWalton,Norcross,701,103,0,116,358,0,817,461,0,804,474,1278
WWalton,Lilburn,574,104,0,238,615,0,812,719,0,678,853,1531
WWalton,Snellville,2782,512,1,3742,10134,0,6524,10646,1,3295,13876,17171
WWalton,NHenry,94,20,0,36,73,0,130,93,0,114,109,223
WWalton,EHenry,60,20,0,22,79,0,82,99,0,80,101,181
WWalton,SHenry,120,21,0,26,32,0,146,53,0,141,58,199
WWalton,SRockdale,246,47,0,81,299,0,327,346,0,293,380,673
WWalton,NRockdale,1584,304,0,783,2194,0,2367,2498,0,1888,2977,4865
WWalton,NBarrow,435,85,0,197,444,0,632,529,0,520,641,1161
WWalton,SBarrow,529,105,0,287,859,0,816,964,0,634,1146,1780
WWalton,NWBartow,0,0,0,1,0,0,1,0,0,0,1,1
WWalton,NEBartow,0,0,0,0,0,0,0,0,0,0,0,0
WWalton,SWBartow,0,0,0,0,0,0,0,0,0,0,0,0
WWalton,Cartersville,0,0,0,0,0,0,0,0,0,0,0,0
WWalton,NECarroll,0,0,0,0,1,0,0,1,0,0,1,1
WWalton,WCarroll,0,0,0,0,0,0,0,0,0,0,0,0
WWalton,CentralCarroll,0,0,0,0,0,0,0,0,0,0,0,0
WWalton,SECarroll,0,0,0,0,0,0,0,0,0,0,0,0
WWalton,WCoweta,0,0,0,0,0,0,0,0,0,0,0,0
WWalton,NCoweta,1,0,0,0,0,0,1,0,0,1,0,1
WWalton,SCoweta,0,0,0,0,0,0,0,0,0,0,0,0
WWalton,SECoweta,0,0,0,0,0,0,0,0,0,0,0,0
WWalton,NForsyth,11,1,0,2,23,0,13,24,0,12,25,37
WWalton,Cumming,57,16,0,21,61,0,78,77,0,73,82,155
WWalton,SForsyth,114,11,0,18,21,0,132,32,0,125,39,164
WWalton,NHall,4,2,0,4,4,0,8,6,0,6,8,14
WWalton,Gainesville,98,18,0,15,49,0,113,67,0,116,64,180
WWalton,SHall,98,15,0,53,29,0,151,44,0,113,82,195
WWalton,WNewton,1939,381,0,1299,3441,0,3238,3822,0,2320,4740,7060
WWalton,ENewton,183,38,0,152,247,0,335,285,0,221,399,620
WWalton,NPaulding,0,0,0,0,0,0,0,0,0,0,0,0
WWalton,WPaulding,0,0,0,0,0,0,0,0,0,0,0,0
WWalton,EPaulding,1,0,0,0,0,0,1,0,0,1,0,1
WWalton,NSpalding,6,1,0,3,4,0,9,5,0,7,7,14
WWalton,SSpalding,5,0,0,1,0,0,6,0,0,5,1,6
WWalton,WWalton,8544,1574,0,17889,43099,0,26433,44673,0,10118,60988,71106
WWalton,EWalton,2409,480,0,2225,5849,0,4634,6329,0,2889,8074,10963
EWalton,NFulton,116,13,0,28,41,0,144,54,0,129,69,198
EWalton,Roswell,31,4,0,10,21,0,41,25,0,35,31,66
EWalton,SandySprings,72,18,0,29,55,0,101,73,0,90,84,174
EWalton,Buckhead,43,4,1,15,43,0,58,47,1,48,58,106
EWalton,NWAtlanta,21,2,0,3,14,0,24,16,0,23,17,40
EWalton,NEAtlanta,52,8,0,36,63,0,88,71,0,60,99,159
EWalton,SWAtlanta,15,2,0,6,13,0,21,15,0,17,19,36
EWalton,CBDAtlanta,34,5,1,38,61,0,72,66,1,40,99,139
EWalton,SEAtlanta,16,4,0,17,12,0,33,16,0,20,29,49
EWalton,SFulton,2,2,0,0,3,0,2,5,0,4,3,7
EWalton,Tri-Cities,19,3,0,5,9,0,24,12,0,22,14,36
EWalton,Shannon,7,0,0,2,3,0,9,3,0,7,5,12
EWalton,WCherokee,0,0,0,0,0,0,0,0,0,0,0,0
EWalton,NCherokee,0,0,0,0,0,0,0,0,0,0,0,0
EWalton,ECentCherokee,6,0,0,2,0,0,8,0,0,6,2,8
EWalton,Woodstock,3,1,0,1,0,0,4,1,0,4,1,5
EWalton,Airport,15,2,0,4,2,0,19,4,0,17,6,23
EWalton,NEClayton,33,9,0,16,5,0,49,14,0,42,21,63
EWalton,Riverdale,9,0,0,6,11,0,15,11,0,9,17,26
EWalton,SClayton,19,2,0,10,25,0,29,27,0,21,35,56
EWalton,NWCobb,6,1,0,1,2,0,7,3,0,7,3,10
EWalton,NECobb,16,3,0,4,9,0,20,12,0,19,13,32
EWalton,SWCobb,2,0,0,0,1,0,2,1,0,2,1,3
EWalton,Marietta,8,1,0,1,1,0,9,2,0,9,2,11
EWalton,Cumberland,28,4,0,6,19,0,34,23,0,32,25,57
EWalton,SCobb,13,2,0,0,12,0,13,14,0,15,12,27
EWalton,Chamblee,143,17,0,34,57,0,177,74,0,160,91,251
EWalton,NWDeKalb,110,21,0,47,122,0,157,143,0,131,169,300
EWalton,NEDeKalb,255,37,0,72,150,0,327,187,0,292,222,514
EWalton,Atlanta-DeKalb,10,1,0,9,28,0,19,29,0,11,37,48
EWalton,Decatur,15,7,0,10,8,0,25,15,0,22,18,40
EWalton,SWDeKalb,41,8,0,25,44,0,66,52,0,49,69,118
EWalton,SEDeKalb,170,34,0,55,128,0,225,162,0,204,183,387
EWalton,SDeKalb,113,20,0,47,134,0,160,154,0,133,181,314
EWalton,WDouglas,0,0,0,1,0,0,1,0,0,0,1,1
EWalton,EDouglas,1,0,0,2,4,0,3,4,0,1,6,7
EWalton,WFayette,0,0,0,0,0,0,0,0,0,0,0,0
EWalton,EFayette,6,1,0,2,2,0,8,3,0,7,4,11
EWalton,NGwinnett,684,149,0,181,355,0,865,504,0,833,536,1369
EWalton,CentGwinnett,1093,177,0,285,733,0,1378,910,0,1270,1018,2288
EWalton,EGwinnett,1044,180,0,485,1213,0,1529,1393,0,1224,1698,2922
EWalton,Norcross,345,37,0,58,66,0,403,103,0,382,124,506
EWalton,Lilburn,199,25,0,55,136,0,254,161,0,224,191,415
EWalton,Snellville,863,175,0,326,661,0,1189,836,0,1038,987,2025
EWalton,NHenry,65,12,0,17,40,0,82,52,0,77,57,134
EWalton,EHenry,92,15,0,19,42,0,111,57,0,107,61,168
EWalton,SHenry,94,14,0,28,35,0,122,49,0,108,63,171
EWalton,SRockdale,145,34,0,36,41,0,181,75,0,179,77,256
EWalton,NRockdale,733,109,0,198,348,0,931,457,0,842,546,1388
EWalton,NBarrow,950,175,0,490,1339,0,1440,1514,0,1125,1829,2954
EWalton,SBarrow,1333,238,0,760,2141,0,2093,2379,0,1571,2901,4472
EWalton,NWBartow,0,0,0,0,0,0,0,0,0,0,0,0
EWalton,NEBartow,0,0,0,0,0,0,0,0,0,0,0,0
EWalton,SWBartow,0,0,0,0,0,0,0,0,0,0,0,0
EWalton,Cartersville,0,0,0,0,0,0,0,0,0,0,0,0
EWalton,NECarroll,0,0,0,0,0,0,0,0,0,0,0,0
EWalton,WCarroll,0,0,0,0,0,0,0,0,0,0,0,0
EWalton,CentralCarroll,0,0,0,0,0,0,0,0,0,0,0,0
EWalton,SECarroll,0,0,0,0,0,0,0,0,0,0,0,0
EWalton,WCoweta,0,0,0,0,0,0,0,0,0,0,0,0
EWalton,NCoweta,0,0,0,0,0,0,0,0,0,0,0,0
EWalton,SCoweta,0,0,0,0,0,0,0,0,0,0,0,0
EWalton,SECoweta,1,0,0,1,0,0,2,0,0,1,1,2
EWalton,NForsyth,12,1,0,4,0,0,16,1,0,13,4,17
EWalton,Cumming,41,8,0,11,41,0,52,49,0,49,52,101
EWalton,SForsyth,52,9,0,8,6,0,60,15,0,61,14,75
EWalton,NHall,8,3,0,3,5,0,11,8,0,11,8,19
EWalton,Gainesville,82,13,0,26,105,0,108,118,0,95,131,226
EWalton,SHall,135,24,0,52,74,0,187,98,0,159,126,285
EWalton,WNewton,1767,358,0,630,1619,0,2397,1977,0,2125,2249,4374
EWalton,ENewton,781,151,0,641,1252,0,1422,1403,0,932,1893,2825
EWalton,NPaulding,0,0,0,0,0,0,0,0,0,0,0,0
EWalton,WPaulding,0,0,0,0,0,0,0,0,0,0,0,0
EWalton,EPaulding,0,0,0,1,0,0,1,0,0,0,1,1
EWalton,NSpalding,6,1,0,3,1,0,9,2,0,7,4,11
EWalton,SSpalding,3,0,0,0,0,0,3,0,0,3,0,3
EWalton,WWalton,2384,455,0,2208,5820,0,4592,6275,0,2839,8028,10867
EWalton,EWalton,20253,3724,0,30104,62877,0,50357,66601,0,23977,92981,116958
