FROM,TO,Work trips SOV,Work trips HOV,Work trips Transit,Non-work SOV,Non-work HOV,Non-work Transit,All SOV,All HOV,All Transit,Work trips All,Non-work All,All Trips
NFulton,NFulton,78317,14347,1482,128629,214533,1862,206946,228880,3344,94146,345024,439170
NFulton,Roswell,16927,2998,408,23424,48474,550,40351,51472,958,20333,72448,92781
NFulton,SandySprings,8419,1371,503,3127,6492,241,11546,7863,744,10293,9860,20153
NFulton,Buckhead,3307,465,450,437,1082,74,3744,1547,524,4222,1593,5815
NFulton,NWAtlanta,526,95,68,96,167,11,622,262,79,689,274,963
NFulton,NEAtlanta,1706,299,453,242,699,135,1948,998,588,2458,1076,3534
NFulton,SWAtlanta,373,74,77,85,171,20,458,245,97,524,276,800
NFulton,CBDAtlanta,910,190,680,134,447,96,1044,637,776,1780,677,2457
NFulton,SEAtlanta,339,78,69,64,118,8,403,196,77,486,190,676
NFulton,SFulton,92,19,3,36,26,1,128,45,4,114,63,177
NFulton,Tri-Cities,275,59,48,47,59,8,322,118,56,382,114,496
NFulton,Shannon,84,9,9,21,63,3,105,72,12,102,87,189
NFulton,WCherokee,445,63,0,106,445,0,551,508,0,508,551,1059
NFulton,NCherokee,378,70,0,131,294,0,509,364,0,448,425,873
NFulton,ECentCherokee,6685,1209,13,4361,12116,14,11046,13325,27,7907,16491,24398
NFulton,Woodstock,3446,643,20,2526,6003,18,5972,6646,38,4109,8547,12656
NFulton,Airport,76,19,39,14,13,1,90,32,40,134,28,162
NFulton,NEClayton,141,50,6,31,49,1,172,99,7,197,81,278
NFulton,Riverdale,92,25,5,13,78,0,105,103,5,122,91,213
NFulton,SClayton,76,19,2,15,30,1,91,49,3,97,46,143
NFulton,NWCobb,1403,272,9,462,1148,23,1865,1420,32,1684,1633,3317
NFulton,NECobb,5065,884,30,3523,8893,20,8588,9777,50,5979,12436,18415
NFulton,SWCobb,257,37,1,56,157,1,313,194,2,295,214,509
NFulton,Marietta,838,170,6,302,541,30,1140,711,36,1014,873,1887
NFulton,Cumberland,2153,338,38,382,839,12,2535,1177,50,2529,1233,3762
NFulton,SCobb,466,76,11,102,150,2,568,226,13,553,254,807
NFulton,Chamblee,5433,881,318,1651,4279,83,7084,5160,401,6632,6013,12645
NFulton,NWDeKalb,1255,197,140,260,1025,172,1515,1222,312,1592,1457,3049
NFulton,NEDeKalb,1510,284,30,361,918,7,1871,1202,37,1824,1286,3110
NFulton,Atlanta-DeKalb,153,27,23,19,89,0,172,116,23,203,108,311
NFulton,Decatur,176,21,29,30,85,11,206,106,40,226,126,352
NFulton,SWDeKalb,359,64,44,58,117,11,417,181,55,467,186,653
NFulton,SEDeKalb,382,58,11,78,139,5,460,197,16,451,222,673
NFulton,SDeKalb,258,55,15,79,122,3,337,177,18,328,204,532
NFulton,WDouglas,66,7,0,16,30,0,82,37,0,73,46,119
NFulton,EDouglas,153,22,3,55,94,0,208,116,3,178,149,327
NFulton,WFayette,17,0,0,5,9,0,22,9,0,17,14,31
NFulton,EFayette,41,6,0,13,38,0,54,44,0,47,51,98
NFulton,NGwinnett,5563,988,1,2690,7574,13,8253,8562,14,6552,10277,16829
NFulton,CentGwinnett,9613,1827,17,9310,21693,25,18923,23520,42,11457,31028,42485
NFulton,EGwinnett,806,141,1,181,393,2,987,534,3,948,576,1524
NFulton,Norcross,6829,1323,29,4870,12064,41,11699,13387,70,8181,16975,25156
NFulton,Lilburn,934,160,4,397,954,6,1331,1114,10,1098,1357,2455
NFulton,Snellville,801,149,3,224,449,4,1025,598,7,953,677,1630
NFulton,NHenry,106,11,3,19,22,0,125,33,3,120,41,161
NFulton,EHenry,53,5,1,19,28,0,72,33,1,59,47,106
NFulton,SHenry,51,9,0,17,37,0,68,46,0,60,54,114
NFulton,SRockdale,71,13,1,17,30,0,88,43,1,85,47,132
NFulton,NRockdale,102,16,0,31,55,0,133,71,0,118,86,204
NFulton,NBarrow,316,37,0,55,69,1,371,106,1,353,125,478
NFulton,SBarrow,203,34,0,40,122,0,243,156,0,237,162,399
NFulton,NWBartow,44,10,0,9,51,0,53,61,0,54,60,114
NFulton,NEBartow,84,8,0,31,49,0,115,57,0,92,80,172
NFulton,SWBartow,58,13,0,19,53,0,77,66,0,71,72,143
NFulton,Cartersville,203,38,1,72,148,0,275,186,1,242,220,462
NFulton,NECarroll,10,1,0,6,10,0,16,11,0,11,16,27
NFulton,WCarroll,0,0,0,1,0,0,1,0,0,0,1,1
NFulton,CentralCarroll,3,0,0,2,5,0,5,5,0,3,7,10
NFulton,SECarroll,1,0,0,0,0,0,1,0,0,1,0,1
NFulton,WCoweta,8,1,0,2,0,0,10,1,0,9,2,11
NFulton,NCoweta,16,3,1,10,36,0,26,39,1,20,46,66
NFulton,SCoweta,1,0,0,1,1,0,2,1,0,1,2,3
NFulton,SECoweta,0,1,0,1,5,0,1,6,0,1,6,7
NFulton,NForsyth,4223,674,0,740,2187,3,4963,2861,3,4897,2930,7827
NFulton,Cumming,13444,2301,39,5402,15210,37,18846,17511,76,15784,20649,36433
NFulton,SForsyth,16326,3060,109,18634,41710,109,34960,44770,218,19495,60453,79948
NFulton,NHall,314,53,0,51,105,0,365,158,0,367,156,523
NFulton,Gainesville,667,128,0,136,278,0,803,406,0,795,414,1209
NFulton,SHall,829,141,0,162,315,0,991,456,0,970,477,1447
NFulton,WNewton,87,12,0,22,22,0,109,34,0,99,44,143
NFulton,ENewton,8,0,0,4,12,0,12,12,0,8,16,24
NFulton,NPaulding,131,20,0,38,78,0,169,98,0,151,116,267
NFulton,WPaulding,19,4,0,11,32,0,30,36,0,23,43,66
NFulton,EPaulding,256,34,0,62,140,0,318,174,0,290,202,492
NFulton,NSpalding,6,0,0,0,3,0,6,3,0,6,3,9
NFulton,SSpalding,1,0,0,1,1,0,2,1,0,1,2,3
NFulton,WWalton,190,23,0,54,91,0,244,114,0,213,145,358
NFulton,EWalton,101,16,0,36,54,0,137,70,0,117,90,207
Roswell,NFulton,17224,3141,422,23408,48888,528,40632,52029,950,20787,72824,93611
Roswell,Roswell,24730,4389,530,61100,110897,1353,85830,115286,1883,29649,173350,202999
Roswell,SandySprings,8693,1401,674,6990,14230,572,15683,15631,1246,10768,21792,32560
Roswell,Buckhead,3199,445,799,602,1404,203,3801,1849,1002,4443,2209,6652
Roswell,NWAtlanta,484,78,101,81,190,64,565,268,165,663,335,998
Roswell,NEAtlanta,1656,240,731,221,630,223,1877,870,954,2627,1074,3701
Roswell,SWAtlanta,312,53,87,62,147,26,374,200,113,452,235,687
Roswell,CBDAtlanta,764,139,1096,106,378,235,870,517,1331,1999,719,2718
Roswell,SEAtlanta,266,84,85,49,78,26,315,162,111,435,153,588
Roswell,SFulton,100,9,4,17,94,0,117,103,4,113,111,224
Roswell,Tri-Cities,256,41,65,44,47,10,300,88,75,362,101,463
Roswell,Shannon,78,8,6,20,56,0,98,64,6,92,76,168
Roswell,WCherokee,185,29,0,65,197,0,250,226,0,214,262,476
Roswell,NCherokee,112,20,0,44,66,0,156,86,0,132,110,242
Roswell,ECentCherokee,2372,433,5,1288,4066,6,3660,4499,11,2810,5360,8170
Roswell,Woodstock,2595,444,12,1835,5072,6,4430,5516,18,3051,6913,9964
Roswell,Airport,62,11,51,5,6,0,67,17,51,124,11,135
Roswell,NEClayton,120,31,9,30,56,2,150,87,11,160,88,248
Roswell,Riverdale,61,19,5,7,24,0,68,43,5,85,31,116
Roswell,SClayton,44,13,2,18,31,0,62,44,2,59,49,108
Roswell,NWCobb,1149,234,1,558,1208,30,1707,1442,31,1384,1796,3180
Roswell,NECobb,5697,1015,36,7198,17484,20,12895,18499,56,6748,24702,31450
Roswell,SWCobb,222,32,0,59,139,0,281,171,0,254,198,452
Roswell,Marietta,793,152,9,412,887,55,1205,1039,64,954,1354,2308
Roswell,Cumberland,2027,352,57,622,1249,27,2649,1601,84,2436,1898,4334
Roswell,SCobb,429,67,4,109,265,1,538,332,5,500,375,875
Roswell,Chamblee,4876,790,415,2679,6372,168,7555,7162,583,6081,9219,15300
Roswell,NWDeKalb,1143,180,247,286,730,244,1429,910,491,1570,1260,2830
Roswell,NEDeKalb,1169,198,31,499,949,24,1668,1147,55,1398,1472,2870
Roswell,Atlanta-DeKalb,117,19,32,17,39,6,134,58,38,168,62,230
Roswell,Decatur,157,17,34,27,50,25,184,67,59,208,102,310
Roswell,SWDeKalb,310,68,47,56,167,9,366,235,56,425,232,657
Roswell,SEDeKalb,305,55,18,66,161,5,371,216,23,378,232,610
Roswell,SDeKalb,262,40,14,51,64,2,313,104,16,316,117,433
Roswell,WDouglas,71,13,1,21,31,0,92,44,1,85,52,137
Roswell,EDouglas,119,17,1,40,72,0,159,89,1,137,112,249
Roswell,WFayette,18,0,0,6,4,0,24,4,0,18,10,28
Roswell,EFayette,33,5,0,11,15,0,44,20,0,38,26,64
Roswell,NGwinnett,1292,198,0,372,735,0,1664,933,0,1490,1107,2597
Roswell,CentGwinnett,2219,456,9,1375,3798,12,3594,4254,21,2684,5185,7869
Roswell,EGwinnett,284,60,0,68,146,0,352,206,0,344,214,558
Roswell,Norcross,4261,782,33,4979,11145,30,9240,11927,63,5076,16154,21230
Roswell,Lilburn,506,80,1,253,621,2,759,701,3,587,876,1463
Roswell,Snellville,377,62,1,88,206,0,465,268,1,440,294,734
Roswell,NHenry,80,13,1,18,43,0,98,56,1,94,61,155
Roswell,EHenry,37,12,0,8,7,0,45,19,0,49,15,64
Roswell,SHenry,34,7,2,18,35,0,52,42,2,43,53,96
Roswell,SRockdale,65,8,0,15,40,0,80,48,0,73,55,128
Roswell,NRockdale,66,9,0,15,47,0,81,56,0,75,62,137
Roswell,NBarrow,90,18,0,22,28,0,112,46,0,108,50,158
Roswell,SBarrow,64,7,0,33,29,0,97,36,0,71,62,133
Roswell,NWBartow,31,2,0,9,9,0,40,11,0,33,18,51
Roswell,NEBartow,37,8,0,18,56,0,55,64,0,45,74,119
Roswell,SWBartow,50,8,0,13,57,0,63,65,0,58,70,128
Roswell,Cartersville,159,29,0,63,99,0,222,128,0,188,162,350
Roswell,NECarroll,11,0,0,4,4,0,15,4,0,11,8,19
Roswell,WCarroll,0,0,0,1,0,0,1,0,0,0,1,1
Roswell,CentralCarroll,4,1,0,0,1,0,4,2,0,5,1,6
Roswell,SECarroll,0,0,0,0,0,0,0,0,0,0,0,0
Roswell,WCoweta,1,0,0,0,0,0,1,0,0,1,0,1
Roswell,NCoweta,15,2,0,11,17,0,26,19,0,17,28,45
Roswell,SCoweta,0,0,0,1,1,0,1,1,0,0,2,2
Roswell,SECoweta,2,0,0,1,0,0,3,0,0,2,1,3
Roswell,NForsyth,1285,210,2,216,541,0,1501,751,2,1497,757,2254
Roswell,Cumming,3195,533,9,843,2354,7,4038,2887,16,3737,3204,6941
Roswell,SForsyth,2459,452,13,1485,3947,19,3944,4399,32,2924,5451,8375
Roswell,NHall,97,7,0,18,57,0,115,64,0,104,75,179
Roswell,Gainesville,214,35,0,41,60,0,255,95,0,249,101,350
Roswell,SHall,217,35,0,43,100,0,260,135,0,252,143,395
Roswell,WNewton,52,9,1,16,19,0,68,28,1,62,35,97
Roswell,ENewton,2,0,0,2,0,0,4,0,0,2,2,4
Roswell,NPaulding,107,12,0,36,65,0,143,77,0,119,101,220
Roswell,WPaulding,19,3,0,10,15,0,29,18,0,22,25,47
Roswell,EPaulding,218,32,2,52,160,0,270,192,2,252,212,464
Roswell,NSpalding,3,0,0,3,1,0,6,1,0,3,4,7
Roswell,SSpalding,3,1,0,0,0,0,3,1,0,4,0,4
Roswell,WWalton,86,12,0,16,28,0,102,40,0,98,44,142
Roswell,EWalton,42,10,0,8,24,0,50,34,0,52,32,84
SandySprings,NFulton,8625,1395,508,3148,6240,256,11773,7635,764,10528,9644,20172
SandySprings,Roswell,9123,1523,729,7010,14802,603,16133,16325,1332,11375,22415,33790
SandySprings,SandySprings,47551,7431,1661,89681,111624,1915,137232,119055,3576,56643,203220,259863
SandySprings,Buckhead,11671,1602,1192,9493,15252,637,21164,16854,1829,14465,25382,39847
SandySprings,NWAtlanta,1949,352,439,615,1070,106,2564,1422,545,2740,1791,4531
SandySprings,NEAtlanta,5381,799,1720,1679,2862,517,7060,3661,2237,7900,5058,12958
SandySprings,SWAtlanta,1616,248,495,278,458,87,1894,706,582,2359,823,3182
SandySprings,CBDAtlanta,2419,447,2112,576,1016,570,2995,1463,2682,4978,2162,7140
SandySprings,SEAtlanta,1074,255,549,196,472,96,1270,727,645,1878,764,2642
SandySprings,SFulton,504,77,22,96,176,10,600,253,32,603,282,885
SandySprings,Tri-Cities,874,160,283,83,218,51,957,378,334,1317,352,1669
SandySprings,Shannon,548,85,105,81,126,12,629,211,117,738,219,957
SandySprings,WCherokee,223,30,0,38,74,0,261,104,0,253,112,365
SandySprings,NCherokee,105,15,0,33,45,0,138,60,0,120,78,198
SandySprings,ECentCherokee,1713,267,13,391,993,17,2104,1260,30,1993,1401,3394
SandySprings,Woodstock,2015,323,24,502,1071,15,2517,1394,39,2362,1588,3950
SandySprings,Airport,255,47,162,17,51,5,272,98,167,464,73,537
SandySprings,NEClayton,504,121,66,68,135,5,572,256,71,691,208,899
SandySprings,Riverdale,397,94,93,43,80,10,440,174,103,584,133,717
SandySprings,SClayton,291,83,31,40,165,5,331,248,36,405,210,615
SandySprings,NWCobb,2563,483,35,505,829,9,3068,1312,44,3081,1343,4424
SandySprings,NECobb,7771,1303,115,6649,13356,96,14420,14659,211,9189,20101,29290
SandySprings,SWCobb,906,146,3,202,410,11,1108,556,14,1055,623,1678
SandySprings,Marietta,2072,364,61,941,1613,47,3013,1977,108,2497,2601,5098
SandySprings,Cumberland,8748,1407,160,7186,10818,152,15934,12225,312,10315,18156,28471
SandySprings,SCobb,2226,371,61,760,1821,13,2986,2192,74,2658,2594,5252
SandySprings,Chamblee,21045,3412,831,30672,41541,772,51717,44953,1603,25288,72985,98273
SandySprings,NWDeKalb,3314,525,457,1246,2093,287,4560,2618,744,4296,3626,7922
SandySprings,NEDeKalb,4781,747,187,1809,3306,81,6590,4053,268,5715,5196,10911
SandySprings,Atlanta-DeKalb,562,84,201,114,285,45,676,369,246,847,444,1291
SandySprings,Decatur,542,72,159,129,186,17,671,258,176,773,332,1105
SandySprings,SWDeKalb,1494,272,278,195,506,62,1689,778,340,2044,763,2807
SandySprings,SEDeKalb,1609,255,154,197,538,34,1806,793,188,2018,769,2787
SandySprings,SDeKalb,1162,178,101,138,308,26,1300,486,127,1441,472,1913
SandySprings,WDouglas,422,62,3,91,166,3,513,228,6,487,260,747
SandySprings,EDouglas,741,126,19,126,223,19,867,349,38,886,368,1254
SandySprings,WFayette,108,10,3,42,41,3,150,51,6,121,86,207
SandySprings,EFayette,160,29,10,27,83,1,187,112,11,199,111,310
SandySprings,NGwinnett,2523,377,26,338,702,11,2861,1079,37,2926,1051,3977
SandySprings,CentGwinnett,3988,677,58,850,1854,42,4838,2531,100,4723,2746,7469
SandySprings,EGwinnett,907,146,2,117,255,4,1024,401,6,1055,376,1431
SandySprings,Norcross,6495,1126,119,4693,9480,120,11188,10606,239,7740,14293,22033
SandySprings,Lilburn,1578,219,25,423,913,24,2001,1132,49,1822,1360,3182
SandySprings,Snellville,1170,178,14,190,390,9,1360,568,23,1362,589,1951
SandySprings,NHenry,446,83,35,61,127,3,507,210,38,564,191,755
SandySprings,EHenry,200,35,6,30,50,2,230,85,8,241,82,323
SandySprings,SHenry,256,59,8,46,101,2,302,160,10,323,149,472
SandySprings,SRockdale,298,53,11,54,81,1,352,134,12,362,136,498
SandySprings,NRockdale,317,58,12,45,90,6,362,148,18,387,141,528
SandySprings,NBarrow,236,62,0,33,112,0,269,174,0,298,145,443
SandySprings,SBarrow,214,28,0,34,80,0,248,108,0,242,114,356
SandySprings,NWBartow,85,10,0,16,19,0,101,29,0,95,35,130
SandySprings,NEBartow,67,13,1,20,39,0,87,52,1,81,59,140
SandySprings,SWBartow,130,21,0,34,50,0,164,71,0,151,84,235
SandySprings,Cartersville,390,64,0,80,127,1,470,191,1,454,208,662
SandySprings,NECarroll,79,13,1,23,28,0,102,41,1,93,51,144
SandySprings,WCarroll,1,1,0,5,5,0,6,6,0,2,10,12
SandySprings,CentralCarroll,31,4,0,12,10,0,43,14,0,35,22,57
SandySprings,SECarroll,6,0,0,5,13,0,11,13,0,6,18,24
SandySprings,WCoweta,28,2,0,6,4,0,34,6,0,30,10,40
SandySprings,NCoweta,187,22,11,36,56,4,223,78,15,220,96,316
SandySprings,SCoweta,7,0,0,5,1,0,12,1,0,7,6,13
SandySprings,SECoweta,19,3,1,5,11,2,24,14,3,23,18,41
SandySprings,NForsyth,1229,179,4,179,381,3,1408,560,7,1412,563,1975
SandySprings,Cumming,3023,472,26,491,1098,39,3514,1570,65,3521,1628,5149
SandySprings,SForsyth,1976,336,42,459,1157,46,2435,1493,88,2354,1662,4016
SandySprings,NHall,87,16,0,17,44,0,104,60,0,103,61,164
SandySprings,Gainesville,190,27,0,44,117,0,234,144,0,217,161,378
SandySprings,SHall,394,67,2,66,118,0,460,185,2,463,184,647
SandySprings,WNewton,325,61,9,62,136,3,387,197,12,395,201,596
SandySprings,ENewton,37,3,0,8,3,0,45,6,0,40,11,51
SandySprings,NPaulding,312,45,3,63,152,0,375,197,3,360,215,575
SandySprings,WPaulding,98,13,0,16,38,0,114,51,0,111,54,165
SandySprings,EPaulding,772,98,4,124,260,8,896,358,12,874,392,1266
SandySprings,NSpalding,35,8,2,10,17,0,45,25,2,45,27,72
SandySprings,SSpalding,15,2,0,10,23,0,25,25,0,17,33,50
SandySprings,WWalton,211,35,2,42,79,0,253,114,2,248,121,369
SandySprings,EWalton,78,12,0,19,28,0,97,40,0,90,47,137
Buckhead,NFulton,3184,486,429,449,1043,90,3633,1529,519,4099,1582,5681
Buckhead,Roswell,2984,428,790,537,1446,182,3521,1874,972,4202,2165,6367
Buckhead,SandySprings,11778,1710,1226,9524,15829,611,21302,17539,1837,14714,25964,40678
Buckhead,Buckhead,45468,5713,2620,89402,80089,3120,134870,85802,5740,53801,172611,226412
Buckhead,NWAtlanta,5001,921,676,7310,9631,540,12311,10552,1216,6598,17481,24079
Buckhead,NEAtlanta,15341,2150,1984,20097,19129,1559,35438,21279,3543,19475,40785,60260
Buckhead,SWAtlanta,2691,535,1022,1352,2345,533,4043,2880,1555,4248,4230,8478
Buckhead,CBDAtlanta,6272,1059,2929,3959,4623,1785,10231,5682,4714,10260,10367,20627
Buckhead,SEAtlanta,2239,542,803,1002,2151,487,3241,2693,1290,3584,3640,7224
Buckhead,SFulton,722,122,70,218,497,6,940,619,76,914,721,1635
Buckhead,Tri-Cities,1846,386,713,314,748,240,2160,1134,953,2945,1302,4247
Buckhead,Shannon,947,227,273,127,533,30,1074,760,303,1447,690,2137
Buckhead,WCherokee,173,23,1,48,71,0,221,94,1,197,119,316
Buckhead,NCherokee,56,15,0,16,60,0,72,75,0,71,76,147
Buckhead,ECentCherokee,826,151,8,149,346,3,975,497,11,985,498,1483
Buckhead,Woodstock,1137,199,40,166,556,4,1303,755,44,1376,726,2102
Buckhead,Airport,590,138,374,51,117,24,641,255,398,1102,192,1294
Buckhead,NEClayton,1077,281,126,202,598,22,1279,879,148,1484,822,2306
Buckhead,Riverdale,731,249,141,111,334,20,842,583,161,1121,465,1586
Buckhead,SClayton,555,177,57,88,282,23,643,459,80,789,393,1182
Buckhead,NWCobb,2246,431,59,428,854,22,2674,1285,81,2736,1304,4040
Buckhead,NECobb,3517,501,167,1354,2714,50,4871,3215,217,4185,4118,8303
Buckhead,SWCobb,722,154,19,215,636,4,937,790,23,895,855,1750
Buckhead,Marietta,1931,354,106,721,1384,76,2652,1738,182,2391,2181,4572
Buckhead,Cumberland,8934,1374,382,9002,11600,285,17936,12974,667,10690,20887,31577
Buckhead,SCobb,2562,401,134,1429,3084,47,3991,3485,181,3097,4560,7657
Buckhead,Chamblee,12606,2067,1447,13462,21304,1240,26068,23371,2687,16120,36006,52126
Buckhead,NWDeKalb,6467,986,528,7500,9806,694,13967,10792,1222,7981,18000,25981
Buckhead,NEDeKalb,4374,787,411,1966,4056,198,6340,4843,609,5572,6220,11792
Buckhead,Atlanta-DeKalb,1129,181,197,730,1092,133,1859,1273,330,1507,1955,3462
Buckhead,Decatur,918,133,206,501,738,128,1419,871,334,1257,1367,2624
Buckhead,SWDeKalb,2028,393,606,630,1381,238,2658,1774,844,3027,2249,5276
Buckhead,SEDeKalb,1906,347,411,330,887,87,2236,1234,498,2664,1304,3968
Buckhead,SDeKalb,1612,330,338,292,876,80,1904,1206,418,2280,1248,3528
Buckhead,WDouglas,526,80,22,119,297,7,645,377,29,628,423,1051
Buckhead,EDouglas,899,141,49,273,506,16,1172,647,65,1089,795,1884
Buckhead,WFayette,164,29,15,54,95,1,218,124,16,208,150,358
Buckhead,EFayette,303,67,26,62,117,4,365,184,30,396,183,579
Buckhead,NGwinnett,1564,296,46,177,552,8,1741,848,54,1906,737,2643
Buckhead,CentGwinnett,2723,493,129,386,1256,39,3109,1749,168,3345,1681,5026
Buckhead,EGwinnett,609,121,8,70,222,2,679,343,10,738,294,1032
Buckhead,Norcross,4031,730,277,1096,2876,145,5127,3606,422,5038,4117,9155
Buckhead,Lilburn,1125,223,60,279,832,11,1404,1055,71,1408,1122,2530
Buckhead,Snellville,801,151,28,173,582,9,974,733,37,980,764,1744
Buckhead,NHenry,667,169,64,92,267,5,759,436,69,900,364,1264
Buckhead,EHenry,220,60,9,51,145,1,271,205,10,289,197,486
Buckhead,SHenry,440,127,14,81,189,2,521,316,16,581,272,853
Buckhead,SRockdale,327,66,33,47,139,3,374,205,36,426,189,615
Buckhead,NRockdale,330,65,22,55,84,1,385,149,23,417,140,557
Buckhead,NBarrow,136,26,1,44,58,0,180,84,1,163,102,265
Buckhead,SBarrow,95,16,1,24,66,0,119,82,1,112,90,202
Buckhead,NWBartow,65,7,0,16,22,0,81,29,0,72,38,110
Buckhead,NEBartow,45,14,0,29,64,0,74,78,0,59,93,152
Buckhead,SWBartow,100,18,0,36,106,0,136,124,0,118,142,260
Buckhead,Cartersville,332,57,1,78,142,0,410,199,1,390,220,610
Buckhead,NECarroll,113,15,0,33,73,0,146,88,0,128,106,234
Buckhead,WCarroll,10,3,0,8,4,0,18,7,0,13,12,25
Buckhead,CentralCarroll,71,12,0,23,29,0,94,41,0,83,52,135
Buckhead,SECarroll,6,4,0,4,6,0,10,10,0,10,10,20
Buckhead,WCoweta,50,8,1,15,52,1,65,60,2,59,68,127
Buckhead,NCoweta,319,58,21,62,291,3,381,349,24,398,356,754
Buckhead,SCoweta,25,1,0,15,27,0,40,28,0,26,42,68
Buckhead,SECoweta,39,3,0,12,53,0,51,56,0,42,65,107
Buckhead,NForsyth,429,59,3,89,335,0,518,394,3,491,424,915
Buckhead,Cumming,984,151,31,181,628,7,1165,779,38,1166,816,1982
Buckhead,SForsyth,649,108,31,111,388,15,760,496,46,788,514,1302
Buckhead,NHall,28,5,0,17,18,0,45,23,0,33,35,68
Buckhead,Gainesville,85,11,0,33,75,0,118,86,0,96,108,204
Buckhead,SHall,279,51,3,54,84,0,333,135,3,333,138,471
Buckhead,WNewton,386,79,22,66,134,10,452,213,32,487,210,697
Buckhead,ENewton,43,12,0,16,38,1,59,50,1,55,55,110
Buckhead,NPaulding,244,41,4,60,170,0,304,211,4,289,230,519
Buckhead,WPaulding,56,11,0,30,92,0,86,103,0,67,122,189
Buckhead,EPaulding,705,106,11,132,352,1,837,458,12,822,485,1307
Buckhead,NSpalding,84,19,1,14,30,0,98,49,1,104,44,148
Buckhead,SSpalding,30,7,0,12,32,0,42,39,0,37,44,81
Buckhead,WWalton,125,28,2,37,134,0,162,162,2,155,171,326
Buckhead,EWalton,69,7,0,24,59,0,93,66,0,76,83,159
NWAtlanta,NFulton,504,86,76,89,145,11,593,231,87,666,245,911
NWAtlanta,Roswell,459,95,98,79,143,51,538,238,149,652,273,925
NWAtlanta,SandySprings,1953,360,454,642,992,154,2595,1352,608,2767,1788,4555
NWAtlanta,Buckhead,5043,913,641,7277,9053,546,12320,9966,1187,6597,16876,23473
NWAtlanta,NWAtlanta,9882,2400,530,21410,34858,1291,31292,37258,1821,12812,57559,70371
NWAtlanta,NEAtlanta,7421,1466,1055,11834,15414,1470,19255,16880,2525,9942,28718,38660
NWAtlanta,SWAtlanta,4249,938,421,7157,15339,1097,11406,16277,1518,5608,23593,29201
NWAtlanta,CBDAtlanta,5292,1010,1813,7508,10600,2698,12800,11610,4511,8115,20806,28921
NWAtlanta,SEAtlanta,1725,423,277,2157,4191,297,3882,4614,574,2425,6645,9070
NWAtlanta,SFulton,850,160,25,523,1058,22,1373,1218,47,1035,1603,2638
NWAtlanta,Tri-Cities,1592,323,294,903,1770,221,2495,2093,515,2209,2894,5103
NWAtlanta,Shannon,897,164,86,232,676,50,1129,840,136,1147,958,2105
NWAtlanta,WCherokee,63,15,0,24,29,0,87,44,0,78,53,131
NWAtlanta,NCherokee,19,7,0,6,11,0,25,18,0,26,17,43
NWAtlanta,ECentCherokee,312,41,0,52,98,4,364,139,4,353,154,507
NWAtlanta,Woodstock,433,81,5,62,138,0,495,219,5,519,200,719
NWAtlanta,Airport,590,110,337,122,204,40,712,314,377,1037,366,1403
NWAtlanta,NEClayton,749,170,39,229,654,32,978,824,71,958,915,1873
NWAtlanta,Riverdale,546,141,56,119,419,21,665,560,77,743,559,1302
NWAtlanta,SClayton,420,101,11,65,258,2,485,359,13,532,325,857
NWAtlanta,NWCobb,838,191,18,147,358,7,985,549,25,1047,512,1559
NWAtlanta,NECobb,995,194,34,288,616,5,1283,810,39,1223,909,2132
NWAtlanta,SWCobb,743,139,9,261,675,4,1004,814,13,891,940,1831
NWAtlanta,Marietta,801,173,59,374,673,35,1175,846,94,1033,1082,2115
NWAtlanta,Cumberland,4751,1061,212,5067,7751,145,9818,8812,357,6024,12963,18987
NWAtlanta,SCobb,3292,611,68,3230,7458,103,6522,8069,171,3971,10791,14762
NWAtlanta,Chamblee,1978,439,518,641,1364,213,2619,1803,731,2935,2218,5153
NWAtlanta,NWDeKalb,1608,314,304,1057,1720,311,2665,2034,615,2226,3088,5314
NWAtlanta,NEDeKalb,1196,260,191,308,581,104,1504,841,295,1647,993,2640
NWAtlanta,Atlanta-DeKalb,581,107,83,464,867,185,1045,974,268,771,1516,2287
NWAtlanta,Decatur,406,56,149,196,344,92,602,400,241,611,632,1243
NWAtlanta,SWDeKalb,997,228,234,399,951,137,1396,1179,371,1459,1487,2946
NWAtlanta,SEDeKalb,723,165,137,139,307,38,862,472,175,1025,484,1509
NWAtlanta,SDeKalb,898,235,110,245,753,64,1143,988,174,1243,1062,2305
NWAtlanta,WDouglas,837,106,1,149,455,0,986,561,1,944,604,1548
NWAtlanta,EDouglas,1506,252,11,640,1755,22,2146,2007,33,1769,2417,4186
NWAtlanta,WFayette,188,33,2,51,68,2,239,101,4,223,121,344
NWAtlanta,EFayette,241,40,9,61,121,0,302,161,9,290,182,472
NWAtlanta,NGwinnett,427,90,6,55,224,5,482,314,11,523,284,807
NWAtlanta,CentGwinnett,708,179,22,108,311,6,816,490,28,909,425,1334
NWAtlanta,EGwinnett,182,40,1,20,80,5,202,120,6,223,105,328
NWAtlanta,Norcross,823,182,73,132,409,16,955,591,89,1078,557,1635
NWAtlanta,Lilburn,297,52,20,59,126,4,356,178,24,369,189,558
NWAtlanta,Snellville,318,55,7,48,137,6,366,192,13,380,191,571
NWAtlanta,NHenry,391,59,15,86,179,2,477,238,17,465,267,732
NWAtlanta,EHenry,195,45,2,24,71,1,219,116,3,242,96,338
NWAtlanta,SHenry,378,63,2,66,135,1,444,198,3,443,202,645
NWAtlanta,SRockdale,184,31,9,33,79,1,217,110,10,224,113,337
NWAtlanta,NRockdale,190,40,11,34,68,3,224,108,14,241,105,346
NWAtlanta,NBarrow,35,13,0,6,34,0,41,47,0,48,40,88
NWAtlanta,SBarrow,35,10,0,6,15,0,41,25,0,45,21,66
NWAtlanta,NWBartow,31,3,0,3,7,0,34,10,0,34,10,44
NWAtlanta,NEBartow,17,4,0,5,15,0,22,19,0,21,20,41
NWAtlanta,SWBartow,37,6,0,20,62,0,57,68,0,43,82,125
NWAtlanta,Cartersville,124,20,0,31,76,0,155,96,0,144,107,251
NWAtlanta,NECarroll,201,23,0,42,71,0,243,94,0,224,113,337
NWAtlanta,WCarroll,12,0,0,6,8,0,18,8,0,12,14,26
NWAtlanta,CentralCarroll,109,18,0,21,93,0,130,111,0,127,114,241
NWAtlanta,SECarroll,17,0,0,5,4,0,22,4,0,17,9,26
NWAtlanta,WCoweta,74,12,0,11,63,0,85,75,0,86,74,160
NWAtlanta,NCoweta,372,56,5,89,123,4,461,179,9,433,216,649
NWAtlanta,SCoweta,26,2,0,4,24,0,30,26,0,28,28,56
NWAtlanta,SECoweta,42,9,0,11,18,0,53,27,0,51,29,80
NWAtlanta,NForsyth,85,10,0,13,68,0,98,78,0,95,81,176
NWAtlanta,Cumming,210,32,1,35,195,3,245,227,4,243,233,476
NWAtlanta,SForsyth,104,16,5,20,40,1,124,56,6,125,61,186
NWAtlanta,NHall,9,0,0,2,2,0,11,2,0,9,4,13
NWAtlanta,Gainesville,25,6,1,4,27,0,29,33,1,32,31,63
NWAtlanta,SHall,67,11,0,18,24,0,85,35,0,78,42,120
NWAtlanta,WNewton,277,41,5,46,111,1,323,152,6,323,158,481
NWAtlanta,ENewton,21,5,0,7,21,0,28,26,0,26,28,54
NWAtlanta,NPaulding,112,27,0,33,66,0,145,93,0,139,99,238
NWAtlanta,WPaulding,114,12,0,17,77,0,131,89,0,126,94,220
NWAtlanta,EPaulding,764,128,2,133,445,2,897,573,4,894,580,1474
NWAtlanta,NSpalding,50,7,0,9,11,0,59,18,0,57,20,77
NWAtlanta,SSpalding,40,5,0,2,14,0,42,19,0,45,16,61
NWAtlanta,WWalton,61,12,0,21,78,0,82,90,0,73,99,172
NWAtlanta,EWalton,25,3,0,5,11,0,30,14,0,28,16,44
NEAtlanta,NFulton,1650,275,440,231,684,109,1881,959,549,2365,1024,3389
NEAtlanta,Roswell,1512,233,727,234,734,194,1746,967,921,2472,1162,3634
NEAtlanta,SandySprings,5335,757,1705,1649,2709,523,6984,3466,2228,7797,4881,12678
NEAtlanta,Buckhead,15397,2101,2019,20090,19666,1640,35487,21767,3659,19517,41396,60913
NEAtlanta,NWAtlanta,7956,1567,1116,12112,16092,1457,20068,17659,2573,10639,29661,40300
NEAtlanta,NEAtlanta,45387,6243,4847,78792,64333,7379,124179,70576,12226,56477,150504,206981
NEAtlanta,SWAtlanta,5223,921,1323,4047,6682,1294,9270,7603,2617,7467,12023,19490
NEAtlanta,CBDAtlanta,20162,2907,4393,28987,23652,4349,49149,26559,8742,27462,56988,84450
NEAtlanta,SEAtlanta,5321,1184,1142,6365,10963,1124,11686,12147,2266,7647,18452,26099
NEAtlanta,SFulton,1016,194,115,415,938,75,1431,1132,190,1325,1428,2753
NEAtlanta,Tri-Cities,3643,709,1243,1308,2634,532,4951,3343,1775,5595,4474,10069
NEAtlanta,Shannon,1945,403,510,477,1094,225,2422,1497,735,2858,1796,4654
NEAtlanta,WCherokee,83,18,0,27,76,0,110,94,0,101,103,204
NEAtlanta,NCherokee,31,3,0,13,60,1,44,63,1,34,74,108
NEAtlanta,ECentCherokee,452,114,7,117,371,27,569,485,34,573,515,1088
NEAtlanta,Woodstock,826,161,29,134,349,14,960,510,43,1016,497,1513
NEAtlanta,Airport,1335,206,867,279,475,100,1614,681,967,2408,854,3262
NEAtlanta,NEClayton,2247,530,205,823,2195,96,3070,2725,301,2982,3114,6096
NEAtlanta,Riverdale,1657,417,334,347,1017,102,2004,1434,436,2408,1466,3874
NEAtlanta,SClayton,1124,289,71,250,683,16,1374,972,87,1484,949,2433
NEAtlanta,NWCobb,1605,338,101,224,557,27,1829,895,128,2044,808,2852
NEAtlanta,NECobb,2096,399,158,468,958,52,2564,1357,210,2653,1478,4131
NEAtlanta,SWCobb,727,133,24,240,812,19,967,945,43,884,1071,1955
NEAtlanta,Marietta,1285,254,145,291,640,84,1576,894,229,1684,1015,2699
NEAtlanta,Cumberland,5491,1046,693,2394,3613,305,7885,4659,998,7230,6312,13542
NEAtlanta,SCobb,2916,451,243,1183,2783,170,4099,3234,413,3610,4136,7746
NEAtlanta,Chamblee,7246,1278,2151,3717,7031,1047,10963,8309,3198,10675,11795,22470
NEAtlanta,NWDeKalb,8558,1289,848,11296,12072,804,19854,13361,1652,10695,24172,34867
NEAtlanta,NEDeKalb,4961,843,831,2034,3676,505,6995,4519,1336,6635,6215,12850
NEAtlanta,Atlanta-DeKalb,3144,511,333,5410,7754,470,8554,8265,803,3988,13634,17622
NEAtlanta,Decatur,1950,292,365,1675,2356,201,3625,2648,566,2607,4232,6839
NEAtlanta,SWDeKalb,3841,751,1055,2280,5266,535,6121,6017,1590,5647,8081,13728
NEAtlanta,SEDeKalb,2725,671,755,615,1431,329,3340,2102,1084,4151,2375,6526
NEAtlanta,SDeKalb,3140,773,599,1303,3045,250,4443,3818,849,4512,4598,9110
NEAtlanta,WDouglas,679,95,21,200,521,24,879,616,45,795,745,1540
NEAtlanta,EDouglas,1281,204,54,393,1123,61,1674,1327,115,1539,1577,3116
NEAtlanta,WFayette,274,60,26,109,248,8,383,308,34,360,365,725
NEAtlanta,EFayette,481,134,41,175,411,18,656,545,59,656,604,1260
NEAtlanta,NGwinnett,1253,265,50,224,640,28,1477,905,78,1568,892,2460
NEAtlanta,CentGwinnett,2274,466,212,414,1162,110,2688,1628,322,2952,1686,4638
NEAtlanta,EGwinnett,463,100,6,110,454,15,573,554,21,569,579,1148
NEAtlanta,Norcross,2926,566,492,796,2314,279,3722,2880,771,3984,3389,7373
NEAtlanta,Lilburn,1055,188,84,411,1013,67,1466,1201,151,1327,1491,2818
NEAtlanta,Snellville,930,163,62,307,854,72,1237,1017,134,1155,1233,2388
NEAtlanta,NHenry,1167,277,104,318,731,46,1485,1008,150,1548,1095,2643
NEAtlanta,EHenry,455,98,14,111,327,7,566,425,21,567,445,1012
NEAtlanta,SHenry,882,193,31,201,516,15,1083,709,46,1106,732,1838
NEAtlanta,SRockdale,614,118,36,137,374,22,751,492,58,768,533,1301
NEAtlanta,NRockdale,554,104,49,145,319,22,699,423,71,707,486,1193
NEAtlanta,NBarrow,121,14,1,29,64,1,150,78,2,136,94,230
NEAtlanta,SBarrow,75,21,0,29,145,0,104,166,0,96,174,270
NEAtlanta,NWBartow,24,11,0,14,20,0,38,31,0,35,34,69
NEAtlanta,NEBartow,23,8,1,23,97,0,46,105,1,32,120,152
NEAtlanta,SWBartow,55,16,0,32,206,0,87,222,0,71,238,309
NEAtlanta,Cartersville,190,34,4,57,209,1,247,243,5,228,267,495
NEAtlanta,NECarroll,138,31,0,32,92,0,170,123,0,169,124,293
NEAtlanta,WCarroll,6,3,0,11,28,0,17,31,0,9,39,48
NEAtlanta,CentralCarroll,76,14,0,37,37,0,113,51,0,90,74,164
NEAtlanta,SECarroll,14,1,0,13,14,0,27,15,0,15,27,42
NEAtlanta,WCoweta,96,20,2,26,85,5,122,105,7,118,116,234
NEAtlanta,NCoweta,500,101,54,160,415,44,660,516,98,655,619,1274
NEAtlanta,SCoweta,34,5,0,16,58,0,50,63,0,39,74,113
NEAtlanta,SECoweta,47,13,2,35,71,2,82,84,4,62,108,170
NEAtlanta,NForsyth,208,26,5,62,346,3,270,372,8,239,411,650
NEAtlanta,Cumming,482,75,24,133,705,44,615,780,68,581,882,1463
NEAtlanta,SForsyth,325,54,44,83,383,40,408,437,84,423,506,929
NEAtlanta,NHall,12,4,0,4,22,0,16,26,0,16,26,42
NEAtlanta,Gainesville,53,6,0,22,95,0,75,101,0,59,117,176
NEAtlanta,SHall,185,34,5,43,225,5,228,259,10,224,273,497
NEAtlanta,WNewton,675,109,33,136,345,8,811,454,41,817,489,1306
NEAtlanta,ENewton,49,14,1,20,74,2,69,88,3,64,96,160
NEAtlanta,NPaulding,160,28,4,54,164,3,214,192,7,192,221,413
NEAtlanta,WPaulding,68,8,0,40,90,0,108,98,0,76,130,206
NEAtlanta,EPaulding,649,94,8,190,358,14,839,452,22,751,562,1313
NEAtlanta,NSpalding,127,24,0,34,113,0,161,137,0,151,147,298
NEAtlanta,SSpalding,49,9,0,33,54,0,82,63,0,58,87,145
NEAtlanta,WWalton,194,27,1,59,220,6,253,247,7,222,285,507
NEAtlanta,EWalton,61,15,0,29,143,0,90,158,0,76,172,248
SWAtlanta,NFulton,381,87,83,75,129,21,456,216,104,551,225,776
SWAtlanta,Roswell,324,64,88,49,106,24,373,170,112,476,179,655
SWAtlanta,SandySprings,1648,279,522,285,520,98,1933,799,620,2449,903,3352
SWAtlanta,Buckhead,2728,546,968,1352,2166,560,4080,2712,1528,4242,4078,8320
SWAtlanta,NWAtlanta,3961,867,435,7196,15521,1066,11157,16388,1501,5263,23783,29046
SWAtlanta,NEAtlanta,5051,938,1237,3925,6674,1184,8976,7612,2421,7226,11783,19009
SWAtlanta,SWAtlanta,11260,2546,938,32512,62456,2990,43772,65002,3928,14744,97958,112702
SWAtlanta,CBDAtlanta,6197,1116,2514,6507,10637,2999,12704,11753,5513,9827,20143,29970
SWAtlanta,SEAtlanta,3265,723,311,5395,11211,893,8660,11934,1204,4299,17499,21798
SWAtlanta,SFulton,3075,571,47,4299,9599,80,7374,10170,127,3693,13978,17671
SWAtlanta,Tri-Cities,4689,1078,331,8655,18628,649,13344,19706,980,6098,27932,34030
SWAtlanta,Shannon,1965,359,75,1433,3564,106,3398,3923,181,2399,5103,7502
SWAtlanta,WCherokee,33,2,0,11,22,0,44,24,0,35,33,68
SWAtlanta,NCherokee,6,3,0,5,11,0,11,14,0,9,16,25
SWAtlanta,ECentCherokee,116,21,0,40,94,3,156,115,3,137,137,274
SWAtlanta,Woodstock,208,32,3,48,108,5,256,140,8,243,161,404
SWAtlanta,Airport,1553,259,544,724,1023,113,2277,1282,657,2356,1860,4216
SWAtlanta,NEClayton,1111,255,32,671,1501,46,1782,1756,78,1398,2218,3616
SWAtlanta,Riverdale,849,179,46,423,1176,47,1272,1355,93,1074,1646,2720
SWAtlanta,SClayton,509,128,11,191,392,6,700,520,17,648,589,1237
SWAtlanta,NWCobb,555,93,16,139,186,11,694,279,27,664,336,1000
SWAtlanta,NECobb,595,100,15,190,426,11,785,526,26,710,627,1337
SWAtlanta,SWCobb,757,140,6,362,825,13,1119,965,19,903,1200,2103
SWAtlanta,Marietta,680,127,44,223,426,34,903,553,78,851,683,1534
SWAtlanta,Cumberland,3363,607,226,1778,3034,86,5141,3641,312,4196,4898,9094
SWAtlanta,SCobb,3594,642,96,4059,8722,108,7653,9364,204,4332,12889,17221
SWAtlanta,Chamblee,1484,337,556,273,671,200,1757,1008,756,2377,1144,3521
SWAtlanta,NWDeKalb,1562,300,459,685,1009,432,2247,1309,891,2321,2126,4447
SWAtlanta,NEDeKalb,1041,213,191,224,517,108,1265,730,299,1445,849,2294
SWAtlanta,Atlanta-DeKalb,603,121,111,475,1082,76,1078,1203,187,835,1633,2468
SWAtlanta,Decatur,477,78,177,182,294,116,659,372,293,732,592,1324
SWAtlanta,SWDeKalb,1214,254,277,593,1212,142,1807,1466,419,1745,1947,3692
SWAtlanta,SEDeKalb,729,154,120,217,369,68,946,523,188,1003,654,1657
SWAtlanta,SDeKalb,959,226,90,492,1026,53,1451,1252,143,1275,1571,2846
SWAtlanta,WDouglas,1058,173,3,315,1030,10,1373,1203,13,1234,1355,2589
SWAtlanta,EDouglas,2415,428,19,1689,4242,35,4104,4670,54,2862,5966,8828
SWAtlanta,WFayette,358,63,0,138,253,3,496,316,3,421,394,815
SWAtlanta,EFayette,410,70,3,170,375,2,580,445,5,483,547,1030
SWAtlanta,NGwinnett,172,42,6,70,156,5,242,198,11,220,231,451
SWAtlanta,CentGwinnett,319,68,23,92,158,12,411,226,35,410,262,672
SWAtlanta,EGwinnett,78,19,1,22,71,3,100,90,4,98,96,194
SWAtlanta,Norcross,518,136,62,115,200,27,633,336,89,716,342,1058
SWAtlanta,Lilburn,208,42,13,69,95,8,277,137,21,263,172,435
SWAtlanta,Snellville,194,33,5,69,92,11,263,125,16,232,172,404
SWAtlanta,NHenry,410,84,13,177,364,10,587,448,23,507,551,1058
SWAtlanta,EHenry,190,39,1,47,101,1,237,140,2,230,149,379
SWAtlanta,SHenry,439,84,6,115,216,6,554,300,12,529,337,866
SWAtlanta,SRockdale,178,40,4,54,112,1,232,152,5,222,167,389
SWAtlanta,NRockdale,178,28,7,53,95,4,231,123,11,213,152,365
SWAtlanta,NBarrow,14,2,0,4,15,0,18,17,0,16,19,35
SWAtlanta,SBarrow,12,2,0,4,9,0,16,11,0,14,13,27
SWAtlanta,NWBartow,7,3,0,1,5,0,8,8,0,10,6,16
SWAtlanta,NEBartow,5,1,0,7,10,0,12,11,0,6,17,23
SWAtlanta,SWBartow,14,0,0,6,42,0,20,42,0,14,48,62
SWAtlanta,Cartersville,58,8,0,12,58,1,70,66,1,66,71,137
SWAtlanta,NECarroll,243,51,0,53,154,0,296,205,0,294,207,501
SWAtlanta,WCarroll,21,4,0,11,11,0,32,15,0,25,22,47
SWAtlanta,CentralCarroll,128,15,0,39,106,0,167,121,0,143,145,288
SWAtlanta,SECarroll,26,0,0,11,17,0,37,17,0,26,28,54
SWAtlanta,WCoweta,122,19,0,22,104,0,144,123,0,141,126,267
SWAtlanta,NCoweta,596,82,4,160,384,7,756,466,11,682,551,1233
SWAtlanta,SCoweta,42,4,0,21,19,0,63,23,0,46,40,86
SWAtlanta,SECoweta,63,19,0,21,139,1,84,158,1,82,161,243
SWAtlanta,NForsyth,28,6,0,10,68,0,38,74,0,34,78,112
SWAtlanta,Cumming,88,14,1,33,125,6,121,139,7,103,164,267
SWAtlanta,SForsyth,61,12,3,28,61,2,89,73,5,76,91,167
SWAtlanta,NHall,3,1,0,1,3,0,4,4,0,4,4,8
SWAtlanta,Gainesville,3,0,0,3,4,0,6,4,0,3,7,10
SWAtlanta,SHall,34,5,0,6,21,0,40,26,0,39,27,66
SWAtlanta,WNewton,203,37,6,49,143,2,252,180,8,246,194,440
SWAtlanta,ENewton,28,2,0,7,30,0,35,32,0,30,37,67
SWAtlanta,NPaulding,108,17,0,36,61,1,144,78,1,125,98,223
SWAtlanta,WPaulding,90,13,0,30,92,0,120,105,0,103,122,225
SWAtlanta,EPaulding,810,127,1,214,567,4,1024,694,5,938,785,1723
SWAtlanta,NSpalding,68,6,1,17,40,0,85,46,1,75,57,132
SWAtlanta,SSpalding,40,12,0,15,32,0,55,44,0,52,47,99
SWAtlanta,WWalton,58,4,0,17,48,1,75,52,1,62,66,128
SWAtlanta,EWalton,15,0,0,11,11,0,26,11,0,15,22,37
CBDAtlanta,NFulton,776,167,631,138,441,89,914,608,720,1574,668,2242
CBDAtlanta,Roswell,662,135,1020,100,321,226,762,456,1246,1817,647,2464
CBDAtlanta,SandySprings,2273,418,1998,556,1107,535,2829,1525,2533,4689,2198,6887
CBDAtlanta,Buckhead,5754,961,2941,3905,4384,1765,9659,5345,4706,9656,10054,19710
CBDAtlanta,NWAtlanta,5683,1055,1887,7502,10853,2592,13185,11908,4479,8625,20947,29572
CBDAtlanta,NEAtlanta,19594,2737,4531,28239,22209,4611,47833,24946,9142,26862,55059,81921
CBDAtlanta,SWAtlanta,6573,1225,2627,6605,11024,2958,13178,12249,5585,10425,20587,31012
CBDAtlanta,CBDAtlanta,25044,4099,6151,41465,29174,7589,66509,33273,13740,35294,78228,113522
CBDAtlanta,SEAtlanta,7371,1448,2331,9639,16495,3842,17010,17943,6173,11150,29976,41126
CBDAtlanta,SFulton,1187,197,413,495,1126,141,1682,1323,554,1797,1762,3559
CBDAtlanta,Tri-Cities,3506,711,2341,1519,3170,1486,5025,3881,3827,6558,6175,12733
CBDAtlanta,Shannon,2087,457,1520,538,1262,493,2625,1719,2013,4064,2293,6357
CBDAtlanta,WCherokee,48,14,1,22,59,1,70,73,2,63,82,145
CBDAtlanta,NCherokee,19,4,2,16,20,1,35,24,3,25,37,62
CBDAtlanta,ECentCherokee,247,89,28,85,223,27,332,312,55,364,335,699
CBDAtlanta,Woodstock,503,126,75,101,230,11,604,356,86,704,342,1046
CBDAtlanta,Airport,945,168,657,328,512,195,1273,680,852,1770,1035,2805
CBDAtlanta,NEClayton,2446,548,565,935,2555,289,3381,3103,854,3559,3779,7338
CBDAtlanta,Riverdale,1981,488,933,452,1490,286,2433,1978,1219,3402,2228,5630
CBDAtlanta,SClayton,1424,361,310,294,893,85,1718,1254,395,2095,1272,3367
CBDAtlanta,NWCobb,1062,253,236,125,511,27,1187,764,263,1551,663,2214
CBDAtlanta,NECobb,1347,303,412,242,716,71,1589,1019,483,2062,1029,3091
CBDAtlanta,SWCobb,788,130,104,189,505,44,977,635,148,1022,738,1760
CBDAtlanta,Marietta,668,147,202,137,311,75,805,458,277,1017,523,1540
CBDAtlanta,Cumberland,3283,579,782,1259,1869,373,4542,2448,1155,4644,3501,8145
CBDAtlanta,SCobb,2814,439,725,942,2549,277,3756,2988,1002,3978,3768,7746
CBDAtlanta,Chamblee,3025,716,3305,886,2291,1317,3911,3007,4622,7046,4494,11540
CBDAtlanta,NWDeKalb,3724,627,1396,2379,2977,686,6103,3604,2082,5747,6042,11789
CBDAtlanta,NEDeKalb,3149,654,2218,710,1770,694,3859,2424,2912,6021,3174,9195
CBDAtlanta,Atlanta-DeKalb,2425,387,755,2520,4160,629,4945,4547,1384,3567,7309,10876
CBDAtlanta,Decatur,1301,195,766,642,1279,339,1943,1474,1105,2262,2260,4522
CBDAtlanta,SWDeKalb,3739,774,2362,1717,4138,1482,5456,4912,3844,6875,7337,14212
CBDAtlanta,SEDeKalb,2775,621,2239,501,1480,615,3276,2101,2854,5635,2596,8231
CBDAtlanta,SDeKalb,3811,862,1670,1209,2875,722,5020,3737,2392,6343,4806,11149
CBDAtlanta,WDouglas,820,124,131,204,558,31,1024,682,162,1075,793,1868
CBDAtlanta,EDouglas,1732,237,346,512,1247,117,2244,1484,463,2315,1876,4191
CBDAtlanta,WFayette,279,52,55,94,235,20,373,287,75,386,349,735
CBDAtlanta,EFayette,578,134,150,163,375,46,741,509,196,862,584,1446
CBDAtlanta,NGwinnett,732,187,198,122,516,33,854,703,231,1117,671,1788
CBDAtlanta,CentGwinnett,1301,422,535,191,606,105,1492,1028,640,2258,902,3160
CBDAtlanta,EGwinnett,292,91,51,84,128,5,376,219,56,434,217,651
CBDAtlanta,Norcross,1469,377,962,320,1147,293,1789,1524,1255,2808,1760,4568
CBDAtlanta,Lilburn,838,135,391,188,409,101,1026,544,492,1364,698,2062
CBDAtlanta,Snellville,923,152,285,179,475,96,1102,627,381,1360,750,2110
CBDAtlanta,NHenry,1431,324,404,328,865,82,1759,1189,486,2159,1275,3434
CBDAtlanta,EHenry,422,102,74,93,288,32,515,390,106,598,413,1011
CBDAtlanta,SHenry,1058,228,174,198,412,39,1256,640,213,1460,649,2109
CBDAtlanta,SRockdale,679,128,153,144,361,43,823,489,196,960,548,1508
CBDAtlanta,NRockdale,616,152,147,120,342,30,736,494,177,915,492,1407
CBDAtlanta,NBarrow,55,18,2,22,75,5,77,93,7,75,102,177
CBDAtlanta,SBarrow,35,17,1,16,55,1,51,72,2,53,72,125
CBDAtlanta,NWBartow,16,5,0,7,33,0,23,38,0,21,40,61
CBDAtlanta,NEBartow,17,6,1,10,36,0,27,42,1,24,46,70
CBDAtlanta,SWBartow,29,8,0,14,136,0,43,144,0,37,150,187
CBDAtlanta,Cartersville,100,21,6,34,112,1,134,133,7,127,147,274
CBDAtlanta,NECarroll,159,21,5,38,144,0,197,165,5,185,182,367
CBDAtlanta,WCarroll,8,4,0,8,19,0,16,23,0,12,27,39
CBDAtlanta,CentralCarroll,60,5,1,39,84,1,99,89,2,66,124,190
CBDAtlanta,SECarroll,17,3,0,10,12,0,27,15,0,20,22,42
CBDAtlanta,WCoweta,99,18,11,28,98,3,127,116,14,128,129,257
CBDAtlanta,NCoweta,535,94,177,153,321,42,688,415,219,806,516,1322
CBDAtlanta,SCoweta,37,8,3,22,57,0,59,65,3,48,79,127
CBDAtlanta,SECoweta,66,8,6,26,60,2,92,68,8,80,88,168
CBDAtlanta,NForsyth,85,20,16,32,225,2,117,245,18,121,259,380
CBDAtlanta,Cumming,277,47,60,82,489,48,359,536,108,384,619,1003
CBDAtlanta,SForsyth,197,49,110,59,237,27,256,286,137,356,323,679
CBDAtlanta,NHall,9,0,0,3,45,0,12,45,0,9,48,57
CBDAtlanta,Gainesville,23,5,0,16,70,0,39,75,0,28,86,114
CBDAtlanta,SHall,100,15,11,24,103,4,124,118,15,126,131,257
CBDAtlanta,WNewton,631,130,118,121,253,20,752,383,138,879,394,1273
CBDAtlanta,ENewton,63,10,7,27,53,1,90,63,8,80,81,161
CBDAtlanta,NPaulding,106,31,4,49,97,2,155,128,6,141,148,289
CBDAtlanta,WPaulding,72,5,2,32,115,0,104,120,2,79,147,226
CBDAtlanta,EPaulding,849,116,76,165,453,21,1014,569,97,1041,639,1680
CBDAtlanta,NSpalding,135,25,13,33,81,3,168,106,16,173,117,290
CBDAtlanta,SSpalding,53,5,1,28,42,0,81,47,1,59,70,129
CBDAtlanta,WWalton,155,27,9,49,143,4,204,170,13,191,196,387
CBDAtlanta,EWalton,44,10,2,25,90,0,69,100,2,56,115,171
SEAtlanta,NFulton,327,100,72,69,100,6,396,200,78,499,175,674
SEAtlanta,Roswell,241,78,90,39,88,27,280,166,117,409,154,563
SEAtlanta,SandySprings,1069,293,591,193,327,89,1262,620,680,1953,609,2562
SEAtlanta,Buckhead,2197,585,796,1000,1871,524,3197,2456,1320,3578,3395,6973
SEAtlanta,NWAtlanta,1658,420,234,2150,4282,413,3808,4702,647,2312,6845,9157
SEAtlanta,NEAtlanta,4938,1083,1059,6212,10072,1151,11150,11155,2210,7080,17435,24515
SEAtlanta,SWAtlanta,3153,755,324,5434,11758,833,8587,12513,1157,4232,18025,22257
SEAtlanta,CBDAtlanta,6692,1403,2153,9480,16157,3763,16172,17560,5916,10248,29400,39648
SEAtlanta,SEAtlanta,8490,2304,629,21118,46631,1748,29608,48935,2377,11423,69497,80920
SEAtlanta,SFulton,765,149,19,549,1127,9,1314,1276,28,933,1685,2618
SEAtlanta,Tri-Cities,4819,1197,337,7662,15110,668,12481,16307,1005,6353,23440,29793
SEAtlanta,Shannon,1508,321,73,803,2028,96,2311,2349,169,1902,2927,4829
SEAtlanta,WCherokee,9,7,0,5,9,0,14,16,0,16,14,30
SEAtlanta,NCherokee,6,1,0,4,7,0,10,8,0,7,11,18
SEAtlanta,ECentCherokee,83,16,1,34,56,3,117,72,4,100,93,193
SEAtlanta,Woodstock,116,27,0,36,77,2,152,104,2,143,115,258
SEAtlanta,Airport,1726,382,465,1312,1673,123,3038,2055,588,2573,3108,5681
SEAtlanta,NEClayton,3500,785,58,4113,9692,170,7613,10477,228,4343,13975,18318
SEAtlanta,Riverdale,1383,332,23,847,2204,47,2230,2536,70,1738,3098,4836
SEAtlanta,SClayton,1100,230,5,469,1130,11,1569,1360,16,1335,1610,2945
SEAtlanta,NWCobb,290,84,14,70,165,10,360,249,24,388,245,633
SEAtlanta,NECobb,309,86,23,90,255,5,399,341,28,418,350,768
SEAtlanta,SWCobb,250,50,2,77,179,3,327,229,5,302,259,561
SEAtlanta,Marietta,278,76,38,51,88,22,329,164,60,392,161,553
SEAtlanta,Cumberland,1384,337,240,440,814,78,1824,1151,318,1961,1332,3293
SEAtlanta,SCobb,927,175,29,466,1103,22,1393,1278,51,1131,1591,2722
SEAtlanta,Chamblee,1238,347,500,309,719,121,1547,1066,621,2085,1149,3234
SEAtlanta,NWDeKalb,1673,366,350,1279,2082,301,2952,2448,651,2389,3662,6051
SEAtlanta,NEDeKalb,1286,256,155,408,815,100,1694,1071,255,1697,1323,3020
SEAtlanta,Atlanta-DeKalb,1048,253,75,2244,4352,119,3292,4605,194,1376,6715,8091
SEAtlanta,Decatur,511,102,109,403,846,163,914,948,272,722,1412,2134
SEAtlanta,SWDeKalb,2173,505,210,2516,5689,206,4689,6194,416,2888,8411,11299
SEAtlanta,SEDeKalb,1136,234,79,349,866,63,1485,1100,142,1449,1278,2727
SEAtlanta,SDeKalb,1993,530,92,1746,4412,80,3739,4942,172,2615,6238,8853
SEAtlanta,WDouglas,335,50,2,97,297,2,432,347,4,387,396,783
SEAtlanta,EDouglas,621,105,7,244,565,9,865,670,16,733,818,1551
SEAtlanta,WFayette,284,58,0,89,223,5,373,281,5,342,317,659
SEAtlanta,EFayette,503,94,1,222,489,1,725,583,2,598,712,1310
SEAtlanta,NGwinnett,183,42,2,49,121,4,232,163,6,227,174,401
SEAtlanta,CentGwinnett,348,78,14,96,194,10,444,272,24,440,300,740
SEAtlanta,EGwinnett,79,18,0,34,53,2,113,71,2,97,89,186
SEAtlanta,Norcross,444,141,78,117,315,22,561,456,100,663,454,1117
SEAtlanta,Lilburn,263,52,8,72,204,8,335,256,16,323,284,607
SEAtlanta,Snellville,322,58,4,88,148,3,410,206,7,384,239,623
SEAtlanta,NHenry,1144,207,9,458,1274,5,1602,1481,14,1360,1737,3097
SEAtlanta,EHenry,391,77,1,97,345,3,488,422,4,469,445,914
SEAtlanta,SHenry,899,165,2,186,506,2,1085,671,4,1066,694,1760
SEAtlanta,SRockdale,299,48,3,82,168,5,381,216,8,350,255,605
SEAtlanta,NRockdale,295,51,3,68,124,3,363,175,6,349,195,544
SEAtlanta,NBarrow,16,11,0,6,24,0,22,35,0,27,30,57
SEAtlanta,SBarrow,18,6,0,2,17,0,20,23,0,24,19,43
SEAtlanta,NWBartow,7,2,0,5,1,0,12,3,0,9,6,15
SEAtlanta,NEBartow,5,0,0,5,14,0,10,14,0,5,19,24
SEAtlanta,SWBartow,16,0,0,8,34,0,24,34,0,16,42,58
SEAtlanta,Cartersville,26,10,0,10,39,1,36,49,1,36,50,86
SEAtlanta,NECarroll,60,11,1,27,33,0,87,44,1,72,60,132
SEAtlanta,WCarroll,9,1,0,3,18,0,12,19,0,10,21,31
SEAtlanta,CentralCarroll,41,9,0,29,44,0,70,53,0,50,73,123
SEAtlanta,SECarroll,7,4,0,4,33,0,11,37,0,11,37,48
SEAtlanta,WCoweta,88,18,0,31,75,1,119,93,1,106,107,213
SEAtlanta,NCoweta,529,83,6,157,282,9,686,365,15,618,448,1066
SEAtlanta,SCoweta,40,4,0,20,36,0,60,40,0,44,56,100
SEAtlanta,SECoweta,66,7,1,26,28,0,92,35,1,74,54,128
SEAtlanta,NForsyth,25,2,1,12,55,0,37,57,1,28,67,95
SEAtlanta,Cumming,56,14,3,26,105,3,82,119,6,73,134,207
SEAtlanta,SForsyth,56,24,3,16,53,6,72,77,9,83,75,158
SEAtlanta,NHall,3,0,0,0,13,0,3,13,0,3,13,16
SEAtlanta,Gainesville,12,2,0,5,21,0,17,23,0,14,26,40
SEAtlanta,SHall,21,6,0,16,29,0,37,35,0,27,45,72
SEAtlanta,WNewton,340,76,4,77,126,1,417,202,5,420,204,624
SEAtlanta,ENewton,35,10,0,14,27,0,49,37,0,45,41,86
SEAtlanta,NPaulding,51,10,0,20,29,1,71,39,1,61,50,111
SEAtlanta,WPaulding,30,8,0,10,46,1,40,54,1,38,57,95
SEAtlanta,EPaulding,283,45,1,75,212,3,358,257,4,329,290,619
SEAtlanta,NSpalding,128,31,1,22,57,2,150,88,3,160,81,241
SEAtlanta,SSpalding,71,9,0,21,26,0,92,35,0,80,47,127
SEAtlanta,WWalton,104,16,1,29,77,1,133,93,2,121,107,228
SEAtlanta,EWalton,28,9,0,16,27,0,44,36,0,37,43,80
SFulton,NFulton,126,20,3,42,32,1,168,52,4,149,75,224
SFulton,Roswell,88,14,4,21,128,0,109,142,4,106,149,255
SFulton,SandySprings,502,94,24,97,180,10,599,274,34,620,287,907
SFulton,Buckhead,751,140,68,253,473,6,1004,613,74,959,732,1691
SFulton,NWAtlanta,865,147,25,566,1078,18,1431,1225,43,1037,1662,2699
SFulton,NEAtlanta,1118,195,111,402,1065,73,1520,1260,184,1424,1540,2964
SFulton,SWAtlanta,2821,500,48,4271,9330,71,7092,9830,119,3369,13672,17041
SFulton,CBDAtlanta,1197,226,421,522,1112,159,1719,1338,580,1844,1793,3637
SFulton,SEAtlanta,773,121,16,529,1222,11,1302,1343,27,910,1762,2672
SFulton,SFulton,8961,1712,12,17231,36719,16,26192,38431,28,10685,53966,64651
SFulton,Tri-Cities,2202,424,21,2365,5943,37,4567,6367,58,2647,8345,10992
SFulton,Shannon,3521,688,16,4324,11403,44,7845,12091,60,4225,15771,19996
SFulton,WCherokee,13,1,0,0,0,0,13,1,0,14,0,14
SFulton,NCherokee,3,0,0,1,1,0,4,1,0,3,2,5
SFulton,ECentCherokee,56,9,0,11,17,0,67,26,0,65,28,93
SFulton,Woodstock,91,12,0,14,32,0,105,44,0,103,46,149
SFulton,Airport,912,150,41,381,737,16,1293,887,57,1103,1134,2237
SFulton,NEClayton,762,129,6,264,468,2,1026,597,8,897,734,1631
SFulton,Riverdale,522,96,2,279,734,2,801,830,4,620,1015,1635
SFulton,SClayton,360,61,3,98,169,0,458,230,3,424,267,691
SFulton,NWCobb,264,63,0,96,161,2,360,224,2,327,259,586
SFulton,NECobb,262,36,0,53,114,0,315,150,0,298,167,465
SFulton,SWCobb,608,104,0,263,513,0,871,617,0,712,776,1488
SFulton,Marietta,312,53,3,112,142,7,424,195,10,368,261,629
SFulton,Cumberland,1306,219,13,409,880,3,1715,1099,16,1538,1292,2830
SFulton,SCobb,1700,313,10,1450,3082,12,3150,3395,22,2023,4544,6567
SFulton,Chamblee,402,89,21,89,167,4,491,256,25,512,260,772
SFulton,NWDeKalb,394,88,23,185,422,48,579,510,71,505,655,1160
SFulton,NEDeKalb,225,26,6,66,150,4,291,176,10,257,220,477
SFulton,Atlanta-DeKalb,123,21,4,47,106,2,170,127,6,148,155,303
SFulton,Decatur,93,14,7,42,46,6,135,60,13,114,94,208
SFulton,SWDeKalb,249,50,11,76,175,1,325,225,12,310,252,562
SFulton,SEDeKalb,134,33,3,34,88,1,168,121,4,170,123,293
SFulton,SDeKalb,263,56,5,110,236,2,373,292,7,324,348,672
SFulton,WDouglas,1591,298,1,983,2936,0,2574,3234,1,1890,3919,5809
SFulton,EDouglas,3260,551,3,2943,7074,5,6203,7625,8,3814,10022,13836
SFulton,WFayette,1152,176,0,740,1768,0,1892,1944,0,1328,2508,3836
SFulton,EFayette,630,95,0,297,761,0,927,856,0,725,1058,1783
SFulton,NGwinnett,32,10,0,9,16,0,41,26,0,42,25,67
SFulton,CentGwinnett,104,16,0,29,41,0,133,57,0,120,70,190
SFulton,EGwinnett,24,2,0,5,5,0,29,7,0,26,10,36
SFulton,Norcross,181,29,4,39,52,0,220,81,4,214,91,305
SFulton,Lilburn,65,15,3,18,51,0,83,66,3,83,69,152
SFulton,Snellville,46,12,1,15,20,0,61,32,1,59,35,94
SFulton,NHenry,223,30,0,51,94,0,274,124,0,253,145,398
SFulton,EHenry,95,14,0,10,56,0,105,70,0,109,66,175
SFulton,SHenry,283,40,0,59,63,0,342,103,0,323,122,445
SFulton,SRockdale,43,8,0,7,13,0,50,21,0,51,20,71
SFulton,NRockdale,61,15,0,12,22,0,73,37,0,76,34,110
SFulton,NBarrow,2,1,0,0,0,0,2,1,0,3,0,3
SFulton,SBarrow,5,0,0,2,0,0,7,0,0,5,2,7
SFulton,NWBartow,3,1,0,1,1,0,4,2,0,4,2,6
SFulton,NEBartow,3,1,0,3,6,0,6,7,0,4,9,13
SFulton,SWBartow,12,1,0,4,6,0,16,7,0,13,10,23
SFulton,Cartersville,37,7,0,14,15,0,51,22,0,44,29,73
SFulton,NECarroll,226,45,0,59,117,0,285,162,0,271,176,447
SFulton,WCarroll,33,5,0,15,28,0,48,33,0,38,43,81
SFulton,CentralCarroll,360,70,0,178,188,0,538,258,0,430,366,796
SFulton,SECarroll,87,11,0,18,42,0,105,53,0,98,60,158
SFulton,WCoweta,379,56,0,121,348,0,500,404,0,435,469,904
SFulton,NCoweta,2328,411,0,2082,5166,6,4410,5577,6,2739,7254,9993
SFulton,SCoweta,100,16,0,23,66,0,123,82,0,116,89,205
SFulton,SECoweta,161,31,0,44,108,0,205,139,0,192,152,344
SFulton,NForsyth,10,2,0,1,3,0,11,5,0,12,4,16
SFulton,Cumming,16,7,0,9,19,0,25,26,0,23,28,51
SFulton,SForsyth,19,0,0,6,9,0,25,9,0,19,15,34
SFulton,NHall,1,0,0,0,0,0,1,0,0,1,0,1
SFulton,Gainesville,1,1,0,0,0,0,1,1,0,2,0,2
SFulton,SHall,6,1,0,1,9,0,7,10,0,7,10,17
SFulton,WNewton,59,15,0,5,7,0,64,22,0,74,12,86
SFulton,ENewton,6,0,0,1,0,0,7,0,0,6,1,7
SFulton,NPaulding,86,14,0,17,17,0,103,31,0,100,34,134
SFulton,WPaulding,83,15,0,11,49,0,94,64,0,98,60,158
SFulton,EPaulding,787,116,0,155,398,0,942,514,0,903,553,1456
SFulton,NSpalding,60,7,0,12,38,0,72,45,0,67,50,117
SFulton,SSpalding,52,6,0,11,14,0,63,20,0,58,25,83
SFulton,WWalton,6,0,0,1,1,0,7,1,0,6,2,8
SFulton,EWalton,6,0,0,1,0,0,7,0,0,6,1,7
Tri-Cities,NFulton,250,66,43,46,51,6,296,117,49,359,103,462
Tri-Cities,Roswell,228,46,62,40,40,7,268,86,69,336,87,423
Tri-Cities,SandySprings,979,166,298,95,163,71,1074,329,369,1443,329,1772
Tri-Cities,Buckhead,1906,413,740,335,920,169,2241,1333,909,3059,1424,4483
Tri-Cities,NWAtlanta,1587,319,272,934,1824,197,2521,2143,469,2178,2955,5133
Tri-Cities,NEAtlanta,3604,705,1185,1286,2617,532,4890,3322,1717,5494,4435,9929
Tri-Cities,SWAtlanta,4797,1048,330,8602,18860,612,13399,19908,942,6175,28074,34249
Tri-Cities,CBDAtlanta,3493,701,2313,1500,3092,1486,4993,3793,3799,6507,6078,12585
Tri-Cities,SEAtlanta,4683,1239,336,7638,15068,730,12321,16307,1066,6258,23436,29694
Tri-Cities,SFulton,2296,423,23,2387,6004,37,4683,6427,60,2742,8428,11170
Tri-Cities,Tri-Cities,17118,3822,544,45262,80119,1761,62380,83941,2305,21484,127142,148626
Tri-Cities,Shannon,5077,981,151,5229,14372,249,10306,15353,400,6209,19850,26059
Tri-Cities,WCherokee,10,7,0,3,8,0,13,15,0,17,11,28
Tri-Cities,NCherokee,5,3,0,1,17,0,6,20,0,8,18,26
Tri-Cities,ECentCherokee,117,19,0,24,41,1,141,60,1,136,66,202
Tri-Cities,Woodstock,178,35,3,19,58,0,197,93,3,216,77,293
Tri-Cities,Airport,3843,732,422,5928,6757,256,9771,7489,678,4997,12941,17938
Tri-Cities,NEClayton,4578,978,111,3313,6177,134,7891,7155,245,5667,9624,15291
Tri-Cities,Riverdale,2817,563,50,1839,4869,74,4656,5432,124,3430,6782,10212
Tri-Cities,SClayton,2103,421,24,547,1327,3,2650,1748,27,2548,1877,4425
Tri-Cities,NWCobb,341,75,12,66,145,11,407,220,23,428,222,650
Tri-Cities,NECobb,383,100,18,55,154,3,438,254,21,501,212,713
Tri-Cities,SWCobb,300,57,2,67,208,2,367,265,4,359,277,636
Tri-Cities,Marietta,348,63,38,63,173,32,411,236,70,449,268,717
Tri-Cities,Cumberland,1717,287,153,338,474,33,2055,761,186,2157,845,3002
Tri-Cities,SCobb,1074,197,34,461,1334,12,1535,1531,46,1305,1807,3112
Tri-Cities,Chamblee,1093,298,365,128,286,81,1221,584,446,1756,495,2251
Tri-Cities,NWDeKalb,1214,306,324,294,618,265,1508,924,589,1844,1177,3021
Tri-Cities,NEDeKalb,898,203,103,119,182,74,1017,385,177,1204,375,1579
Tri-Cities,Atlanta-DeKalb,532,101,95,268,453,37,800,554,132,728,758,1486
Tri-Cities,Decatur,358,64,117,86,109,60,444,173,177,539,255,794
Tri-Cities,SWDeKalb,1186,247,174,383,789,54,1569,1036,228,1607,1226,2833
Tri-Cities,SEDeKalb,875,194,60,112,217,17,987,411,77,1129,346,1475
Tri-Cities,SDeKalb,1356,309,63,573,1316,40,1929,1625,103,1728,1929,3657
Tri-Cities,WDouglas,549,85,2,129,461,0,678,546,2,636,590,1226
Tri-Cities,EDouglas,869,179,9,353,952,5,1222,1131,14,1057,1310,2367
Tri-Cities,WFayette,915,149,6,261,647,1,1176,796,7,1070,909,1979
Tri-Cities,EFayette,1197,199,6,525,1294,4,1722,1493,10,1402,1823,3225
Tri-Cities,NGwinnett,205,68,8,26,88,1,231,156,9,281,115,396
Tri-Cities,CentGwinnett,357,126,24,47,77,3,404,203,27,507,127,634
Tri-Cities,EGwinnett,93,35,1,8,43,0,101,78,1,129,51,180
Tri-Cities,Norcross,439,151,39,62,130,2,501,281,41,629,194,823
Tri-Cities,Lilburn,223,45,7,29,78,0,252,123,7,275,107,382
Tri-Cities,Snellville,241,59,6,42,66,1,283,125,7,306,109,415
Tri-Cities,NHenry,1521,282,12,339,736,13,1860,1018,25,1815,1088,2903
Tri-Cities,EHenry,732,127,2,98,127,1,830,254,3,861,226,1087
Tri-Cities,SHenry,1572,252,6,171,517,2,1743,769,8,1830,690,2520
Tri-Cities,SRockdale,293,43,3,36,47,2,329,90,5,339,85,424
Tri-Cities,NRockdale,228,49,6,29,32,0,257,81,6,283,61,344
Tri-Cities,NBarrow,16,4,0,2,4,0,18,8,0,20,6,26
Tri-Cities,SBarrow,12,5,0,1,8,0,13,13,0,17,9,26
Tri-Cities,NWBartow,2,0,0,0,11,0,2,11,0,2,11,13
Tri-Cities,NEBartow,10,0,0,2,1,0,12,1,0,10,3,13
Tri-Cities,SWBartow,14,3,0,4,14,0,18,17,0,17,18,35
Tri-Cities,Cartersville,34,6,0,15,34,0,49,40,0,40,49,89
Tri-Cities,NECarroll,104,18,0,33,107,0,137,125,0,122,140,262
Tri-Cities,WCarroll,4,1,0,2,27,0,6,28,0,5,29,34
Tri-Cities,CentralCarroll,85,10,0,20,26,0,105,36,0,95,46,141
Tri-Cities,SECarroll,18,8,0,6,31,0,24,39,0,26,37,63
Tri-Cities,WCoweta,286,50,0,48,151,0,334,201,0,336,199,535
Tri-Cities,NCoweta,1571,282,10,270,606,1,1841,888,11,1863,877,2740
Tri-Cities,SCoweta,124,20,0,27,86,0,151,106,0,144,113,257
Tri-Cities,SECoweta,187,25,0,35,66,0,222,91,0,212,101,313
Tri-Cities,NForsyth,28,5,0,8,22,1,36,27,1,33,31,64
Tri-Cities,Cumming,100,22,2,11,70,0,111,92,2,124,81,205
Tri-Cities,SForsyth,59,17,3,16,43,0,75,60,3,79,59,138
Tri-Cities,NHall,1,0,0,1,4,0,2,4,0,1,5,6
Tri-Cities,Gainesville,10,8,0,2,2,0,12,10,0,18,4,22
Tri-Cities,SHall,35,7,0,8,5,0,43,12,0,42,13,55
Tri-Cities,WNewton,339,74,1,38,76,1,377,150,2,414,115,529
Tri-Cities,ENewton,39,5,0,9,31,1,48,36,1,44,41,85
Tri-Cities,NPaulding,69,5,1,13,60,0,82,65,1,75,73,148
Tri-Cities,WPaulding,54,9,0,8,26,0,62,35,0,63,34,97
Tri-Cities,EPaulding,353,65,2,61,149,1,414,214,3,420,211,631
Tri-Cities,NSpalding,240,50,1,23,62,0,263,112,1,291,85,376
Tri-Cities,SSpalding,121,23,0,21,19,0,142,42,0,144,40,184
Tri-Cities,WWalton,95,21,0,14,99,0,109,120,0,116,113,229
Tri-Cities,EWalton,41,3,0,4,16,0,45,19,0,44,20,64
Shannon,NFulton,88,9,8,25,57,4,113,66,12,105,86,191
Shannon,Roswell,78,8,6,27,56,0,105,64,6,92,83,175
Shannon,SandySprings,649,95,115,88,171,13,737,266,128,859,272,1131
Shannon,Buckhead,1046,247,274,127,566,26,1173,813,300,1567,719,2286
Shannon,NWAtlanta,914,170,87,227,615,49,1141,785,136,1171,891,2062
Shannon,NEAtlanta,2018,424,520,443,1159,218,2461,1583,738,2962,1820,4782
Shannon,SWAtlanta,1838,356,70,1443,3477,96,3281,3833,166,2264,5016,7280
Shannon,CBDAtlanta,2264,478,1523,533,1306,496,2797,1784,2019,4265,2335,6600
Shannon,SEAtlanta,1386,275,67,773,1860,90,2159,2135,157,1728,2723,4451
Shannon,SFulton,3571,685,18,4371,11532,40,7942,12217,58,4274,15943,20217
Shannon,Tri-Cities,4538,883,100,5232,14329,247,9770,15212,347,5521,19808,25329
Shannon,Shannon,20835,3994,106,53827,114117,528,74662,118111,634,24935,168472,193407
Shannon,WCherokee,2,0,0,1,0,0,3,0,0,2,1,3
Shannon,NCherokee,1,0,0,1,1,0,2,1,0,1,2,3
Shannon,ECentCherokee,22,4,0,4,21,0,26,25,0,26,25,51
Shannon,Woodstock,42,11,0,16,38,0,58,49,0,53,54,107
Shannon,Airport,3217,560,145,2545,5217,84,5762,5777,229,3922,7846,11768
Shannon,NEClayton,1748,330,15,1121,2637,26,2869,2967,41,2093,3784,5877
Shannon,Riverdale,2349,453,14,3781,10031,51,6130,10484,65,2816,13863,16679
Shannon,SClayton,1107,229,1,796,1955,3,1903,2184,4,1337,2754,4091
Shannon,NWCobb,171,22,2,66,65,8,237,87,10,195,139,334
Shannon,NECobb,185,28,5,58,145,1,243,173,6,218,204,422
Shannon,SWCobb,196,34,1,61,86,0,257,120,1,231,147,378
Shannon,Marietta,287,42,11,83,114,26,370,156,37,340,223,563
Shannon,Cumberland,1334,195,39,186,424,14,1520,619,53,1568,624,2192
Shannon,SCobb,662,129,9,245,391,3,907,520,12,800,639,1439
Shannon,Chamblee,548,118,99,88,164,13,636,282,112,765,265,1030
Shannon,NWDeKalb,737,145,129,219,286,156,956,431,285,1011,661,1672
Shannon,NEDeKalb,411,81,16,111,117,17,522,198,33,508,245,753
Shannon,Atlanta-DeKalb,228,33,14,67,96,23,295,129,37,275,186,461
Shannon,Decatur,146,22,28,43,107,19,189,129,47,196,169,365
Shannon,SWDeKalb,453,87,25,121,391,7,574,478,32,565,519,1084
Shannon,SEDeKalb,270,46,9,70,138,2,340,184,11,325,210,535
Shannon,SDeKalb,504,116,9,211,489,5,715,605,14,629,705,1334
Shannon,WDouglas,727,105,0,274,839,2,1001,944,2,832,1115,1947
Shannon,EDouglas,928,193,1,492,1588,2,1420,1781,3,1122,2082,3204
Shannon,WFayette,3003,523,4,2522,6130,13,5525,6653,17,3530,8665,12195
Shannon,EFayette,2634,483,9,2919,7331,7,5553,7814,16,3126,10257,13383
Shannon,NGwinnett,23,12,1,11,25,0,34,37,1,36,36,72
Shannon,CentGwinnett,85,30,1,34,50,2,119,80,3,116,86,202
Shannon,EGwinnett,16,3,0,4,12,1,20,15,1,19,17,36
Shannon,Norcross,231,45,8,36,50,0,267,95,8,284,86,370
Shannon,Lilburn,89,10,0,22,14,0,111,24,0,99,36,135
Shannon,Snellville,76,9,0,24,92,0,100,101,0,85,116,201
Shannon,NHenry,478,87,2,162,520,0,640,607,2,567,682,1249
Shannon,EHenry,195,40,0,62,115,1,257,155,1,235,178,413
Shannon,SHenry,581,87,0,134,372,0,715,459,0,668,506,1174
Shannon,SRockdale,87,19,1,23,42,0,110,61,1,107,65,172
Shannon,NRockdale,75,13,0,21,45,0,96,58,0,88,66,154
Shannon,NBarrow,2,1,0,2,10,0,4,11,0,3,12,15
Shannon,SBarrow,2,0,0,0,1,0,2,1,0,2,1,3
Shannon,NWBartow,3,0,0,0,0,0,3,0,0,3,0,3
Shannon,NEBartow,1,0,0,0,2,0,1,2,0,1,2,3
Shannon,SWBartow,1,1,0,1,5,0,2,6,0,2,6,8
Shannon,Cartersville,11,0,0,7,7,0,18,7,0,11,14,25
Shannon,NECarroll,84,16,0,24,42,1,108,58,1,100,67,167
Shannon,WCarroll,27,3,0,8,18,0,35,21,0,30,26,56
Shannon,CentralCarroll,202,27,0,54,116,0,256,143,0,229,170,399
Shannon,SECarroll,49,7,0,14,44,0,63,51,0,56,58,114
Shannon,WCoweta,528,98,0,106,319,0,634,417,0,626,425,1051
Shannon,NCoweta,3511,634,4,1580,3940,8,5091,4574,12,4149,5528,9677
Shannon,SCoweta,199,52,0,50,84,0,249,136,0,251,134,385
Shannon,SECoweta,354,60,0,81,225,0,435,285,0,414,306,720
Shannon,NForsyth,1,0,0,2,1,0,3,1,0,1,3,4
Shannon,Cumming,6,1,0,6,13,0,12,14,0,7,19,26
Shannon,SForsyth,13,3,0,5,21,0,18,24,0,16,26,42
Shannon,NHall,0,0,0,0,0,0,0,0,0,0,0,0
Shannon,Gainesville,0,0,0,0,0,0,0,0,0,0,0,0
Shannon,SHall,3,2,0,1,8,0,4,10,0,5,9,14
Shannon,WNewton,95,26,0,23,52,0,118,78,0,121,75,196
Shannon,ENewton,11,2,0,5,0,0,16,2,0,13,5,18
Shannon,NPaulding,34,6,0,7,14,0,41,20,0,40,21,61
Shannon,WPaulding,51,1,0,14,18,0,65,19,0,52,32,84
Shannon,EPaulding,239,54,0,80,145,0,319,199,0,293,225,518
Shannon,NSpalding,159,36,0,35,88,0,194,124,0,195,123,318
Shannon,SSpalding,123,19,0,31,43,0,154,62,0,142,74,216
Shannon,WWalton,22,7,0,6,16,0,28,23,0,29,22,51
Shannon,EWalton,6,3,0,4,0,0,10,3,0,9,4,13
WCherokee,NFulton,482,80,0,116,469,0,598,549,0,562,585,1147
WCherokee,Roswell,203,34,0,59,179,0,262,213,0,237,238,475
WCherokee,SandySprings,249,43,0,43,65,0,292,108,0,292,108,400
WCherokee,Buckhead,170,36,1,47,74,0,217,110,1,207,121,328
WCherokee,NWAtlanta,77,14,0,21,40,0,98,54,0,91,61,152
WCherokee,NEAtlanta,82,25,0,28,77,0,110,102,0,107,105,212
WCherokee,SWAtlanta,27,5,0,10,21,0,37,26,0,32,31,63
WCherokee,CBDAtlanta,54,13,1,23,62,1,77,75,2,68,86,154
WCherokee,SEAtlanta,12,4,0,7,17,0,19,21,0,16,24,40
WCherokee,SFulton,12,7,0,0,0,0,12,7,0,19,0,19
WCherokee,Tri-Cities,13,8,0,3,18,0,16,26,0,21,21,42
WCherokee,Shannon,3,0,0,2,1,0,5,1,0,3,3,6
WCherokee,WCherokee,2777,508,0,6933,17060,0,9710,17568,0,3285,23993,27278
WCherokee,NCherokee,288,46,0,500,1366,0,788,1412,0,334,1866,2200
WCherokee,ECentCherokee,4002,714,7,6296,16634,23,10298,17348,30,4723,22953,27676
WCherokee,Woodstock,993,176,0,611,1921,0,1604,2097,0,1169,2532,3701
WCherokee,Airport,7,1,0,2,9,0,9,10,0,8,11,19
WCherokee,NEClayton,10,5,0,3,1,0,13,6,0,15,4,19
WCherokee,Riverdale,2,2,0,0,5,0,2,7,0,4,5,9
WCherokee,SClayton,1,1,0,1,0,0,2,1,0,2,1,3
WCherokee,NWCobb,748,117,1,314,689,8,1062,806,9,866,1011,1877
WCherokee,NECobb,566,102,0,173,404,1,739,506,1,668,578,1246
WCherokee,SWCobb,33,4,0,22,29,0,55,33,0,37,51,88
WCherokee,Marietta,428,70,2,102,288,3,530,358,5,500,393,893
WCherokee,Cumberland,559,84,0,91,157,3,650,241,3,643,251,894
WCherokee,SCobb,95,12,0,26,110,0,121,122,0,107,136,243
WCherokee,Chamblee,144,20,0,25,86,0,169,106,0,164,111,275
WCherokee,NWDeKalb,41,8,0,12,32,0,53,40,0,49,44,93
WCherokee,NEDeKalb,30,4,0,5,35,0,35,39,0,34,40,74
WCherokee,Atlanta-DeKalb,3,0,0,1,3,0,4,3,0,3,4,7
WCherokee,Decatur,6,0,0,1,4,0,7,4,0,6,5,11
WCherokee,SWDeKalb,8,1,0,3,9,0,11,10,0,9,12,21
WCherokee,SEDeKalb,1,0,0,0,0,0,1,0,0,1,0,1
WCherokee,SDeKalb,5,3,0,2,22,0,7,25,0,8,24,32
WCherokee,WDouglas,6,3,0,1,0,0,7,3,0,9,1,10
WCherokee,EDouglas,27,3,0,10,20,0,37,23,0,30,30,60
WCherokee,WFayette,0,0,0,0,0,0,0,0,0,0,0,0
WCherokee,EFayette,1,0,0,0,0,0,1,0,0,1,0,1
WCherokee,NGwinnett,22,3,0,18,22,0,40,25,0,25,40,65
WCherokee,CentGwinnett,61,4,0,19,44,0,80,48,0,65,63,128
WCherokee,EGwinnett,7,0,0,1,11,0,8,11,0,7,12,19
WCherokee,Norcross,103,25,0,19,19,0,122,44,0,128,38,166
WCherokee,Lilburn,8,1,0,5,3,0,13,4,0,9,8,17
WCherokee,Snellville,4,0,0,1,0,0,5,0,0,4,1,5
WCherokee,NHenry,1,0,0,0,0,0,1,0,0,1,0,1
WCherokee,EHenry,0,0,0,0,0,0,0,0,0,0,0,0
WCherokee,SHenry,0,0,0,0,9,0,0,9,0,0,9,9
WCherokee,SRockdale,0,0,0,0,0,0,0,0,0,0,0,0
WCherokee,NRockdale,0,0,0,1,0,0,1,0,0,0,1,1
WCherokee,NBarrow,0,1,0,0,0,0,0,1,0,1,0,1
WCherokee,SBarrow,0,0,0,0,4,0,0,4,0,0,4,4
WCherokee,NWBartow,124,15,0,55,104,0,179,119,0,139,159,298
WCherokee,NEBartow,415,79,0,288,767,0,703,846,0,494,1055,1549
WCherokee,SWBartow,63,7,0,18,25,0,81,32,0,70,43,113
WCherokee,Cartersville,1132,184,0,517,1346,0,1649,1530,0,1316,1863,3179
WCherokee,NECarroll,1,0,0,0,17,0,1,17,0,1,17,18
WCherokee,WCarroll,0,0,0,0,0,0,0,0,0,0,0,0
WCherokee,CentralCarroll,0,0,0,0,1,0,0,1,0,0,1,1
WCherokee,SECarroll,1,0,0,0,0,0,1,0,0,1,0,1
WCherokee,WCoweta,0,0,0,0,0,0,0,0,0,0,0,0
WCherokee,NCoweta,1,0,0,0,0,0,1,0,0,1,0,1
WCherokee,SCoweta,0,0,0,0,0,0,0,0,0,0,0,0
WCherokee,SECoweta,0,0,0,0,0,0,0,0,0,0,0,0
WCherokee,NForsyth,60,15,0,51,71,0,111,86,0,75,122,197
WCherokee,Cumming,220,41,0,115,324,0,335,365,0,261,439,700
WCherokee,SForsyth,142,23,0,37,108,0,179,131,0,165,145,310
WCherokee,NHall,0,1,0,2,1,0,2,2,0,1,3,4
WCherokee,Gainesville,10,1,0,12,18,0,22,19,0,11,30,41
WCherokee,SHall,6,2,0,2,4,0,8,6,0,8,6,14
WCherokee,WNewton,0,0,0,0,0,0,0,0,0,0,0,0
WCherokee,ENewton,0,0,0,0,0,0,0,0,0,0,0,0
WCherokee,NPaulding,56,6,0,11,21,0,67,27,0,62,32,94
WCherokee,WPaulding,1,1,0,0,2,0,1,3,0,2,2,4
WCherokee,EPaulding,68,9,0,22,80,0,90,89,0,77,102,179
WCherokee,NSpalding,0,0,0,0,0,0,0,0,0,0,0,0
WCherokee,SSpalding,0,0,0,0,0,0,0,0,0,0,0,0
WCherokee,WWalton,0,0,0,0,0,0,0,0,0,0,0,0
WCherokee,EWalton,0,0,0,0,0,0,0,0,0,0,0,0
NCherokee,NFulton,414,71,0,134,315,0,548,386,0,485,449,934
NCherokee,Roswell,121,27,0,35,65,0,156,92,0,148,100,248
NCherokee,SandySprings,113,15,0,33,43,0,146,58,0,128,76,204
NCherokee,Buckhead,70,18,0,15,79,0,85,97,0,88,94,182
NCherokee,NWAtlanta,11,5,0,5,11,0,16,16,0,16,16,32
NCherokee,NEAtlanta,39,5,0,20,64,1,59,69,1,44,85,129
NCherokee,SWAtlanta,6,2,0,8,17,0,14,19,0,8,25,33
NCherokee,CBDAtlanta,18,5,2,16,50,1,34,55,3,25,67,92
NCherokee,SEAtlanta,4,2,0,3,6,0,7,8,0,6,9,15
NCherokee,SFulton,3,0,0,5,2,0,8,2,0,3,7,10
NCherokee,Tri-Cities,5,2,0,1,16,0,6,18,0,7,17,24
NCherokee,Shannon,2,0,0,1,1,0,3,1,0,2,2,4
NCherokee,WCherokee,300,38,0,482,1383,0,782,1421,0,338,1865,2203
NCherokee,NCherokee,1625,286,0,3515,8808,0,5140,9094,0,1911,12323,14234
NCherokee,ECentCherokee,2306,407,2,2842,7397,13,5148,7804,15,2715,10252,12967
NCherokee,Woodstock,403,60,0,166,391,0,569,451,0,463,557,1020
NCherokee,Airport,2,1,0,1,0,0,3,1,0,3,1,4
NCherokee,NEClayton,5,1,0,1,4,0,6,5,0,6,5,11
NCherokee,Riverdale,0,0,0,1,4,0,1,4,0,0,5,5
NCherokee,SClayton,1,0,0,0,0,0,1,0,0,1,0,1
NCherokee,NWCobb,283,47,0,107,150,2,390,197,2,330,259,589
NCherokee,NECobb,250,42,0,70,219,0,320,261,0,292,289,581
NCherokee,SWCobb,20,2,0,5,25,0,25,27,0,22,30,52
NCherokee,Marietta,162,21,0,52,90,0,214,111,0,183,142,325
NCherokee,Cumberland,228,28,0,33,29,0,261,57,0,256,62,318
NCherokee,SCobb,34,7,0,8,17,0,42,24,0,41,25,66
NCherokee,Chamblee,74,12,0,21,39,0,95,51,0,86,60,146
NCherokee,NWDeKalb,13,3,0,7,94,0,20,97,0,16,101,117
NCherokee,NEDeKalb,15,2,0,9,40,0,24,42,0,17,49,66
NCherokee,Atlanta-DeKalb,0,0,0,2,4,0,2,4,0,0,6,6
NCherokee,Decatur,1,1,0,0,0,0,1,1,0,2,0,2
NCherokee,SWDeKalb,4,0,0,4,20,0,8,20,0,4,24,28
NCherokee,SEDeKalb,0,0,0,1,1,0,1,1,0,0,2,2
NCherokee,SDeKalb,2,2,0,0,4,0,2,6,0,4,4,8
NCherokee,WDouglas,3,0,0,0,0,0,3,0,0,3,0,3
NCherokee,EDouglas,12,0,0,3,1,0,15,1,0,12,4,16
NCherokee,WFayette,0,0,0,0,0,0,0,0,0,0,0,0
NCherokee,EFayette,0,0,0,0,1,0,0,1,0,0,1,1
NCherokee,NGwinnett,28,8,0,23,40,0,51,48,0,36,63,99
NCherokee,CentGwinnett,50,11,0,36,44,0,86,55,0,61,80,141
NCherokee,EGwinnett,2,0,0,3,6,0,5,6,0,2,9,11
NCherokee,Norcross,74,14,0,10,33,0,84,47,0,88,43,131
NCherokee,Lilburn,6,1,0,2,26,0,8,27,0,7,28,35
NCherokee,Snellville,2,0,0,0,5,0,2,5,0,2,5,7
NCherokee,NHenry,0,0,0,1,0,0,1,0,0,0,1,1
NCherokee,EHenry,0,0,0,0,0,0,0,0,0,0,0,0
NCherokee,SHenry,0,0,0,0,0,0,0,0,0,0,0,0
NCherokee,SRockdale,0,1,0,0,0,0,0,1,0,1,0,1
NCherokee,NRockdale,0,0,0,0,0,0,0,0,0,0,0,0
NCherokee,NBarrow,2,0,0,1,0,0,3,0,0,2,1,3
NCherokee,SBarrow,2,0,0,1,0,0,3,0,0,2,1,3
NCherokee,NWBartow,24,4,0,4,27,0,28,31,0,28,31,59
NCherokee,NEBartow,41,6,0,12,14,0,53,20,0,47,26,73
NCherokee,SWBartow,5,0,0,4,1,0,9,1,0,5,5,10
NCherokee,Cartersville,120,24,0,28,62,0,148,86,0,144,90,234
NCherokee,NECarroll,2,0,0,1,1,0,3,1,0,2,2,4
NCherokee,WCarroll,0,0,0,0,0,0,0,0,0,0,0,0
NCherokee,CentralCarroll,0,0,0,0,0,0,0,0,0,0,0,0
NCherokee,SECarroll,0,0,0,0,0,0,0,0,0,0,0,0
NCherokee,WCoweta,0,0,0,0,0,0,0,0,0,0,0,0
NCherokee,NCoweta,0,0,0,0,0,0,0,0,0,0,0,0
NCherokee,SCoweta,0,0,0,0,0,0,0,0,0,0,0,0
NCherokee,SECoweta,0,0,0,0,0,0,0,0,0,0,0,0
NCherokee,NForsyth,154,33,0,113,310,0,267,343,0,187,423,610
NCherokee,Cumming,498,76,0,319,1004,0,817,1080,0,574,1323,1897
NCherokee,SForsyth,222,28,0,48,127,0,270,155,0,250,175,425
NCherokee,NHall,7,0,0,3,1,0,10,1,0,7,4,11
NCherokee,Gainesville,25,5,0,21,7,0,46,12,0,30,28,58
NCherokee,SHall,8,3,0,11,7,0,19,10,0,11,18,29
NCherokee,WNewton,0,0,0,1,0,0,1,0,0,0,1,1
NCherokee,ENewton,0,0,0,0,0,0,0,0,0,0,0,0
NCherokee,NPaulding,6,1,0,2,18,0,8,19,0,7,20,27
NCherokee,WPaulding,1,0,0,0,0,0,1,0,0,1,0,1
NCherokee,EPaulding,17,1,0,5,7,0,22,8,0,18,12,30
NCherokee,NSpalding,0,0,0,0,0,0,0,0,0,0,0,0
NCherokee,SSpalding,0,0,0,0,0,0,0,0,0,0,0,0
NCherokee,WWalton,2,0,0,1,0,0,3,0,0,2,1,3
NCherokee,EWalton,0,0,0,0,0,0,0,0,0,0,0,0
ECentCherokee,NFulton,6444,1135,13,4333,11755,14,10777,12890,27,7592,16102,23694
ECentCherokee,Roswell,2409,421,5,1281,3983,6,3690,4404,11,2835,5270,8105
ECentCherokee,SandySprings,1789,286,13,415,874,16,2204,1160,29,2088,1305,3393
ECentCherokee,Buckhead,950,143,8,140,421,4,1090,564,12,1101,565,1666
ECentCherokee,NWAtlanta,297,56,0,49,99,4,346,155,4,353,152,505
ECentCherokee,NEAtlanta,492,94,7,129,406,27,621,500,34,593,562,1155
ECentCherokee,SWAtlanta,115,19,0,38,121,2,153,140,2,134,161,295
ECentCherokee,CBDAtlanta,275,75,28,83,306,28,358,381,56,378,417,795
ECentCherokee,SEAtlanta,80,20,1,38,76,3,118,96,4,101,117,218
ECentCherokee,SFulton,65,8,0,12,21,0,77,29,0,73,33,106
ECentCherokee,Tri-Cities,129,25,0,25,34,1,154,59,1,154,60,214
ECentCherokee,Shannon,20,4,0,4,24,0,24,28,0,24,28,52
ECentCherokee,WCherokee,4275,751,7,6321,16764,23,10596,17515,30,5033,23108,28141
ECentCherokee,NCherokee,2444,436,2,2886,7500,13,5330,7936,15,2882,10399,13281
ECentCherokee,ECentCherokee,54540,9340,114,100017,227489,370,154557,236829,484,63994,327876,391870
ECentCherokee,Woodstock,8390,1439,2,9269,25399,3,17659,26838,5,9831,34671,44502
ECentCherokee,Airport,27,9,1,5,34,0,32,43,1,37,39,76
ECentCherokee,NEClayton,36,14,0,8,14,0,44,28,0,50,22,72
ECentCherokee,Riverdale,12,6,0,7,13,0,19,19,0,18,20,38
ECentCherokee,SClayton,12,2,0,3,4,0,15,6,0,14,7,21
ECentCherokee,NWCobb,3927,742,4,2189,4548,129,6116,5290,133,4673,6866,11539
ECentCherokee,NECobb,3602,585,3,1687,4700,0,5289,5285,3,4190,6387,10577
ECentCherokee,SWCobb,275,28,0,84,157,0,359,185,0,303,241,544
ECentCherokee,Marietta,1922,314,13,563,963,28,2485,1277,41,2249,1554,3803
ECentCherokee,Cumberland,2459,414,8,331,689,5,2790,1103,13,2881,1025,3906
ECentCherokee,SCobb,407,61,0,100,255,2,507,316,2,468,357,825
ECentCherokee,Chamblee,1100,186,4,204,591,7,1304,777,11,1290,802,2092
ECentCherokee,NWDeKalb,267,60,0,98,295,20,365,355,20,327,413,740
ECentCherokee,NEDeKalb,291,58,1,79,171,6,370,229,7,350,256,606
ECentCherokee,Atlanta-DeKalb,34,5,0,8,36,1,42,41,1,39,45,84
ECentCherokee,Decatur,23,7,1,10,37,2,33,44,3,31,49,80
ECentCherokee,SWDeKalb,46,15,0,15,49,0,61,64,0,61,64,125
ECentCherokee,SEDeKalb,34,1,0,9,14,0,43,15,0,35,23,58
ECentCherokee,SDeKalb,51,4,0,21,25,0,72,29,0,55,46,101
ECentCherokee,WDouglas,38,4,0,8,13,0,46,17,0,42,21,63
ECentCherokee,EDouglas,144,18,0,37,16,0,181,34,0,162,53,215
ECentCherokee,WFayette,8,1,0,6,4,0,14,5,0,9,10,19
ECentCherokee,EFayette,7,1,0,8,1,0,15,2,0,8,9,17
ECentCherokee,NGwinnett,440,75,0,156,308,0,596,383,0,515,464,979
ECentCherokee,CentGwinnett,671,111,0,232,556,0,903,667,0,782,788,1570
ECentCherokee,EGwinnett,35,11,0,11,39,0,46,50,0,46,50,96
ECentCherokee,Norcross,877,143,0,176,395,0,1053,538,0,1020,571,1591
ECentCherokee,Lilburn,78,15,0,36,56,0,114,71,0,93,92,185
ECentCherokee,Snellville,42,5,0,23,25,0,65,30,0,47,48,95
ECentCherokee,NHenry,12,5,0,2,27,0,14,32,0,17,29,46
ECentCherokee,EHenry,1,0,0,0,0,0,1,0,0,1,0,1
ECentCherokee,SHenry,3,2,0,1,4,0,4,6,0,5,5,10
ECentCherokee,SRockdale,0,2,0,3,1,0,3,3,0,2,4,6
ECentCherokee,NRockdale,4,2,0,4,12,0,8,14,0,6,16,22
ECentCherokee,NBarrow,23,1,0,8,5,0,31,6,0,24,13,37
ECentCherokee,SBarrow,9,1,0,5,4,0,14,5,0,10,9,19
ECentCherokee,NWBartow,283,57,0,68,179,0,351,236,0,340,247,587
ECentCherokee,NEBartow,491,90,0,263,720,0,754,810,0,581,983,1564
ECentCherokee,SWBartow,157,28,0,37,98,0,194,126,0,185,135,320
ECentCherokee,Cartersville,1188,206,0,373,654,0,1561,860,0,1394,1027,2421
ECentCherokee,NECarroll,9,2,0,5,11,0,14,13,0,11,16,27
ECentCherokee,WCarroll,1,0,0,0,0,0,1,0,0,1,0,1
ECentCherokee,CentralCarroll,3,0,0,1,6,0,4,6,0,3,7,10
ECentCherokee,SECarroll,0,0,0,0,0,0,0,0,0,0,0,0
ECentCherokee,WCoweta,0,0,0,0,0,0,0,0,0,0,0,0
ECentCherokee,NCoweta,4,0,0,1,1,0,5,1,0,4,2,6
ECentCherokee,SCoweta,0,0,0,0,0,0,0,0,0,0,0,0
ECentCherokee,SECoweta,0,0,0,0,0,0,0,0,0,0,0,0
ECentCherokee,NForsyth,1783,305,0,1049,2898,0,2832,3203,0,2088,3947,6035
ECentCherokee,Cumming,4609,786,0,4295,11227,0,8904,12013,0,5395,15522,20917
ECentCherokee,SForsyth,2319,356,1,950,2272,9,3269,2628,10,2676,3231,5907
ECentCherokee,NHall,55,7,0,19,41,0,74,48,0,62,60,122
ECentCherokee,Gainesville,160,29,0,56,141,0,216,170,0,189,197,386
ECentCherokee,SHall,102,9,0,52,91,0,154,100,0,111,143,254
ECentCherokee,WNewton,0,0,0,1,6,0,1,6,0,0,7,7
ECentCherokee,ENewton,0,0,0,0,0,0,0,0,0,0,0,0
ECentCherokee,NPaulding,158,25,0,58,96,0,216,121,0,183,154,337
ECentCherokee,WPaulding,19,2,0,14,16,0,33,18,0,21,30,51
ECentCherokee,EPaulding,243,41,0,77,145,0,320,186,0,284,222,506
ECentCherokee,NSpalding,1,0,0,0,1,0,1,1,0,1,1,2
ECentCherokee,SSpalding,0,0,0,0,0,0,0,0,0,0,0,0
ECentCherokee,WWalton,9,0,0,2,10,0,11,10,0,9,12,21
ECentCherokee,EWalton,4,0,0,4,10,0,8,10,0,4,14,18
Woodstock,NFulton,3492,599,20,2533,6254,18,6025,6853,38,4111,8805,12916
Woodstock,Roswell,2580,440,12,1803,4691,7,4383,5131,19,3032,6501,9533
Woodstock,SandySprings,2005,340,24,467,1192,15,2472,1532,39,2369,1674,4043
Woodstock,Buckhead,1271,209,40,177,472,5,1448,681,45,1520,654,2174
Woodstock,NWAtlanta,411,87,5,63,127,0,474,214,5,503,190,693
Woodstock,NEAtlanta,844,162,29,128,292,13,972,454,42,1035,433,1468
Woodstock,SWAtlanta,212,33,3,44,103,5,256,136,8,248,152,400
Woodstock,CBDAtlanta,538,154,75,89,257,11,627,411,86,767,357,1124
Woodstock,SEAtlanta,137,39,0,36,74,2,173,113,2,176,112,288
Woodstock,SFulton,87,13,0,19,43,0,106,56,0,100,62,162
Woodstock,Tri-Cities,179,54,3,21,68,0,200,122,3,236,89,325
Woodstock,Shannon,41,9,0,15,38,0,56,47,0,50,53,103
Woodstock,WCherokee,1013,194,0,647,2010,0,1660,2204,0,1207,2657,3864
Woodstock,NCherokee,392,74,0,154,320,0,546,394,0,466,474,940
Woodstock,ECentCherokee,8927,1522,2,9329,25191,4,18256,26713,6,10451,34524,44975
Woodstock,Woodstock,39073,6874,0,80262,183318,0,119335,190192,0,45947,263580,309527
Woodstock,Airport,61,17,3,11,10,0,72,27,3,81,21,102
Woodstock,NEClayton,76,21,1,11,95,0,87,116,1,98,106,204
Woodstock,Riverdale,28,6,0,7,26,0,35,32,0,34,33,67
Woodstock,SClayton,24,6,0,9,37,0,33,43,0,30,46,76
Woodstock,NWCobb,13569,2435,42,15902,40098,294,29471,42533,336,16046,56294,72340
Woodstock,NECobb,8390,1514,10,9252,22982,2,17642,24496,12,9914,32236,42150
Woodstock,SWCobb,567,135,0,217,640,0,784,775,0,702,857,1559
Woodstock,Marietta,3487,605,33,1664,3966,76,5151,4571,109,4125,5706,9831
Woodstock,Cumberland,3861,573,33,671,1650,9,4532,2223,42,4467,2330,6797
Woodstock,SCobb,630,105,2,214,448,1,844,553,3,737,663,1400
Woodstock,Chamblee,1156,172,17,192,386,8,1348,558,25,1345,586,1931
Woodstock,NWDeKalb,337,65,6,94,257,17,431,322,23,408,368,776
Woodstock,NEDeKalb,301,42,0,85,186,0,386,228,0,343,271,614
Woodstock,Atlanta-DeKalb,53,14,2,10,30,0,63,44,2,69,40,109
Woodstock,Decatur,44,8,1,12,26,0,56,34,1,53,38,91
Woodstock,SWDeKalb,67,15,1,27,48,0,94,63,1,83,75,158
Woodstock,SEDeKalb,26,6,0,12,26,0,38,32,0,32,38,70
Woodstock,SDeKalb,66,20,1,16,73,0,82,93,1,87,89,176
Woodstock,WDouglas,99,14,0,26,85,0,125,99,0,113,111,224
Woodstock,EDouglas,261,43,0,50,77,0,311,120,0,304,127,431
Woodstock,WFayette,10,1,0,8,0,0,18,1,0,11,8,19
Woodstock,EFayette,17,1,0,7,7,0,24,8,0,18,14,32
Woodstock,NGwinnett,164,22,0,62,93,0,226,115,0,186,155,341
Woodstock,CentGwinnett,367,60,0,100,251,0,467,311,0,427,351,778
Woodstock,EGwinnett,34,9,0,9,21,0,43,30,0,43,30,73
Woodstock,Norcross,772,114,2,161,321,0,933,435,2,888,482,1370
Woodstock,Lilburn,75,13,0,25,40,0,100,53,0,88,65,153
Woodstock,Snellville,46,10,0,18,39,0,64,49,0,56,57,113
Woodstock,NHenry,12,4,0,7,14,0,19,18,0,16,21,37
Woodstock,EHenry,5,1,0,3,6,0,8,7,0,6,9,15
Woodstock,SHenry,10,1,0,4,1,0,14,2,0,11,5,16
Woodstock,SRockdale,9,1,0,3,7,0,12,8,0,10,10,20
Woodstock,NRockdale,8,2,0,2,19,0,10,21,0,10,21,31
Woodstock,NBarrow,10,4,0,2,18,0,12,22,0,14,20,34
Woodstock,SBarrow,8,1,0,0,0,0,8,1,0,9,0,9
Woodstock,NWBartow,246,44,0,59,117,0,305,161,0,290,176,466
Woodstock,NEBartow,222,51,0,94,251,0,316,302,0,273,345,618
Woodstock,SWBartow,403,66,0,124,422,0,527,488,0,469,546,1015
Woodstock,Cartersville,2043,353,0,1088,2622,0,3131,2975,0,2396,3710,6106
Woodstock,NECarroll,44,8,0,15,62,0,59,70,0,52,77,129
Woodstock,WCarroll,3,0,0,2,0,0,5,0,0,3,2,5
Woodstock,CentralCarroll,13,1,0,3,12,0,16,13,0,14,15,29
Woodstock,SECarroll,1,0,0,0,0,0,1,0,0,1,0,1
Woodstock,WCoweta,2,0,0,1,0,0,3,0,0,2,1,3
Woodstock,NCoweta,13,2,0,3,14,0,16,16,0,15,17,32
Woodstock,SCoweta,1,0,0,0,0,0,1,0,0,1,0,1
Woodstock,SECoweta,0,0,0,1,0,0,1,0,0,0,1,1
Woodstock,NForsyth,354,64,0,90,179,0,444,243,0,418,269,687
Woodstock,Cumming,842,151,0,250,488,0,1092,639,0,993,738,1731
Woodstock,SForsyth,547,87,0,132,243,0,679,330,0,634,375,1009
Woodstock,NHall,16,2,0,7,21,0,23,23,0,18,28,46
Woodstock,Gainesville,38,3,0,10,57,0,48,60,0,41,67,108
Woodstock,SHall,27,3,0,11,12,0,38,15,0,30,23,53
Woodstock,WNewton,2,0,0,2,9,0,4,9,0,2,11,13
Woodstock,ENewton,0,0,0,0,0,0,0,0,0,0,0,0
Woodstock,NPaulding,805,118,0,363,1257,0,1168,1375,0,923,1620,2543
Woodstock,WPaulding,101,14,0,29,77,0,130,91,0,115,106,221
Woodstock,EPaulding,770,116,0,191,488,0,961,604,0,886,679,1565
Woodstock,NSpalding,1,0,0,0,1,0,1,1,0,1,1,2
Woodstock,SSpalding,0,0,0,0,0,0,0,0,0,0,0,0
Woodstock,WWalton,11,0,0,5,1,0,16,1,0,11,6,17
Woodstock,EWalton,1,0,0,2,0,0,3,0,0,1,2,3
Airport,NFulton,62,15,38,13,15,0,75,30,38,115,28,143
Airport,Roswell,56,12,46,5,9,0,61,21,46,114,14,128
Airport,SandySprings,256,55,156,12,58,3,268,113,159,467,73,540
Airport,Buckhead,561,135,396,61,139,14,622,274,410,1092,214,1306
Airport,NWAtlanta,604,86,332,132,171,37,736,257,369,1022,340,1362
Airport,NEAtlanta,1278,254,876,265,417,108,1543,671,984,2408,790,3198
Airport,SWAtlanta,1603,254,534,741,942,108,2344,1196,642,2391,1791,4182
Airport,CBDAtlanta,987,190,753,326,564,189,1313,754,942,1930,1079,3009
Airport,SEAtlanta,1781,368,462,1291,1516,104,3072,1884,566,2611,2911,5522
Airport,SFulton,898,122,39,396,630,17,1294,752,56,1059,1043,2102
Airport,Tri-Cities,4041,751,422,5894,7017,268,9935,7768,690,5214,13179,18393
Airport,Shannon,3329,514,158,2595,5237,96,5924,5751,254,4001,7928,11929
Airport,WCherokee,6,0,0,2,0,0,8,0,0,6,2,8
Airport,NCherokee,0,0,0,1,0,0,1,0,0,0,1,1
Airport,ECentCherokee,29,6,1,7,27,0,36,33,1,36,34,70
Airport,Woodstock,64,9,3,11,12,0,75,21,3,76,23,99
Airport,Airport,5140,847,62,9092,8733,131,14232,9580,193,6049,17956,24005
Airport,NEClayton,3512,638,100,3058,4371,52,6570,5009,152,4250,7481,11731
Airport,Riverdale,3677,658,133,3589,7013,78,7266,7671,211,4468,10680,15148
Airport,SClayton,1568,280,39,528,887,6,2096,1167,45,1887,1421,3308
Airport,NWCobb,153,33,18,13,30,0,166,63,18,204,43,247
Airport,NECobb,155,30,33,9,20,0,164,50,33,218,29,247
Airport,SWCobb,156,19,16,15,4,0,171,23,16,191,19,210
Airport,Marietta,141,20,24,13,15,3,154,35,27,185,31,216
Airport,Cumberland,560,75,91,49,86,8,609,161,99,726,143,869
Airport,SCobb,606,82,101,66,69,4,672,151,105,789,139,928
Airport,Chamblee,326,76,310,33,104,12,359,180,322,712,149,861
Airport,NWDeKalb,425,73,252,60,102,18,485,175,270,750,180,930
Airport,NEDeKalb,580,106,184,41,90,4,621,196,188,870,135,1005
Airport,Atlanta-DeKalb,335,48,160,70,116,9,405,164,169,543,195,738
Airport,Decatur,181,21,124,16,30,4,197,51,128,326,50,376
Airport,SWDeKalb,949,149,331,122,248,17,1071,397,348,1429,387,1816
Airport,SEDeKalb,790,125,233,39,123,4,829,248,237,1148,166,1314
Airport,SDeKalb,1193,212,145,288,445,12,1481,657,157,1550,745,2295
Airport,WDouglas,270,32,13,34,71,1,304,103,14,315,106,421
Airport,EDouglas,420,61,51,48,137,1,468,198,52,532,186,718
Airport,WFayette,453,86,14,117,293,0,570,379,14,553,410,963
Airport,EFayette,971,144,19,395,894,0,1366,1038,19,1134,1289,2423
Airport,NGwinnett,54,18,8,7,19,0,61,37,8,80,26,106
Airport,CentGwinnett,141,58,39,12,14,0,153,72,39,238,26,264
Airport,EGwinnett,46,7,1,5,11,0,51,18,1,54,16,70
Airport,Norcross,148,39,60,20,9,10,168,48,70,247,39,286
Airport,Lilburn,161,25,21,9,8,0,170,33,21,207,17,224
Airport,Snellville,187,19,17,13,13,1,200,32,18,223,27,250
Airport,NHenry,1117,167,45,236,428,1,1353,595,46,1329,665,1994
Airport,EHenry,529,75,14,40,57,0,569,132,14,618,97,715
Airport,SHenry,1106,191,10,84,237,0,1190,428,10,1307,321,1628
Airport,SRockdale,220,25,22,18,28,0,238,53,22,267,46,313
Airport,NRockdale,176,53,28,19,12,0,195,65,28,257,31,288
Airport,NBarrow,9,4,0,1,1,0,10,5,0,13,2,15
Airport,SBarrow,7,1,0,0,0,0,7,1,0,8,0,8
Airport,NWBartow,1,2,0,0,0,0,1,2,0,3,0,3
Airport,NEBartow,1,0,0,0,0,0,1,0,0,1,0,1
Airport,SWBartow,3,0,0,0,1,0,3,1,0,3,1,4
Airport,Cartersville,16,1,0,2,1,0,18,2,0,17,3,20
Airport,NECarroll,28,3,1,2,0,0,30,3,1,32,2,34
Airport,WCarroll,8,0,0,0,1,0,8,1,0,8,1,9
Airport,CentralCarroll,35,6,0,5,5,0,40,11,0,41,10,51
Airport,SECarroll,10,3,0,4,6,0,14,9,0,13,10,23
Airport,WCoweta,159,16,2,7,38,0,166,54,2,177,45,222
Airport,NCoweta,836,111,50,92,201,2,928,312,52,997,295,1292
Airport,SCoweta,62,7,0,6,17,0,68,24,0,69,23,92
Airport,SECoweta,114,11,0,17,20,0,131,31,0,125,37,162
Airport,NForsyth,3,2,0,3,3,0,6,5,0,5,6,11
Airport,Cumming,36,9,6,4,19,0,40,28,6,51,23,74
Airport,SForsyth,21,3,4,2,3,0,23,6,4,28,5,33
Airport,NHall,2,0,0,0,0,0,2,0,0,2,0,2
Airport,Gainesville,2,0,0,0,1,0,2,1,0,2,1,3
Airport,SHall,11,4,1,0,2,0,11,6,1,16,2,18
Airport,WNewton,237,41,19,18,40,0,255,81,19,297,58,355
Airport,ENewton,22,5,0,1,5,0,23,10,0,27,6,33
Airport,NPaulding,23,3,3,6,8,0,29,11,3,29,14,43
Airport,WPaulding,21,6,0,1,5,0,22,11,0,27,6,33
Airport,EPaulding,170,27,8,14,57,0,184,84,8,205,71,276
Airport,NSpalding,192,41,0,13,23,0,205,64,0,233,36,269
Airport,SSpalding,94,8,0,14,27,0,108,35,0,102,41,143
Airport,WWalton,45,7,0,6,17,0,51,24,0,52,23,75
Airport,EWalton,14,3,0,1,8,0,15,11,0,17,9,26
NEClayton,NFulton,143,49,5,38,61,3,181,110,8,197,102,299
NEClayton,Roswell,127,30,7,25,59,2,152,89,9,164,86,250
NEClayton,SandySprings,535,127,67,73,136,6,608,263,73,729,215,944
NEClayton,Buckhead,1066,307,119,196,600,20,1262,907,139,1492,816,2308
NEClayton,NWAtlanta,787,162,34,231,697,23,1018,859,57,983,951,1934
NEClayton,NEAtlanta,2230,499,212,838,2085,106,3068,2584,318,2941,3029,5970
NEClayton,SWAtlanta,1083,235,37,648,1330,35,1731,1565,72,1355,2013,3368
NEClayton,CBDAtlanta,2404,573,571,937,2767,315,3341,3340,886,3548,4019,7567
NEClayton,SEAtlanta,3092,739,60,4019,9593,165,7111,10332,225,3891,13777,17668
NEClayton,SFulton,734,149,6,244,442,2,978,591,8,889,688,1577
NEClayton,Tri-Cities,4264,965,102,3264,6256,131,7528,7221,233,5331,9651,14982
NEClayton,Shannon,1783,314,17,1134,2845,21,2917,3159,38,2114,4000,6114
NEClayton,WCherokee,7,2,0,2,0,0,9,2,0,9,2,11
NEClayton,NCherokee,4,0,0,0,2,0,4,2,0,4,2,6
NEClayton,ECentCherokee,36,11,0,8,9,0,44,20,0,47,17,64
NEClayton,Woodstock,72,18,1,14,74,0,86,92,1,91,88,179
NEClayton,Airport,3398,657,99,3033,4298,53,6431,4955,152,4154,7384,11538
NEClayton,NEClayton,27120,5488,348,53258,108741,958,80378,114229,1306,32956,162957,195913
NEClayton,Riverdale,5302,1019,62,7380,16536,214,12682,17555,276,6383,24130,30513
NEClayton,SClayton,8186,1633,113,10968,24172,302,19154,25805,415,9932,35442,45374
NEClayton,NWCobb,162,50,2,37,96,0,199,146,2,214,133,347
NEClayton,NECobb,192,63,5,54,79,0,246,142,5,260,133,393
NEClayton,SWCobb,134,24,0,22,84,0,156,108,0,158,106,264
NEClayton,Marietta,160,67,9,28,68,2,188,135,11,236,98,334
NEClayton,Cumberland,748,194,16,119,265,9,867,459,25,958,393,1351
NEClayton,SCobb,367,78,0,78,148,1,445,226,1,445,227,672
NEClayton,Chamblee,729,181,43,109,314,9,838,495,52,953,432,1385
NEClayton,NWDeKalb,979,224,51,453,903,59,1432,1127,110,1254,1415,2669
NEClayton,NEDeKalb,971,191,8,269,528,6,1240,719,14,1170,803,1973
NEClayton,Atlanta-DeKalb,390,83,9,329,682,17,719,765,26,482,1028,1510
NEClayton,Decatur,298,51,12,150,273,11,448,324,23,361,434,795
NEClayton,SWDeKalb,1380,267,24,938,2321,27,2318,2588,51,1671,3286,4957
NEClayton,SEDeKalb,883,151,8,316,817,2,1199,968,10,1042,1135,2177
NEClayton,SDeKalb,3047,637,19,3148,8048,44,6195,8685,63,3703,11240,14943
NEClayton,WDouglas,209,46,0,40,77,0,249,123,0,255,117,372
NEClayton,EDouglas,328,57,1,79,143,0,407,200,1,386,222,608
NEClayton,WFayette,752,147,0,206,475,9,958,622,9,899,690,1589
NEClayton,EFayette,1726,315,11,1023,2258,43,2749,2573,54,2052,3324,5376
NEClayton,NGwinnett,119,38,1,19,35,0,138,73,1,158,54,212
NEClayton,CentGwinnett,274,50,1,54,167,1,328,217,2,325,222,547
NEClayton,EGwinnett,89,19,0,21,19,0,110,38,0,108,40,148
NEClayton,Norcross,393,75,6,76,141,0,469,216,6,474,217,691
NEClayton,Lilburn,254,38,0,51,127,0,305,165,0,292,178,470
NEClayton,Snellville,321,43,0,55,70,1,376,113,1,364,126,490
NEClayton,NHenry,6118,1110,26,7372,18859,99,13490,19969,125,7254,26330,33584
NEClayton,EHenry,1793,329,4,684,1665,9,2477,1994,13,2126,2358,4484
NEClayton,SHenry,3979,672,14,1542,3394,73,5521,4066,87,4665,5009,9674
NEClayton,SRockdale,651,116,0,249,531,2,900,647,2,767,782,1549
NEClayton,NRockdale,379,65,0,79,189,0,458,254,0,444,268,712
NEClayton,NBarrow,17,2,0,2,2,0,19,4,0,19,4,23
NEClayton,SBarrow,12,1,0,3,5,0,15,6,0,13,8,21
NEClayton,NWBartow,1,0,0,0,1,0,1,1,0,1,1,2
NEClayton,NEBartow,0,0,0,0,1,0,0,1,0,0,1,1
NEClayton,SWBartow,6,1,0,0,3,0,6,4,0,7,3,10
NEClayton,Cartersville,11,4,0,6,27,0,17,31,0,15,33,48
NEClayton,NECarroll,23,8,0,12,14,0,35,22,0,31,26,57
NEClayton,WCarroll,4,1,0,4,8,0,8,9,0,5,12,17
NEClayton,CentralCarroll,44,7,0,22,17,0,66,24,0,51,39,90
NEClayton,SECarroll,15,3,0,8,3,0,23,6,0,18,11,29
NEClayton,WCoweta,166,25,0,23,51,0,189,76,0,191,74,265
NEClayton,NCoweta,694,112,2,137,206,3,831,318,5,808,346,1154
NEClayton,SCoweta,78,7,0,16,27,0,94,34,0,85,43,128
NEClayton,SECoweta,170,27,0,59,79,0,229,106,0,197,138,335
NEClayton,NForsyth,14,3,0,2,15,1,16,18,1,17,18,35
NEClayton,Cumming,39,13,0,7,24,0,46,37,0,52,31,83
NEClayton,SForsyth,40,11,0,21,10,0,61,21,0,51,31,82
NEClayton,NHall,1,1,0,0,0,0,1,1,0,2,0,2
NEClayton,Gainesville,1,2,0,0,1,0,1,3,0,3,1,4
NEClayton,SHall,13,3,0,4,14,0,17,17,0,16,18,34
NEClayton,WNewton,682,136,0,125,229,1,807,365,1,818,355,1173
NEClayton,ENewton,52,6,0,11,57,0,63,63,0,58,68,126
NEClayton,NPaulding,20,8,0,5,25,0,25,33,0,28,30,58
NEClayton,WPaulding,15,3,0,2,14,0,17,17,0,18,16,34
NEClayton,EPaulding,118,24,0,34,66,0,152,90,0,142,100,242
NEClayton,NSpalding,541,101,1,116,196,7,657,297,8,643,319,962
NEClayton,SSpalding,290,46,1,58,113,0,348,159,1,337,171,508
NEClayton,WWalton,108,22,0,24,36,0,132,58,0,130,60,190
NEClayton,EWalton,41,6,0,18,14,0,59,20,0,47,32,79
Riverdale,NFulton,102,29,7,10,55,0,112,84,7,138,65,203
Riverdale,Roswell,74,25,5,8,20,0,82,45,5,104,28,132
Riverdale,SandySprings,399,119,92,40,102,12,439,221,104,610,154,764
Riverdale,Buckhead,802,248,153,109,324,18,911,572,171,1203,451,1654
Riverdale,NWAtlanta,550,118,46,104,411,21,654,529,67,714,536,1250
Riverdale,NEAtlanta,1642,388,325,353,1079,115,1995,1467,440,2355,1547,3902
Riverdale,SWAtlanta,797,178,36,445,1046,46,1242,1224,82,1011,1537,2548
Riverdale,CBDAtlanta,1948,450,948,454,1457,295,2402,1907,1243,3346,2206,5552
Riverdale,SEAtlanta,1242,261,16,835,2126,48,2077,2387,64,1519,3009,4528
Riverdale,SFulton,524,110,2,280,735,2,804,845,4,636,1017,1653
Riverdale,Tri-Cities,2624,522,41,1864,4492,56,4488,5014,97,3187,6412,9599
Riverdale,Shannon,2437,466,13,3785,10496,46,6222,10962,59,2916,14327,17243
Riverdale,WCherokee,1,1,0,0,9,0,1,10,0,2,9,11
Riverdale,NCherokee,0,0,0,1,0,0,1,0,0,0,1,1
Riverdale,ECentCherokee,15,5,0,7,26,0,22,31,0,20,33,53
Riverdale,Woodstock,26,9,0,8,41,0,34,50,0,35,49,84
Riverdale,Airport,3576,631,123,3618,6939,61,7194,7570,184,4330,10618,14948
Riverdale,NEClayton,5026,1072,62,7314,17016,232,12340,18088,294,6160,24562,30722
Riverdale,Riverdale,11985,2477,88,34513,73171,502,46498,75648,590,14550,108186,122736
Riverdale,SClayton,4231,887,41,6619,17514,112,10850,18401,153,5159,24245,29404
Riverdale,NWCobb,91,20,0,21,55,2,112,75,2,111,78,189
Riverdale,NECobb,127,33,2,24,82,1,151,115,3,162,107,269
Riverdale,SWCobb,55,13,0,17,37,0,72,50,0,68,54,122
Riverdale,Marietta,136,38,4,39,23,4,175,61,8,178,66,244
Riverdale,Cumberland,720,139,24,98,184,4,818,323,28,883,286,1169
Riverdale,SCobb,323,45,0,70,154,1,393,199,1,368,225,593
Riverdale,Chamblee,487,125,70,46,120,7,533,245,77,682,173,855
Riverdale,NWDeKalb,563,128,58,158,309,81,721,437,139,749,548,1297
Riverdale,NEDeKalb,436,56,11,68,243,5,504,299,16,503,316,819
Riverdale,Atlanta-DeKalb,170,22,13,46,117,2,216,139,15,205,165,370
Riverdale,Decatur,125,26,13,28,50,10,153,76,23,164,88,252
Riverdale,SWDeKalb,416,77,16,177,366,6,593,443,22,509,549,1058
Riverdale,SEDeKalb,233,30,3,67,241,2,300,271,5,266,310,576
Riverdale,SDeKalb,483,109,2,310,751,1,793,860,3,594,1062,1656
Riverdale,WDouglas,127,21,0,42,95,0,169,116,0,148,137,285
Riverdale,EDouglas,203,32,1,71,113,0,274,145,1,236,184,420
Riverdale,WFayette,947,173,0,514,1210,1,1461,1383,1,1120,1725,2845
Riverdale,EFayette,2813,576,6,4160,10507,15,6973,11083,21,3395,14682,18077
Riverdale,NGwinnett,23,5,0,4,31,0,27,36,0,28,35,63
Riverdale,CentGwinnett,68,30,1,19,78,0,87,108,1,99,97,196
Riverdale,EGwinnett,17,2,1,3,7,0,20,9,1,20,10,30
Riverdale,Norcross,195,57,5,21,92,0,216,149,5,257,113,370
Riverdale,Lilburn,83,8,0,23,70,0,106,78,0,91,93,184
Riverdale,Snellville,51,13,0,18,26,0,69,39,0,64,44,108
Riverdale,NHenry,1058,221,2,878,2225,4,1936,2446,6,1281,3107,4388
Riverdale,EHenry,378,63,1,139,385,0,517,448,1,442,524,966
Riverdale,SHenry,1100,206,2,507,1375,1,1607,1581,3,1308,1883,3191
Riverdale,SRockdale,109,17,0,38,64,0,147,81,0,126,102,228
Riverdale,NRockdale,71,21,0,16,59,0,87,80,0,92,75,167
Riverdale,NBarrow,1,1,0,0,8,0,1,9,0,2,8,10
Riverdale,SBarrow,1,0,0,1,10,0,2,10,0,1,11,12
Riverdale,NWBartow,1,0,0,0,0,0,1,0,0,1,0,1
Riverdale,NEBartow,0,0,0,0,0,0,0,0,0,0,0,0
Riverdale,SWBartow,0,0,0,1,1,0,1,1,0,0,2,2
Riverdale,Cartersville,7,2,0,2,0,0,9,2,0,9,2,11
Riverdale,NECarroll,21,4,0,6,15,0,27,19,0,25,21,46
Riverdale,WCarroll,2,1,0,2,5,0,4,6,0,3,7,10
Riverdale,CentralCarroll,32,3,0,13,27,0,45,30,0,35,40,75
Riverdale,SECarroll,1,0,0,4,0,0,5,0,0,1,4,5
Riverdale,WCoweta,79,13,0,22,60,0,101,73,0,92,82,174
Riverdale,NCoweta,599,101,0,171,453,1,770,554,1,700,625,1325
Riverdale,SCoweta,43,8,0,19,32,0,62,40,0,51,51,102
Riverdale,SECoweta,128,28,0,64,175,0,192,203,0,156,239,395
Riverdale,NForsyth,6,0,0,1,2,0,7,2,0,6,3,9
Riverdale,Cumming,5,1,0,6,5,0,11,6,0,6,11,17
Riverdale,SForsyth,19,2,0,8,10,0,27,12,0,21,18,39
Riverdale,NHall,0,0,0,0,9,0,0,9,0,0,9,9
Riverdale,Gainesville,2,0,0,1,0,0,3,0,0,2,1,3
Riverdale,SHall,1,1,0,1,2,0,2,3,0,2,3,5
Riverdale,WNewton,118,30,0,38,140,0,156,170,0,148,178,326
Riverdale,ENewton,7,0,0,2,26,0,9,26,0,7,28,35
Riverdale,NPaulding,10,5,0,4,2,0,14,7,0,15,6,21
Riverdale,WPaulding,4,0,0,4,12,0,8,12,0,4,16,20
Riverdale,EPaulding,54,6,0,20,61,0,74,67,0,60,81,141
Riverdale,NSpalding,215,48,0,80,199,0,295,247,0,263,279,542
Riverdale,SSpalding,137,17,0,40,69,0,177,86,0,154,109,263
Riverdale,WWalton,23,3,0,9,12,0,32,15,0,26,21,47
Riverdale,EWalton,11,0,0,4,5,0,15,5,0,11,9,20
SClayton,NFulton,73,22,2,20,34,1,93,56,3,97,55,152
SClayton,Roswell,49,14,2,17,29,0,66,43,2,65,46,111
SClayton,SandySprings,341,101,32,38,166,5,379,267,37,474,209,683
SClayton,Buckhead,568,183,55,96,287,23,664,470,78,806,406,1212
SClayton,NWAtlanta,406,97,11,59,257,2,465,354,13,514,318,832
SClayton,NEAtlanta,1120,274,70,239,625,17,1359,899,87,1464,881,2345
SClayton,SWAtlanta,487,107,14,183,425,5,670,532,19,608,613,1221
SClayton,CBDAtlanta,1450,347,313,317,1027,87,1767,1374,400,2110,1431,3541
SClayton,SEAtlanta,1015,225,7,451,1124,17,1466,1349,24,1247,1592,2839
SClayton,SFulton,365,61,3,112,185,0,477,246,3,429,297,726
SClayton,Tri-Cities,1931,407,21,554,1240,5,2485,1647,26,2359,1799,4158
SClayton,Shannon,1198,193,1,796,1746,0,1994,1939,1,1392,2542,3934
SClayton,WCherokee,1,2,0,0,5,0,1,7,0,3,5,8
SClayton,NCherokee,1,0,0,0,0,0,1,0,0,1,0,1
SClayton,ECentCherokee,16,2,0,6,2,0,22,4,0,18,8,26
SClayton,Woodstock,21,3,0,9,32,0,30,35,0,24,41,65
SClayton,Airport,1466,314,35,535,886,7,2001,1200,42,1815,1428,3243
SClayton,NEClayton,7905,1565,125,11034,24061,312,18939,25626,437,9595,35407,45002
SClayton,Riverdale,4237,843,36,6545,17899,112,10782,18742,148,5116,24556,29672
SClayton,SClayton,19572,3753,187,39597,80097,333,59169,83850,520,23512,120027,143539
SClayton,NWCobb,59,25,0,18,65,0,77,90,0,84,83,167
SClayton,NECobb,101,37,0,27,85,0,128,122,0,138,112,250
SClayton,SWCobb,65,6,0,8,5,0,73,11,0,71,13,84
SClayton,Marietta,129,39,1,28,77,2,157,116,3,169,107,276
SClayton,Cumberland,512,173,6,61,112,3,573,285,9,691,176,867
SClayton,SCobb,209,39,0,41,101,0,250,140,0,248,142,390
SClayton,Chamblee,347,105,17,54,146,3,401,251,20,469,203,672
SClayton,NWDeKalb,451,133,17,157,298,24,608,431,41,601,479,1080
SClayton,NEDeKalb,391,74,1,101,246,1,492,320,2,466,348,814
SClayton,Atlanta-DeKalb,114,32,5,47,123,0,161,155,5,151,170,321
SClayton,Decatur,108,17,3,34,89,4,142,106,7,128,127,255
SClayton,SWDeKalb,389,64,2,151,304,0,540,368,2,455,455,910
SClayton,SEDeKalb,200,40,1,66,168,0,266,208,1,241,234,475
SClayton,SDeKalb,789,137,4,387,955,4,1176,1092,8,930,1346,2276
SClayton,WDouglas,92,22,0,28,56,0,120,78,0,114,84,198
SClayton,EDouglas,158,33,0,35,57,0,193,90,0,191,92,283
SClayton,WFayette,1518,273,0,722,1824,2,2240,2097,2,1791,2548,4339
SClayton,EFayette,4183,868,10,4720,11780,9,8903,12648,19,5061,16509,21570
SClayton,NGwinnett,27,5,0,13,11,0,40,16,0,32,24,56
SClayton,CentGwinnett,80,16,0,35,41,0,115,57,0,96,76,172
SClayton,EGwinnett,12,4,0,5,37,0,17,41,0,16,42,58
SClayton,Norcross,205,36,2,38,124,0,243,160,2,243,162,405
SClayton,Lilburn,78,8,0,22,64,0,100,72,0,86,86,172
SClayton,Snellville,74,7,0,21,39,0,95,46,0,81,60,141
SClayton,NHenry,4318,859,7,6683,15563,14,11001,16422,21,5184,22260,27444
SClayton,EHenry,1109,222,3,547,1618,4,1656,1840,7,1334,2169,3503
SClayton,SHenry,5077,1009,19,4376,11586,48,9453,12595,67,6105,16010,22115
SClayton,SRockdale,272,47,0,113,273,0,385,320,0,319,386,705
SClayton,NRockdale,199,47,0,41,121,0,240,168,0,246,162,408
SClayton,NBarrow,2,1,0,1,3,0,3,4,0,3,4,7
SClayton,SBarrow,6,0,0,2,2,0,8,2,0,6,4,10
SClayton,NWBartow,1,0,0,0,0,0,1,0,0,1,0,1
SClayton,NEBartow,0,0,0,1,0,0,1,0,0,0,1,1
SClayton,SWBartow,0,0,0,0,3,0,0,3,0,0,3,3
SClayton,Cartersville,1,0,0,1,6,0,2,6,0,1,7,8
SClayton,NECarroll,8,2,0,6,2,0,14,4,0,10,8,18
SClayton,WCarroll,2,1,0,1,0,0,3,1,0,3,1,4
SClayton,CentralCarroll,25,5,0,10,16,0,35,21,0,30,26,56
SClayton,SECarroll,5,3,0,4,7,0,9,10,0,8,11,19
SClayton,WCoweta,71,9,0,21,9,0,92,18,0,80,30,110
SClayton,NCoweta,571,108,0,141,389,2,712,497,2,679,532,1211
SClayton,SCoweta,50,9,0,16,36,0,66,45,0,59,52,111
SClayton,SECoweta,258,60,0,78,204,1,336,264,1,318,283,601
SClayton,NForsyth,2,0,0,0,0,0,2,0,0,2,0,2
SClayton,Cumming,6,1,0,2,5,0,8,6,0,7,7,14
SClayton,SForsyth,14,5,0,2,13,0,16,18,0,19,15,34
SClayton,NHall,0,0,0,0,0,0,0,0,0,0,0,0
SClayton,Gainesville,0,0,0,0,1,0,0,1,0,0,1,1
SClayton,SHall,1,0,0,1,0,0,2,0,0,1,1,2
SClayton,WNewton,378,61,0,65,182,0,443,243,0,439,247,686
SClayton,ENewton,17,4,0,11,18,0,28,22,0,21,29,50
SClayton,NPaulding,0,1,0,4,6,0,4,7,0,1,10,11
SClayton,WPaulding,3,1,0,0,2,0,3,3,0,4,2,6
SClayton,EPaulding,32,11,0,13,22,0,45,33,0,43,35,78
SClayton,NSpalding,1064,215,4,598,1386,2,1662,1601,6,1283,1986,3269
SClayton,SSpalding,561,94,1,188,360,1,749,454,2,656,549,1205
SClayton,WWalton,34,6,0,11,19,0,45,25,0,40,30,70
SClayton,EWalton,24,2,0,11,7,0,35,9,0,26,18,44
NWCobb,NFulton,1508,285,8,492,1104,23,2000,1389,31,1801,1619,3420
NWCobb,Roswell,1187,259,2,517,1261,27,1704,1520,29,1448,1805,3253
NWCobb,SandySprings,2576,442,37,475,879,9,3051,1321,46,3055,1363,4418
NWCobb,Buckhead,2259,439,54,412,997,25,2671,1436,79,2752,1434,4186
NWCobb,NWAtlanta,809,180,18,145,361,8,954,541,26,1007,514,1521
NWCobb,NEAtlanta,1600,359,102,212,608,35,1812,967,137,2061,855,2916
NWCobb,SWAtlanta,558,109,15,127,195,11,685,304,26,682,333,1015
NWCobb,CBDAtlanta,1191,310,242,125,513,23,1316,823,265,1743,661,2404
NWCobb,SEAtlanta,279,83,13,75,142,7,354,225,20,375,224,599
NWCobb,SFulton,289,54,0,95,118,1,384,172,1,343,214,557
NWCobb,Tri-Cities,378,94,10,65,125,8,443,219,18,482,198,680
NWCobb,Shannon,179,28,3,60,63,5,239,91,8,210,128,338
NWCobb,WCherokee,752,123,1,330,715,8,1082,838,9,876,1053,1929
NWCobb,NCherokee,280,43,0,111,173,2,391,216,2,323,286,609
NWCobb,ECentCherokee,3880,770,4,2220,4740,129,6100,5510,133,4654,7089,11743
NWCobb,Woodstock,14024,2507,42,16079,39711,296,30103,42218,338,16573,56086,72659
NWCobb,Airport,166,32,22,12,31,0,178,63,22,220,43,263
NWCobb,NEClayton,163,55,2,29,106,0,192,161,2,220,135,355
NWCobb,Riverdale,73,20,0,25,62,2,98,82,2,93,89,182
NWCobb,SClayton,56,19,0,15,38,0,71,57,0,75,53,128
NWCobb,NWCobb,77452,14443,430,144290,289218,1376,221742,303661,1806,92325,434884,527209
NWCobb,NECobb,13420,2374,70,14314,28540,225,27734,30914,295,15864,43079,58943
NWCobb,SWCobb,5286,1053,2,6753,18478,45,12039,19531,47,6341,25276,31617
NWCobb,Marietta,12709,2277,165,13842,26881,364,26551,29158,529,15151,41087,56238
NWCobb,Cumberland,8631,1515,158,2521,5250,187,11152,6765,345,10304,7958,18262
NWCobb,SCobb,2554,475,13,1542,3985,11,4096,4460,24,3042,5538,8580
NWCobb,Chamblee,1596,292,30,213,484,14,1809,776,44,1918,711,2629
NWCobb,NWDeKalb,598,125,29,132,127,24,730,252,53,752,283,1035
NWCobb,NEDeKalb,461,89,5,92,218,8,553,307,13,555,318,873
NWCobb,Atlanta-DeKalb,100,19,3,25,58,5,125,77,8,122,88,210
NWCobb,Decatur,91,22,12,20,30,1,111,52,13,125,51,176
NWCobb,SWDeKalb,133,44,5,41,102,6,174,146,11,182,149,331
NWCobb,SEDeKalb,78,18,1,33,31,3,111,49,4,97,67,164
NWCobb,SDeKalb,119,51,1,43,87,3,162,138,4,171,133,304
NWCobb,WDouglas,534,92,0,186,394,3,720,486,3,626,583,1209
NWCobb,EDouglas,1319,240,0,368,928,7,1687,1168,7,1559,1303,2862
NWCobb,WFayette,47,7,0,19,41,1,66,48,1,54,61,115
NWCobb,EFayette,54,5,0,15,25,0,69,30,0,59,40,99
NWCobb,NGwinnett,167,18,1,83,178,3,250,196,4,186,264,450
NWCobb,CentGwinnett,358,55,0,125,145,4,483,200,4,413,274,687
NWCobb,EGwinnett,65,5,0,11,21,0,76,26,0,70,32,102
NWCobb,Norcross,769,140,1,155,271,10,924,411,11,910,436,1346
NWCobb,Lilburn,118,16,0,48,79,0,166,95,0,134,127,261
NWCobb,Snellville,81,8,1,56,38,4,137,46,5,90,98,188
NWCobb,NHenry,57,12,0,16,38,2,73,50,2,69,56,125
NWCobb,EHenry,21,6,0,9,10,0,30,16,0,27,19,46
NWCobb,SHenry,38,14,0,15,48,0,53,62,0,52,63,115
NWCobb,SRockdale,9,7,0,11,13,0,20,20,0,16,24,40
NWCobb,NRockdale,25,6,0,17,54,1,42,60,1,31,72,103
NWCobb,NBarrow,12,2,0,6,2,0,18,4,0,14,8,22
NWCobb,SBarrow,16,1,0,5,9,0,21,10,0,17,14,31
NWCobb,NWBartow,741,131,0,163,469,0,904,600,0,872,632,1504
NWCobb,NEBartow,626,97,0,235,493,1,861,590,1,723,729,1452
NWCobb,SWBartow,1229,207,0,479,1253,3,1708,1460,3,1436,1735,3171
NWCobb,Cartersville,6094,1103,2,4403,10216,39,10497,11319,41,7199,14658,21857
NWCobb,NECarroll,262,45,0,65,79,0,327,124,0,307,144,451
NWCobb,WCarroll,14,4,0,8,23,0,22,27,0,18,31,49
NWCobb,CentralCarroll,122,19,0,34,94,0,156,113,0,141,128,269
NWCobb,SECarroll,13,3,0,5,37,0,18,40,0,16,42,58
NWCobb,WCoweta,14,1,0,4,14,0,18,15,0,15,18,33
NWCobb,NCoweta,65,14,1,32,52,1,97,66,2,80,85,165
NWCobb,SCoweta,2,0,0,2,16,0,4,16,0,2,18,20
NWCobb,SECoweta,5,2,0,7,10,0,12,12,0,7,17,24
NWCobb,NForsyth,261,41,0,85,178,0,346,219,0,302,263,565
NWCobb,Cumming,458,65,0,200,255,9,658,320,9,523,464,987
NWCobb,SForsyth,302,55,0,96,124,1,398,179,1,357,221,578
NWCobb,NHall,14,0,0,1,10,0,15,10,0,14,11,25
NWCobb,Gainesville,22,2,0,6,22,0,28,24,0,24,28,52
NWCobb,SHall,23,5,0,6,33,0,29,38,0,28,39,67
NWCobb,WNewton,19,3,1,7,8,0,26,11,1,23,15,38
NWCobb,ENewton,2,0,0,0,0,0,2,0,0,2,0,2
NWCobb,NPaulding,4883,935,0,5402,14724,17,10285,15659,17,5818,20143,25961
NWCobb,WPaulding,560,88,0,210,453,0,770,541,0,648,663,1311
NWCobb,EPaulding,6261,1126,0,4812,12764,11,11073,13890,11,7387,17587,24974
NWCobb,NSpalding,3,2,0,1,2,0,4,4,0,5,3,8
NWCobb,SSpalding,2,0,0,0,0,0,2,0,0,2,0,2
NWCobb,WWalton,9,3,0,5,4,0,14,7,0,12,9,21
NWCobb,EWalton,3,0,0,3,0,0,6,0,0,3,3,6
NECobb,NFulton,5217,914,30,3612,8815,19,8829,9729,49,6161,12446,18607
NECobb,Roswell,5731,997,37,7241,17933,21,12972,18930,58,6765,25195,31960
NECobb,SandySprings,7563,1279,114,6669,13431,97,14232,14710,211,8956,20197,29153
NECobb,Buckhead,3429,504,163,1345,2728,49,4774,3232,212,4096,4122,8218
NECobb,NWAtlanta,945,184,32,280,567,7,1225,751,39,1161,854,2015
NECobb,NEAtlanta,2077,402,164,483,926,51,2560,1328,215,2643,1460,4103
NECobb,SWAtlanta,598,107,17,175,410,10,773,517,27,722,595,1317
NECobb,CBDAtlanta,1429,316,420,268,651,71,1697,967,491,2165,990,3155
NECobb,SEAtlanta,335,70,21,91,239,5,426,309,26,426,335,761
NECobb,SFulton,253,40,0,52,126,0,305,166,0,293,178,471
NECobb,Tri-Cities,424,114,15,59,204,3,483,318,18,553,266,819
NECobb,Shannon,190,40,5,59,101,1,249,141,6,235,161,396
NECobb,WCherokee,568,85,0,193,408,1,761,493,1,653,602,1255
NECobb,NCherokee,243,50,0,66,237,0,309,287,0,293,303,596
NECobb,ECentCherokee,3710,638,3,1680,4677,0,5390,5315,3,4351,6357,10708
NECobb,Woodstock,8791,1525,10,9201,23230,3,17992,24755,13,10326,32434,42760
NECobb,Airport,169,31,32,10,11,0,179,42,32,232,21,253
NECobb,NEClayton,213,69,2,43,123,1,256,192,3,284,167,451
NECobb,Riverdale,118,24,2,28,53,1,146,77,3,144,82,226
NECobb,SClayton,108,28,0,21,77,0,129,105,0,136,98,234
NECobb,NWCobb,13811,2612,62,14412,28691,238,28223,31303,300,16485,43341,59826
NECobb,NECobb,45767,8071,62,99525,187958,75,145292,196029,137,53900,287558,341458
NECobb,SWCobb,1831,344,0,963,2313,0,2794,2657,0,2175,3276,5451
NECobb,Marietta,12095,2222,145,16731,29000,402,28826,31222,547,14462,46133,60595
NECobb,Cumberland,12647,2074,195,11637,22426,141,24284,24500,336,14916,34204,49120
NECobb,SCobb,1941,326,9,1247,2839,48,3188,3165,57,2276,4134,6410
NECobb,Chamblee,3479,584,75,1719,3725,35,5198,4309,110,4138,5479,9617
NECobb,NWDeKalb,957,165,61,319,530,65,1276,695,126,1183,914,2097
NECobb,NEDeKalb,934,169,2,252,520,2,1186,689,4,1105,774,1879
NECobb,Atlanta-DeKalb,115,27,16,35,87,2,150,114,18,158,124,282
NECobb,Decatur,116,22,12,26,58,5,142,80,17,150,89,239
NECobb,SWDeKalb,232,52,10,69,102,0,301,154,10,294,171,465
NECobb,SEDeKalb,194,47,0,60,68,1,254,115,1,241,129,370
NECobb,SDeKalb,211,45,0,51,125,0,262,170,0,256,176,432
NECobb,WDouglas,324,54,0,64,134,0,388,188,0,378,198,576
NECobb,EDouglas,644,96,0,147,263,0,791,359,0,740,410,1150
NECobb,WFayette,65,8,0,14,40,0,79,48,0,73,54,127
NECobb,EFayette,87,7,0,23,54,0,110,61,0,94,77,171
NECobb,NGwinnett,541,80,0,102,203,0,643,283,0,621,305,926
NECobb,CentGwinnett,987,147,3,235,410,0,1222,557,3,1137,645,1782
NECobb,EGwinnett,178,27,0,29,42,0,207,69,0,205,71,276
NECobb,Norcross,1626,252,2,485,1199,2,2111,1451,4,1880,1686,3566
NECobb,Lilburn,311,46,0,79,299,0,390,345,0,357,378,735
NECobb,Snellville,256,34,0,48,94,0,304,128,0,290,142,432
NECobb,NHenry,110,20,0,26,37,1,136,57,1,130,64,194
NECobb,EHenry,42,9,0,5,17,0,47,26,0,51,22,73
NECobb,SHenry,72,25,0,13,65,0,85,90,0,97,78,175
NECobb,SRockdale,55,16,0,17,43,0,72,59,0,71,60,131
NECobb,NRockdale,65,11,0,16,11,0,81,22,0,76,27,103
NECobb,NBarrow,47,9,0,13,38,0,60,47,0,56,51,107
NECobb,SBarrow,28,6,0,6,12,0,34,18,0,34,18,52
NECobb,NWBartow,238,28,0,51,106,0,289,134,0,266,157,423
NECobb,NEBartow,201,34,0,66,123,0,267,157,0,235,189,424
NECobb,SWBartow,348,62,0,91,303,0,439,365,0,410,394,804
NECobb,Cartersville,1231,211,1,321,734,0,1552,945,1,1443,1055,2498
NECobb,NECarroll,94,18,0,11,24,0,105,42,0,112,35,147
NECobb,WCarroll,8,1,0,3,7,0,11,8,0,9,10,19
NECobb,CentralCarroll,49,4,0,11,17,0,60,21,0,53,28,81
NECobb,SECarroll,7,0,0,5,2,0,12,2,0,7,7,14
NECobb,WCoweta,11,0,0,3,3,0,14,3,0,11,6,17
NECobb,NCoweta,77,8,0,26,28,0,103,36,0,85,54,139
NECobb,SCoweta,5,1,0,1,8,1,6,9,1,6,10,16
NECobb,SECoweta,12,0,0,3,0,0,15,0,0,12,3,15
NECobb,NForsyth,580,90,0,131,351,0,711,441,0,670,482,1152
NECobb,Cumming,1284,225,0,269,839,0,1553,1064,0,1509,1108,2617
NECobb,SForsyth,852,153,1,227,601,0,1079,754,1,1006,828,1834
NECobb,NHall,39,6,0,7,39,0,46,45,0,45,46,91
NECobb,Gainesville,98,11,0,26,68,0,124,79,0,109,94,203
NECobb,SHall,94,5,0,19,45,0,113,50,0,99,64,163
NECobb,WNewton,37,14,0,8,30,0,45,44,0,51,38,89
NECobb,ENewton,4,1,0,3,0,0,7,1,0,5,3,8
NECobb,NPaulding,804,150,0,262,580,0,1066,730,0,954,842,1796
NECobb,WPaulding,199,23,0,41,68,0,240,91,0,222,109,331
NECobb,EPaulding,1549,276,1,343,887,0,1892,1163,1,1826,1230,3056
NECobb,NSpalding,17,6,0,4,1,0,21,7,0,23,5,28
NECobb,SSpalding,4,4,0,2,0,0,6,4,0,8,2,10
NECobb,WWalton,49,7,0,8,14,0,57,21,0,56,22,78
NECobb,EWalton,16,5,0,4,3,0,20,8,0,21,7,28
SWCobb,NFulton,261,43,1,49,190,1,310,233,2,305,240,545
SWCobb,Roswell,242,37,0,65,129,0,307,166,0,279,194,473
SWCobb,SandySprings,899,161,3,201,367,10,1100,528,13,1063,578,1641
SWCobb,Buckhead,790,132,20,219,839,6,1009,971,26,942,1064,2006
SWCobb,NWAtlanta,750,139,9,271,661,5,1021,800,14,898,937,1835
SWCobb,NEAtlanta,733,119,26,259,764,20,992,883,46,878,1043,1921
SWCobb,SWAtlanta,770,145,6,354,843,13,1124,988,19,921,1210,2131
SWCobb,CBDAtlanta,777,121,104,207,517,50,984,638,154,1002,774,1776
SWCobb,SEAtlanta,256,45,2,71,200,3,327,245,5,303,274,577
SWCobb,SFulton,611,99,0,240,577,0,851,676,0,710,817,1527
SWCobb,Tri-Cities,336,61,2,73,215,2,409,276,4,399,290,689
SWCobb,Shannon,198,47,1,63,93,0,261,140,1,246,156,402
SWCobb,WCherokee,37,1,0,16,22,0,53,23,0,38,38,76
SWCobb,NCherokee,21,0,0,2,22,0,23,22,0,21,24,45
SWCobb,ECentCherokee,271,30,0,94,161,0,365,191,0,301,255,556
SWCobb,Woodstock,590,107,0,220,737,0,810,844,0,697,957,1654
SWCobb,Airport,174,22,17,19,10,0,193,32,17,213,29,242
SWCobb,NEClayton,131,20,0,21,66,0,152,86,0,151,87,238
SWCobb,Riverdale,64,12,0,17,34,0,81,46,0,76,51,127
SWCobb,SClayton,53,10,0,11,4,0,64,14,0,63,15,78
SWCobb,NWCobb,5350,1060,2,6844,17955,45,12194,19015,47,6412,24844,31256
SWCobb,NECobb,1792,346,0,959,2256,0,2751,2602,0,2138,3215,5353
SWCobb,SWCobb,14059,2616,0,32197,74129,5,46256,76745,5,16675,106331,123006
SWCobb,Marietta,4479,763,16,4546,13005,65,9025,13768,81,5258,17616,22874
SWCobb,Cumberland,4141,738,25,1749,4612,15,5890,5350,40,4904,6376,11280
SWCobb,SCobb,5759,1087,19,8873,23597,41,14632,24684,60,6865,32511,39376
SWCobb,Chamblee,593,113,10,128,295,2,721,408,12,716,425,1141
SWCobb,NWDeKalb,234,56,6,116,236,21,350,292,27,296,373,669
SWCobb,NEDeKalb,199,26,0,46,45,1,245,71,1,225,92,317
SWCobb,Atlanta-DeKalb,43,6,1,19,41,0,62,47,1,50,60,110
SWCobb,Decatur,46,12,4,14,5,4,60,17,8,62,23,85
SWCobb,SWDeKalb,121,17,0,31,72,0,152,89,0,138,103,241
SWCobb,SEDeKalb,35,13,0,13,62,0,48,75,0,48,75,123
SWCobb,SDeKalb,97,30,0,22,90,0,119,120,0,127,112,239
SWCobb,WDouglas,951,175,0,488,1380,0,1439,1555,0,1126,1868,2994
SWCobb,EDouglas,4285,802,10,4806,10572,1,9091,11374,11,5097,15379,20476
SWCobb,WFayette,90,9,0,17,22,0,107,31,0,99,39,138
SWCobb,EFayette,56,7,0,14,16,0,70,23,0,63,30,93
SWCobb,NGwinnett,42,5,0,17,19,0,59,24,0,47,36,83
SWCobb,CentGwinnett,135,11,0,35,76,0,170,87,0,146,111,257
SWCobb,EGwinnett,22,3,0,5,11,0,27,14,0,25,16,41
SWCobb,Norcross,298,52,0,45,96,0,343,148,0,350,141,491
SWCobb,Lilburn,31,10,0,15,27,0,46,37,0,41,42,83
SWCobb,Snellville,25,3,0,7,29,0,32,32,0,28,36,64
SWCobb,NHenry,39,5,0,15,20,0,54,25,0,44,35,79
SWCobb,EHenry,12,2,0,3,1,0,15,3,0,14,4,18
SWCobb,SHenry,27,3,0,5,18,0,32,21,0,30,23,53
SWCobb,SRockdale,23,1,0,3,6,0,26,7,0,24,9,33
SWCobb,NRockdale,20,7,0,9,12,0,29,19,0,27,21,48
SWCobb,NBarrow,2,2,0,2,0,0,4,2,0,4,2,6
SWCobb,SBarrow,3,1,0,0,2,0,3,3,0,4,2,6
SWCobb,NWBartow,59,7,0,15,28,0,74,35,0,66,43,109
SWCobb,NEBartow,45,10,0,24,26,0,69,36,0,55,50,105
SWCobb,SWBartow,104,18,0,36,67,0,140,85,0,122,103,225
SWCobb,Cartersville,440,78,0,147,311,0,587,389,0,518,458,976
SWCobb,NECarroll,232,47,0,59,125,0,291,172,0,279,184,463
SWCobb,WCarroll,26,3,0,6,12,0,32,15,0,29,18,47
SWCobb,CentralCarroll,125,10,0,38,73,0,163,83,0,135,111,246
SWCobb,SECarroll,14,4,0,6,30,0,20,34,0,18,36,54
SWCobb,WCoweta,33,5,0,9,25,0,42,30,0,38,34,72
SWCobb,NCoweta,138,22,0,41,55,0,179,77,0,160,96,256
SWCobb,SCoweta,7,2,0,8,5,0,15,7,0,9,13,22
SWCobb,SECoweta,15,1,0,2,7,0,17,8,0,16,9,25
SWCobb,NForsyth,18,3,0,7,19,0,25,22,0,21,26,47
SWCobb,Cumming,38,9,0,15,28,0,53,37,0,47,43,90
SWCobb,SForsyth,56,8,0,12,29,0,68,37,0,64,41,105
SWCobb,NHall,1,0,0,0,0,0,1,0,0,1,0,1
SWCobb,Gainesville,4,1,0,0,2,0,4,3,0,5,2,7
SWCobb,SHall,4,0,0,2,23,0,6,23,0,4,25,29
SWCobb,WNewton,10,0,0,10,23,0,20,23,0,10,33,43
SWCobb,ENewton,1,0,0,0,0,0,1,0,0,1,0,1
SWCobb,NPaulding,915,169,0,536,1812,0,1451,1981,0,1084,2348,3432
SWCobb,WPaulding,401,64,0,171,445,0,572,509,0,465,616,1081
SWCobb,EPaulding,6266,1121,0,6889,19634,3,13155,20755,3,7387,26526,33913
SWCobb,NSpalding,6,1,0,1,2,0,7,3,0,7,3,10
SWCobb,SSpalding,4,1,0,1,0,0,5,1,0,5,1,6
SWCobb,WWalton,7,0,0,3,1,0,10,1,0,7,4,11
SWCobb,EWalton,2,0,0,1,0,0,3,0,0,2,1,3
Marietta,NFulton,796,171,7,269,601,27,1065,772,34,974,897,1871
Marietta,Roswell,767,130,9,419,769,51,1186,899,60,906,1239,2145
Marietta,SandySprings,1973,332,66,917,1722,48,2890,2054,114,2371,2687,5058
Marietta,Buckhead,1824,297,111,712,1222,78,2536,1519,189,2232,2012,4244
Marietta,NWAtlanta,785,170,58,371,695,33,1156,865,91,1013,1099,2112
Marietta,NEAtlanta,1238,272,153,279,639,77,1517,911,230,1663,995,2658
Marietta,SWAtlanta,694,124,47,231,431,31,925,555,78,865,693,1558
Marietta,CBDAtlanta,780,154,213,126,312,90,906,466,303,1147,528,1675
Marietta,SEAtlanta,296,65,39,63,96,27,359,161,66,400,186,586
Marietta,SFulton,295,38,3,111,170,5,406,208,8,336,286,622
Marietta,Tri-Cities,359,65,34,83,94,31,442,159,65,458,208,666
Marietta,Shannon,267,47,8,79,118,25,346,165,33,322,222,544
Marietta,WCherokee,429,66,2,90,151,3,519,217,5,497,244,741
Marietta,NCherokee,149,24,0,48,129,0,197,153,0,173,177,350
Marietta,ECentCherokee,1940,283,13,526,945,28,2466,1228,41,2236,1499,3735
Marietta,Woodstock,3584,607,33,1658,3816,76,5242,4423,109,4224,5550,9774
Marietta,Airport,149,23,24,19,14,3,168,37,27,196,36,232
Marietta,NEClayton,160,51,9,34,58,2,194,109,11,220,94,314
Marietta,Riverdale,135,29,6,36,47,4,171,76,10,170,87,257
Marietta,SClayton,118,34,1,30,73,2,148,107,3,153,105,258
Marietta,NWCobb,13197,2337,169,13845,27712,343,27042,30049,512,15703,41900,57603
Marietta,NECobb,12331,2218,171,16672,28971,439,29003,31189,610,14720,46082,60802
Marietta,SWCobb,4725,806,16,4672,12832,65,9397,13638,81,5547,17569,23116
Marietta,Marietta,28050,5225,657,48305,78275,1549,76355,83500,2206,33932,128129,162061
Marietta,Cumberland,13607,2408,617,13060,24005,908,26667,26413,1525,16632,37973,54605
Marietta,SCobb,6727,1150,146,7569,18628,335,14296,19778,481,8023,26532,34555
Marietta,Chamblee,1270,238,63,322,590,37,1592,828,100,1571,949,2520
Marietta,NWDeKalb,435,88,17,109,214,21,544,302,38,540,344,884
Marietta,NEDeKalb,426,69,23,123,211,12,549,280,35,518,346,864
Marietta,Atlanta-DeKalb,105,17,15,21,23,15,126,40,30,137,59,196
Marietta,Decatur,83,15,9,12,84,5,95,99,14,107,101,208
Marietta,SWDeKalb,190,47,26,53,68,16,243,115,42,263,137,400
Marietta,SEDeKalb,149,31,8,47,41,21,196,72,29,188,109,297
Marietta,SDeKalb,172,42,12,47,123,12,219,165,24,226,182,408
Marietta,WDouglas,473,85,1,135,199,7,608,284,8,559,341,900
Marietta,EDouglas,1130,205,10,485,1009,16,1615,1214,26,1345,1510,2855
Marietta,WFayette,62,13,0,31,54,3,93,67,3,75,88,163
Marietta,EFayette,93,12,0,47,26,1,140,38,1,105,74,179
Marietta,NGwinnett,270,35,1,79,71,8,349,106,9,306,158,464
Marietta,CentGwinnett,409,57,4,129,186,10,538,243,14,470,325,795
Marietta,EGwinnett,115,13,0,23,50,1,138,63,1,128,74,202
Marietta,Norcross,561,101,13,175,253,31,736,354,44,675,459,1134
Marietta,Lilburn,195,32,3,62,62,8,257,94,11,230,132,362
Marietta,Snellville,143,16,0,61,30,7,204,46,7,159,98,257
Marietta,NHenry,90,22,0,33,28,4,123,50,4,112,65,177
Marietta,EHenry,43,15,1,15,10,0,58,25,1,59,25,84
Marietta,SHenry,82,27,0,29,55,1,111,82,1,109,85,194
Marietta,SRockdale,46,11,0,19,14,1,65,25,1,57,34,91
Marietta,NRockdale,51,14,0,13,22,2,64,36,2,65,37,102
Marietta,NBarrow,25,1,0,5,4,0,30,5,0,26,9,35
Marietta,SBarrow,30,2,0,4,4,0,34,6,0,32,8,40
Marietta,NWBartow,192,29,0,45,106,0,237,135,0,221,151,372
Marietta,NEBartow,172,24,0,51,138,0,223,162,0,196,189,385
Marietta,SWBartow,324,54,0,106,197,3,430,251,3,378,306,684
Marietta,Cartersville,1017,158,3,253,696,2,1270,854,5,1178,951,2129
Marietta,NECarroll,158,20,0,28,49,1,186,69,1,178,78,256
Marietta,WCarroll,14,1,0,5,10,0,19,11,0,15,15,30
Marietta,CentralCarroll,71,6,0,23,39,0,94,45,0,77,62,139
Marietta,SECarroll,12,3,0,5,7,0,17,10,0,15,12,27
Marietta,WCoweta,17,7,0,7,4,0,24,11,0,24,11,35
Marietta,NCoweta,142,25,1,39,52,3,181,77,4,168,94,262
Marietta,SCoweta,8,0,0,2,5,0,10,5,0,8,7,15
Marietta,SECoweta,22,3,0,6,2,0,28,5,0,25,8,33
Marietta,NForsyth,190,31,0,48,81,0,238,112,0,221,129,350
Marietta,Cumming,392,56,0,137,146,9,529,202,9,448,292,740
Marietta,SForsyth,206,32,0,53,80,8,259,112,8,238,141,379
Marietta,NHall,10,4,0,1,2,0,11,6,0,14,3,17
Marietta,Gainesville,21,1,0,13,20,0,34,21,0,22,33,55
Marietta,SHall,52,5,0,10,26,0,62,31,0,57,36,93
Marietta,WNewton,43,11,0,19,43,0,62,54,0,54,62,116
Marietta,ENewton,3,0,0,0,1,0,3,1,0,3,1,4
Marietta,NPaulding,1011,190,3,412,1086,4,1423,1276,7,1204,1502,2706
Marietta,WPaulding,280,42,0,90,137,0,370,179,0,322,227,549
Marietta,EPaulding,2673,482,0,1030,2549,11,3703,3031,11,3155,3590,6745
Marietta,NSpalding,11,2,0,6,4,0,17,6,0,13,10,23
Marietta,SSpalding,6,5,0,0,0,0,6,5,0,11,0,11
Marietta,WWalton,21,8,0,10,5,0,31,13,0,29,15,44
Marietta,EWalton,5,1,0,0,4,0,5,5,0,6,4,10
Cumberland,NFulton,2182,332,41,386,1039,14,2568,1371,55,2555,1439,3994
Cumberland,Roswell,2057,340,59,641,1208,34,2698,1548,93,2456,1883,4339
Cumberland,SandySprings,9033,1351,158,7083,10821,169,16116,12172,327,10542,18073,28615
Cumberland,Buckhead,8602,1385,374,8994,11629,291,17596,13014,665,10361,20914,31275
Cumberland,NWAtlanta,4663,1035,199,5080,7441,134,9743,8476,333,5897,12655,18552
Cumberland,NEAtlanta,5225,966,681,2371,3446,302,7596,4412,983,6872,6119,12991
Cumberland,SWAtlanta,3661,638,241,1748,3037,91,5409,3675,332,4540,4876,9416
Cumberland,CBDAtlanta,3495,664,926,1250,1854,345,4745,2518,1271,5085,3449,8534
Cumberland,SEAtlanta,1540,326,221,425,761,86,1965,1087,307,2087,1272,3359
Cumberland,SFulton,1327,177,11,406,774,6,1733,951,17,1515,1186,2701
Cumberland,Tri-Cities,1743,303,153,349,599,37,2092,902,190,2199,985,3184
Cumberland,Shannon,1339,184,37,197,442,12,1536,626,49,1560,651,2211
Cumberland,WCherokee,522,73,0,101,152,3,623,225,3,595,256,851
Cumberland,NCherokee,221,27,0,36,58,0,257,85,0,248,94,342
Cumberland,ECentCherokee,2421,392,8,325,624,5,2746,1016,13,2821,954,3775
Cumberland,Woodstock,3946,572,32,716,1662,10,4662,2234,42,4550,2388,6938
Cumberland,Airport,557,79,93,55,95,6,612,174,99,729,156,885
Cumberland,NEClayton,730,201,16,105,260,9,835,461,25,947,374,1321
Cumberland,Riverdale,660,124,20,74,227,3,734,351,23,804,304,1108
Cumberland,SClayton,479,146,6,64,110,3,543,256,9,631,177,808
Cumberland,NWCobb,8999,1529,155,2612,5103,181,11611,6632,336,10683,7896,18579
Cumberland,NECobb,13080,2204,196,11835,23163,136,24915,25367,332,15480,35134,50614
Cumberland,SWCobb,4287,690,27,1807,4723,15,6094,5413,42,5004,6545,11549
Cumberland,Marietta,13596,2390,624,13043,23529,913,26639,25919,1537,16610,37485,54095
Cumberland,Cumberland,81150,12382,2696,131527,164970,4051,212677,177352,6747,96228,300548,396776
Cumberland,SCobb,13205,2226,180,12942,28542,187,26147,30768,367,15611,41671,57282
Cumberland,Chamblee,5300,869,261,2057,3280,86,7357,4149,347,6430,5423,11853
Cumberland,NWDeKalb,1794,351,129,459,927,96,2253,1278,225,2274,1482,3756
Cumberland,NEDeKalb,1945,298,79,377,728,22,2322,1026,101,2322,1127,3449
Cumberland,Atlanta-DeKalb,512,119,78,115,301,27,627,420,105,709,443,1152
Cumberland,Decatur,347,62,72,71,143,19,418,205,91,481,233,714
Cumberland,SWDeKalb,854,201,120,139,307,20,993,508,140,1175,466,1641
Cumberland,SEDeKalb,725,181,77,106,188,14,831,369,91,983,308,1291
Cumberland,SDeKalb,871,254,47,129,388,8,1000,642,55,1172,525,1697
Cumberland,WDouglas,1275,180,8,205,403,0,1480,583,8,1463,608,2071
Cumberland,EDouglas,2483,413,14,684,1526,6,3167,1939,20,2910,2216,5126
Cumberland,WFayette,410,69,0,79,65,2,489,134,2,479,146,625
Cumberland,EFayette,403,50,1,69,105,0,472,155,1,454,174,628
Cumberland,NGwinnett,1212,173,7,154,259,8,1366,432,15,1392,421,1813
Cumberland,CentGwinnett,1795,274,14,253,401,10,2048,675,24,2083,664,2747
Cumberland,EGwinnett,485,69,1,62,182,0,547,251,1,555,244,799
Cumberland,Norcross,2355,381,54,496,1128,22,2851,1509,76,2790,1646,4436
Cumberland,Lilburn,815,113,10,124,249,5,939,362,15,938,378,1316
Cumberland,Snellville,665,94,4,76,205,5,741,299,9,763,286,1049
Cumberland,NHenry,486,122,8,68,213,4,554,335,12,616,285,901
Cumberland,EHenry,210,62,4,26,60,0,236,122,4,276,86,362
Cumberland,SHenry,391,96,2,51,94,1,442,190,3,489,146,635
Cumberland,SRockdale,261,71,1,27,63,1,288,134,2,333,91,424
Cumberland,NRockdale,202,54,6,28,49,0,230,103,6,262,77,339
Cumberland,NBarrow,142,15,0,23,19,0,165,34,0,157,42,199
Cumberland,SBarrow,90,11,0,21,39,0,111,50,0,101,60,161
Cumberland,NWBartow,211,39,0,28,47,0,239,86,0,250,75,325
Cumberland,NEBartow,191,28,1,47,96,0,238,124,1,220,143,363
Cumberland,SWBartow,349,58,0,84,171,0,433,229,0,407,255,662
Cumberland,Cartersville,1054,166,2,190,292,0,1244,458,2,1222,482,1704
Cumberland,NECarroll,369,51,0,44,157,0,413,208,0,420,201,621
Cumberland,WCarroll,22,3,0,15,3,0,37,6,0,25,18,43
Cumberland,CentralCarroll,207,26,0,39,119,0,246,145,0,233,158,391
Cumberland,SECarroll,36,6,0,10,19,0,46,25,0,42,29,71
Cumberland,WCoweta,131,20,0,19,35,0,150,55,0,151,54,205
Cumberland,NCoweta,695,84,2,95,163,2,790,247,4,781,260,1041
Cumberland,SCoweta,37,9,0,11,39,0,48,48,0,46,50,96
Cumberland,SECoweta,82,10,0,16,27,0,98,37,0,92,43,135
Cumberland,NForsyth,511,74,0,73,287,0,584,361,0,585,360,945
Cumberland,Cumming,1139,149,3,139,345,2,1278,494,5,1291,486,1777
Cumberland,SForsyth,607,109,1,98,280,4,705,389,5,717,382,1099
Cumberland,NHall,23,2,0,4,7,0,27,9,0,25,11,36
Cumberland,Gainesville,69,14,0,20,17,0,89,31,0,83,37,120
Cumberland,SHall,247,32,0,34,51,0,281,83,0,279,85,364
Cumberland,WNewton,284,76,3,18,108,1,302,184,4,363,127,490
Cumberland,ENewton,25,2,0,5,11,0,30,13,0,27,16,43
Cumberland,NPaulding,828,127,4,171,402,0,999,529,4,959,573,1532
Cumberland,WPaulding,360,54,0,80,109,0,440,163,0,414,189,603
Cumberland,EPaulding,2763,464,1,529,1494,2,3292,1958,3,3228,2025,5253
Cumberland,NSpalding,73,15,0,16,22,0,89,37,0,88,38,126
Cumberland,SSpalding,42,6,0,6,39,0,48,45,0,48,45,93
Cumberland,WWalton,123,22,0,19,44,0,142,66,0,145,63,208
Cumberland,EWalton,43,5,0,13,30,0,56,35,0,48,43,91
SCobb,NFulton,485,72,15,108,214,1,593,286,16,572,323,895
SCobb,Roswell,399,64,6,105,226,1,504,290,7,469,332,801
SCobb,SandySprings,2296,344,68,788,1765,20,3084,2109,88,2708,2573,5281
SCobb,Buckhead,2608,404,137,1413,3360,47,4021,3764,184,3149,4820,7969
SCobb,NWAtlanta,3040,596,65,3127,7184,99,6167,7780,164,3701,10410,14111
SCobb,NEAtlanta,2964,474,257,1132,2816,164,4096,3290,421,3695,4112,7807
SCobb,SWAtlanta,3349,593,75,4049,8409,112,7398,9002,187,4017,12570,16587
SCobb,CBDAtlanta,2812,447,759,974,2355,309,3786,2802,1068,4018,3638,7656
SCobb,SEAtlanta,935,181,33,425,1056,24,1360,1237,57,1149,1505,2654
SCobb,SFulton,1705,309,10,1464,3183,14,3169,3492,24,2024,4661,6685
SCobb,Tri-Cities,1157,200,29,468,1331,6,1625,1531,35,1386,1805,3191
SCobb,Shannon,675,146,6,236,464,3,911,610,9,827,703,1530
SCobb,WCherokee,75,13,0,15,108,0,90,121,0,88,123,211
SCobb,NCherokee,27,8,0,4,36,0,31,44,0,35,40,75
SCobb,ECentCherokee,404,51,0,97,238,2,501,289,2,455,337,792
SCobb,Woodstock,607,107,2,197,474,1,804,581,3,716,672,1388
SCobb,Airport,651,86,108,63,103,5,714,189,113,845,171,1016
SCobb,NEClayton,385,55,0,71,146,1,456,201,1,440,218,658
SCobb,Riverdale,330,46,0,81,113,0,411,159,0,376,194,570
SCobb,SClayton,195,46,0,44,107,0,239,153,0,241,151,392
SCobb,NWCobb,2559,458,11,1564,3989,14,4123,4447,25,3028,5567,8595
SCobb,NECobb,1949,293,6,1251,2651,49,3200,2944,55,2248,3951,6199
SCobb,SWCobb,6268,1169,22,8987,23764,40,15255,24933,62,7459,32791,40250
SCobb,Marietta,6725,1138,147,7493,18630,303,14218,19768,450,8010,26426,34436
SCobb,Cumberland,12549,2125,163,12865,28486,182,25414,30611,345,14837,41533,56370
SCobb,SCobb,27446,4948,268,63085,137864,753,90531,142812,1021,32662,201702,234364
SCobb,Chamblee,1521,259,54,312,771,8,1833,1030,62,1834,1091,2925
SCobb,NWDeKalb,864,138,64,249,649,41,1113,787,105,1066,939,2005
SCobb,NEDeKalb,569,97,11,119,275,7,688,372,18,677,401,1078
SCobb,Atlanta-DeKalb,246,53,14,91,274,4,337,327,18,313,369,682
SCobb,Decatur,168,25,23,61,201,8,229,226,31,216,270,486
SCobb,SWDeKalb,439,74,38,112,370,14,551,444,52,551,496,1047
SCobb,SEDeKalb,267,44,6,58,187,1,325,231,7,317,246,563
SCobb,SDeKalb,384,87,5,104,234,4,488,321,9,476,342,818
SCobb,WDouglas,1976,325,0,710,1923,1,2686,2248,1,2301,2634,4935
SCobb,EDouglas,6118,1093,22,8196,17542,39,14314,18635,61,7233,25777,33010
SCobb,WFayette,224,41,2,62,146,1,286,187,3,267,209,476
SCobb,EFayette,219,29,0,54,96,0,273,125,0,248,150,398
SCobb,NGwinnett,186,29,0,39,82,0,225,111,0,215,121,336
SCobb,CentGwinnett,346,51,3,100,212,1,446,263,4,400,313,713
SCobb,EGwinnett,67,11,0,12,35,0,79,46,0,78,47,125
SCobb,Norcross,599,84,2,130,325,0,729,409,2,685,455,1140
SCobb,Lilburn,122,16,0,43,68,0,165,84,0,138,111,249
SCobb,Snellville,130,18,1,38,90,0,168,108,1,149,128,277
SCobb,NHenry,188,29,0,37,108,0,225,137,0,217,145,362
SCobb,EHenry,85,17,1,8,33,0,93,50,1,103,41,144
SCobb,SHenry,201,31,1,38,49,0,239,80,1,233,87,320
SCobb,SRockdale,85,10,0,10,27,0,95,37,0,95,37,132
SCobb,NRockdale,85,18,0,26,56,1,111,74,1,103,83,186
SCobb,NBarrow,23,2,0,4,4,0,27,6,0,25,8,33
SCobb,SBarrow,10,1,0,5,3,0,15,4,0,11,8,19
SCobb,NWBartow,42,6,0,16,9,0,58,15,0,48,25,73
SCobb,NEBartow,41,2,0,20,55,0,61,57,0,43,75,118
SCobb,SWBartow,89,11,0,24,109,0,113,120,0,100,133,233
SCobb,Cartersville,251,40,0,67,175,0,318,215,0,291,242,533
SCobb,NECarroll,508,73,1,86,226,0,594,299,1,582,312,894
SCobb,WCarroll,54,3,0,17,23,0,71,26,0,57,40,97
SCobb,CentralCarroll,268,44,0,54,117,0,322,161,0,312,171,483
SCobb,SECarroll,42,7,0,10,30,0,52,37,0,49,40,89
SCobb,WCoweta,88,14,0,19,33,0,107,47,0,102,52,154
SCobb,NCoweta,371,67,0,82,180,0,453,247,0,438,262,700
SCobb,SCoweta,25,2,0,3,6,0,28,8,0,27,9,36
SCobb,SECoweta,43,6,0,6,22,0,49,28,0,49,28,77
SCobb,NForsyth,77,10,0,12,50,0,89,60,0,87,62,149
SCobb,Cumming,157,25,0,38,121,0,195,146,0,182,159,341
SCobb,SForsyth,104,21,0,30,32,0,134,53,0,125,62,187
SCobb,NHall,4,0,0,0,0,0,4,0,0,4,0,4
SCobb,Gainesville,10,1,0,2,6,0,12,7,0,11,8,19
SCobb,SHall,35,3,0,9,14,0,44,17,0,38,23,61
SCobb,WNewton,103,21,0,25,37,0,128,58,0,124,62,186
SCobb,ENewton,6,3,0,0,2,0,6,5,0,9,2,11
SCobb,NPaulding,505,95,0,192,502,0,697,597,0,600,694,1294
SCobb,WPaulding,334,56,0,111,228,0,445,284,0,390,339,729
SCobb,EPaulding,3195,587,0,1564,4841,2,4759,5428,2,3782,6407,10189
SCobb,NSpalding,27,7,0,7,14,0,34,21,0,34,21,55
SCobb,SSpalding,11,1,0,6,27,0,17,28,0,12,33,45
SCobb,WWalton,33,7,0,3,17,0,36,24,0,40,20,60
SCobb,EWalton,11,2,0,3,6,0,14,8,0,13,9,22
Chamblee,NFulton,5596,935,311,1759,4390,92,7355,5325,403,6842,6241,13083
Chamblee,Roswell,5094,761,438,2722,6436,196,7816,7197,634,6293,9354,15647
Chamblee,SandySprings,20687,3324,798,30446,41377,765,51133,44701,1563,24809,72588,97397
Chamblee,Buckhead,12008,1922,1336,13481,21144,1252,25489,23066,2588,15266,35877,51143
Chamblee,NWAtlanta,2039,403,521,680,1334,312,2719,1737,833,2963,2326,5289
Chamblee,NEAtlanta,7234,1256,2152,3710,6867,998,10944,8123,3150,10642,11575,22217
Chamblee,SWAtlanta,1462,285,538,246,556,197,1708,841,735,2285,999,3284
Chamblee,CBDAtlanta,3201,806,3488,840,2394,1189,4041,3200,4677,7495,4423,11918
Chamblee,SEAtlanta,1244,349,505,333,771,161,1577,1120,666,2098,1265,3363
Chamblee,SFulton,382,68,22,77,186,5,459,254,27,472,268,740
Chamblee,Tri-Cities,1092,308,358,135,316,68,1227,624,426,1758,519,2277
Chamblee,Shannon,507,108,97,92,175,15,599,283,112,712,282,994
Chamblee,WCherokee,125,15,0,16,100,0,141,115,0,140,116,256
Chamblee,NCherokee,65,12,0,16,32,0,81,44,0,77,48,125
Chamblee,ECentCherokee,1058,172,4,220,546,7,1278,718,11,1234,773,2007
Chamblee,Woodstock,1123,165,17,196,410,8,1319,575,25,1305,614,1919
Chamblee,Airport,323,87,344,43,58,15,366,145,359,754,116,870
Chamblee,NEClayton,708,151,41,110,203,6,818,354,47,900,319,1219
Chamblee,Riverdale,456,113,69,55,130,8,511,243,77,638,193,831
Chamblee,SClayton,340,92,15,53,150,3,393,242,18,447,206,653
Chamblee,NWCobb,1648,262,30,222,460,12,1870,722,42,1940,694,2634
Chamblee,NECobb,3602,575,75,1757,3811,33,5359,4386,108,4252,5601,9853
Chamblee,SWCobb,569,85,10,117,273,2,686,358,12,664,392,1056
Chamblee,Marietta,1335,258,62,328,617,31,1663,875,93,1655,976,2631
Chamblee,Cumberland,5342,881,280,2031,3343,80,7373,4224,360,6503,5454,11957
Chamblee,SCobb,1512,267,45,338,733,10,1850,1000,55,1824,1081,2905
Chamblee,Chamblee,45070,7829,1478,89847,154023,2793,134917,161852,4271,54377,246663,301040
Chamblee,NWDeKalb,8117,1346,733,8787,17176,832,16904,18522,1565,10196,26795,36991
Chamblee,NEDeKalb,10574,1778,248,12310,23530,219,22884,25308,467,12600,36059,48659
Chamblee,Atlanta-DeKalb,720,115,141,375,568,60,1095,683,201,976,1003,1979
Chamblee,Decatur,959,150,128,568,1097,112,1527,1247,240,1237,1777,3014
Chamblee,SWDeKalb,2270,419,302,716,1697,76,2986,2116,378,2991,2489,5480
Chamblee,SEDeKalb,2171,407,137,530,1229,46,2701,1636,183,2715,1805,4520
Chamblee,SDeKalb,1625,284,117,328,769,23,1953,1053,140,2026,1120,3146
Chamblee,WDouglas,263,45,5,69,119,1,332,164,6,313,189,502
Chamblee,EDouglas,510,109,18,93,176,1,603,285,19,637,270,907
Chamblee,WFayette,99,23,4,29,50,3,128,73,7,126,82,208
Chamblee,EFayette,194,39,9,36,48,1,230,87,10,242,85,327
Chamblee,NGwinnett,3753,628,18,576,1279,8,4329,1907,26,4399,1863,6262
Chamblee,CentGwinnett,7035,1213,77,2112,5450,74,9147,6663,151,8325,7636,15961
Chamblee,EGwinnett,1358,244,3,230,435,3,1588,679,6,1605,668,2273
Chamblee,Norcross,13489,2459,211,15220,32099,308,28709,34558,519,16159,47627,63786
Chamblee,Lilburn,2685,465,23,1311,3320,12,3996,3785,35,3173,4643,7816
Chamblee,Snellville,1682,289,9,341,693,16,2023,982,25,1980,1050,3030
Chamblee,NHenry,577,109,23,101,196,3,678,305,26,709,300,1009
Chamblee,EHenry,315,61,3,56,170,2,371,231,5,379,228,607
Chamblee,SHenry,306,86,6,73,175,0,379,261,6,398,248,646
Chamblee,SRockdale,446,81,7,59,167,1,505,248,8,534,227,761
Chamblee,NRockdale,481,69,13,75,97,1,556,166,14,563,173,736
Chamblee,NBarrow,424,61,0,54,207,1,478,268,1,485,262,747
Chamblee,SBarrow,371,44,1,68,103,0,439,147,1,416,171,587
Chamblee,NWBartow,54,5,0,9,42,0,63,47,0,59,51,110
Chamblee,NEBartow,34,7,0,12,54,0,46,61,0,41,66,107
Chamblee,SWBartow,63,9,0,27,63,1,90,72,1,72,91,163
Chamblee,Cartersville,210,30,1,43,123,0,253,153,1,241,166,407
Chamblee,NECarroll,54,8,1,18,83,0,72,91,1,63,101,164
Chamblee,WCarroll,1,0,0,1,5,0,2,5,0,1,6,7
Chamblee,CentralCarroll,20,3,0,10,49,0,30,52,0,23,59,82
Chamblee,SECarroll,3,0,0,2,0,0,5,0,0,3,2,5
Chamblee,WCoweta,19,5,0,5,7,0,24,12,0,24,12,36
Chamblee,NCoweta,158,33,11,37,96,12,195,129,23,202,145,347
Chamblee,SCoweta,9,4,0,2,2,0,11,6,0,13,4,17
Chamblee,SECoweta,19,3,0,10,13,0,29,16,0,22,23,45
Chamblee,NForsyth,768,108,3,157,395,2,925,503,5,879,554,1433
Chamblee,Cumming,1833,311,29,307,734,4,2140,1045,33,2173,1045,3218
Chamblee,SForsyth,1301,244,25,338,851,18,1639,1095,43,1570,1207,2777
Chamblee,NHall,101,19,0,18,73,0,119,92,0,120,91,211
Chamblee,Gainesville,279,48,0,58,143,0,337,191,0,327,201,528
Chamblee,SHall,693,103,2,94,338,1,787,441,3,798,433,1231
Chamblee,WNewton,542,80,6,89,180,1,631,260,7,628,270,898
Chamblee,ENewton,50,9,0,17,44,0,67,53,0,59,61,120
Chamblee,NPaulding,160,25,0,45,109,0,205,134,0,185,154,339
Chamblee,WPaulding,49,16,0,12,22,0,61,38,0,65,34,99
Chamblee,EPaulding,517,71,4,93,175,0,610,246,4,592,268,860
Chamblee,NSpalding,48,15,0,7,13,0,55,28,0,63,20,83
Chamblee,SSpalding,16,3,0,5,19,0,21,22,0,19,24,43
Chamblee,WWalton,301,39,1,58,101,2,359,140,3,341,161,502
Chamblee,EWalton,131,20,0,45,57,0,176,77,0,151,102,253
NWDeKalb,NFulton,1215,185,144,236,945,168,1451,1130,312,1544,1349,2893
NWDeKalb,Roswell,1036,169,258,256,716,235,1292,885,493,1463,1207,2670
NWDeKalb,SandySprings,3425,519,451,1247,2291,263,4672,2810,714,4395,3801,8196
NWDeKalb,Buckhead,6275,979,477,7385,10230,675,13660,11209,1152,7731,18290,26021
NWDeKalb,NWAtlanta,1530,294,293,1063,1621,305,2593,1915,598,2117,2989,5106
NWDeKalb,NEAtlanta,8223,1306,877,11405,13339,865,19628,14645,1742,10406,25609,36015
NWDeKalb,SWAtlanta,1487,290,461,700,989,428,2187,1279,889,2238,2117,4355
NWDeKalb,CBDAtlanta,3734,617,1438,2428,3165,775,6162,3782,2213,5789,6368,12157
NWDeKalb,SEAtlanta,1671,374,355,1249,2153,289,2920,2527,644,2400,3691,6091
NWDeKalb,SFulton,339,68,22,181,372,46,520,440,68,429,599,1028
NWDeKalb,Tri-Cities,1176,267,327,289,601,228,1465,868,555,1770,1118,2888
NWDeKalb,Shannon,651,139,121,198,311,143,849,450,264,911,652,1563
NWDeKalb,WCherokee,44,12,0,15,30,0,59,42,0,56,45,101
NWDeKalb,NCherokee,9,0,0,6,63,0,15,63,0,9,69,78
NWDeKalb,ECentCherokee,233,46,0,93,231,18,326,277,18,279,342,621
NWDeKalb,Woodstock,304,50,7,87,186,16,391,236,23,361,289,650
NWDeKalb,Airport,423,69,251,68,147,17,491,216,268,743,232,975
NWDeKalb,NEClayton,985,219,42,409,872,52,1394,1091,94,1246,1333,2579
NWDeKalb,Riverdale,537,133,56,152,284,78,689,417,134,726,514,1240
NWDeKalb,SClayton,443,98,16,138,278,23,581,376,39,557,439,996
NWDeKalb,NWCobb,546,125,27,135,211,24,681,336,51,698,370,1068
NWDeKalb,NECobb,895,160,61,330,537,66,1225,697,127,1116,933,2049
NWDeKalb,SWCobb,207,41,5,102,192,20,309,233,25,253,314,567
NWDeKalb,Marietta,458,88,21,91,278,21,549,366,42,567,390,957
NWDeKalb,Cumberland,1813,347,125,496,1075,101,2309,1422,226,2285,1672,3957
NWDeKalb,SCobb,807,136,61,206,638,39,1013,774,100,1004,883,1887
NWDeKalb,Chamblee,7858,1370,693,8809,17178,827,16667,18548,1520,9921,26814,36735
NWDeKalb,NWDeKalb,24207,3740,2182,46671,59406,3879,70878,63146,6061,30129,109956,140085
NWDeKalb,NEDeKalb,10203,1772,479,12583,26615,911,22786,28387,1390,12454,40109,52563
NWDeKalb,Atlanta-DeKalb,1835,303,119,3698,5520,222,5533,5823,341,2257,9440,11697
NWDeKalb,Decatur,3383,595,339,7784,9819,842,11167,10414,1181,4317,18445,22762
NWDeKalb,SWDeKalb,4350,874,401,6857,13237,892,11207,14111,1293,5625,20986,26611
NWDeKalb,SEDeKalb,3500,632,196,2682,7301,508,6182,7933,704,4328,10491,14819
NWDeKalb,SDeKalb,2715,539,153,1683,3760,225,4398,4299,378,3407,5668,9075
NWDeKalb,WDouglas,217,46,4,95,154,23,312,200,27,267,272,539
NWDeKalb,EDouglas,447,71,14,167,334,38,614,405,52,532,539,1071
NWDeKalb,WFayette,77,21,2,56,92,10,133,113,12,100,158,258
NWDeKalb,EFayette,196,40,10,82,137,14,278,177,24,246,233,479
NWDeKalb,NGwinnett,1389,217,21,394,866,63,1783,1083,84,1627,1323,2950
NWDeKalb,CentGwinnett,2372,403,46,957,3478,232,3329,3881,278,2821,4667,7488
NWDeKalb,EGwinnett,593,104,0,252,580,22,845,684,22,697,854,1551
NWDeKalb,Norcross,3197,530,146,2102,6397,645,5299,6927,791,3873,9144,13017
NWDeKalb,Lilburn,1851,327,35,1330,5129,232,3181,5456,267,2213,6691,8904
NWDeKalb,Snellville,1416,254,18,942,3754,170,2358,4008,188,1688,4866,6554
NWDeKalb,NHenry,880,134,28,429,839,57,1309,973,85,1042,1325,2367
NWDeKalb,EHenry,347,58,10,160,218,19,507,276,29,415,397,812
NWDeKalb,SHenry,494,72,7,213,317,25,707,389,32,573,555,1128
NWDeKalb,SRockdale,534,87,15,196,394,26,730,481,41,636,616,1252
NWDeKalb,NRockdale,541,104,13,191,427,36,732,531,49,658,654,1312
NWDeKalb,NBarrow,124,37,0,34,74,3,158,111,3,161,111,272
NWDeKalb,SBarrow,90,14,0,41,101,2,131,115,2,104,144,248
NWDeKalb,NWBartow,12,3,0,6,4,0,18,7,0,15,10,25
NWDeKalb,NEBartow,11,2,0,4,43,0,15,45,0,13,47,60
NWDeKalb,SWBartow,17,4,0,5,64,0,22,68,0,21,69,90
NWDeKalb,Cartersville,65,9,1,23,105,2,88,114,3,75,130,205
NWDeKalb,NECarroll,32,12,0,20,41,0,52,53,0,44,61,105
NWDeKalb,WCarroll,3,2,0,1,5,0,4,7,0,5,6,11
NWDeKalb,CentralCarroll,29,3,0,22,10,0,51,13,0,32,32,64
NWDeKalb,SECarroll,5,0,0,5,0,0,10,0,0,5,5,10
NWDeKalb,WCoweta,34,10,0,14,42,3,48,52,3,44,59,103
NWDeKalb,NCoweta,186,43,17,83,190,21,269,233,38,246,294,540
NWDeKalb,SCoweta,9,4,0,7,55,0,16,59,0,13,62,75
NWDeKalb,SECoweta,18,3,0,16,26,2,34,29,2,21,44,65
NWDeKalb,NForsyth,113,19,0,53,290,3,166,309,3,132,346,478
NWDeKalb,Cumming,345,59,6,156,632,65,501,691,71,410,853,1263
NWDeKalb,SForsyth,264,37,15,140,337,67,404,374,82,316,544,860
NWDeKalb,NHall,16,3,0,7,38,0,23,41,0,19,45,64
NWDeKalb,Gainesville,63,9,0,26,53,0,89,62,0,72,79,151
NWDeKalb,SHall,235,23,0,55,228,3,290,251,3,258,286,544
NWDeKalb,WNewton,686,119,16,179,373,17,865,492,33,821,569,1390
NWDeKalb,ENewton,78,12,1,21,86,1,99,98,2,91,108,199
NWDeKalb,NPaulding,47,12,1,25,88,2,72,100,3,60,115,175
NWDeKalb,WPaulding,22,3,0,12,92,1,34,95,1,25,105,130
NWDeKalb,EPaulding,248,41,2,99,179,11,347,220,13,291,289,580
NWDeKalb,NSpalding,54,6,1,26,20,1,80,26,2,61,47,108
NWDeKalb,SSpalding,26,4,1,6,8,0,32,12,1,31,14,45
NWDeKalb,WWalton,274,50,0,110,452,8,384,502,8,324,570,894
NWDeKalb,EWalton,104,18,0,42,121,0,146,139,0,122,163,285
NEDeKalb,NFulton,1549,246,33,388,928,12,1937,1174,45,1828,1328,3156
NEDeKalb,Roswell,1219,191,36,486,1039,24,1705,1230,60,1446,1549,2995
NEDeKalb,SandySprings,4682,730,188,1847,3207,123,6529,3937,311,5600,5177,10777
NEDeKalb,Buckhead,4288,778,438,1951,3712,205,6239,4490,643,5504,5868,11372
NEDeKalb,NWAtlanta,1263,251,184,317,556,94,1580,807,278,1698,967,2665
NEDeKalb,NEAtlanta,4944,844,828,1984,3685,480,6928,4529,1308,6616,6149,12765
NEDeKalb,SWAtlanta,1020,199,183,240,385,103,1260,584,286,1402,728,2130
NEDeKalb,CBDAtlanta,3378,617,2243,760,1754,693,4138,2371,2936,6238,3207,9445
NEDeKalb,SEAtlanta,1206,260,143,383,715,98,1589,975,241,1609,1196,2805
NEDeKalb,SFulton,214,31,7,67,107,2,281,138,9,252,176,428
NEDeKalb,Tri-Cities,889,208,102,108,227,69,997,435,171,1199,404,1603
NEDeKalb,Shannon,401,66,17,97,142,15,498,208,32,484,254,738
NEDeKalb,WCherokee,28,1,0,4,28,0,32,29,0,29,32,61
NEDeKalb,NCherokee,11,3,0,7,56,0,18,59,0,14,63,77
NEDeKalb,ECentCherokee,277,54,1,80,175,4,357,229,5,332,259,591
NEDeKalb,Woodstock,306,44,0,88,193,0,394,237,0,350,281,631
NEDeKalb,Airport,578,133,197,36,65,5,614,198,202,908,106,1014
NEDeKalb,NEClayton,1012,153,9,285,602,6,1297,755,15,1174,893,2067
NEDeKalb,Riverdale,388,58,12,77,221,4,465,279,16,458,302,760
NEDeKalb,SClayton,394,67,1,76,263,1,470,330,2,462,340,802
NEDeKalb,NWCobb,428,70,4,99,166,10,527,236,14,502,275,777
NEDeKalb,NECobb,888,147,3,272,503,2,1160,650,5,1038,777,1815
NEDeKalb,SWCobb,173,27,1,44,122,1,217,149,2,201,167,368
NEDeKalb,Marietta,470,68,25,125,145,13,595,213,38,563,283,846
NEDeKalb,Cumberland,1917,262,81,367,614,47,2284,876,128,2260,1028,3288
NEDeKalb,SCobb,554,87,7,125,245,7,679,332,14,648,377,1025
NEDeKalb,Chamblee,10251,1825,239,12327,24594,248,22578,26419,487,12315,37169,49484
NEDeKalb,NWDeKalb,9640,1596,460,12451,25413,876,22091,27009,1336,11696,38740,50436
NEDeKalb,NEDeKalb,43955,7817,1168,85475,149540,2748,129430,157357,3916,52940,237763,290703
NEDeKalb,Atlanta-DeKalb,859,160,62,727,1364,114,1586,1524,176,1081,2205,3286
NEDeKalb,Decatur,1531,267,93,1778,4154,251,3309,4421,344,1891,6183,8074
NEDeKalb,SWDeKalb,5104,986,213,6715,15531,537,11819,16517,750,6303,22783,29086
NEDeKalb,SEDeKalb,6405,1272,133,8133,21761,363,14538,23033,496,7810,30257,38067
NEDeKalb,SDeKalb,3252,635,64,1929,4813,69,5181,5448,133,3951,6811,10762
NEDeKalb,WDouglas,129,22,2,43,46,0,172,68,2,153,89,242
NEDeKalb,EDouglas,229,51,2,52,154,2,281,205,4,282,208,490
NEDeKalb,WFayette,127,16,0,36,77,1,163,93,1,143,114,257
NEDeKalb,EFayette,177,24,1,53,87,2,230,111,3,202,142,344
NEDeKalb,NGwinnett,2836,446,3,518,1350,3,3354,1796,6,3285,1871,5156
NEDeKalb,CentGwinnett,5696,1058,18,2766,7218,46,8462,8276,64,6772,10030,16802
NEDeKalb,EGwinnett,1414,236,0,369,1053,1,1783,1289,1,1650,1423,3073
NEDeKalb,Norcross,9836,1841,74,12484,28094,126,22320,29935,200,11751,40704,52455
NEDeKalb,Lilburn,8907,1562,90,10356,25704,73,19263,27266,163,10559,36133,46692
NEDeKalb,Snellville,4585,898,29,2692,8300,39,7277,9198,68,5512,11031,16543
NEDeKalb,NHenry,1037,166,6,369,835,7,1406,1001,13,1209,1211,2420
NEDeKalb,EHenry,510,86,1,135,314,2,645,400,3,597,451,1048
NEDeKalb,SHenry,511,77,1,122,237,0,633,314,1,589,359,948
NEDeKalb,SRockdale,801,147,7,285,667,5,1086,814,12,955,957,1912
NEDeKalb,NRockdale,1012,182,3,308,784,8,1320,966,11,1197,1100,2297
NEDeKalb,NBarrow,367,51,0,49,120,0,416,171,0,418,169,587
NEDeKalb,SBarrow,252,39,1,57,164,0,309,203,1,292,221,513
NEDeKalb,NWBartow,8,1,0,4,3,0,12,4,0,9,7,16
NEDeKalb,NEBartow,5,1,0,6,5,0,11,6,0,6,11,17
NEDeKalb,SWBartow,15,5,0,7,19,0,22,24,0,20,26,46
NEDeKalb,Cartersville,59,15,0,14,69,0,73,84,0,74,83,157
NEDeKalb,NECarroll,35,5,0,10,13,0,45,18,0,40,23,63
NEDeKalb,WCarroll,1,0,0,1,0,0,2,0,0,1,1,2
NEDeKalb,CentralCarroll,9,4,0,6,12,0,15,16,0,13,18,31
NEDeKalb,SECarroll,0,0,0,2,16,0,2,16,0,0,18,18
NEDeKalb,WCoweta,25,1,0,11,6,0,36,7,0,26,17,43
NEDeKalb,NCoweta,113,19,1,55,65,0,168,84,1,133,120,253
NEDeKalb,SCoweta,7,2,0,3,27,0,10,29,0,9,30,39
NEDeKalb,SECoweta,23,1,0,11,6,0,34,7,0,24,17,41
NEDeKalb,NForsyth,234,35,0,46,219,0,280,254,0,269,265,534
NEDeKalb,Cumming,546,81,1,119,245,5,665,326,6,628,369,997
NEDeKalb,SForsyth,413,79,0,125,361,2,538,440,2,492,488,980
NEDeKalb,NHall,76,9,0,19,31,0,95,40,0,85,50,135
NEDeKalb,Gainesville,232,22,0,40,96,0,272,118,0,254,136,390
NEDeKalb,SHall,568,83,0,76,265,0,644,348,0,651,341,992
NEDeKalb,WNewton,1090,170,3,219,424,3,1309,594,6,1263,646,1909
NEDeKalb,ENewton,135,10,0,35,80,0,170,90,0,145,115,260
NEDeKalb,NPaulding,50,16,0,19,34,1,69,50,1,66,54,120
NEDeKalb,WPaulding,24,3,0,7,3,0,31,6,0,27,10,37
NEDeKalb,EPaulding,147,23,0,45,118,3,192,141,3,170,166,336
NEDeKalb,NSpalding,48,12,0,22,17,0,70,29,0,60,39,99
NEDeKalb,SSpalding,22,4,0,13,3,0,35,7,0,26,16,42
NEDeKalb,WWalton,759,164,1,206,649,2,965,813,3,924,857,1781
NEDeKalb,EWalton,269,42,0,81,254,0,350,296,0,311,335,646
Atlanta-DeKalb,NFulton,163,38,23,24,79,1,187,117,24,224,104,328
Atlanta-DeKalb,Roswell,114,23,31,20,35,5,134,58,36,168,60,228
Atlanta-DeKalb,SandySprings,556,100,205,106,231,38,662,331,243,861,375,1236
Atlanta-DeKalb,Buckhead,1051,188,205,693,1220,120,1744,1408,325,1444,2033,3477
Atlanta-DeKalb,NWAtlanta,565,89,93,474,918,126,1039,1007,219,747,1518,2265
Atlanta-DeKalb,NEAtlanta,2855,447,323,5288,7596,428,8143,8043,751,3625,13312,16937
Atlanta-DeKalb,SWAtlanta,604,113,104,453,912,74,1057,1025,178,821,1439,2260
Atlanta-DeKalb,CBDAtlanta,2193,380,719,2456,4109,644,4649,4489,1363,3292,7209,10501
Atlanta-DeKalb,SEAtlanta,1069,247,68,2318,4330,123,3387,4577,191,1384,6771,8155
Atlanta-DeKalb,SFulton,113,26,3,60,116,1,173,142,4,142,177,319
Atlanta-DeKalb,Tri-Cities,543,94,92,252,533,47,795,627,139,729,832,1561
Atlanta-DeKalb,Shannon,217,33,12,79,147,5,296,180,17,262,231,493
Atlanta-DeKalb,WCherokee,3,0,0,0,2,0,3,2,0,3,2,5
Atlanta-DeKalb,NCherokee,0,0,0,2,3,0,2,3,0,0,5,5
Atlanta-DeKalb,ECentCherokee,32,7,0,11,42,1,43,49,1,39,54,93
Atlanta-DeKalb,Woodstock,52,14,2,13,37,0,65,51,2,68,50,118
Atlanta-DeKalb,Airport,352,35,172,67,90,9,419,125,181,559,166,725
Atlanta-DeKalb,NEClayton,411,73,8,354,849,15,765,922,23,492,1218,1710
Atlanta-DeKalb,Riverdale,164,29,11,57,103,3,221,132,14,204,163,367
Atlanta-DeKalb,SClayton,100,36,5,54,120,0,154,156,5,141,174,315
Atlanta-DeKalb,NWCobb,89,25,4,18,36,3,107,61,7,118,57,175
Atlanta-DeKalb,NECobb,111,27,14,31,93,0,142,120,14,152,124,276
Atlanta-DeKalb,SWCobb,57,9,1,20,36,0,77,45,1,67,56,123
Atlanta-DeKalb,Marietta,105,23,17,26,30,14,131,53,31,145,70,215
Atlanta-DeKalb,Cumberland,522,117,70,119,301,31,641,418,101,709,451,1160
Atlanta-DeKalb,SCobb,241,33,15,95,244,5,336,277,20,289,344,633
Atlanta-DeKalb,Chamblee,762,131,155,351,594,51,1113,725,206,1048,996,2044
Atlanta-DeKalb,NWDeKalb,1826,301,99,3711,5432,250,5537,5733,349,2226,9393,11619
Atlanta-DeKalb,NEDeKalb,905,134,57,716,1528,105,1621,1662,162,1096,2349,3445
Atlanta-DeKalb,Atlanta-DeKalb,1655,295,77,5804,10834,203,7459,11129,280,2027,16841,18868
Atlanta-DeKalb,Decatur,881,144,55,2123,3140,97,3004,3284,152,1080,5360,6440
Atlanta-DeKalb,SWDeKalb,1705,384,135,3622,8279,366,5327,8663,501,2224,12267,14491
Atlanta-DeKalb,SEDeKalb,666,129,61,404,1113,42,1070,1242,103,856,1559,2415
Atlanta-DeKalb,SDeKalb,944,204,45,1054,2683,78,1998,2887,123,1193,3815,5008
Atlanta-DeKalb,WDouglas,66,11,1,18,49,0,84,60,1,78,67,145
Atlanta-DeKalb,EDouglas,155,22,4,42,73,1,197,95,5,181,116,297
Atlanta-DeKalb,WFayette,35,5,2,16,18,0,51,23,2,42,34,76
Atlanta-DeKalb,EFayette,51,9,2,26,40,1,77,49,3,62,67,129
Atlanta-DeKalb,NGwinnett,112,12,3,17,65,1,129,77,4,127,83,210
Atlanta-DeKalb,CentGwinnett,166,27,7,57,121,3,223,148,10,200,181,381
Atlanta-DeKalb,EGwinnett,39,11,0,13,41,0,52,52,0,50,54,104
Atlanta-DeKalb,Norcross,267,50,20,104,224,17,371,274,37,337,345,682
Atlanta-DeKalb,Lilburn,161,30,3,91,284,2,252,314,5,194,377,571
Atlanta-DeKalb,Snellville,159,26,2,65,185,7,224,211,9,187,257,444
Atlanta-DeKalb,NHenry,245,52,9,141,352,4,386,404,13,306,497,803
Atlanta-DeKalb,EHenry,75,14,0,28,81,0,103,95,0,89,109,198
Atlanta-DeKalb,SHenry,140,29,0,49,125,0,189,154,0,169,174,343
Atlanta-DeKalb,SRockdale,124,23,2,51,122,1,175,145,3,149,174,323
Atlanta-DeKalb,NRockdale,144,38,1,37,141,1,181,179,2,183,179,362
Atlanta-DeKalb,NBarrow,5,1,0,2,6,0,7,7,0,6,8,14
Atlanta-DeKalb,SBarrow,8,0,0,4,11,0,12,11,0,8,15,23
Atlanta-DeKalb,NWBartow,1,0,0,1,2,0,2,2,0,1,3,4
Atlanta-DeKalb,NEBartow,1,1,0,1,7,0,2,8,0,2,8,10
Atlanta-DeKalb,SWBartow,2,0,0,1,3,0,3,3,0,2,4,6
Atlanta-DeKalb,Cartersville,11,6,0,7,43,0,18,49,0,17,50,67
Atlanta-DeKalb,NECarroll,13,2,0,4,24,0,17,26,0,15,28,43
Atlanta-DeKalb,WCarroll,1,0,0,0,3,0,1,3,0,1,3,4
Atlanta-DeKalb,CentralCarroll,4,2,0,8,4,0,12,6,0,6,12,18
Atlanta-DeKalb,SECarroll,2,1,0,2,4,0,4,5,0,3,6,9
Atlanta-DeKalb,WCoweta,8,0,0,4,10,0,12,10,0,8,14,22
Atlanta-DeKalb,NCoweta,62,7,1,27,53,0,89,60,1,70,80,150
Atlanta-DeKalb,SCoweta,2,1,0,4,2,0,6,3,0,3,6,9
Atlanta-DeKalb,SECoweta,3,1,0,3,30,0,6,31,0,4,33,37
Atlanta-DeKalb,NForsyth,16,3,0,4,11,0,20,14,0,19,15,34
Atlanta-DeKalb,Cumming,23,3,1,10,57,2,33,60,3,27,69,96
Atlanta-DeKalb,SForsyth,17,3,1,7,14,0,24,17,1,21,21,42
Atlanta-DeKalb,NHall,2,0,0,0,10,0,2,10,0,2,10,12
Atlanta-DeKalb,Gainesville,6,3,0,2,14,0,8,17,0,9,16,25
Atlanta-DeKalb,SHall,14,5,0,9,22,0,23,27,0,19,31,50
Atlanta-DeKalb,WNewton,158,29,3,38,113,1,196,142,4,190,152,342
Atlanta-DeKalb,ENewton,17,1,0,10,24,0,27,25,0,18,34,52
Atlanta-DeKalb,NPaulding,9,4,0,6,11,0,15,15,0,13,17,30
Atlanta-DeKalb,WPaulding,4,1,0,6,8,0,10,9,0,5,14,19
Atlanta-DeKalb,EPaulding,61,7,0,27,75,0,88,82,0,68,102,170
Atlanta-DeKalb,NSpalding,16,2,0,5,11,0,21,13,0,18,16,34
Atlanta-DeKalb,SSpalding,8,3,0,4,5,0,12,8,0,11,9,20
Atlanta-DeKalb,WWalton,33,9,0,11,56,0,44,65,0,42,67,109
Atlanta-DeKalb,EWalton,10,4,0,16,24,0,26,28,0,14,40,54
Decatur,NFulton,166,23,34,25,88,10,191,111,44,223,123,346
Decatur,Roswell,155,18,25,28,46,14,183,64,39,198,88,286
Decatur,SandySprings,545,78,169,139,187,43,684,265,212,792,369,1161
Decatur,Buckhead,886,139,185,516,744,114,1402,883,299,1210,1374,2584
Decatur,NWAtlanta,369,64,115,186,279,84,555,343,199,548,549,1097
Decatur,NEAtlanta,1756,270,323,1669,2356,200,3425,2626,523,2349,4225,6574
Decatur,SWAtlanta,452,84,172,174,395,124,626,479,296,708,693,1401
Decatur,CBDAtlanta,1289,175,756,650,1061,403,1939,1236,1159,2220,2114,4334
Decatur,SEAtlanta,519,102,109,412,749,114,931,851,223,730,1275,2005
Decatur,SFulton,90,16,7,39,52,5,129,68,12,113,96,209
Decatur,Tri-Cities,358,66,123,79,167,72,437,233,195,547,318,865
Decatur,Shannon,133,20,26,42,47,19,175,67,45,179,108,287
Decatur,WCherokee,4,1,0,1,0,0,5,1,0,5,1,6
Decatur,NCherokee,1,0,0,0,1,0,1,1,0,1,1,2
Decatur,ECentCherokee,17,2,1,6,44,2,23,46,3,20,52,72
Decatur,Woodstock,42,4,1,8,30,0,50,34,1,47,38,85
Decatur,Airport,186,23,125,16,38,7,202,61,132,334,61,395
Decatur,NEClayton,291,58,11,138,318,11,429,376,22,360,467,827
Decatur,Riverdale,136,32,12,22,62,12,158,94,24,180,96,276
Decatur,SClayton,91,11,3,31,59,4,122,70,7,105,94,199
Decatur,NWCobb,75,19,11,19,24,1,94,43,12,105,44,149
Decatur,NECobb,114,18,13,29,42,5,143,60,18,145,76,221
Decatur,SWCobb,28,8,4,11,7,4,39,15,8,40,22,62
Decatur,Marietta,81,17,7,9,44,4,90,61,11,105,57,162
Decatur,Cumberland,365,64,82,67,79,19,432,143,101,511,165,676
Decatur,SCobb,166,27,23,38,239,16,204,266,39,216,293,509
Decatur,Chamblee,955,139,139,564,1154,77,1519,1293,216,1233,1795,3028
Decatur,NWDeKalb,3245,498,343,7755,9699,815,11000,10197,1158,4086,18269,22355
Decatur,NEDeKalb,1756,295,93,1811,4215,213,3567,4510,306,2144,6239,8383
Decatur,Atlanta-DeKalb,814,147,53,2121,3682,107,2935,3829,160,1014,5910,6924
Decatur,Decatur,2809,441,287,7695,10880,557,10504,11321,844,3537,19132,22669
Decatur,SWDeKalb,2121,420,257,4517,9863,671,6638,10283,928,2798,15051,17849
Decatur,SEDeKalb,1156,206,135,907,2912,323,2063,3118,458,1497,4142,5639
Decatur,SDeKalb,1154,218,142,924,2583,208,2078,2801,350,1514,3715,5229
Decatur,WDouglas,52,7,7,23,19,4,75,26,11,66,46,112
Decatur,EDouglas,114,15,9,35,85,8,149,100,17,138,128,266
Decatur,WFayette,15,4,1,15,16,0,30,20,1,20,31,51
Decatur,EFayette,35,8,2,13,16,0,48,24,2,45,29,74
Decatur,NGwinnett,167,27,1,34,85,4,201,112,5,195,123,318
Decatur,CentGwinnett,301,39,13,89,175,14,390,214,27,353,278,631
Decatur,EGwinnett,76,17,0,28,67,1,104,84,1,93,96,189
Decatur,Norcross,403,69,21,200,558,29,603,627,50,493,787,1280
Decatur,Lilburn,278,35,2,227,481,16,505,516,18,315,724,1039
Decatur,Snellville,249,48,10,120,375,13,369,423,23,307,508,815
Decatur,NHenry,290,47,25,140,321,24,430,368,49,362,485,847
Decatur,EHenry,101,10,5,36,157,1,137,167,6,116,194,310
Decatur,SHenry,119,28,0,43,45,4,162,73,4,147,92,239
Decatur,SRockdale,187,33,11,55,194,15,242,227,26,231,264,495
Decatur,NRockdale,166,31,5,45,107,7,211,138,12,202,159,361
Decatur,NBarrow,6,0,0,7,23,0,13,23,0,6,30,36
Decatur,SBarrow,11,1,0,8,3,0,19,4,0,12,11,23
Decatur,NWBartow,0,0,0,1,1,0,1,1,0,0,2,2
Decatur,NEBartow,1,0,0,1,4,0,2,4,0,1,5,6
Decatur,SWBartow,0,0,0,2,5,0,2,5,0,0,7,7
Decatur,Cartersville,6,1,0,7,8,0,13,9,0,7,15,22
Decatur,NECarroll,6,1,0,6,9,0,12,10,0,7,15,22
Decatur,WCarroll,1,0,0,0,0,0,1,0,0,1,0,1
Decatur,CentralCarroll,5,0,0,3,4,1,8,4,1,5,8,13
Decatur,SECarroll,0,0,0,0,0,0,0,0,0,0,0,0
Decatur,WCoweta,5,3,0,1,10,0,6,13,0,8,11,19
Decatur,NCoweta,38,3,5,18,21,6,56,24,11,46,45,91
Decatur,SCoweta,3,0,0,2,1,0,5,1,0,3,3,6
Decatur,SECoweta,4,1,0,2,7,0,6,8,0,5,9,14
Decatur,NForsyth,13,0,0,8,16,0,21,16,0,13,24,37
Decatur,Cumming,38,6,1,18,38,1,56,44,2,45,57,102
Decatur,SForsyth,37,7,2,17,18,3,54,25,5,46,38,84
Decatur,NHall,3,0,0,0,2,0,3,2,0,3,2,5
Decatur,Gainesville,14,0,0,3,10,0,17,10,0,14,13,27
Decatur,SHall,17,4,0,12,19,0,29,23,0,21,31,52
Decatur,WNewton,184,28,5,40,142,1,224,170,6,217,183,400
Decatur,ENewton,20,5,0,7,9,0,27,14,0,25,16,41
Decatur,NPaulding,12,3,0,6,15,0,18,18,0,15,21,36
Decatur,WPaulding,5,2,0,1,3,0,6,5,0,7,4,11
Decatur,EPaulding,45,4,1,16,29,1,61,33,2,50,46,96
Decatur,NSpalding,7,1,0,3,4,0,10,5,0,8,7,15
Decatur,SSpalding,5,0,0,4,1,0,9,1,0,5,5,10
Decatur,WWalton,48,7,1,14,42,0,62,49,1,56,56,112
Decatur,EWalton,19,5,0,12,10,0,31,15,0,24,22,46
SWDeKalb,NFulton,350,83,42,57,166,12,407,249,54,475,235,710
SWDeKalb,Roswell,299,84,45,57,140,29,356,224,74,428,226,654
SWDeKalb,SandySprings,1502,268,275,196,513,65,1698,781,340,2045,774,2819
SWDeKalb,Buckhead,2109,379,626,622,1455,254,2731,1834,880,3114,2331,5445
SWDeKalb,NWAtlanta,984,217,247,382,877,191,1366,1094,438,1448,1450,2898
SWDeKalb,NEAtlanta,3530,732,1039,2212,4833,612,5742,5565,1651,5301,7657,12958
SWDeKalb,SWAtlanta,1169,258,254,624,1203,136,1793,1461,390,1681,1963,3644
SWDeKalb,CBDAtlanta,3445,815,2291,1711,4230,1405,5156,5045,3696,6551,7346,13897
SWDeKalb,SEAtlanta,2022,483,177,2487,5811,205,4509,6294,382,2682,8503,11185
SWDeKalb,SFulton,263,40,8,80,167,1,343,207,9,311,248,559
SWDeKalb,Tri-Cities,1206,261,165,378,686,64,1584,947,229,1632,1128,2760
SWDeKalb,Shannon,483,93,25,131,279,11,614,372,36,601,421,1022
SWDeKalb,WCherokee,5,1,0,4,2,0,9,3,0,6,6,12
SWDeKalb,NCherokee,4,2,0,3,9,0,7,11,0,6,12,18
SWDeKalb,ECentCherokee,45,11,0,14,37,0,59,48,0,56,51,107
SWDeKalb,Woodstock,66,16,1,24,60,0,90,76,1,83,84,167
SWDeKalb,Airport,899,154,345,124,277,16,1023,431,361,1398,417,1815
SWDeKalb,NEClayton,1441,281,25,968,2332,26,2409,2613,51,1747,3326,5073
SWDeKalb,Riverdale,388,83,11,177,414,7,565,497,18,482,598,1080
SWDeKalb,SClayton,378,72,4,127,287,0,505,359,4,454,414,868
SWDeKalb,NWCobb,128,38,4,45,91,7,173,129,11,170,143,313
SWDeKalb,NECobb,231,67,10,68,101,1,299,168,11,308,170,478
SWDeKalb,SWCobb,128,19,0,29,56,0,157,75,0,147,85,232
SWDeKalb,Marietta,207,45,23,47,47,18,254,92,41,275,112,387
SWDeKalb,Cumberland,878,242,127,132,317,23,1010,559,150,1247,472,1719
SWDeKalb,SCobb,419,84,39,121,266,11,540,350,50,542,398,940
SWDeKalb,Chamblee,2229,409,306,736,1725,95,2965,2134,401,2944,2556,5500
SWDeKalb,NWDeKalb,3900,816,389,6779,12800,810,10679,13616,1199,5105,20389,25494
SWDeKalb,NEDeKalb,4971,901,226,6636,15362,542,11607,16263,768,6098,22540,28638
SWDeKalb,Atlanta-DeKalb,1544,314,104,3663,8119,271,5207,8433,375,1962,12053,14015
SWDeKalb,Decatur,1912,378,207,4477,9911,672,6389,10289,879,2497,15060,17557
SWDeKalb,SWDeKalb,9183,2223,628,28311,63693,1761,37494,65916,2389,12034,93765,105799
SWDeKalb,SEDeKalb,4212,921,247,7193,19733,641,11405,20654,888,5380,27567,32947
SWDeKalb,SDeKalb,5072,1144,195,8026,22761,642,13098,23905,837,6411,31429,37840
SWDeKalb,WDouglas,141,18,3,35,89,1,176,107,4,162,125,287
SWDeKalb,EDouglas,216,38,15,75,190,1,291,228,16,269,266,535
SWDeKalb,WFayette,81,27,2,36,62,0,117,89,2,110,98,208
SWDeKalb,EFayette,164,27,1,61,89,0,225,116,1,192,150,342
SWDeKalb,NGwinnett,340,63,4,95,193,0,435,256,4,407,288,695
SWDeKalb,CentGwinnett,660,119,12,209,477,7,869,596,19,791,693,1484
SWDeKalb,EGwinnett,204,36,0,51,147,1,255,183,1,240,199,439
SWDeKalb,Norcross,948,159,44,435,1257,21,1383,1416,65,1151,1713,2864
SWDeKalb,Lilburn,887,184,16,629,1734,9,1516,1918,25,1087,2372,3459
SWDeKalb,Snellville,928,167,6,389,1392,12,1317,1559,18,1101,1793,2894
SWDeKalb,NHenry,1071,216,12,614,2051,8,1685,2267,20,1299,2673,3972
SWDeKalb,EHenry,358,64,3,172,430,1,530,494,4,425,603,1028
SWDeKalb,SHenry,506,86,3,153,301,0,659,387,3,595,454,1049
SWDeKalb,SRockdale,667,108,7,256,779,12,923,887,19,782,1047,1829
SWDeKalb,NRockdale,700,147,6,267,644,4,967,791,10,853,915,1768
SWDeKalb,NBarrow,32,5,0,20,21,0,52,26,0,37,41,78
SWDeKalb,SBarrow,30,1,0,14,19,0,44,20,0,31,33,64
SWDeKalb,NWBartow,3,0,0,1,5,0,4,5,0,3,6,9
SWDeKalb,NEBartow,5,1,0,4,4,0,9,5,0,6,8,14
SWDeKalb,SWBartow,2,0,0,2,5,0,4,5,0,2,7,9
SWDeKalb,Cartersville,17,1,0,6,24,0,23,25,0,18,30,48
SWDeKalb,NECarroll,22,10,0,7,14,0,29,24,0,32,21,53
SWDeKalb,WCarroll,3,0,0,0,1,0,3,1,0,3,1,4
SWDeKalb,CentralCarroll,14,0,0,10,41,0,24,41,0,14,51,65
SWDeKalb,SECarroll,3,0,0,3,1,0,6,1,0,3,4,7
SWDeKalb,WCoweta,22,7,0,8,9,0,30,16,0,29,17,46
SWDeKalb,NCoweta,164,26,2,59,126,2,223,152,4,192,187,379
SWDeKalb,SCoweta,8,2,0,4,7,0,12,9,0,10,11,21
SWDeKalb,SECoweta,22,2,0,10,22,0,32,24,0,24,32,56
SWDeKalb,NForsyth,25,2,0,13,60,0,38,62,0,27,73,100
SWDeKalb,Cumming,73,15,1,22,89,3,95,104,4,89,114,203
SWDeKalb,SForsyth,52,8,2,28,64,1,80,72,3,62,93,155
SWDeKalb,NHall,5,0,0,3,2,0,8,2,0,5,5,10
SWDeKalb,Gainesville,12,2,0,10,7,0,22,9,0,14,17,31
SWDeKalb,SHall,51,6,2,24,41,0,75,47,2,59,65,124
SWDeKalb,WNewton,711,125,9,160,435,0,871,560,9,845,595,1440
SWDeKalb,ENewton,75,16,0,23,73,0,98,89,0,91,96,187
SWDeKalb,NPaulding,20,5,0,6,28,0,26,33,0,25,34,59
SWDeKalb,WPaulding,12,0,0,5,22,0,17,22,0,12,27,39
SWDeKalb,EPaulding,104,15,0,36,102,0,140,117,0,119,138,257
SWDeKalb,NSpalding,62,7,0,15,17,0,77,24,0,69,32,101
SWDeKalb,SSpalding,32,1,0,10,21,0,42,22,0,33,31,64
SWDeKalb,WWalton,222,35,1,73,170,1,295,205,2,258,244,502
SWDeKalb,EWalton,83,8,0,27,35,0,110,43,0,91,62,153
SEDeKalb,NFulton,400,75,13,82,146,4,482,221,17,488,232,720
SEDeKalb,Roswell,294,50,20,63,166,6,357,216,26,364,235,599
SEDeKalb,SandySprings,1656,276,158,212,505,35,1868,781,193,2090,752,2842
SEDeKalb,Buckhead,1998,359,424,303,870,73,2301,1229,497,2781,1246,4027
SEDeKalb,NWAtlanta,747,183,143,153,288,43,900,471,186,1073,484,1557
SEDeKalb,NEAtlanta,2894,668,758,668,1499,291,3562,2167,1049,4320,2458,6778
SEDeKalb,SWAtlanta,760,187,120,189,370,80,949,557,200,1067,639,1706
SEDeKalb,CBDAtlanta,2901,659,2268,490,1418,616,3391,2077,2884,5828,2524,8352
SEDeKalb,SEAtlanta,1094,215,73,332,840,63,1426,1055,136,1382,1235,2617
SEDeKalb,SFulton,137,21,4,30,125,1,167,146,5,162,156,318
SEDeKalb,Tri-Cities,937,196,64,138,268,17,1075,464,81,1197,423,1620
SEDeKalb,Shannon,265,51,8,75,140,3,340,191,11,324,218,542
SEDeKalb,WCherokee,1,0,0,0,0,0,1,0,0,1,0,1
SEDeKalb,NCherokee,1,0,0,1,1,0,2,1,0,1,2,3
SEDeKalb,ECentCherokee,29,3,0,10,15,0,39,18,0,32,25,57
SEDeKalb,Woodstock,26,4,0,12,25,0,38,29,0,30,37,67
SEDeKalb,Airport,828,144,241,45,107,4,873,251,245,1213,156,1369
SEDeKalb,NEClayton,808,154,11,343,668,7,1151,822,18,973,1018,1991
SEDeKalb,Riverdale,226,27,5,69,222,3,295,249,8,258,294,552
SEDeKalb,SClayton,197,44,1,66,147,0,263,191,1,242,213,455
SEDeKalb,NWCobb,81,26,0,37,68,3,118,94,3,107,108,215
SEDeKalb,NECobb,204,42,1,50,63,1,254,105,2,247,114,361
SEDeKalb,SWCobb,44,10,0,18,72,0,62,82,0,54,90,144
SEDeKalb,Marietta,174,31,9,53,73,19,227,104,28,214,145,359
SEDeKalb,Cumberland,839,194,81,101,171,14,940,365,95,1114,286,1400
SEDeKalb,SCobb,273,49,7,51,176,1,324,225,8,329,228,557
SEDeKalb,Chamblee,2197,380,130,552,1316,42,2749,1696,172,2707,1910,4617
SEDeKalb,NWDeKalb,3321,634,192,2726,7408,577,6047,8042,769,4147,10711,14858
SEDeKalb,NEDeKalb,6020,1235,133,8109,21581,366,14129,22816,499,7388,30056,37444
SEDeKalb,Atlanta-DeKalb,593,126,48,369,1059,43,962,1185,91,767,1471,2238
SEDeKalb,Decatur,1055,190,144,868,3049,301,1923,3239,445,1389,4218,5607
SEDeKalb,SWDeKalb,3637,741,193,6992,19376,625,10629,20117,818,4571,26993,31564
SEDeKalb,SEDeKalb,17956,3574,362,44173,98884,1133,62129,102458,1495,21892,144190,166082
SEDeKalb,SDeKalb,5891,1141,110,11268,28154,397,17159,29295,507,7142,39819,46961
SEDeKalb,WDouglas,35,8,0,23,31,0,58,39,0,43,54,97
SEDeKalb,EDouglas,96,28,0,36,77,5,132,105,5,124,118,242
SEDeKalb,WFayette,56,6,0,22,33,0,78,39,0,62,55,117
SEDeKalb,EFayette,103,20,0,39,100,0,142,120,0,123,139,262
SEDeKalb,NGwinnett,356,70,0,140,221,2,496,291,2,426,363,789
SEDeKalb,CentGwinnett,1031,227,2,547,1891,3,1578,2118,5,1260,2441,3701
SEDeKalb,EGwinnett,406,85,0,144,535,0,550,620,0,491,679,1170
SEDeKalb,Norcross,1339,272,6,549,1736,3,1888,2008,9,1617,2288,3905
SEDeKalb,Lilburn,1916,366,6,2574,7767,18,4490,8133,24,2288,10359,12647
SEDeKalb,Snellville,2747,511,5,2806,9491,16,5553,10002,21,3263,12313,15576
SEDeKalb,NHenry,1011,186,5,826,2193,3,1837,2379,8,1202,3022,4224
SEDeKalb,EHenry,579,104,1,269,712,1,848,816,2,684,982,1666
SEDeKalb,SHenry,466,83,0,125,276,3,591,359,3,549,404,953
SEDeKalb,SRockdale,1762,304,11,1691,4562,10,3453,4866,21,2077,6263,8340
SEDeKalb,NRockdale,2891,486,8,2361,5712,9,5252,6198,17,3385,8082,11467
SEDeKalb,NBarrow,76,17,0,19,72,0,95,89,0,93,91,184
SEDeKalb,SBarrow,120,17,0,25,48,0,145,65,0,137,73,210
SEDeKalb,NWBartow,0,0,0,0,1,0,0,1,0,0,1,1
SEDeKalb,NEBartow,0,0,0,1,0,0,1,0,0,0,1,1
SEDeKalb,SWBartow,0,0,0,0,1,0,0,1,0,0,1,1
SEDeKalb,Cartersville,7,2,0,2,2,0,9,4,0,9,4,13
SEDeKalb,NECarroll,7,0,0,8,3,0,15,3,0,7,11,18
SEDeKalb,WCarroll,0,0,0,0,0,0,0,0,0,0,0,0
SEDeKalb,CentralCarroll,3,0,0,3,3,0,6,3,0,3,6,9
SEDeKalb,SECarroll,0,0,0,0,2,0,0,2,0,0,2,2
SEDeKalb,WCoweta,9,1,0,4,4,0,13,5,0,10,8,18
SEDeKalb,NCoweta,53,8,1,29,57,0,82,65,1,62,86,148
SEDeKalb,SCoweta,5,0,0,2,5,0,7,5,0,5,7,12
SEDeKalb,SECoweta,5,0,0,4,19,0,9,19,0,5,23,28
SEDeKalb,NForsyth,8,1,0,5,8,0,13,9,0,9,13,22
SEDeKalb,Cumming,46,10,1,12,54,0,58,64,1,57,66,123
SEDeKalb,SForsyth,79,19,0,32,19,0,111,38,0,98,51,149
SEDeKalb,NHall,5,0,0,3,3,0,8,3,0,5,6,11
SEDeKalb,Gainesville,24,4,0,16,31,0,40,35,0,28,47,75
SEDeKalb,SHall,43,5,0,20,59,0,63,64,0,48,79,127
SEDeKalb,WNewton,1618,284,4,471,1288,1,2089,1572,5,1906,1760,3666
SEDeKalb,ENewton,161,28,0,40,141,0,201,169,0,189,181,370
SEDeKalb,NPaulding,5,1,0,3,1,1,8,2,1,6,5,11
SEDeKalb,WPaulding,4,0,0,4,4,0,8,4,0,4,8,12
SEDeKalb,EPaulding,38,4,0,19,46,0,57,50,0,42,65,107
SEDeKalb,NSpalding,57,7,0,13,29,0,70,36,0,64,42,106
SEDeKalb,SSpalding,27,4,0,6,27,0,33,31,0,31,33,64
SEDeKalb,WWalton,645,110,1,304,890,0,949,1000,1,756,1194,1950
SEDeKalb,EWalton,228,30,0,52,240,1,280,270,1,258,293,551
SDeKalb,NFulton,310,49,16,66,149,2,376,198,18,375,217,592
SDeKalb,Roswell,265,44,14,44,75,2,309,119,16,323,121,444
SDeKalb,SandySprings,1153,197,108,132,426,24,1285,623,132,1458,582,2040
SDeKalb,Buckhead,1684,383,347,307,940,71,1991,1323,418,2414,1318,3732
SDeKalb,NWAtlanta,873,214,102,247,783,62,1120,997,164,1189,1092,2281
SDeKalb,NEAtlanta,3221,736,586,1327,2915,243,4548,3651,829,4543,4485,9028
SDeKalb,SWAtlanta,947,230,84,474,1030,54,1421,1260,138,1261,1558,2819
SDeKalb,CBDAtlanta,3806,846,1693,1220,3120,730,5026,3966,2423,6345,5070,11415
SDeKalb,SEAtlanta,1836,457,74,1763,4098,77,3599,4555,151,2367,5938,8305
SDeKalb,SFulton,262,55,4,89,242,3,351,297,7,321,334,655
SDeKalb,Tri-Cities,1380,341,53,519,1366,37,1899,1707,90,1774,1922,3696
SDeKalb,Shannon,547,106,9,217,452,4,764,558,13,662,673,1335
SDeKalb,WCherokee,3,3,0,2,8,0,5,11,0,6,10,16
SDeKalb,NCherokee,0,2,0,1,0,0,1,2,0,2,1,3
SDeKalb,ECentCherokee,35,7,0,22,38,0,57,45,0,42,60,102
SDeKalb,Woodstock,59,20,1,26,46,0,85,66,1,80,72,152
SDeKalb,Airport,1188,226,146,273,438,16,1461,664,162,1560,727,2287
SDeKalb,NEClayton,3060,636,21,3177,8139,46,6237,8775,67,3717,11362,15079
SDeKalb,Riverdale,538,89,2,305,729,2,843,818,4,629,1036,1665
SDeKalb,SClayton,772,169,2,383,933,6,1155,1102,8,943,1322,2265
SDeKalb,NWCobb,111,39,1,48,89,5,159,128,6,151,142,293
SDeKalb,NECobb,208,45,0,42,158,0,250,203,0,253,200,453
SDeKalb,SWCobb,90,24,0,26,85,0,116,109,0,114,111,225
SDeKalb,Marietta,211,44,12,53,153,11,264,197,23,267,217,484
SDeKalb,Cumberland,866,274,46,139,359,9,1005,633,55,1186,507,1693
SDeKalb,SCobb,388,83,6,108,232,3,496,315,9,477,343,820
SDeKalb,Chamblee,1683,275,133,345,804,25,2028,1079,158,2091,1174,3265
SDeKalb,NWDeKalb,2584,521,149,1696,3859,246,4280,4380,395,3254,5801,9055
SDeKalb,NEDeKalb,3196,590,58,1899,4701,75,5095,5291,133,3844,6675,10519
SDeKalb,Atlanta-DeKalb,861,167,44,1046,2588,62,1907,2755,106,1072,3696,4768
SDeKalb,Decatur,1090,218,131,893,2680,235,1983,2898,366,1439,3808,5247
SDeKalb,SWDeKalb,4573,1035,208,8032,22332,565,12605,23367,773,5816,30929,36745
SDeKalb,SEDeKalb,5964,1132,112,11237,28109,402,17201,29241,514,7208,39748,46956
SDeKalb,SDeKalb,15470,3329,340,44345,112571,1159,59815,115900,1499,19139,158075,177214
SDeKalb,WDouglas,105,26,1,38,103,0,143,129,1,132,141,273
SDeKalb,EDouglas,228,49,1,78,110,1,306,159,2,278,189,467
SDeKalb,WFayette,182,27,0,59,169,0,241,196,0,209,228,437
SDeKalb,EFayette,313,47,1,105,178,0,418,225,1,361,283,644
SDeKalb,NGwinnett,218,44,0,87,149,1,305,193,1,262,237,499
SDeKalb,CentGwinnett,598,100,0,198,477,6,796,577,6,698,681,1379
SDeKalb,EGwinnett,217,31,0,75,104,0,292,135,0,248,179,427
SDeKalb,Norcross,955,154,8,266,611,1,1221,765,9,1117,878,1995
SDeKalb,Lilburn,703,142,2,464,1144,5,1167,1286,7,847,1613,2460
SDeKalb,Snellville,1007,211,7,622,1803,12,1629,2014,19,1225,2437,3662
SDeKalb,NHenry,2887,569,7,3911,12528,38,6798,13097,45,3463,16477,19940
SDeKalb,EHenry,1057,168,2,750,1978,4,1807,2146,6,1227,2732,3959
SDeKalb,SHenry,1132,208,4,410,1018,2,1542,1226,6,1344,1430,2774
SDeKalb,SRockdale,1832,359,5,2601,7352,19,4433,7711,24,2196,9972,12168
SDeKalb,NRockdale,2067,418,6,2040,5054,11,4107,5472,17,2491,7105,9596
SDeKalb,NBarrow,50,5,0,9,20,0,59,25,0,55,29,84
SDeKalb,SBarrow,52,6,0,18,47,0,70,53,0,58,65,123
SDeKalb,NWBartow,1,0,0,0,2,0,1,2,0,1,2,3
SDeKalb,NEBartow,1,0,0,0,1,0,1,1,0,1,1,2
SDeKalb,SWBartow,1,0,0,2,8,0,3,8,0,1,10,11
SDeKalb,Cartersville,10,5,0,11,11,0,21,16,0,15,22,37
SDeKalb,NECarroll,20,4,0,4,16,0,24,20,0,24,20,44
SDeKalb,WCarroll,1,1,0,0,1,0,1,2,0,2,1,3
SDeKalb,CentralCarroll,10,3,0,11,7,0,21,10,0,13,18,31
SDeKalb,SECarroll,1,1,0,1,0,0,2,1,0,2,1,3
SDeKalb,WCoweta,42,9,0,18,28,0,60,37,0,51,46,97
SDeKalb,NCoweta,209,27,0,63,178,0,272,205,0,236,241,477
SDeKalb,SCoweta,25,1,0,7,15,0,32,16,0,26,22,48
SDeKalb,SECoweta,25,7,0,10,32,1,35,39,1,32,43,75
SDeKalb,NForsyth,13,1,0,6,26,0,19,27,0,14,32,46
SDeKalb,Cumming,35,8,0,23,54,0,58,62,0,43,77,120
SDeKalb,SForsyth,83,9,0,19,36,1,102,45,1,92,56,148
SDeKalb,NHall,5,0,0,0,2,0,5,2,0,5,2,7
SDeKalb,Gainesville,16,2,0,2,16,0,18,18,0,18,18,36
SDeKalb,SHall,41,4,0,20,33,0,61,37,0,45,53,98
SDeKalb,WNewton,1354,244,2,609,1541,6,1963,1785,8,1600,2156,3756
SDeKalb,ENewton,165,38,0,60,108,1,225,146,1,203,169,372
SDeKalb,NPaulding,20,4,0,10,18,0,30,22,0,24,28,52
SDeKalb,WPaulding,5,2,0,5,24,0,10,26,0,7,29,36
SDeKalb,EPaulding,88,15,1,41,74,2,129,89,3,104,117,221
SDeKalb,NSpalding,128,33,0,34,46,0,162,79,0,161,80,241
SDeKalb,SSpalding,44,6,0,26,19,0,70,25,0,50,45,95
SDeKalb,WWalton,357,70,0,177,342,2,534,412,2,427,521,948
SDeKalb,EWalton,159,34,0,42,116,0,201,150,0,193,158,351
WDouglas,NFulton,73,8,0,22,34,0,95,42,0,81,56,137
WDouglas,Roswell,67,12,1,20,61,0,87,73,1,80,81,161
WDouglas,SandySprings,440,63,3,82,189,3,522,252,6,506,274,780
WDouglas,Buckhead,581,85,22,127,358,7,708,443,29,688,492,1180
WDouglas,NWAtlanta,802,113,1,140,579,1,942,692,2,916,720,1636
WDouglas,NEAtlanta,637,100,22,217,433,22,854,533,44,759,672,1431
WDouglas,SWAtlanta,984,148,3,316,1038,10,1300,1186,13,1135,1364,2499
WDouglas,CBDAtlanta,802,132,132,203,513,31,1005,645,163,1066,747,1813
WDouglas,SEAtlanta,309,56,2,98,319,1,407,375,3,367,418,785
WDouglas,SFulton,1632,288,1,972,2733,0,2604,3021,1,1921,3705,5626
WDouglas,Tri-Cities,590,94,3,136,444,0,726,538,3,687,580,1267
WDouglas,Shannon,729,111,0,252,829,2,981,940,2,840,1083,1923
WDouglas,WCherokee,4,1,0,0,1,0,4,2,0,5,1,6
WDouglas,NCherokee,2,0,0,0,0,0,2,0,0,2,0,2
WDouglas,ECentCherokee,33,3,0,8,40,0,41,43,0,36,48,84
WDouglas,Woodstock,103,12,0,30,43,0,133,55,0,115,73,188
WDouglas,Airport,310,35,13,38,60,1,348,95,14,358,99,457
WDouglas,NEClayton,234,47,0,53,75,0,287,122,0,281,128,409
WDouglas,Riverdale,116,20,0,46,114,0,162,134,0,136,160,296
WDouglas,SClayton,107,20,0,34,62,0,141,82,0,127,96,223
WDouglas,NWCobb,575,87,0,195,305,3,770,392,3,662,503,1165
WDouglas,NECobb,377,54,0,68,122,0,445,176,0,431,190,621
WDouglas,SWCobb,930,165,0,484,1232,0,1414,1397,0,1095,1716,2811
WDouglas,Marietta,520,89,0,151,203,7,671,292,7,609,361,970
WDouglas,Cumberland,1361,199,8,202,527,0,1563,726,8,1568,729,2297
WDouglas,SCobb,1835,286,0,709,1820,1,2544,2106,1,2121,2530,4651
WDouglas,Chamblee,310,39,5,56,158,1,366,197,6,354,215,569
WDouglas,NWDeKalb,242,34,4,102,178,24,344,212,28,280,304,584
WDouglas,NEDeKalb,148,25,2,44,65,0,192,90,2,175,109,284
WDouglas,Atlanta-DeKalb,72,10,1,23,47,0,95,57,1,83,70,153
WDouglas,Decatur,60,12,7,24,20,4,84,32,11,79,48,127
WDouglas,SWDeKalb,136,16,2,36,87,1,172,103,3,154,124,278
WDouglas,SEDeKalb,38,4,0,25,16,0,63,20,0,42,41,83
WDouglas,SDeKalb,118,15,1,36,95,0,154,110,1,134,131,265
WDouglas,WDouglas,21994,4049,0,45192,104456,0,67186,108505,0,26043,149648,175691
WDouglas,EDouglas,8755,1667,6,13629,33097,8,22384,34764,14,10428,46734,57162
WDouglas,WFayette,384,59,0,107,277,0,491,336,0,443,384,827
WDouglas,EFayette,213,30,0,63,148,0,276,178,0,243,211,454
WDouglas,NGwinnett,15,0,0,4,2,0,19,2,0,15,6,21
WDouglas,CentGwinnett,51,5,0,21,46,0,72,51,0,56,67,123
WDouglas,EGwinnett,4,1,0,2,1,0,6,2,0,5,3,8
WDouglas,Norcross,116,22,0,29,57,0,145,79,0,138,86,224
WDouglas,Lilburn,22,4,0,3,13,0,25,17,0,26,16,42
WDouglas,Snellville,13,4,0,5,7,0,18,11,0,17,12,29
WDouglas,NHenry,40,8,0,23,59,0,63,67,0,48,82,130
WDouglas,EHenry,14,2,0,5,11,0,19,13,0,16,16,32
WDouglas,SHenry,49,9,0,21,27,0,70,36,0,58,48,106
WDouglas,SRockdale,11,3,0,2,9,0,13,12,0,14,11,25
WDouglas,NRockdale,21,6,0,7,7,0,28,13,0,27,14,41
WDouglas,NBarrow,2,0,0,0,0,0,2,0,0,2,0,2
WDouglas,SBarrow,0,0,0,0,1,0,0,1,0,0,1,1
WDouglas,NWBartow,16,1,0,6,23,0,22,24,0,17,29,46
WDouglas,NEBartow,14,2,0,0,6,0,14,8,0,16,6,22
WDouglas,SWBartow,45,7,0,18,17,0,63,24,0,52,35,87
WDouglas,Cartersville,114,16,0,43,56,0,157,72,0,130,99,229
WDouglas,NECarroll,3126,587,0,3353,8936,0,6479,9523,0,3713,12289,16002
WDouglas,WCarroll,285,50,0,68,195,0,353,245,0,335,263,598
WDouglas,CentralCarroll,2248,367,0,1304,2837,0,3552,3204,0,2615,4141,6756
WDouglas,SECarroll,345,75,0,186,538,0,531,613,0,420,724,1144
WDouglas,WCoweta,377,60,0,115,403,0,492,463,0,437,518,955
WDouglas,NCoweta,957,165,0,279,795,0,1236,960,0,1122,1074,2196
WDouglas,SCoweta,48,7,0,24,15,0,72,22,0,55,39,94
WDouglas,SECoweta,46,8,0,12,24,0,58,32,0,54,36,90
WDouglas,NForsyth,2,0,0,0,0,0,2,0,0,2,0,2
WDouglas,Cumming,4,0,0,3,1,0,7,1,0,4,4,8
WDouglas,SForsyth,11,2,0,6,1,0,17,3,0,13,7,20
WDouglas,NHall,0,0,0,0,0,0,0,0,0,0,0,0
WDouglas,Gainesville,0,0,0,0,0,0,0,0,0,0,0,0
WDouglas,SHall,2,0,0,1,0,0,3,0,0,2,1,3
WDouglas,WNewton,3,1,0,7,8,0,10,9,0,4,15,19
WDouglas,ENewton,0,0,0,0,2,0,0,2,0,0,2,2
WDouglas,NPaulding,276,52,0,68,119,0,344,171,0,328,187,515
WDouglas,WPaulding,603,98,0,303,708,0,906,806,0,701,1011,1712
WDouglas,EPaulding,3645,653,0,3082,8876,0,6727,9529,0,4298,11958,16256
WDouglas,NSpalding,12,3,0,5,14,0,17,17,0,15,19,34
WDouglas,SSpalding,12,3,0,2,5,0,14,8,0,15,7,22
WDouglas,WWalton,3,0,0,4,1,0,7,1,0,3,5,8
WDouglas,EWalton,3,0,0,0,0,0,3,0,0,3,0,3
EDouglas,NFulton,160,23,3,45,142,0,205,165,3,186,187,373
EDouglas,Roswell,118,15,1,40,79,0,158,94,1,134,119,253
EDouglas,SandySprings,761,137,20,140,222,18,901,359,38,918,380,1298
EDouglas,Buckhead,1010,147,48,294,559,16,1304,706,64,1205,869,2074
EDouglas,NWAtlanta,1437,251,8,621,1613,20,2058,1864,28,1696,2254,3950
EDouglas,NEAtlanta,1260,186,58,435,1066,61,1695,1252,119,1504,1562,3066
EDouglas,SWAtlanta,2223,406,20,1697,4229,34,3920,4635,54,2649,5960,8609
EDouglas,CBDAtlanta,1703,239,348,525,1307,118,2228,1546,466,2290,1950,4240
EDouglas,SEAtlanta,622,103,6,242,500,8,864,603,14,731,750,1481
EDouglas,SFulton,3107,529,3,2993,7017,5,6100,7546,8,3639,10015,13654
EDouglas,Tri-Cities,937,170,10,362,975,4,1299,1145,14,1117,1341,2458
EDouglas,Shannon,904,166,1,441,1516,2,1345,1682,3,1071,1959,3030
EDouglas,WCherokee,28,1,0,9,22,0,37,23,0,29,31,60
EDouglas,NCherokee,10,3,0,5,0,0,15,3,0,13,5,18
EDouglas,ECentCherokee,113,17,0,27,22,0,140,39,0,130,49,179
EDouglas,Woodstock,239,37,0,57,85,0,296,122,0,276,142,418
EDouglas,Airport,417,56,51,55,138,1,472,194,52,524,194,718
EDouglas,NEClayton,341,58,1,75,198,1,416,256,2,400,274,674
EDouglas,Riverdale,194,36,1,60,125,0,254,161,1,231,185,416
EDouglas,SClayton,158,39,0,25,173,0,183,212,0,197,198,395
EDouglas,NWCobb,1302,248,0,323,882,6,1625,1130,6,1550,1211,2761
EDouglas,NECobb,666,100,0,146,303,0,812,403,0,766,449,1215
EDouglas,SWCobb,4225,775,9,4755,10922,2,8980,11697,11,5009,15679,20688
EDouglas,Marietta,1205,220,10,498,933,16,1703,1153,26,1435,1447,2882
EDouglas,Cumberland,2551,406,14,705,1357,6,3256,1763,20,2971,2068,5039
EDouglas,SCobb,5882,1062,22,8097,17407,41,13979,18469,63,6966,25545,32511
EDouglas,Chamblee,547,93,19,87,173,2,634,266,21,659,262,921
EDouglas,NWDeKalb,443,86,14,173,343,38,616,429,52,543,554,1097
EDouglas,NEDeKalb,256,55,2,52,194,3,308,249,5,313,249,562
EDouglas,Atlanta-DeKalb,144,21,5,51,92,1,195,113,6,170,144,314
EDouglas,Decatur,108,11,9,35,70,8,143,81,17,128,113,241
EDouglas,SWDeKalb,223,52,14,75,182,0,298,234,14,289,257,546
EDouglas,SEDeKalb,105,24,0,42,69,5,147,93,5,129,116,245
EDouglas,SDeKalb,232,49,1,64,138,1,296,187,2,282,203,485
EDouglas,WDouglas,9217,1698,6,13755,33132,8,22972,34830,14,10921,46895,57816
EDouglas,EDouglas,28693,5356,24,57612,113093,27,86305,118449,51,34073,170732,204805
EDouglas,WFayette,374,60,0,104,333,0,478,393,0,434,437,871
EDouglas,EFayette,264,50,0,81,118,0,345,168,0,314,199,513
EDouglas,NGwinnett,50,2,0,18,38,0,68,40,0,52,56,108
EDouglas,CentGwinnett,120,11,0,39,92,0,159,103,0,131,131,262
EDouglas,EGwinnett,20,2,0,4,13,0,24,15,0,22,17,39
EDouglas,Norcross,235,30,1,48,77,0,283,107,1,266,125,391
EDouglas,Lilburn,62,15,0,25,21,0,87,36,0,77,46,123
EDouglas,Snellville,57,16,0,19,29,0,76,45,0,73,48,121
EDouglas,NHenry,116,28,0,41,72,0,157,100,0,144,113,257
EDouglas,EHenry,49,8,0,12,34,0,61,42,0,57,46,103
EDouglas,SHenry,98,9,0,19,33,0,117,42,0,107,52,159
EDouglas,SRockdale,46,8,0,9,33,0,55,41,0,54,42,96
EDouglas,NRockdale,62,8,1,19,35,0,81,43,1,71,54,125
EDouglas,NBarrow,1,1,0,1,0,0,2,1,0,2,1,3
EDouglas,SBarrow,2,0,0,0,0,0,2,0,0,2,0,2
EDouglas,NWBartow,20,5,0,9,29,0,29,34,0,25,38,63
EDouglas,NEBartow,36,5,0,5,5,0,41,10,0,41,10,51
EDouglas,SWBartow,77,9,0,23,38,0,100,47,0,86,61,147
EDouglas,Cartersville,200,29,0,44,56,0,244,85,0,229,100,329
EDouglas,NECarroll,1392,243,1,479,1186,0,1871,1429,1,1636,1665,3301
EDouglas,WCarroll,141,20,0,43,64,0,184,84,0,161,107,268
EDouglas,CentralCarroll,792,136,0,222,382,0,1014,518,0,928,604,1532
EDouglas,SECarroll,128,17,0,41,105,0,169,122,0,145,146,291
EDouglas,WCoweta,199,28,0,48,101,0,247,129,0,227,149,376
EDouglas,NCoweta,844,126,0,195,362,0,1039,488,0,970,557,1527
EDouglas,SCoweta,46,11,0,16,24,0,62,35,0,57,40,97
EDouglas,SECoweta,92,6,0,18,55,0,110,61,0,98,73,171
EDouglas,NForsyth,15,1,0,5,7,0,20,8,0,16,12,28
EDouglas,Cumming,36,6,0,6,30,0,42,36,0,42,36,78
EDouglas,SForsyth,35,6,0,6,28,0,41,34,0,41,34,75
EDouglas,NHall,0,0,0,0,0,0,0,0,0,0,0,0
EDouglas,Gainesville,0,1,0,1,1,0,1,2,0,1,2,3
EDouglas,SHall,5,2,0,3,1,0,8,3,0,7,4,11
EDouglas,WNewton,36,7,0,15,34,0,51,41,0,43,49,92
EDouglas,ENewton,3,0,0,2,0,0,5,0,0,3,2,5
EDouglas,NPaulding,507,82,0,131,450,0,638,532,0,589,581,1170
EDouglas,WPaulding,482,88,0,186,576,0,668,664,0,570,762,1332
EDouglas,EPaulding,5913,1157,5,4560,13349,8,10473,14506,13,7075,17917,24992
EDouglas,NSpalding,25,3,0,8,4,0,33,7,0,28,12,40
EDouglas,SSpalding,15,0,0,4,2,0,19,2,0,15,6,21
EDouglas,WWalton,6,2,0,7,8,0,13,10,0,8,15,23
EDouglas,EWalton,4,2,0,1,1,0,5,3,0,6,2,8
WFayette,NFulton,23,1,0,7,37,0,30,38,0,24,44,68
WFayette,Roswell,22,0,0,10,15,0,32,15,0,22,25,47
WFayette,SandySprings,122,16,3,42,45,3,164,61,6,141,90,231
WFayette,Buckhead,185,44,15,41,92,1,226,136,16,244,134,378
WFayette,NWAtlanta,176,27,2,49,93,2,225,120,4,205,144,349
WFayette,NEAtlanta,263,58,26,127,208,8,390,266,34,347,343,690
WFayette,SWAtlanta,356,52,0,139,216,3,495,268,3,408,358,766
WFayette,CBDAtlanta,267,49,55,104,235,20,371,284,75,371,359,730
WFayette,SEAtlanta,302,48,0,92,159,5,394,207,5,350,256,606
WFayette,SFulton,1115,205,0,751,1724,0,1866,1929,0,1320,2475,3795
WFayette,Tri-Cities,912,166,6,272,630,1,1184,796,7,1084,903,1987
WFayette,Shannon,2788,526,4,2495,6054,13,5283,6580,17,3318,8562,11880
WFayette,WCherokee,0,0,0,1,0,0,1,0,0,0,1,1
WFayette,NCherokee,0,0,0,0,0,0,0,0,0,0,0,0
WFayette,ECentCherokee,7,2,0,4,4,0,11,6,0,9,8,17
WFayette,Woodstock,9,0,0,8,0,0,17,0,0,9,8,17
WFayette,Airport,473,83,14,111,278,0,584,361,14,570,389,959
WFayette,NEClayton,761,145,0,226,485,9,987,630,9,906,720,1626
WFayette,Riverdale,880,166,0,514,1271,1,1394,1437,1,1046,1786,2832
WFayette,SClayton,1550,264,0,735,1738,2,2285,2002,2,1814,2475,4289
WFayette,NWCobb,49,6,0,30,35,1,79,41,1,55,66,121
WFayette,NECobb,57,7,0,17,15,0,74,22,0,64,32,96
WFayette,SWCobb,79,11,0,17,36,0,96,47,0,90,53,143
WFayette,Marietta,82,10,0,35,28,3,117,38,3,92,66,158
WFayette,Cumberland,443,64,0,77,129,2,520,193,2,507,208,715
WFayette,SCobb,265,45,2,60,155,1,325,200,3,312,216,528
WFayette,Chamblee,94,26,4,43,44,3,137,70,7,124,90,214
WFayette,NWDeKalb,108,17,2,62,124,10,170,141,12,127,196,323
WFayette,NEDeKalb,116,21,0,27,100,1,143,121,1,137,128,265
WFayette,Atlanta-DeKalb,48,5,2,18,38,0,66,43,2,55,56,111
WFayette,Decatur,14,3,1,13,24,0,27,27,1,18,37,55
WFayette,SWDeKalb,86,17,2,44,52,0,130,69,2,105,96,201
WFayette,SEDeKalb,53,10,0,25,23,0,78,33,0,63,48,111
WFayette,SDeKalb,182,21,0,58,155,0,240,176,0,203,213,416
WFayette,WDouglas,366,58,0,93,291,0,459,349,0,424,384,808
WFayette,EDouglas,375,68,0,103,308,0,478,376,0,443,411,854
WFayette,WFayette,30598,4964,0,55326,108299,0,85924,113263,0,35562,163625,199187
WFayette,EFayette,5749,966,0,5940,14288,0,11689,15254,0,6715,20228,26943
WFayette,NGwinnett,6,2,0,2,5,0,8,7,0,8,7,15
WFayette,CentGwinnett,18,7,1,12,25,0,30,32,1,26,37,63
WFayette,EGwinnett,6,3,0,3,5,0,9,8,0,9,8,17
WFayette,Norcross,59,8,0,18,27,0,77,35,0,67,45,112
WFayette,Lilburn,17,2,0,4,7,0,21,9,0,19,11,30
WFayette,Snellville,6,2,0,5,8,0,11,10,0,8,13,21
WFayette,NHenry,404,61,0,79,285,1,483,346,1,465,365,830
WFayette,EHenry,220,33,0,37,49,0,257,82,0,253,86,339
WFayette,SHenry,1160,166,0,237,700,0,1397,866,0,1326,937,2263
WFayette,SRockdale,50,8,0,9,14,0,59,22,0,58,23,81
WFayette,NRockdale,32,5,0,16,18,0,48,23,0,37,34,71
WFayette,NBarrow,0,0,0,0,0,0,0,0,0,0,0,0
WFayette,SBarrow,2,0,0,0,0,0,2,0,0,2,0,2
WFayette,NWBartow,0,0,0,0,0,0,0,0,0,0,0,0
WFayette,NEBartow,0,0,0,0,0,0,0,0,0,0,0,0
WFayette,SWBartow,0,0,0,0,0,0,0,0,0,0,0,0
WFayette,Cartersville,4,0,0,0,5,0,4,5,0,4,5,9
WFayette,NECarroll,83,8,0,20,19,0,103,27,0,91,39,130
WFayette,WCarroll,29,2,0,10,70,0,39,72,0,31,80,111
WFayette,CentralCarroll,174,30,0,111,97,0,285,127,0,204,208,412
WFayette,SECarroll,71,8,0,21,22,0,92,30,0,79,43,122
WFayette,WCoweta,814,117,0,177,431,0,991,548,0,931,608,1539
WFayette,NCoweta,7376,1254,0,5540,15095,0,12916,16349,0,8630,20635,29265
WFayette,SCoweta,589,99,0,207,487,0,796,586,0,688,694,1382
WFayette,SECoweta,3228,544,0,3287,8394,0,6515,8938,0,3772,11681,15453
WFayette,NForsyth,0,0,0,0,0,0,0,0,0,0,0,0
WFayette,Cumming,1,0,0,2,0,0,3,0,0,1,2,3
WFayette,SForsyth,4,1,0,4,1,0,8,2,0,5,5,10
WFayette,NHall,0,0,0,0,0,0,0,0,0,0,0,0
WFayette,Gainesville,0,0,0,0,0,0,0,0,0,0,0,0
WFayette,SHall,0,0,0,0,2,0,0,2,0,0,2,2
WFayette,WNewton,66,8,0,17,35,0,83,43,0,74,52,126
WFayette,ENewton,2,1,0,0,0,0,2,1,0,3,0,3
WFayette,NPaulding,12,3,0,5,1,0,17,4,0,15,6,21
WFayette,WPaulding,20,4,0,3,19,0,23,23,0,24,22,46
WFayette,EPaulding,71,18,0,35,50,0,106,68,0,89,85,174
WFayette,NSpalding,821,122,0,207,403,0,1028,525,0,943,610,1553
WFayette,SSpalding,754,128,0,203,488,0,957,616,0,882,691,1573
WFayette,WWalton,5,2,0,0,2,0,5,4,0,7,2,9
WFayette,EWalton,1,0,0,2,1,0,3,1,0,1,3,4
EFayette,NFulton,51,6,0,9,31,0,60,37,0,57,40,97
EFayette,Roswell,35,5,0,16,10,0,51,15,0,40,26,66
EFayette,SandySprings,186,22,10,36,62,1,222,84,11,218,99,317
EFayette,Buckhead,333,74,27,64,141,4,397,215,31,434,209,643
EFayette,NWAtlanta,241,50,9,61,147,0,302,197,9,300,208,508
EFayette,NEAtlanta,546,120,40,157,407,18,703,527,58,706,582,1288
EFayette,SWAtlanta,398,69,2,165,298,2,563,367,4,469,465,934
EFayette,CBDAtlanta,615,133,150,188,425,46,803,558,196,898,659,1557
EFayette,SEAtlanta,512,88,1,227,465,2,739,553,3,601,694,1295
EFayette,SFulton,633,127,0,294,820,0,927,947,0,760,1114,1874
EFayette,Tri-Cities,1214,202,7,508,1266,3,1722,1468,10,1423,1777,3200
EFayette,Shannon,2566,472,10,2862,7230,9,5428,7702,19,3048,10101,13149
EFayette,WCherokee,1,0,0,0,0,0,1,0,0,1,0,1
EFayette,NCherokee,0,0,0,0,0,0,0,0,0,0,0,0
EFayette,ECentCherokee,4,2,0,7,3,0,11,5,0,6,10,16
EFayette,Woodstock,15,2,0,10,12,0,25,14,0,17,22,39
EFayette,Airport,894,155,19,399,853,0,1293,1008,19,1068,1252,2320
EFayette,NEClayton,1626,309,10,1032,2208,43,2658,2517,53,1945,3283,5228
EFayette,Riverdale,2578,558,5,4125,10302,16,6703,10860,21,3141,14443,17584
EFayette,SClayton,4234,804,10,4633,12145,12,8867,12949,22,5048,16790,21838
EFayette,NWCobb,53,12,0,19,26,0,72,38,0,65,45,110
EFayette,NECobb,85,9,0,19,60,0,104,69,0,94,79,173
EFayette,SWCobb,57,6,0,18,15,0,75,21,0,63,33,96
EFayette,Marietta,99,15,0,48,41,1,147,56,1,114,90,204
EFayette,Cumberland,454,55,1,68,103,0,522,158,1,510,171,681
EFayette,SCobb,257,39,0,53,70,0,310,109,0,296,123,419
EFayette,Chamblee,193,49,9,42,78,1,235,127,10,251,121,372
EFayette,NWDeKalb,193,52,10,89,138,14,282,190,24,255,241,496
EFayette,NEDeKalb,186,42,1,55,105,2,241,147,3,229,162,391
EFayette,Atlanta-DeKalb,50,14,2,24,59,1,74,73,3,66,84,150
EFayette,Decatur,39,9,2,12,18,0,51,27,2,50,30,80
EFayette,SWDeKalb,161,37,1,60,95,0,221,132,1,199,155,354
EFayette,SEDeKalb,97,13,0,48,57,0,145,70,0,110,105,215
EFayette,SDeKalb,296,58,1,97,195,0,393,253,1,355,292,647
EFayette,WDouglas,195,45,0,60,136,0,255,181,0,240,196,436
EFayette,EDouglas,273,44,0,69,196,0,342,240,0,317,265,582
EFayette,WFayette,5911,963,0,6013,14098,0,11924,15061,0,6874,20111,26985
EFayette,EFayette,20062,3480,0,39088,76268,0,59150,79748,0,23542,115356,138898
EFayette,NGwinnett,10,2,0,11,15,0,21,17,0,12,26,38
EFayette,CentGwinnett,35,9,0,14,24,0,49,33,0,44,38,82
EFayette,EGwinnett,9,5,0,1,0,0,10,5,0,14,1,15
EFayette,Norcross,96,19,0,26,51,0,122,70,0,115,77,192
EFayette,Lilburn,41,8,0,15,13,0,56,21,0,49,28,77
EFayette,Snellville,35,6,0,15,87,0,50,93,0,41,102,143
EFayette,NHenry,872,159,0,405,906,0,1277,1065,0,1031,1311,2342
EFayette,EHenry,488,69,0,94,193,0,582,262,0,557,287,844
EFayette,SHenry,2275,414,0,901,1994,0,3176,2408,0,2689,2895,5584
EFayette,SRockdale,119,28,0,21,63,0,140,91,0,147,84,231
EFayette,NRockdale,74,16,0,22,53,0,96,69,0,90,75,165
EFayette,NBarrow,0,1,0,0,0,0,0,1,0,1,0,1
EFayette,SBarrow,2,0,0,0,0,0,2,0,0,2,0,2
EFayette,NWBartow,1,0,0,0,0,0,1,0,0,1,0,1
EFayette,NEBartow,0,0,0,0,0,0,0,0,0,0,0,0
EFayette,SWBartow,0,1,0,0,0,0,0,1,0,1,0,1
EFayette,Cartersville,2,0,0,3,6,0,5,6,0,2,9,11
EFayette,NECarroll,31,3,0,17,30,0,48,33,0,34,47,81
EFayette,WCarroll,6,0,0,6,14,0,12,14,0,6,20,26
EFayette,CentralCarroll,69,16,0,25,42,0,94,58,0,85,67,152
EFayette,SECarroll,19,3,0,8,39,0,27,42,0,22,47,69
EFayette,WCoweta,235,33,0,50,100,0,285,133,0,268,150,418
EFayette,NCoweta,1959,334,0,692,1860,0,2651,2194,0,2293,2552,4845
EFayette,SCoweta,214,34,0,43,120,0,257,154,0,248,163,411
EFayette,SECoweta,1104,190,0,739,1957,0,1843,2147,0,1294,2696,3990
EFayette,NForsyth,0,0,0,2,1,0,2,1,0,0,3,3
EFayette,Cumming,6,0,0,1,4,0,7,4,0,6,5,11
EFayette,SForsyth,5,2,0,7,5,0,12,7,0,7,12,19
EFayette,NHall,0,0,0,0,0,0,0,0,0,0,0,0
EFayette,Gainesville,0,0,0,1,0,0,1,0,0,0,1,1
EFayette,SHall,1,1,0,0,4,0,1,5,0,2,4,6
EFayette,WNewton,147,26,0,31,62,0,178,88,0,173,93,266
EFayette,ENewton,9,1,0,4,2,0,13,3,0,10,6,16
EFayette,NPaulding,7,1,0,3,0,0,10,1,0,8,3,11
EFayette,WPaulding,7,2,0,2,12,0,9,14,0,9,14,23
EFayette,EPaulding,69,12,0,18,35,0,87,47,0,81,53,134
EFayette,NSpalding,1158,225,0,655,1382,0,1813,1607,0,1383,2037,3420
EFayette,SSpalding,976,164,0,459,986,0,1435,1150,0,1140,1445,2585
EFayette,WWalton,8,5,0,2,20,0,10,25,0,13,22,35
EFayette,EWalton,3,5,0,1,5,0,4,10,0,8,6,14
NGwinnett,NFulton,5546,983,1,2633,7449,12,8179,8432,13,6530,10094,16624
NGwinnett,Roswell,1248,246,0,361,825,0,1609,1071,0,1494,1186,2680
NGwinnett,SandySprings,2593,442,26,353,581,11,2946,1023,37,3061,945,4006
NGwinnett,Buckhead,1657,300,46,190,575,7,1847,875,53,2003,772,2775
NGwinnett,NWAtlanta,462,104,6,52,209,4,514,313,10,572,265,837
NGwinnett,NEAtlanta,1351,236,50,243,790,31,1594,1026,81,1637,1064,2701
NGwinnett,SWAtlanta,198,40,6,62,166,6,260,206,12,244,234,478
NGwinnett,CBDAtlanta,807,206,199,128,530,33,935,736,232,1212,691,1903
NGwinnett,SEAtlanta,196,56,2,44,133,5,240,189,7,254,182,436
NGwinnett,SFulton,37,10,0,9,28,0,46,38,0,47,37,84
NGwinnett,Tri-Cities,242,74,8,24,80,1,266,154,9,324,105,429
NGwinnett,Shannon,31,12,1,15,22,0,46,34,1,44,37,81
NGwinnett,WCherokee,15,4,0,15,23,0,30,27,0,19,38,57
NGwinnett,NCherokee,33,9,0,14,44,0,47,53,0,42,58,100
NGwinnett,ECentCherokee,432,81,0,172,272,0,604,353,0,513,444,957
NGwinnett,Woodstock,168,25,0,63,98,0,231,123,0,193,161,354
NGwinnett,Airport,65,18,8,8,27,0,73,45,8,91,35,126
NGwinnett,NEClayton,120,32,1,32,40,0,152,72,1,153,72,225
NGwinnett,Riverdale,26,8,0,6,39,0,32,47,0,34,45,79
NGwinnett,SClayton,24,6,0,7,6,0,31,12,0,30,13,43
NGwinnett,NWCobb,184,23,1,80,173,3,264,196,4,208,256,464
NGwinnett,NECobb,576,96,0,104,243,0,680,339,0,672,347,1019
NGwinnett,SWCobb,37,7,0,15,20,0,52,27,0,44,35,79
NGwinnett,Marietta,294,33,1,87,100,8,381,133,9,328,195,523
NGwinnett,Cumberland,1268,190,6,165,300,7,1433,490,13,1464,472,1936
NGwinnett,SCobb,192,32,0,44,93,0,236,125,0,224,137,361
NGwinnett,Chamblee,3780,628,18,606,1361,6,4386,1989,24,4426,1973,6399
NGwinnett,NWDeKalb,1368,215,21,378,1042,62,1746,1257,83,1604,1482,3086
NGwinnett,NEDeKalb,2823,432,3,571,1335,3,3394,1767,6,3258,1909,5167
NGwinnett,Atlanta-DeKalb,114,14,3,21,48,1,135,62,4,131,70,201
NGwinnett,Decatur,185,27,1,36,66,5,221,93,6,213,107,320
NGwinnett,SWDeKalb,338,51,4,78,230,0,416,281,4,393,308,701
NGwinnett,SEDeKalb,345,76,0,134,257,1,479,333,1,421,392,813
NGwinnett,SDeKalb,241,33,0,82,148,1,323,181,1,274,231,505
NGwinnett,WDouglas,18,1,0,5,2,0,23,3,0,19,7,26
NGwinnett,EDouglas,48,4,0,21,25,0,69,29,0,52,46,98
NGwinnett,WFayette,8,2,0,2,2,0,10,4,0,10,4,14
NGwinnett,EFayette,8,4,0,5,13,0,13,17,0,12,18,30
NGwinnett,NGwinnett,99771,18500,4,187403,447446,10,287174,465946,14,118275,634859,753134
NGwinnett,CentGwinnett,33458,5964,41,33649,86611,86,67107,92575,127,39463,120346,159809
NGwinnett,EGwinnett,10326,1971,0,10573,30313,4,20899,32284,4,12297,40890,53187
NGwinnett,Norcross,9080,1421,7,2105,5494,3,11185,6915,10,10508,7602,18110
NGwinnett,Lilburn,1566,250,0,711,1903,1,2277,2153,1,1816,2615,4431
NGwinnett,Snellville,2965,586,0,1525,4587,2,4490,5173,2,3551,6114,9665
NGwinnett,NHenry,58,10,0,18,50,0,76,60,0,68,68,136
NGwinnett,EHenry,50,3,0,13,37,0,63,40,0,53,50,103
NGwinnett,SHenry,24,2,0,12,35,0,36,37,0,26,47,73
NGwinnett,SRockdale,96,16,0,30,43,0,126,59,0,112,73,185
NGwinnett,NRockdale,390,68,0,82,193,0,472,261,0,458,275,733
NGwinnett,NBarrow,4805,927,1,3901,11088,0,8706,12015,1,5733,14989,20722
NGwinnett,SBarrow,2381,481,0,1126,3276,0,3507,3757,0,2862,4402,7264
NGwinnett,NWBartow,1,0,0,2,17,0,3,17,0,1,19,20
NGwinnett,NEBartow,5,0,0,4,3,0,9,3,0,5,7,12
NGwinnett,SWBartow,0,0,0,1,10,0,1,10,0,0,11,11
NGwinnett,Cartersville,12,3,0,3,24,0,15,27,0,15,27,42
NGwinnett,NECarroll,1,0,0,1,13,0,2,13,0,1,14,15
NGwinnett,WCarroll,0,0,0,0,0,0,0,0,0,0,0,0
NGwinnett,CentralCarroll,1,0,0,0,1,0,1,1,0,1,1,2
NGwinnett,SECarroll,0,0,0,1,0,0,1,0,0,0,1,1
NGwinnett,WCoweta,0,0,0,0,0,0,0,0,0,0,0,0
NGwinnett,NCoweta,5,1,0,4,0,0,9,1,0,6,4,10
NGwinnett,SCoweta,0,0,0,0,0,0,0,0,0,0,0,0
NGwinnett,SECoweta,0,0,0,1,0,0,1,0,0,0,1,1
NGwinnett,NForsyth,1133,191,0,406,1090,0,1539,1281,0,1324,1496,2820
NGwinnett,Cumming,4823,905,0,3807,10580,0,8630,11485,0,5728,14387,20115
NGwinnett,SForsyth,4723,842,0,3543,10538,0,8266,11380,0,5565,14081,19646
NGwinnett,NHall,756,116,0,184,395,0,940,511,0,872,579,1451
NGwinnett,Gainesville,4721,881,0,1168,3582,0,5889,4463,0,5602,4750,10352
NGwinnett,SHall,11742,2060,2,11453,29966,0,23195,32026,2,13804,41419,55223
NGwinnett,WNewton,304,48,0,89,141,0,393,189,0,352,230,582
NGwinnett,ENewton,51,5,0,20,21,0,71,26,0,56,41,97
NGwinnett,NPaulding,5,0,0,2,8,0,7,8,0,5,10,15
NGwinnett,WPaulding,1,0,0,2,12,0,3,12,0,1,14,15
NGwinnett,EPaulding,18,7,0,13,23,0,31,30,0,25,36,61
NGwinnett,NSpalding,2,0,0,0,0,0,2,0,0,2,0,2
NGwinnett,SSpalding,0,0,0,0,0,0,0,0,0,0,0,0
NGwinnett,WWalton,1014,159,0,358,838,0,1372,997,0,1173,1196,2369
NGwinnett,EWalton,849,133,0,216,507,0,1065,640,0,982,723,1705
CentGwinnett,NFulton,9419,1814,16,9507,21764,26,18926,23578,42,11249,31297,42546
CentGwinnett,Roswell,2207,418,9,1385,3712,9,3592,4130,18,2634,5106,7740
CentGwinnett,SandySprings,3850,656,59,878,1869,47,4728,2525,106,4565,2794,7359
CentGwinnett,Buckhead,2603,544,122,391,1176,41,2994,1720,163,3269,1608,4877
CentGwinnett,NWAtlanta,741,187,21,108,255,2,849,442,23,949,365,1314
CentGwinnett,NEAtlanta,2202,496,213,381,1085,120,2583,1581,333,2911,1586,4497
CentGwinnett,SWAtlanta,322,84,22,106,202,9,428,286,31,428,317,745
CentGwinnett,CBDAtlanta,1362,414,546,208,631,110,1570,1045,656,2322,949,3271
CentGwinnett,SEAtlanta,359,88,13,103,214,14,462,302,27,460,331,791
CentGwinnett,SFulton,106,15,0,27,57,0,133,72,0,121,84,205
CentGwinnett,Tri-Cities,411,152,22,52,104,2,463,256,24,585,158,743
CentGwinnett,Shannon,88,24,1,38,32,1,126,56,2,113,71,184
CentGwinnett,WCherokee,60,10,0,18,44,0,78,54,0,70,62,132
CentGwinnett,NCherokee,49,6,0,39,60,0,88,66,0,55,99,154
CentGwinnett,ECentCherokee,612,100,0,233,519,0,845,619,0,712,752,1464
CentGwinnett,Woodstock,364,57,0,100,218,0,464,275,0,421,318,739
CentGwinnett,Airport,176,44,39,13,13,0,189,57,39,259,26,285
CentGwinnett,NEClayton,274,64,1,51,131,1,325,195,2,339,183,522
CentGwinnett,Riverdale,61,24,1,22,38,0,83,62,1,86,60,146
CentGwinnett,SClayton,64,12,0,41,38,0,105,50,0,76,79,155
CentGwinnett,NWCobb,354,56,0,118,227,4,472,283,4,410,349,759
CentGwinnett,NECobb,972,151,3,229,422,0,1201,573,3,1126,651,1777
CentGwinnett,SWCobb,121,14,0,36,82,0,157,96,0,135,118,253
CentGwinnett,Marietta,434,63,4,118,171,10,552,234,14,501,299,800
CentGwinnett,Cumberland,1796,271,13,240,403,12,2036,674,25,2080,655,2735
CentGwinnett,SCobb,335,46,2,94,186,1,429,232,3,383,281,664
CentGwinnett,Chamblee,6670,1085,69,2065,5013,72,8735,6098,141,7824,7150,14974
CentGwinnett,NWDeKalb,2232,426,46,940,3645,247,3172,4071,293,2704,4832,7536
CentGwinnett,NEDeKalb,5416,996,15,2714,6915,36,8130,7911,51,6427,9665,16092
CentGwinnett,Atlanta-DeKalb,193,22,7,58,169,3,251,191,10,222,230,452
CentGwinnett,Decatur,313,46,15,82,246,10,395,292,25,374,338,712
CentGwinnett,SWDeKalb,648,115,10,224,446,9,872,561,19,773,679,1452
CentGwinnett,SEDeKalb,963,227,0,565,1802,1,1528,2029,1,1190,2368,3558
CentGwinnett,SDeKalb,624,107,1,212,528,5,836,635,6,732,745,1477
CentGwinnett,WDouglas,52,4,0,20,53,0,72,57,0,56,73,129
CentGwinnett,EDouglas,111,14,0,29,76,0,140,90,0,125,105,230
CentGwinnett,WFayette,14,2,1,18,24,0,32,26,1,17,42,59
CentGwinnett,EFayette,41,9,0,19,15,0,60,24,0,50,34,84
CentGwinnett,NGwinnett,35448,6306,41,33955,87853,79,69403,94159,120,41795,121887,163682
CentGwinnett,CentGwinnett,145340,26722,777,235348,490450,1242,380688,517172,2019,172839,727040,899879
CentGwinnett,EGwinnett,15585,2936,18,16751,47233,55,32336,50169,73,18539,64039,82578
CentGwinnett,Norcross,26062,4670,174,22363,50515,247,48425,55185,421,30906,73125,104031
CentGwinnett,Lilburn,8524,1566,23,10315,27679,41,18839,29245,64,10113,38035,48148
CentGwinnett,Snellville,12160,2350,10,14048,39505,25,26208,41855,35,14520,53578,68098
CentGwinnett,NHenry,212,30,0,65,107,1,277,137,1,242,173,415
CentGwinnett,EHenry,135,20,0,42,113,0,177,133,0,155,155,310
CentGwinnett,SHenry,126,28,0,45,78,0,171,106,0,154,123,277
CentGwinnett,SRockdale,286,39,0,106,288,0,392,327,0,325,394,719
CentGwinnett,NRockdale,796,155,0,270,574,0,1066,729,0,951,844,1795
CentGwinnett,NBarrow,2556,414,0,767,1755,0,3323,2169,0,2970,2522,5492
CentGwinnett,SBarrow,2087,385,0,674,1840,0,2761,2225,0,2472,2514,4986
CentGwinnett,NWBartow,3,0,0,1,0,0,4,0,0,3,1,4
CentGwinnett,NEBartow,8,1,0,5,19,0,13,20,0,9,24,33
CentGwinnett,SWBartow,5,0,0,7,24,0,12,24,0,5,31,36
CentGwinnett,Cartersville,22,5,0,21,31,0,43,36,0,27,52,79
CentGwinnett,NECarroll,7,3,0,6,6,0,13,9,0,10,12,22
CentGwinnett,WCarroll,2,0,0,0,0,0,2,0,0,2,0,2
CentGwinnett,CentralCarroll,0,0,0,2,1,0,2,1,0,0,3,3
CentGwinnett,SECarroll,0,0,0,0,0,0,0,0,0,0,0,0
CentGwinnett,WCoweta,2,0,0,0,12,0,2,12,0,2,12,14
CentGwinnett,NCoweta,24,6,0,12,12,0,36,18,0,30,24,54
CentGwinnett,SCoweta,0,0,0,1,0,0,1,0,0,0,1,1
CentGwinnett,SECoweta,1,2,0,1,5,0,2,7,0,3,6,9
CentGwinnett,NForsyth,875,138,0,287,637,0,1162,775,0,1013,924,1937
CentGwinnett,Cumming,2656,434,0,1015,2750,1,3671,3184,1,3090,3766,6856
CentGwinnett,SForsyth,4154,810,1,3056,8510,2,7210,9320,3,4965,11568,16533
CentGwinnett,NHall,424,79,0,101,366,0,525,445,0,503,467,970
CentGwinnett,Gainesville,1472,257,0,294,728,0,1766,985,0,1729,1022,2751
CentGwinnett,SHall,3555,548,0,1067,2604,0,4622,3152,0,4103,3671,7774
CentGwinnett,WNewton,702,134,0,213,611,0,915,745,0,836,824,1660
CentGwinnett,ENewton,118,20,0,53,139,0,171,159,0,138,192,330
CentGwinnett,NPaulding,26,3,0,5,41,0,31,44,0,29,46,75
CentGwinnett,WPaulding,6,0,0,4,6,0,10,6,0,6,10,16
CentGwinnett,EPaulding,80,9,0,46,58,0,126,67,0,89,104,193
CentGwinnett,NSpalding,7,2,0,1,3,0,8,5,0,9,4,13
CentGwinnett,SSpalding,1,1,0,3,12,0,4,13,0,2,15,17
CentGwinnett,WWalton,2344,446,0,1068,2934,1,3412,3380,1,2790,4003,6793
CentGwinnett,EWalton,1051,197,0,355,914,0,1406,1111,0,1248,1269,2517
EGwinnett,NFulton,909,151,1,187,427,2,1096,578,3,1061,616,1677
EGwinnett,Roswell,337,58,0,65,112,0,402,170,0,395,177,572
EGwinnett,SandySprings,983,160,2,115,290,4,1098,450,6,1145,409,1554
EGwinnett,Buckhead,649,141,8,91,241,3,740,382,11,798,335,1133
EGwinnett,NWAtlanta,202,53,1,25,86,5,227,139,6,256,116,372
EGwinnett,NEAtlanta,478,104,6,106,480,14,584,584,20,588,600,1188
EGwinnett,SWAtlanta,92,24,1,26,100,3,118,124,4,117,129,246
EGwinnett,CBDAtlanta,359,94,52,80,170,5,439,264,57,505,255,760
EGwinnett,SEAtlanta,91,15,0,36,49,3,127,64,3,106,88,194
EGwinnett,SFulton,29,2,0,3,8,0,32,10,0,31,11,42
EGwinnett,Tri-Cities,126,35,1,13,31,0,139,66,1,162,44,206
EGwinnett,Shannon,15,4,0,4,37,1,19,41,1,19,42,61
EGwinnett,WCherokee,5,1,0,4,9,0,9,10,0,6,13,19
EGwinnett,NCherokee,2,0,0,3,1,0,5,1,0,2,4,6
EGwinnett,ECentCherokee,48,9,0,18,18,0,66,27,0,57,36,93
EGwinnett,Woodstock,42,6,0,13,28,0,55,34,0,48,41,89
EGwinnett,Airport,54,9,1,4,10,0,58,19,1,64,14,78
EGwinnett,NEClayton,100,20,0,20,17,0,120,37,0,120,37,157
EGwinnett,Riverdale,21,4,1,5,6,0,26,10,1,26,11,37
EGwinnett,SClayton,16,2,0,7,38,0,23,40,0,18,45,63
EGwinnett,NWCobb,62,9,0,12,52,0,74,61,0,71,64,135
EGwinnett,NECobb,195,22,0,32,80,0,227,102,0,217,112,329
EGwinnett,SWCobb,20,3,0,4,11,0,24,14,0,23,15,38
EGwinnett,Marietta,121,18,0,31,57,1,152,75,1,139,89,228
EGwinnett,Cumberland,544,76,1,65,106,0,609,182,1,621,171,792
EGwinnett,SCobb,78,8,0,18,28,0,96,36,0,86,46,132
EGwinnett,Chamblee,1435,250,3,229,482,2,1664,732,5,1688,713,2401
EGwinnett,NWDeKalb,580,114,0,292,656,23,872,770,23,694,971,1665
EGwinnett,NEDeKalb,1513,275,0,372,1055,1,1885,1330,1,1788,1428,3216
EGwinnett,Atlanta-DeKalb,52,11,0,10,46,0,62,57,0,63,56,119
EGwinnett,Decatur,81,11,0,27,64,1,108,75,1,92,92,184
EGwinnett,SWDeKalb,194,27,0,49,147,1,243,174,1,221,197,418
EGwinnett,SEDeKalb,443,68,0,149,480,0,592,548,0,511,629,1140
EGwinnett,SDeKalb,213,27,0,75,113,0,288,140,0,240,188,428
EGwinnett,WDouglas,8,0,0,1,0,0,9,0,0,8,1,9
EGwinnett,EDouglas,21,6,0,2,12,0,23,18,0,27,14,41
EGwinnett,WFayette,9,0,0,2,1,0,11,1,0,9,3,12
EGwinnett,EFayette,10,4,0,2,27,0,12,31,0,14,29,43
EGwinnett,NGwinnett,9909,1857,0,10507,29943,3,20416,31800,3,11766,40453,52219
EGwinnett,CentGwinnett,14714,2715,19,16763,46573,47,31477,49288,66,17448,63383,80831
EGwinnett,EGwinnett,19542,3725,0,43926,112693,4,63468,116418,4,23267,156623,179890
EGwinnett,Norcross,3168,519,1,591,1810,1,3759,2329,2,3688,2402,6090
EGwinnett,Lilburn,1333,283,1,731,2317,0,2064,2600,1,1617,3048,4665
EGwinnett,Snellville,5560,1068,0,9054,25965,0,14614,27033,0,6628,35019,41647
EGwinnett,NHenry,61,11,0,15,58,0,76,69,0,72,73,145
EGwinnett,EHenry,35,7,0,15,36,0,50,43,0,42,51,93
EGwinnett,SHenry,70,8,0,12,7,0,82,15,0,78,19,97
EGwinnett,SRockdale,134,19,0,34,107,0,168,126,0,153,141,294
EGwinnett,NRockdale,779,143,0,201,504,0,980,647,0,922,705,1627
EGwinnett,NBarrow,2308,456,0,2029,5953,0,4337,6409,0,2764,7982,10746
EGwinnett,SBarrow,2235,386,0,2118,6378,0,4353,6764,0,2621,8496,11117
EGwinnett,NWBartow,0,0,0,0,0,0,0,0,0,0,0,0
EGwinnett,NEBartow,0,0,0,0,0,0,0,0,0,0,0,0
EGwinnett,SWBartow,0,0,0,0,4,0,0,4,0,0,4,4
EGwinnett,Cartersville,1,0,0,1,6,0,2,6,0,1,7,8
EGwinnett,NECarroll,1,0,0,0,0,0,1,0,0,1,0,1
EGwinnett,WCarroll,0,0,0,0,0,0,0,0,0,0,0,0
EGwinnett,CentralCarroll,0,0,0,1,0,0,1,0,0,0,1,1
EGwinnett,SECarroll,0,0,0,0,0,0,0,0,0,0,0,0
EGwinnett,WCoweta,0,0,0,0,0,0,0,0,0,0,0,0
EGwinnett,NCoweta,0,0,0,0,1,0,0,1,0,0,1,1
EGwinnett,SCoweta,0,0,0,0,0,0,0,0,0,0,0,0
EGwinnett,SECoweta,0,0,0,0,9,0,0,9,0,0,9,9
EGwinnett,NForsyth,92,9,0,20,68,0,112,77,0,101,88,189
EGwinnett,Cumming,337,75,0,99,273,0,436,348,0,412,372,784
EGwinnett,SForsyth,441,73,0,93,253,0,534,326,0,514,346,860
EGwinnett,NHall,60,14,0,20,26,0,80,40,0,74,46,120
EGwinnett,Gainesville,511,91,0,98,223,0,609,314,0,602,321,923
EGwinnett,SHall,788,143,0,441,857,0,1229,1000,0,931,1298,2229
EGwinnett,WNewton,616,115,0,145,311,0,761,426,0,731,456,1187
EGwinnett,ENewton,81,6,0,27,77,0,108,83,0,87,104,191
EGwinnett,NPaulding,0,0,0,0,4,0,0,4,0,0,4,4
EGwinnett,WPaulding,1,0,0,0,0,0,1,0,0,1,0,1
EGwinnett,EPaulding,9,0,0,5,5,0,14,5,0,9,10,19
EGwinnett,NSpalding,3,0,0,3,0,0,6,0,0,3,3,6
EGwinnett,SSpalding,2,0,0,0,0,0,2,0,0,2,0,2
EGwinnett,WWalton,2166,408,0,2410,7691,0,4576,8099,0,2574,10101,12675
EGwinnett,EWalton,1341,255,0,622,1573,0,1963,1828,0,1596,2195,3791
Norcross,NFulton,7036,1319,28,4847,12353,41,11883,13672,69,8383,17241,25624
Norcross,Roswell,4427,827,35,4926,11139,29,9353,11966,64,5289,16094,21383
Norcross,SandySprings,6408,1126,116,4733,9712,113,11141,10838,229,7650,14558,22208
Norcross,Buckhead,4008,693,281,1110,2631,121,5118,3324,402,4982,3862,8844
Norcross,NWAtlanta,779,180,75,141,314,15,920,494,90,1034,470,1504
Norcross,NEAtlanta,2856,585,493,797,2271,302,3653,2856,795,3934,3370,7304
Norcross,SWAtlanta,578,113,61,110,218,28,688,331,89,752,356,1108
Norcross,CBDAtlanta,1506,403,979,315,1042,289,1821,1445,1268,2888,1646,4534
Norcross,SEAtlanta,473,158,64,115,287,47,588,445,111,695,449,1144
Norcross,SFulton,161,30,4,37,50,1,198,80,5,195,88,283
Norcross,Tri-Cities,450,149,41,57,109,2,507,258,43,640,168,808
Norcross,Shannon,189,49,7,32,52,0,221,101,7,245,84,329
Norcross,WCherokee,117,15,0,18,27,0,135,42,0,132,45,177
Norcross,NCherokee,64,7,0,12,38,0,76,45,0,71,50,121
Norcross,ECentCherokee,815,119,0,204,324,0,1019,443,0,934,528,1462
Norcross,Woodstock,754,107,2,160,296,0,914,403,2,863,456,1319
Norcross,Airport,165,42,61,19,10,9,184,52,70,268,38,306
Norcross,NEClayton,410,76,5,80,130,1,490,206,6,491,211,702
Norcross,Riverdale,180,55,4,17,105,0,197,160,4,239,122,361
Norcross,SClayton,191,41,2,37,100,0,228,141,2,234,137,371
Norcross,NWCobb,766,120,1,174,272,13,940,392,14,887,459,1346
Norcross,NECobb,1583,243,2,497,1221,2,2080,1464,4,1828,1720,3548
Norcross,SWCobb,275,41,1,58,109,0,333,150,1,317,167,484
Norcross,Marietta,599,111,13,184,245,31,783,356,44,723,460,1183
Norcross,Cumberland,2464,366,52,501,1240,19,2965,1606,71,2882,1760,4642
Norcross,SCobb,605,79,2,124,293,0,729,372,2,686,417,1103
Norcross,Chamblee,13049,2411,199,15062,31311,255,28111,33722,454,15659,46628,62287
Norcross,NWDeKalb,3085,503,140,2039,6659,766,5124,7162,906,3728,9464,13192
Norcross,NEDeKalb,9647,1872,84,12345,28177,109,21992,30049,193,11603,40631,52234
Norcross,Atlanta-DeKalb,250,40,21,84,200,6,334,240,27,311,290,601
Norcross,Decatur,421,70,27,210,511,26,631,581,53,518,747,1265
Norcross,SWDeKalb,1001,212,36,460,1254,14,1461,1466,50,1249,1728,2977
Norcross,SEDeKalb,1362,268,3,589,1796,4,1951,2064,7,1633,2389,4022
Norcross,SDeKalb,973,184,7,233,603,3,1206,787,10,1164,839,2003
Norcross,WDouglas,113,16,0,27,79,0,140,95,0,129,106,235
Norcross,EDouglas,187,30,1,40,110,0,227,140,1,218,150,368
Norcross,WFayette,35,10,0,15,17,0,50,27,0,45,32,77
Norcross,EFayette,79,13,0,23,41,0,102,54,0,92,64,156
Norcross,NGwinnett,8960,1448,7,2077,5627,2,11037,7075,9,10415,7706,18121
Norcross,CentGwinnett,27430,4925,173,22555,51122,239,49985,56047,412,32528,73916,106444
Norcross,EGwinnett,3082,494,1,582,1608,1,3664,2102,2,3577,2191,5768
Norcross,Norcross,80815,15062,711,121469,229886,857,202284,244948,1568,96588,352212,448800
Norcross,Lilburn,11303,2065,56,12715,34835,95,24018,36900,151,13424,47645,61069
Norcross,Snellville,4131,717,9,1448,4087,1,5579,4804,10,4857,5536,10393
Norcross,NHenry,377,57,0,67,174,0,444,231,0,434,241,675
Norcross,EHenry,243,37,0,44,68,0,287,105,0,280,112,392
Norcross,SHenry,212,34,1,51,69,0,263,103,1,247,120,367
Norcross,SRockdale,327,47,1,54,147,0,381,194,1,375,201,576
Norcross,NRockdale,430,81,1,83,182,0,513,263,1,512,265,777
Norcross,NBarrow,888,147,0,98,267,0,986,414,0,1035,365,1400
Norcross,SBarrow,644,114,0,97,196,0,741,310,0,758,293,1051
Norcross,NWBartow,16,1,0,4,1,0,20,2,0,17,5,22
Norcross,NEBartow,16,3,0,12,26,0,28,29,0,19,38,57
Norcross,SWBartow,30,3,0,3,5,0,33,8,0,33,8,41
Norcross,Cartersville,99,23,0,31,49,0,130,72,0,122,80,202
Norcross,NECarroll,26,4,0,8,44,0,34,48,0,30,52,82
Norcross,WCarroll,1,0,0,0,9,0,1,9,0,1,9,10
Norcross,CentralCarroll,3,1,0,1,6,0,4,7,0,4,7,11
Norcross,SECarroll,5,0,0,1,0,0,6,0,0,5,1,6
Norcross,WCoweta,8,0,0,6,3,0,14,3,0,8,9,17
Norcross,NCoweta,73,3,0,24,48,0,97,51,0,76,72,148
Norcross,SCoweta,5,0,0,2,5,0,7,5,0,5,7,12
Norcross,SECoweta,8,0,0,3,5,0,11,5,0,8,8,16
Norcross,NForsyth,798,116,0,118,346,0,916,462,0,914,464,1378
Norcross,Cumming,1956,304,2,411,953,0,2367,1257,2,2262,1364,3626
Norcross,SForsyth,2324,444,3,972,2781,0,3296,3225,3,2771,3753,6524
Norcross,NHall,247,32,0,34,94,0,281,126,0,279,128,407
Norcross,Gainesville,647,112,0,90,200,0,737,312,0,759,290,1049
Norcross,SHall,1474,223,0,201,432,0,1675,655,0,1697,633,2330
Norcross,WNewton,445,70,1,76,209,0,521,279,1,516,285,801
Norcross,ENewton,62,5,0,22,20,0,84,25,0,67,42,109
Norcross,NPaulding,97,9,0,12,15,0,109,24,0,106,27,133
Norcross,WPaulding,24,8,0,15,13,0,39,21,0,32,28,60
Norcross,EPaulding,228,34,0,45,107,0,273,141,0,262,152,414
Norcross,NSpalding,15,1,0,2,13,0,17,14,0,16,15,31
Norcross,SSpalding,6,2,0,2,22,0,8,24,0,8,24,32
Norcross,WWalton,720,127,0,124,296,0,844,423,0,847,420,1267
Norcross,EWalton,318,45,0,59,89,0,377,134,0,363,148,511
Lilburn,NFulton,936,191,4,384,915,6,1320,1106,10,1131,1305,2436
Lilburn,Roswell,529,87,1,248,556,2,777,643,3,617,806,1423
Lilburn,SandySprings,1524,230,25,425,753,25,1949,983,50,1779,1203,2982
Lilburn,Buckhead,1091,210,59,266,888,10,1357,1098,69,1360,1164,2524
Lilburn,NWAtlanta,323,59,19,55,143,4,378,202,23,401,202,603
Lilburn,NEAtlanta,1041,197,83,414,1004,64,1455,1201,147,1321,1482,2803
Lilburn,SWAtlanta,200,57,13,74,129,7,274,186,20,270,210,480
Lilburn,CBDAtlanta,863,153,390,213,446,101,1076,599,491,1406,760,2166
Lilburn,SEAtlanta,272,54,8,81,165,8,353,219,16,334,254,588
Lilburn,SFulton,58,15,3,17,29,0,75,44,3,76,46,122
Lilburn,Tri-Cities,244,43,7,47,80,0,291,123,7,294,127,421
Lilburn,Shannon,80,11,0,23,17,0,103,28,0,91,40,131
Lilburn,WCherokee,11,0,0,5,8,0,16,8,0,11,13,24
Lilburn,NCherokee,3,0,0,6,10,0,9,10,0,3,16,19
Lilburn,ECentCherokee,65,9,0,34,97,0,99,106,0,74,131,205
Lilburn,Woodstock,84,14,0,27,22,0,111,36,0,98,49,147
Lilburn,Airport,151,27,22,12,4,0,163,31,22,200,16,216
Lilburn,NEClayton,265,51,0,47,201,0,312,252,0,316,248,564
Lilburn,Riverdale,71,6,0,25,50,0,96,56,0,77,75,152
Lilburn,SClayton,78,11,0,27,55,0,105,66,0,89,82,171
Lilburn,NWCobb,127,14,0,59,36,0,186,50,0,141,95,236
Lilburn,NECobb,354,50,0,75,305,0,429,355,0,404,380,784
Lilburn,SWCobb,41,6,0,7,29,0,48,35,0,47,36,83
Lilburn,Marietta,214,36,3,62,73,8,276,109,11,253,143,396
Lilburn,Cumberland,819,109,10,102,190,5,921,299,15,938,297,1235
Lilburn,SCobb,137,16,0,40,39,0,177,55,0,153,79,232
Lilburn,Chamblee,2732,455,23,1276,3237,11,4008,3692,34,3210,4524,7734
Lilburn,NWDeKalb,1836,311,35,1380,5475,240,3216,5786,275,2182,7095,9277
Lilburn,NEDeKalb,8370,1431,92,10409,25067,68,18779,26498,160,9893,35544,45437
Lilburn,Atlanta-DeKalb,143,30,3,81,281,1,224,311,4,176,363,539
Lilburn,Decatur,243,48,2,223,545,15,466,593,17,293,783,1076
Lilburn,SWDeKalb,815,159,16,615,1555,10,1430,1714,26,990,2180,3170
Lilburn,SEDeKalb,1996,349,6,2571,7741,18,4567,8090,24,2351,10330,12681
Lilburn,SDeKalb,676,138,2,443,1146,5,1119,1284,7,816,1594,2410
Lilburn,WDouglas,26,6,0,4,4,0,30,10,0,32,8,40
Lilburn,EDouglas,71,12,0,25,33,0,96,45,0,83,58,141
Lilburn,WFayette,23,3,0,2,22,0,25,25,0,26,24,50
Lilburn,EFayette,35,12,0,13,17,0,48,29,0,47,30,77
Lilburn,NGwinnett,1686,274,0,747,2097,1,2433,2371,1,1960,2845,4805
Lilburn,CentGwinnett,8754,1615,24,10434,27588,49,19188,29203,73,10393,38071,48464
Lilburn,EGwinnett,1370,275,1,727,2370,0,2097,2645,1,1646,3097,4743
Lilburn,Norcross,10963,1961,57,12501,34349,90,23464,36310,147,12981,46940,59921
Lilburn,Lilburn,21552,3771,52,48671,108431,116,70223,112202,168,25375,157218,182593
Lilburn,Snellville,6083,1118,1,8844,25962,1,14927,27080,2,7202,34807,42009
Lilburn,NHenry,217,32,0,74,222,0,291,254,0,249,296,545
Lilburn,EHenry,135,24,0,50,130,0,185,154,0,159,180,339
Lilburn,SHenry,118,15,0,28,100,0,146,115,0,133,128,261
Lilburn,SRockdale,306,48,0,142,444,0,448,492,0,354,586,940
Lilburn,NRockdale,762,129,1,378,1049,0,1140,1178,1,892,1427,2319
Lilburn,NBarrow,209,33,0,54,168,0,263,201,0,242,222,464
Lilburn,SBarrow,209,43,0,49,142,0,258,185,0,252,191,443
Lilburn,NWBartow,2,0,0,0,0,0,2,0,0,2,0,2
Lilburn,NEBartow,1,0,0,0,5,0,1,5,0,1,5,6
Lilburn,SWBartow,1,2,0,0,23,0,1,25,0,3,23,26
Lilburn,Cartersville,7,2,0,6,10,0,13,12,0,9,16,25
Lilburn,NECarroll,0,1,0,1,3,0,1,4,0,1,4,5
Lilburn,WCarroll,0,0,0,0,0,0,0,0,0,0,0,0
Lilburn,CentralCarroll,1,0,0,0,1,0,1,1,0,1,1,2
Lilburn,SECarroll,0,0,0,0,1,0,0,1,0,0,1,1
Lilburn,WCoweta,3,0,0,0,16,0,3,16,0,3,16,19
Lilburn,NCoweta,19,2,0,13,41,0,32,43,0,21,54,75
Lilburn,SCoweta,1,0,0,0,4,0,1,4,0,1,4,5
Lilburn,SECoweta,1,3,0,2,1,0,3,4,0,4,3,7
Lilburn,NForsyth,58,7,0,22,59,0,80,66,0,65,81,146
Lilburn,Cumming,206,27,0,65,156,0,271,183,0,233,221,454
Lilburn,SForsyth,271,57,0,136,345,0,407,402,0,328,481,809
Lilburn,NHall,38,10,0,6,22,0,44,32,0,48,28,76
Lilburn,Gainesville,114,25,0,37,80,0,151,105,0,139,117,256
Lilburn,SHall,236,37,0,82,248,0,318,285,0,273,330,603
Lilburn,WNewton,425,93,0,116,345,0,541,438,0,518,461,979
Lilburn,ENewton,47,8,0,22,60,0,69,68,0,55,82,137
Lilburn,NPaulding,9,0,0,6,4,0,15,4,0,9,10,19
Lilburn,WPaulding,1,0,0,2,9,0,3,9,0,1,11,12
Lilburn,EPaulding,26,2,0,8,6,0,34,8,0,28,14,42
Lilburn,NSpalding,6,2,0,7,3,0,13,5,0,8,10,18
Lilburn,SSpalding,6,0,0,2,17,0,8,17,0,6,19,25
Lilburn,WWalton,689,112,0,288,813,0,977,925,0,801,1101,1902
Lilburn,EWalton,215,37,0,67,170,0,282,207,0,252,237,489
Snellville,NFulton,876,177,3,235,463,4,1111,640,7,1056,702,1758
Snellville,Roswell,387,56,1,84,266,0,471,322,1,444,350,794
Snellville,SandySprings,1166,215,12,182,378,8,1348,593,20,1393,568,1961
Snellville,Buckhead,859,184,28,161,600,7,1020,784,35,1071,768,1839
Snellville,NWAtlanta,319,68,7,52,123,3,371,191,10,394,178,572
Snellville,NEAtlanta,1022,172,63,321,772,68,1343,944,131,1257,1161,2418
Snellville,SWAtlanta,217,43,5,64,116,12,281,159,17,265,192,457
Snellville,CBDAtlanta,1012,177,285,197,444,95,1209,621,380,1474,736,2210
Snellville,SEAtlanta,319,50,4,93,205,3,412,255,7,373,301,674
Snellville,SFulton,53,11,1,12,7,0,65,18,1,65,19,84
Snellville,Tri-Cities,270,69,6,40,124,1,310,193,7,345,165,510
Snellville,Shannon,81,7,0,22,77,0,103,84,0,88,99,187
Snellville,WCherokee,4,1,0,1,0,0,5,1,0,5,1,6
Snellville,NCherokee,1,0,0,2,4,0,3,4,0,1,6,7
Snellville,ECentCherokee,38,5,0,15,19,0,53,24,0,43,34,77
Snellville,Woodstock,49,8,0,20,34,0,69,42,0,57,54,111
Snellville,Airport,202,29,17,14,37,1,216,66,18,248,52,300
Snellville,NEClayton,362,59,0,59,91,1,421,150,1,421,151,572
Snellville,Riverdale,68,14,0,16,28,0,84,42,0,82,44,126
Snellville,SClayton,71,14,0,17,27,0,88,41,0,85,44,129
Snellville,NWCobb,84,10,1,47,69,4,131,79,5,95,120,215
Snellville,NECobb,234,44,0,41,105,0,275,149,0,278,146,424
Snellville,SWCobb,26,5,0,8,9,0,34,14,0,31,17,48
Snellville,Marietta,178,19,0,68,52,7,246,71,7,197,127,324
Snellville,Cumberland,693,89,4,90,230,5,783,319,9,786,325,1111
Snellville,SCobb,139,22,1,32,97,0,171,119,1,162,129,291
Snellville,Chamblee,1738,253,8,335,665,14,2073,918,22,1999,1014,3013
Snellville,NWDeKalb,1439,268,18,957,4410,181,2396,4678,199,1725,5548,7273
Snellville,NEDeKalb,4417,816,29,2712,8403,39,7129,9219,68,5262,11154,16416
Snellville,Atlanta-DeKalb,151,34,2,58,168,3,209,202,5,187,229,416
Snellville,Decatur,227,44,10,132,372,13,359,416,23,281,517,798
Snellville,SWDeKalb,843,154,6,358,1291,8,1201,1445,14,1003,1657,2660
Snellville,SEDeKalb,2540,463,5,2823,9383,15,5363,9846,20,3008,12221,15229
Snellville,SDeKalb,991,189,7,634,1784,12,1625,1973,19,1187,2430,3617
Snellville,WDouglas,17,2,0,3,6,0,20,8,0,19,9,28
Snellville,EDouglas,68,15,0,20,33,0,88,48,0,83,53,136
Snellville,WFayette,8,2,0,7,8,0,15,10,0,10,15,25
Snellville,EFayette,40,9,0,10,55,0,50,64,0,49,65,114
Snellville,NGwinnett,2993,529,0,1563,4370,2,4556,4899,2,3522,5935,9457
Snellville,CentGwinnett,11809,2300,10,14072,39736,26,25881,42036,36,14119,53834,67953
Snellville,EGwinnett,5846,1120,0,9101,25836,0,14947,26956,0,6966,34937,41903
Snellville,Norcross,4123,748,9,1346,4183,2,5469,4931,11,4880,5531,10411
Snellville,Lilburn,5663,998,1,8766,25089,1,14429,26087,2,6662,33856,40518
Snellville,Snellville,35641,6828,0,90405,215352,12,126046,222180,12,42469,305769,348238
Snellville,NHenry,293,58,0,84,207,0,377,265,0,351,291,642
Snellville,EHenry,174,31,0,71,167,0,245,198,0,205,238,443
Snellville,SHenry,217,39,0,43,135,0,260,174,0,256,178,434
Snellville,SRockdale,625,126,0,374,981,0,999,1107,0,751,1355,2106
Snellville,NRockdale,2970,557,0,1847,5366,0,4817,5923,0,3527,7213,10740
Snellville,NBarrow,537,90,0,157,388,0,694,478,0,627,545,1172
Snellville,SBarrow,585,113,0,216,663,0,801,776,0,698,879,1577
Snellville,NWBartow,0,0,0,0,0,0,0,0,0,0,0,0
Snellville,NEBartow,0,0,0,3,0,0,3,0,0,0,3,3
Snellville,SWBartow,0,1,0,0,0,0,0,1,0,1,0,1
Snellville,Cartersville,4,0,0,2,7,0,6,7,0,4,9,13
Snellville,NECarroll,0,0,0,1,1,0,1,1,0,0,2,2
Snellville,WCarroll,0,0,0,0,0,0,0,0,0,0,0,0
Snellville,CentralCarroll,0,0,0,1,0,0,1,0,0,0,1,1
Snellville,SECarroll,0,0,0,0,0,0,0,0,0,0,0,0
Snellville,WCoweta,0,0,0,0,0,0,0,0,0,0,0,0
Snellville,NCoweta,17,2,0,6,19,0,23,21,0,19,25,44
Snellville,SCoweta,0,0,0,0,2,0,0,2,0,0,2,2
Snellville,SECoweta,0,0,0,0,0,0,0,0,0,0,0,0
Snellville,NForsyth,40,5,0,20,66,0,60,71,0,45,86,131
Snellville,Cumming,195,32,0,52,118,0,247,150,0,227,170,397
Snellville,SForsyth,330,66,0,70,238,0,400,304,0,396,308,704
Snellville,NHall,25,4,0,12,30,0,37,34,0,29,42,71
Snellville,Gainesville,184,37,0,39,71,0,223,108,0,221,110,331
Snellville,SHall,265,51,0,131,224,0,396,275,0,316,355,671
Snellville,WNewton,1369,270,0,508,1252,0,1877,1522,0,1639,1760,3399
Snellville,ENewton,129,31,0,67,123,0,196,154,0,160,190,350
Snellville,NPaulding,2,0,0,1,1,0,3,1,0,2,2,4
Snellville,WPaulding,1,0,0,1,1,0,2,1,0,1,2,3
Snellville,EPaulding,15,3,0,5,12,0,20,15,0,18,17,35
Snellville,NSpalding,23,2,0,12,7,0,35,9,0,25,19,44
Snellville,SSpalding,8,4,0,4,2,0,12,6,0,12,6,18
Snellville,WWalton,3505,690,0,4556,13585,0,8061,14275,0,4195,18141,22336
Snellville,EWalton,1039,201,0,362,1320,0,1401,1521,0,1240,1682,2922
NHenry,NFulton,116,17,3,24,32,0,140,49,3,136,56,192
NHenry,Roswell,86,14,1,24,60,0,110,74,1,101,84,185
NHenry,SandySprings,504,85,35,68,115,3,572,200,38,624,186,810
NHenry,Buckhead,743,170,65,98,271,6,841,441,71,978,375,1353
NHenry,NWAtlanta,429,70,15,89,137,3,518,207,18,514,229,743
NHenry,NEAtlanta,1233,258,106,319,814,46,1552,1072,152,1597,1179,2776
NHenry,SWAtlanta,429,83,13,174,349,10,603,432,23,525,533,1058
NHenry,CBDAtlanta,1447,303,402,345,932,82,1792,1235,484,2152,1359,3511
NHenry,SEAtlanta,1051,216,9,451,1216,4,1502,1432,13,1276,1671,2947
NHenry,SFulton,223,38,0,57,121,0,280,159,0,261,178,439
NHenry,Tri-Cities,1512,278,13,320,768,13,1832,1046,26,1803,1101,2904
NHenry,Shannon,495,94,2,146,418,0,641,512,2,591,564,1155
NHenry,WCherokee,2,0,0,1,0,0,3,0,0,2,1,3
NHenry,NCherokee,0,0,0,1,0,0,1,0,0,0,1,1
NHenry,ECentCherokee,17,0,0,7,1,0,24,1,0,17,8,25
NHenry,Woodstock,20,3,0,4,23,0,24,26,0,23,27,50
NHenry,Airport,1116,184,46,247,407,2,1363,591,48,1346,656,2002
NHenry,NEClayton,5725,1061,26,7335,18430,101,13060,19491,127,6812,25866,32678
NHenry,Riverdale,984,203,3,898,2169,2,1882,2372,5,1190,3069,4259
NHenry,SClayton,4161,809,7,6640,15964,15,10801,16773,22,4977,22619,27596
NHenry,NWCobb,69,15,0,15,28,2,84,43,2,84,45,129
NHenry,NECobb,119,32,0,22,42,1,141,74,1,151,65,216
NHenry,SWCobb,41,4,0,13,16,0,54,20,0,45,29,74
NHenry,Marietta,114,27,0,40,52,4,154,79,4,141,96,237
NHenry,Cumberland,579,137,8,70,148,4,649,285,12,724,222,946
NHenry,SCobb,180,39,0,36,108,0,216,147,0,219,144,363
NHenry,Chamblee,634,118,23,92,176,3,726,294,26,775,271,1046
NHenry,NWDeKalb,900,153,27,445,795,61,1345,948,88,1080,1301,2381
NHenry,NEDeKalb,1054,156,6,373,877,7,1427,1033,13,1216,1257,2473
NHenry,Atlanta-DeKalb,239,52,9,132,370,5,371,422,14,300,507,807
NHenry,Decatur,297,39,25,130,274,22,427,313,47,361,426,787
NHenry,SWDeKalb,1001,184,12,649,1861,7,1650,2045,19,1197,2517,3714
NHenry,SEDeKalb,947,159,5,777,2287,3,1724,2446,8,1111,3067,4178
NHenry,SDeKalb,2610,496,6,3858,12361,39,6468,12857,45,3112,16258,19370
NHenry,WDouglas,51,0,0,21,59,0,72,59,0,51,80,131
NHenry,EDouglas,123,33,0,42,54,0,165,87,0,156,96,252
NHenry,WFayette,404,50,0,98,325,1,502,375,1,454,424,878
NHenry,EFayette,859,153,0,377,841,0,1236,994,0,1012,1218,2230
NHenry,NGwinnett,63,6,0,20,29,0,83,35,0,69,49,118
NHenry,CentGwinnett,202,35,0,73,123,1,275,158,1,237,197,434
NHenry,EGwinnett,58,10,0,23,42,0,81,52,0,68,65,133
NHenry,Norcross,431,60,0,62,200,0,493,260,0,491,262,753
NHenry,Lilburn,214,33,0,63,200,0,277,233,0,247,263,510
NHenry,Snellville,287,52,0,98,170,0,385,222,0,339,268,607
NHenry,NHenry,19487,3556,2,49257,103509,3,68744,107065,5,23045,152769,175814
NHenry,EHenry,3856,774,0,4828,13228,0,8684,14002,0,4630,18056,22686
NHenry,SHenry,6713,1253,0,7350,18541,0,14063,19794,0,7966,25891,33857
NHenry,SRockdale,1132,214,0,1059,3186,1,2191,3400,1,1346,4246,5592
NHenry,NRockdale,871,171,0,379,972,0,1250,1143,0,1042,1351,2393
NHenry,NBarrow,9,2,0,7,26,0,16,28,0,11,33,44
NHenry,SBarrow,18,2,0,7,50,0,25,52,0,20,57,77
NHenry,NWBartow,0,0,0,0,1,0,0,1,0,0,1,1
NHenry,NEBartow,0,0,0,0,0,0,0,0,0,0,0,0
NHenry,SWBartow,0,0,0,0,0,0,0,0,0,0,0,0
NHenry,Cartersville,4,0,0,0,4,0,4,4,0,4,4,8
NHenry,NECarroll,5,0,0,4,5,0,9,5,0,5,9,14
NHenry,WCarroll,0,0,0,0,4,0,0,4,0,0,4,4
NHenry,CentralCarroll,4,3,0,5,16,0,9,19,0,7,21,28
NHenry,SECarroll,1,0,0,2,3,0,3,3,0,1,5,6
NHenry,WCoweta,23,3,0,7,22,0,30,25,0,26,29,55
NHenry,NCoweta,160,26,0,47,92,0,207,118,0,186,139,325
NHenry,SCoweta,13,2,0,6,11,0,19,13,0,15,17,32
NHenry,SECoweta,72,15,0,19,55,0,91,70,0,87,74,161
NHenry,NForsyth,3,1,0,1,0,0,4,1,0,4,1,5
NHenry,Cumming,7,0,0,3,13,0,10,13,0,7,16,23
NHenry,SForsyth,24,3,0,9,14,0,33,17,0,27,23,50
NHenry,NHall,0,0,0,0,0,0,0,0,0,0,0,0
NHenry,Gainesville,1,0,0,1,0,0,2,0,0,1,1,2
NHenry,SHall,9,0,0,4,21,0,13,21,0,9,25,34
NHenry,WNewton,1187,209,0,389,1053,0,1576,1262,0,1396,1442,2838
NHenry,ENewton,72,15,0,21,31,0,93,46,0,87,52,139
NHenry,NPaulding,6,0,0,3,1,0,9,1,0,6,4,10
NHenry,WPaulding,1,1,0,0,0,0,1,1,0,2,0,2
NHenry,EPaulding,23,4,0,11,27,0,34,31,0,27,38,65
NHenry,NSpalding,392,91,0,126,254,0,518,345,0,483,380,863
NHenry,SSpalding,249,32,0,48,145,0,297,177,0,281,193,474
NHenry,WWalton,137,25,0,36,76,0,173,101,0,162,112,274
NHenry,EWalton,83,16,0,25,57,0,108,73,0,99,82,181
EHenry,NFulton,55,9,1,13,22,0,68,31,1,65,35,100
EHenry,Roswell,52,10,0,7,17,0,59,27,0,62,24,86
EHenry,SandySprings,222,35,6,39,79,2,261,114,8,263,120,383
EHenry,Buckhead,267,66,9,54,185,1,321,251,10,342,240,582
EHenry,NWAtlanta,208,49,2,22,83,1,230,132,3,259,106,365
EHenry,NEAtlanta,472,117,14,106,346,7,578,463,21,603,459,1062
EHenry,SWAtlanta,208,46,1,53,68,1,261,114,2,255,122,377
EHenry,CBDAtlanta,493,109,74,114,363,32,607,472,106,676,509,1185
EHenry,SEAtlanta,412,70,1,100,250,3,512,320,4,483,353,836
EHenry,SFulton,107,12,0,10,32,0,117,44,0,119,42,161
EHenry,Tri-Cities,729,141,2,107,168,1,836,309,3,872,276,1148
EHenry,Shannon,213,47,0,59,96,1,272,143,1,260,156,416
EHenry,WCherokee,0,0,0,0,0,0,0,0,0,0,0,0
EHenry,NCherokee,0,0,0,0,0,0,0,0,0,0,0,0
EHenry,ECentCherokee,1,0,0,0,0,0,1,0,0,1,0,1
EHenry,Woodstock,6,0,0,5,5,0,11,5,0,6,10,16
EHenry,Airport,536,83,14,41,98,0,577,181,14,633,139,772
EHenry,NEClayton,1780,316,4,654,1633,9,2434,1949,13,2100,2296,4396
EHenry,Riverdale,352,61,1,133,457,0,485,518,1,414,590,1004
EHenry,SClayton,1160,212,3,588,1496,4,1748,1708,7,1375,2088,3463
EHenry,NWCobb,24,6,0,9,14,0,33,20,0,30,23,53
EHenry,NECobb,42,12,0,12,12,0,54,24,0,54,24,78
EHenry,SWCobb,17,2,0,4,2,0,21,4,0,19,6,25
EHenry,Marietta,49,17,1,17,13,0,66,30,1,67,30,97
EHenry,Cumberland,229,68,4,34,55,0,263,123,4,301,89,390
EHenry,SCobb,79,19,1,18,60,0,97,79,1,99,78,177
EHenry,Chamblee,343,65,3,60,137,2,403,202,5,411,199,610
EHenry,NWDeKalb,339,79,10,167,360,19,506,439,29,428,546,974
EHenry,NEDeKalb,518,98,1,159,298,2,677,396,3,617,459,1076
EHenry,Atlanta-DeKalb,72,11,0,24,73,0,96,84,0,83,97,180
EHenry,Decatur,98,12,5,39,112,1,137,124,6,115,152,267
EHenry,SWDeKalb,346,63,3,149,442,1,495,505,4,412,592,1004
EHenry,SEDeKalb,570,108,1,244,625,1,814,733,2,679,870,1549
EHenry,SDeKalb,1000,182,2,738,2031,4,1738,2213,6,1184,2773,3957
EHenry,WDouglas,13,1,0,10,6,0,23,7,0,14,16,30
EHenry,EDouglas,48,10,0,10,23,0,58,33,0,58,33,91
EHenry,WFayette,226,38,0,30,81,0,256,119,0,264,111,375
EHenry,EFayette,514,75,0,86,202,0,600,277,0,589,288,877
EHenry,NGwinnett,51,5,0,14,39,0,65,44,0,56,53,109
EHenry,CentGwinnett,148,29,0,54,96,0,202,125,0,177,150,327
EHenry,EGwinnett,47,5,0,15,38,0,62,43,0,52,53,105
EHenry,Norcross,282,22,0,46,95,0,328,117,0,304,141,445
EHenry,Lilburn,138,21,0,47,115,0,185,136,0,159,162,321
EHenry,Snellville,180,38,0,69,113,0,249,151,0,218,182,400
EHenry,NHenry,3632,658,0,4677,13270,0,8309,13928,0,4290,17947,22237
EHenry,EHenry,8833,1573,0,20731,48809,0,29564,50382,0,10406,69540,79946
EHenry,SHenry,8287,1607,0,11734,29434,0,20021,31041,0,9894,41168,51062
EHenry,SRockdale,992,203,0,1172,3847,0,2164,4050,0,1195,5019,6214
EHenry,NRockdale,1466,226,0,710,1950,0,2176,2176,0,1692,2660,4352
EHenry,NBarrow,7,0,0,9,4,0,16,4,0,7,13,20
EHenry,SBarrow,10,1,0,4,14,0,14,15,0,11,18,29
EHenry,NWBartow,0,0,0,0,0,0,0,0,0,0,0,0
EHenry,NEBartow,0,0,0,0,0,0,0,0,0,0,0,0
EHenry,SWBartow,0,0,0,0,0,0,0,0,0,0,0,0
EHenry,Cartersville,0,0,0,0,0,0,0,0,0,0,0,0
EHenry,NECarroll,2,0,0,1,4,0,3,4,0,2,5,7
EHenry,WCarroll,0,0,0,0,0,0,0,0,0,0,0,0
EHenry,CentralCarroll,2,0,0,1,5,0,3,5,0,2,6,8
EHenry,SECarroll,0,0,0,0,0,0,0,0,0,0,0,0
EHenry,WCoweta,1,2,0,2,1,0,3,3,0,3,3,6
EHenry,NCoweta,57,6,0,16,55,0,73,61,0,63,71,134
EHenry,SCoweta,3,0,0,1,1,0,4,1,0,3,2,5
EHenry,SECoweta,25,4,0,9,36,0,34,40,0,29,45,74
EHenry,NForsyth,0,0,0,1,0,0,1,0,0,0,1,1
EHenry,Cumming,7,0,0,1,2,0,8,2,0,7,3,10
EHenry,SForsyth,12,2,0,3,3,0,15,5,0,14,6,20
EHenry,NHall,0,0,0,0,0,0,0,0,0,0,0,0
EHenry,Gainesville,0,0,0,0,9,0,0,9,0,0,9,9
EHenry,SHall,5,0,0,3,1,0,8,1,0,5,4,9
EHenry,WNewton,2256,374,0,1945,5604,0,4201,5978,0,2630,7549,10179
EHenry,ENewton,154,23,0,104,154,0,258,177,0,177,258,435
EHenry,NPaulding,0,0,0,0,0,0,0,0,0,0,0,0
EHenry,WPaulding,1,0,0,1,0,0,2,0,0,1,1,2
EHenry,EPaulding,9,0,0,4,11,0,13,11,0,9,15,24
EHenry,NSpalding,514,99,0,206,351,0,720,450,0,613,557,1170
EHenry,SSpalding,312,63,0,69,143,0,381,206,0,375,212,587
EHenry,WWalton,116,18,0,25,71,0,141,89,0,134,96,230
EHenry,EWalton,87,14,0,31,60,0,118,74,0,101,91,192
SHenry,NFulton,48,6,0,14,43,0,62,49,0,54,57,111
SHenry,Roswell,38,4,2,17,24,0,55,28,2,44,41,85
SHenry,SandySprings,297,76,8,49,143,2,346,219,10,381,194,575
SHenry,Buckhead,481,138,14,90,269,2,571,407,16,633,361,994
SHenry,NWAtlanta,385,78,2,70,140,2,455,218,4,465,212,677
SHenry,NEAtlanta,924,216,31,215,437,15,1139,653,46,1171,667,1838
SHenry,SWAtlanta,394,85,6,100,216,5,494,301,11,485,321,806
SHenry,CBDAtlanta,1100,216,174,214,535,39,1314,751,213,1490,788,2278
SHenry,SEAtlanta,855,154,2,206,472,2,1061,626,4,1011,680,1691
SHenry,SFulton,268,40,0,60,60,0,328,100,0,308,120,428
SHenry,Tri-Cities,1572,285,6,172,499,1,1744,784,7,1863,672,2535
SHenry,Shannon,585,96,0,143,452,0,728,548,0,681,595,1276
SHenry,WCherokee,0,0,0,0,0,0,0,0,0,0,0,0
SHenry,NCherokee,0,0,0,0,0,0,0,0,0,0,0,0
SHenry,ECentCherokee,5,0,0,5,1,0,10,1,0,5,6,11
SHenry,Woodstock,8,2,0,5,16,0,13,18,0,10,21,31
SHenry,Airport,1081,200,11,71,241,0,1152,441,11,1292,312,1604
SHenry,NEClayton,3776,646,14,1459,3236,73,5235,3882,87,4436,4768,9204
SHenry,Riverdale,1028,200,2,534,1420,1,1562,1620,3,1230,1955,3185
SHenry,SClayton,4986,907,19,4361,11404,46,9347,12311,65,5912,15811,21723
SHenry,NWCobb,48,9,0,15,25,0,63,34,0,57,40,97
SHenry,NECobb,87,25,0,17,69,0,104,94,0,112,86,198
SHenry,SWCobb,24,6,0,6,17,0,30,23,0,30,23,53
SHenry,Marietta,110,24,0,28,74,1,138,98,1,134,103,237
SHenry,Cumberland,476,102,2,58,131,1,534,233,3,580,190,770
SHenry,SCobb,211,30,1,39,71,0,250,101,1,242,110,352
SHenry,Chamblee,379,99,6,76,153,0,455,252,6,484,229,713
SHenry,NWDeKalb,574,81,7,245,362,26,819,443,33,662,633,1295
SHenry,NEDeKalb,522,94,1,136,234,0,658,328,1,617,370,987
SHenry,Atlanta-DeKalb,113,21,0,42,57,0,155,78,0,134,99,233
SHenry,Decatur,109,27,1,37,46,4,146,73,5,137,87,224
SHenry,SWDeKalb,473,83,3,128,355,0,601,438,3,559,483,1042
SHenry,SEDeKalb,450,70,0,136,255,3,586,325,3,520,394,914
SHenry,SDeKalb,1149,187,4,406,952,2,1555,1139,6,1340,1360,2700
SHenry,WDouglas,44,15,0,13,36,0,57,51,0,59,49,108
SHenry,EDouglas,108,18,0,31,31,0,139,49,0,126,62,188
SHenry,WFayette,1146,179,0,266,658,0,1412,837,0,1325,924,2249
SHenry,EFayette,2229,407,0,923,2032,0,3152,2439,0,2636,2955,5591
SHenry,NGwinnett,27,3,0,12,29,0,39,32,0,30,41,71
SHenry,CentGwinnett,129,26,0,54,94,0,183,120,0,155,148,303
SHenry,EGwinnett,65,11,0,10,8,0,75,19,0,76,18,94
SHenry,Norcross,244,38,1,58,149,0,302,187,1,283,207,490
SHenry,Lilburn,107,18,0,32,166,0,139,184,0,125,198,323
SHenry,Snellville,196,35,0,49,150,0,245,185,0,231,199,430
SHenry,NHenry,6478,1206,0,7265,18223,0,13743,19429,0,7684,25488,33172
SHenry,EHenry,8635,1680,0,11744,29792,0,20379,31472,0,10315,41536,51851
SHenry,SHenry,56542,10266,0,101923,219582,0,158465,229848,0,66808,321505,388313
SHenry,SRockdale,992,192,0,450,1202,0,1442,1394,0,1184,1652,2836
SHenry,NRockdale,906,170,0,212,443,0,1118,613,0,1076,655,1731
SHenry,NBarrow,17,1,0,7,3,0,24,4,0,18,10,28
SHenry,SBarrow,6,0,0,6,10,0,12,10,0,6,16,22
SHenry,NWBartow,0,0,0,0,0,0,0,0,0,0,0,0
SHenry,NEBartow,0,0,0,1,0,0,1,0,0,0,1,1
SHenry,SWBartow,0,0,0,0,0,0,0,0,0,0,0,0
SHenry,Cartersville,0,0,0,1,0,0,1,0,0,0,1,1
SHenry,NECarroll,2,1,0,5,6,0,7,7,0,3,11,14
SHenry,WCarroll,0,1,0,0,1,0,0,2,0,1,1,2
SHenry,CentralCarroll,9,1,0,2,1,0,11,2,0,10,3,13
SHenry,SECarroll,4,1,0,0,11,0,4,12,0,5,11,16
SHenry,WCoweta,35,9,0,14,10,0,49,19,0,44,24,68
SHenry,NCoweta,368,59,0,80,197,0,448,256,0,427,277,704
SHenry,SCoweta,38,5,0,15,10,0,53,15,0,43,25,68
SHenry,SECoweta,209,43,0,81,173,0,290,216,0,252,254,506
SHenry,NForsyth,1,0,0,1,4,0,2,4,0,1,5,6
SHenry,Cumming,1,1,0,4,20,0,5,21,0,2,24,26
SHenry,SForsyth,9,4,0,3,22,0,12,26,0,13,25,38
SHenry,NHall,0,0,0,0,0,0,0,0,0,0,0,0
SHenry,Gainesville,0,0,0,1,0,0,1,0,0,0,1,1
SHenry,SHall,3,0,0,1,5,0,4,5,0,3,6,9
SHenry,WNewton,2494,450,0,953,2392,0,3447,2842,0,2944,3345,6289
SHenry,ENewton,205,32,0,64,141,0,269,173,0,237,205,442
SHenry,NPaulding,1,1,0,2,2,0,3,3,0,2,4,6
SHenry,WPaulding,0,0,0,0,1,0,0,1,0,0,1,1
SHenry,EPaulding,17,3,0,11,17,0,28,20,0,20,28,48
SHenry,NSpalding,4358,865,0,3456,8875,0,7814,9740,0,5223,12331,17554
SHenry,SSpalding,2043,368,0,818,1789,0,2861,2157,0,2411,2607,5018
SHenry,WWalton,129,21,0,37,79,0,166,100,0,150,116,266
SHenry,EWalton,84,9,0,36,63,0,120,72,0,93,99,192
SRockdale,NFulton,73,17,1,20,20,0,93,37,1,91,40,131
SRockdale,Roswell,75,11,0,19,42,0,94,53,0,86,61,147
SRockdale,SandySprings,354,66,11,64,70,1,418,136,12,431,135,566
SRockdale,Buckhead,385,76,33,51,175,3,436,251,36,494,229,723
SRockdale,NWAtlanta,212,27,9,30,106,1,242,133,10,248,137,385
SRockdale,NEAtlanta,577,125,36,139,349,22,716,474,58,738,510,1248
SRockdale,SWAtlanta,180,41,4,60,134,1,240,175,5,225,195,420
SRockdale,CBDAtlanta,675,138,153,147,370,44,822,508,197,966,561,1527
SRockdale,SEAtlanta,280,57,3,87,142,5,367,199,8,340,234,574
SRockdale,SFulton,55,8,0,6,4,0,61,12,0,63,10,73
SRockdale,Tri-Cities,322,57,3,40,36,2,362,93,5,382,78,460
SRockdale,Shannon,94,13,1,23,52,0,117,65,1,108,75,183
SRockdale,WCherokee,0,0,0,0,0,0,0,0,0,0,0,0
SRockdale,NCherokee,0,1,0,0,0,0,0,1,0,1,0,1
SRockdale,ECentCherokee,1,1,0,2,5,0,3,6,0,2,7,9
SRockdale,Woodstock,8,4,0,3,7,0,11,11,0,12,10,22
SRockdale,Airport,261,32,22,24,41,0,285,73,22,315,65,380
SRockdale,NEClayton,669,126,0,248,580,2,917,706,2,795,830,1625
SRockdale,Riverdale,115,14,0,50,109,0,165,123,0,129,159,288
SRockdale,SClayton,309,56,0,106,294,0,415,350,0,365,400,765
SRockdale,NWCobb,15,11,0,12,32,0,27,43,0,26,44,70
SRockdale,NECobb,63,13,0,14,42,0,77,55,0,76,56,132
SRockdale,SWCobb,19,1,0,2,6,0,21,7,0,20,8,28
SRockdale,Marietta,65,11,0,15,23,1,80,34,1,76,39,115
SRockdale,Cumberland,318,77,1,29,122,1,347,199,2,396,152,548
SRockdale,SCobb,76,15,0,15,16,0,91,31,0,91,31,122
SRockdale,Chamblee,501,78,7,68,149,0,569,227,7,586,217,803
SRockdale,NWDeKalb,543,97,15,199,464,26,742,561,41,655,689,1344
SRockdale,NEDeKalb,787,143,7,269,655,7,1056,798,14,937,931,1868
SRockdale,Atlanta-DeKalb,123,17,2,47,91,2,170,108,4,142,140,282
SRockdale,Decatur,185,25,11,50,156,15,235,181,26,221,221,442
SRockdale,SWDeKalb,535,98,7,259,710,3,794,808,10,640,972,1612
SRockdale,SEDeKalb,1575,300,10,1597,4465,10,3172,4765,20,1885,6072,7957
SRockdale,SDeKalb,1616,309,5,2610,7339,18,4226,7648,23,1930,9967,11897
SRockdale,WDouglas,6,2,0,3,5,0,9,7,0,8,8,16
SRockdale,EDouglas,54,15,0,9,12,0,63,27,0,69,21,90
SRockdale,WFayette,59,8,0,7,10,0,66,18,0,67,17,84
SRockdale,EFayette,140,16,0,27,95,0,167,111,0,156,122,278
SRockdale,NGwinnett,107,22,0,30,52,0,137,74,0,129,82,211
SRockdale,CentGwinnett,328,46,0,108,247,0,436,293,0,374,355,729
SRockdale,EGwinnett,130,19,0,25,90,0,155,109,0,149,115,264
SRockdale,Norcross,399,49,1,44,138,0,443,187,1,449,182,631
SRockdale,Lilburn,311,54,0,152,545,0,463,599,0,365,697,1062
SRockdale,Snellville,638,114,0,366,1160,0,1004,1274,0,752,1526,2278
SRockdale,NHenry,1055,215,0,1071,2993,1,2126,3208,1,1270,4065,5335
SRockdale,EHenry,1019,208,0,1168,3809,0,2187,4017,0,1227,4977,6204
SRockdale,SHenry,1047,188,0,447,1242,0,1494,1430,0,1235,1689,2924
SRockdale,SRockdale,5171,1032,2,13727,31814,0,18898,32846,2,6205,45541,51746
SRockdale,NRockdale,4911,980,0,8604,22670,0,13515,23650,0,5891,31274,37165
SRockdale,NBarrow,32,7,0,7,12,0,39,19,0,39,19,58
SRockdale,SBarrow,42,6,0,11,27,0,53,33,0,48,38,86
SRockdale,NWBartow,0,0,0,0,0,0,0,0,0,0,0,0
SRockdale,NEBartow,0,0,0,0,0,0,0,0,0,0,0,0
SRockdale,SWBartow,0,0,0,0,0,0,0,0,0,0,0,0
SRockdale,Cartersville,0,0,0,1,0,0,1,0,0,0,1,1
SRockdale,NECarroll,2,0,0,0,0,0,2,0,0,2,0,2
SRockdale,WCarroll,0,0,0,0,0,0,0,0,0,0,0,0
SRockdale,CentralCarroll,2,0,0,1,0,0,3,0,0,2,1,3
SRockdale,SECarroll,0,0,0,0,0,0,0,0,0,0,0,0
SRockdale,WCoweta,4,0,0,1,1,0,5,1,0,4,2,6
SRockdale,NCoweta,15,1,0,6,1,0,21,2,0,16,7,23
SRockdale,SCoweta,1,0,0,0,0,0,1,0,0,1,0,1
SRockdale,SECoweta,3,0,0,3,0,0,6,0,0,3,3,6
SRockdale,NForsyth,3,0,0,0,0,0,3,0,0,3,0,3
SRockdale,Cumming,4,0,0,3,5,0,7,5,0,4,8,12
SRockdale,SForsyth,15,0,0,9,3,0,24,3,0,15,12,27
SRockdale,NHall,3,0,0,4,0,0,7,0,0,3,4,7
SRockdale,Gainesville,9,1,0,2,31,0,11,32,0,10,33,43
SRockdale,SHall,7,2,0,5,0,0,12,2,0,9,5,14
SRockdale,WNewton,2724,546,1,3399,9406,0,6123,9952,1,3271,12805,16076
SRockdale,ENewton,148,20,0,80,186,0,228,206,0,168,266,434
SRockdale,NPaulding,2,0,0,0,2,0,2,2,0,2,2,4
SRockdale,WPaulding,1,0,0,0,0,0,1,0,0,1,0,1
SRockdale,EPaulding,5,1,0,3,3,0,8,4,0,6,6,12
SRockdale,NSpalding,72,15,0,21,26,0,93,41,0,87,47,134
SRockdale,SSpalding,65,6,0,7,9,0,72,15,0,71,16,87
SRockdale,WWalton,302,47,0,125,476,0,427,523,0,349,601,950
SRockdale,EWalton,191,33,0,48,82,0,239,115,0,224,130,354
NRockdale,NFulton,120,19,0,42,57,0,162,76,0,139,99,238
NRockdale,Roswell,65,8,0,18,30,0,83,38,0,73,48,121
NRockdale,SandySprings,319,59,12,52,105,5,371,164,17,390,162,552
NRockdale,Buckhead,363,78,22,46,152,0,409,230,22,463,198,661
NRockdale,NWAtlanta,193,41,11,36,77,2,229,118,13,245,115,360
NRockdale,NEAtlanta,574,112,49,149,326,22,723,438,71,735,497,1232
NRockdale,SWAtlanta,163,32,7,40,149,5,203,181,12,202,194,396
NRockdale,CBDAtlanta,605,117,147,121,320,32,726,437,179,869,473,1342
NRockdale,SEAtlanta,239,47,3,58,85,3,297,132,6,289,146,435
NRockdale,SFulton,57,16,0,12,17,0,69,33,0,73,29,102
NRockdale,Tri-Cities,246,49,6,27,40,0,273,89,6,301,67,368
NRockdale,Shannon,76,19,0,25,44,0,101,63,0,95,69,164
NRockdale,WCherokee,0,0,0,0,0,0,0,0,0,0,0,0
NRockdale,NCherokee,0,0,0,0,0,0,0,0,0,0,0,0
NRockdale,ECentCherokee,6,0,0,7,10,0,13,10,0,6,17,23
NRockdale,Woodstock,11,0,0,3,13,0,14,13,0,11,16,27
NRockdale,Airport,208,49,28,23,3,0,231,52,28,285,26,311
NRockdale,NEClayton,367,76,0,74,141,0,441,217,0,443,215,658
NRockdale,Riverdale,78,23,0,26,56,0,104,79,0,101,82,183
NRockdale,SClayton,209,41,0,44,117,0,253,158,0,250,161,411
NRockdale,NWCobb,26,7,0,14,55,1,40,62,1,33,70,103
NRockdale,NECobb,64,13,0,24,11,0,88,24,0,77,35,112
NRockdale,SWCobb,15,5,0,9,7,0,24,12,0,20,16,36
NRockdale,Marietta,46,21,0,11,27,2,57,48,2,67,40,107
NRockdale,Cumberland,250,78,6,27,76,0,277,154,6,334,103,437
NRockdale,SCobb,102,27,0,28,53,1,130,80,1,129,82,211
NRockdale,Chamblee,477,65,13,71,83,1,548,148,14,555,155,710
NRockdale,NWDeKalb,578,99,13,196,507,32,774,606,45,690,735,1425
NRockdale,NEDeKalb,1011,162,3,326,791,8,1337,953,11,1176,1125,2301
NRockdale,Atlanta-DeKalb,124,26,1,51,90,1,175,116,2,151,142,293
NRockdale,Decatur,132,18,5,45,95,7,177,113,12,155,147,302
NRockdale,SWDeKalb,623,100,6,230,755,4,853,855,10,729,989,1718
NRockdale,SEDeKalb,2688,464,8,2304,5739,9,4992,6203,17,3160,8052,11212
NRockdale,SDeKalb,1944,388,6,2012,4892,11,3956,5280,17,2338,6915,9253
NRockdale,WDouglas,22,5,0,5,9,0,27,14,0,27,14,41
NRockdale,EDouglas,44,7,1,16,47,0,60,54,1,52,63,115
NRockdale,WFayette,18,6,0,10,21,0,28,27,0,24,31,55
NRockdale,EFayette,77,16,0,18,18,0,95,34,0,93,36,129
NRockdale,NGwinnett,367,66,0,90,160,0,457,226,0,433,250,683
NRockdale,CentGwinnett,817,187,0,269,753,0,1086,940,0,1004,1022,2026
NRockdale,EGwinnett,727,117,0,194,452,0,921,569,0,844,646,1490
NRockdale,Norcross,457,84,1,74,252,0,531,336,1,542,326,868
NRockdale,Lilburn,706,126,1,370,1061,0,1076,1187,1,833,1431,2264
NRockdale,Snellville,2976,542,0,1834,5065,0,4810,5607,0,3518,6899,10417
NRockdale,NHenry,831,139,0,366,1024,0,1197,1163,0,970,1390,2360
NRockdale,EHenry,1363,219,0,699,1932,0,2062,2151,0,1582,2631,4213
NRockdale,SHenry,846,158,0,194,539,0,1040,697,0,1004,733,1737
NRockdale,SRockdale,5094,1014,0,8648,22664,0,13742,23678,0,6108,31312,37420
NRockdale,NRockdale,25480,5225,0,51023,97609,0,76503,102834,0,30705,148632,179337
NRockdale,NBarrow,146,22,0,19,53,0,165,75,0,168,72,240
NRockdale,SBarrow,240,43,0,41,68,0,281,111,0,283,109,392
NRockdale,NWBartow,0,0,0,0,0,0,0,0,0,0,0,0
NRockdale,NEBartow,0,0,0,0,1,0,0,1,0,0,1,1
NRockdale,SWBartow,1,0,0,0,0,0,1,0,0,1,0,1
NRockdale,Cartersville,1,1,0,1,0,0,2,1,0,2,1,3
NRockdale,NECarroll,3,0,0,0,0,0,3,0,0,3,0,3
NRockdale,WCarroll,0,0,0,0,0,0,0,0,0,0,0,0
NRockdale,CentralCarroll,2,0,0,0,0,0,2,0,0,2,0,2
NRockdale,SECarroll,0,0,0,0,0,0,0,0,0,0,0,0
NRockdale,WCoweta,3,0,0,2,9,0,5,9,0,3,11,14
NRockdale,NCoweta,15,3,0,7,11,0,22,14,0,18,18,36
NRockdale,SCoweta,0,0,0,0,0,0,0,0,0,0,0,0
NRockdale,SECoweta,5,1,0,1,8,0,6,9,0,6,9,15
NRockdale,NForsyth,2,1,0,2,5,0,4,6,0,3,7,10
NRockdale,Cumming,11,0,0,8,16,0,19,16,0,11,24,35
NRockdale,SForsyth,36,6,0,10,18,0,46,24,0,42,28,70
NRockdale,NHall,6,0,0,2,10,0,8,10,0,6,12,18
NRockdale,Gainesville,18,1,0,9,19,0,27,20,0,19,28,47
NRockdale,SHall,34,11,0,27,32,0,61,43,0,45,59,104
NRockdale,WNewton,9587,1777,0,8342,20986,0,17929,22763,0,11364,29328,40692
NRockdale,ENewton,830,152,0,285,599,0,1115,751,0,982,884,1866
NRockdale,NPaulding,0,0,0,0,0,0,0,0,0,0,0,0
NRockdale,WPaulding,0,0,0,1,0,0,1,0,0,0,1,1
NRockdale,EPaulding,8,3,0,4,5,0,12,8,0,11,9,20
NRockdale,NSpalding,64,19,0,25,20,0,89,39,0,83,45,128
NRockdale,SSpalding,46,3,0,18,19,0,64,22,0,49,37,86
NRockdale,WWalton,2119,397,0,1053,3099,0,3172,3496,0,2516,4152,6668
NRockdale,EWalton,940,158,0,201,541,0,1141,699,0,1098,742,1840
NBarrow,NFulton,346,59,0,71,68,1,417,127,1,405,140,545
NBarrow,Roswell,118,16,0,25,31,0,143,47,0,134,56,190
NBarrow,SandySprings,260,53,0,41,104,0,301,157,0,313,145,458
NBarrow,Buckhead,142,28,1,36,107,0,178,135,1,171,143,314
NBarrow,NWAtlanta,49,12,0,8,11,0,57,23,0,61,19,80
NBarrow,NEAtlanta,119,27,1,28,98,1,147,125,2,147,127,274
NBarrow,SWAtlanta,16,3,0,5,16,0,21,19,0,19,21,40
NBarrow,CBDAtlanta,70,15,2,27,106,5,97,121,7,87,138,225
NBarrow,SEAtlanta,17,5,0,6,26,0,23,31,0,22,32,54
NBarrow,SFulton,5,0,0,0,0,0,5,0,0,5,0,5
NBarrow,Tri-Cities,24,6,0,1,12,0,25,18,0,30,13,43
NBarrow,Shannon,3,0,0,3,7,0,6,7,0,3,10,13
NBarrow,WCherokee,2,0,0,0,0,0,2,0,0,2,0,2
NBarrow,NCherokee,1,0,0,0,1,0,1,1,0,1,1,2
NBarrow,ECentCherokee,17,2,0,6,9,0,23,11,0,19,15,34
NBarrow,Woodstock,10,3,0,2,27,0,12,30,0,13,29,42
NBarrow,Airport,11,3,0,1,1,0,12,4,0,14,2,16
NBarrow,NEClayton,17,1,0,2,13,0,19,14,0,18,15,33
NBarrow,Riverdale,2,0,0,0,4,0,2,4,0,2,4,6
NBarrow,SClayton,0,0,0,2,2,0,2,2,0,0,4,4
NBarrow,NWCobb,13,2,0,4,3,0,17,5,0,15,7,22
NBarrow,NECobb,57,6,0,11,37,0,68,43,0,63,48,111
NBarrow,SWCobb,5,1,0,3,0,0,8,1,0,6,3,9
NBarrow,Marietta,34,3,0,5,4,0,39,7,0,37,9,46
NBarrow,Cumberland,155,20,0,18,11,0,173,31,0,175,29,204
NBarrow,SCobb,22,7,0,4,3,0,26,10,0,29,7,36
NBarrow,Chamblee,427,89,0,63,153,1,490,242,1,516,217,733
NBarrow,NWDeKalb,142,32,0,33,138,3,175,170,3,174,174,348
NBarrow,NEDeKalb,380,54,0,56,104,0,436,158,0,434,160,594
NBarrow,Atlanta-DeKalb,8,1,0,3,4,0,11,5,0,9,7,16
NBarrow,Decatur,12,3,0,5,13,0,17,16,0,15,18,33
NBarrow,SWDeKalb,41,10,0,26,22,0,67,32,0,51,48,99
NBarrow,SEDeKalb,97,8,0,21,75,0,118,83,0,105,96,201
NBarrow,SDeKalb,41,14,0,14,22,0,55,36,0,55,36,91
NBarrow,WDouglas,1,0,0,0,0,0,1,0,0,1,0,1
NBarrow,EDouglas,2,3,0,2,0,0,4,3,0,5,2,7
NBarrow,WFayette,0,0,0,0,0,0,0,0,0,0,0,0
NBarrow,EFayette,1,0,0,0,0,0,1,0,0,1,0,1
NBarrow,NGwinnett,4534,858,1,3740,10897,0,8274,11755,1,5393,14637,20030
NBarrow,CentGwinnett,2479,447,0,779,1831,0,3258,2278,0,2926,2610,5536
NBarrow,EGwinnett,2125,415,0,2043,5995,0,4168,6410,0,2540,8038,10578
NBarrow,Norcross,956,163,0,104,291,0,1060,454,0,1119,395,1514
NBarrow,Lilburn,239,28,0,56,105,0,295,133,0,267,161,428
NBarrow,Snellville,541,95,0,154,496,0,695,591,0,636,650,1286
NBarrow,NHenry,6,2,0,5,8,0,11,10,0,8,13,21
NBarrow,EHenry,7,1,0,9,5,0,16,6,0,8,14,22
NBarrow,SHenry,23,1,0,11,3,0,34,4,0,24,14,38
NBarrow,SRockdale,34,7,0,8,11,0,42,18,0,41,19,60
NBarrow,NRockdale,167,30,0,21,47,0,188,77,0,197,68,265
NBarrow,NBarrow,20762,4016,0,40611,94650,0,61373,98666,0,24778,135261,160039
NBarrow,SBarrow,5201,988,0,7639,21391,0,12840,22379,0,6189,29030,35219
NBarrow,NWBartow,0,0,0,0,0,0,0,0,0,0,0,0
NBarrow,NEBartow,0,0,0,0,0,0,0,0,0,0,0,0
NBarrow,SWBartow,0,0,0,0,0,0,0,0,0,0,0,0
NBarrow,Cartersville,1,0,0,0,1,0,1,1,0,1,1,2
NBarrow,NECarroll,0,0,0,0,0,0,0,0,0,0,0,0
NBarrow,WCarroll,0,0,0,0,0,0,0,0,0,0,0,0
NBarrow,CentralCarroll,0,0,0,0,0,0,0,0,0,0,0,0
NBarrow,SECarroll,0,0,0,0,0,0,0,0,0,0,0,0
NBarrow,WCoweta,0,0,0,0,0,0,0,0,0,0,0,0
NBarrow,NCoweta,1,0,0,1,0,0,2,0,0,1,1,2
NBarrow,SCoweta,0,0,0,0,0,0,0,0,0,0,0,0
NBarrow,SECoweta,0,0,0,0,0,0,0,0,0,0,0,0
NBarrow,NForsyth,51,11,0,21,60,0,72,71,0,62,81,143
NBarrow,Cumming,206,33,0,55,128,0,261,161,0,239,183,422
NBarrow,SForsyth,257,28,0,29,73,0,286,101,0,285,102,387
NBarrow,NHall,79,16,0,27,70,0,106,86,0,95,97,192
NBarrow,Gainesville,932,192,0,288,735,0,1220,927,0,1124,1023,2147
NBarrow,SHall,1542,290,0,1463,3898,0,3005,4188,0,1832,5361,7193
NBarrow,WNewton,167,19,0,37,84,0,204,103,0,186,121,307
NBarrow,ENewton,47,3,0,12,40,0,59,43,0,50,52,102
NBarrow,NPaulding,0,0,0,0,0,0,0,0,0,0,0,0
NBarrow,WPaulding,0,0,0,0,0,0,0,0,0,0,0,0
NBarrow,EPaulding,1,0,0,0,13,0,1,13,0,1,13,14
NBarrow,NSpalding,1,0,0,0,4,0,1,4,0,1,4,5
NBarrow,SSpalding,1,0,0,0,0,0,1,0,0,1,0,1
NBarrow,WWalton,558,88,0,233,629,0,791,717,0,646,862,1508
NBarrow,EWalton,1062,209,0,545,1518,0,1607,1727,0,1271,2063,3334
SBarrow,NFulton,242,33,0,47,153,0,289,186,0,275,200,475
SBarrow,Roswell,78,9,0,28,45,0,106,54,0,87,73,160
SBarrow,SandySprings,227,30,0,43,51,0,270,81,0,257,94,351
SBarrow,Buckhead,107,31,1,26,93,0,133,124,1,139,119,258
SBarrow,NWAtlanta,50,12,0,10,11,0,60,23,0,62,21,83
SBarrow,NEAtlanta,94,16,0,32,151,0,126,167,0,110,183,293
SBarrow,SWAtlanta,7,3,0,10,36,0,17,39,0,10,46,56
SBarrow,CBDAtlanta,51,18,1,17,86,1,68,104,2,70,104,174
SBarrow,SEAtlanta,27,3,0,3,27,0,30,30,0,30,30,60
SBarrow,SFulton,6,0,0,3,0,0,9,0,0,6,3,9
SBarrow,Tri-Cities,14,4,0,1,10,0,15,14,0,18,11,29
SBarrow,Shannon,4,0,0,0,1,0,4,1,0,4,1,5
SBarrow,WCherokee,0,0,0,0,4,0,0,4,0,0,4,4
SBarrow,NCherokee,2,0,0,0,0,0,2,0,0,2,0,2
SBarrow,ECentCherokee,15,2,0,4,21,0,19,23,0,17,25,42
SBarrow,Woodstock,6,2,0,2,0,0,8,2,0,8,2,10
SBarrow,Airport,11,2,0,0,0,0,11,2,0,13,0,13
SBarrow,NEClayton,17,3,0,2,4,0,19,7,0,20,6,26
SBarrow,Riverdale,0,1,0,1,0,0,1,1,0,1,1,2
SBarrow,SClayton,6,0,0,2,1,0,8,1,0,6,3,9
SBarrow,NWCobb,15,3,0,6,5,0,21,8,0,18,11,29
SBarrow,NECobb,38,10,0,8,23,0,46,33,0,48,31,79
SBarrow,SWCobb,2,0,0,0,1,0,2,1,0,2,1,3
SBarrow,Marietta,33,4,0,4,7,0,37,11,0,37,11,48
SBarrow,Cumberland,93,10,0,15,46,0,108,56,0,103,61,164
SBarrow,SCobb,20,2,0,5,5,0,25,7,0,22,10,32
SBarrow,Chamblee,344,44,1,73,133,0,417,177,1,389,206,595
SBarrow,NWDeKalb,88,16,0,42,184,2,130,200,2,104,228,332
SBarrow,NEDeKalb,277,53,1,64,133,0,341,186,1,331,197,528
SBarrow,Atlanta-DeKalb,5,2,0,5,5,0,10,7,0,7,10,17
SBarrow,Decatur,11,4,0,8,12,0,19,16,0,15,20,35
SBarrow,SWDeKalb,39,2,0,13,31,0,52,33,0,41,44,85
SBarrow,SEDeKalb,120,13,0,33,46,0,153,59,0,133,79,212
SBarrow,SDeKalb,43,5,0,17,51,0,60,56,0,48,68,116
SBarrow,WDouglas,0,0,0,0,1,0,0,1,0,0,1,1
SBarrow,EDouglas,1,1,0,1,1,0,2,2,0,2,2,4
SBarrow,WFayette,1,0,0,0,0,0,1,0,0,1,0,1
SBarrow,EFayette,1,0,0,0,1,0,1,1,0,1,1,2
SBarrow,NGwinnett,2309,453,0,1091,3183,0,3400,3636,0,2762,4274,7036
SBarrow,CentGwinnett,2035,370,0,705,1884,0,2740,2254,0,2405,2589,4994
SBarrow,EGwinnett,2030,361,0,2084,6249,0,4114,6610,0,2391,8333,10724
SBarrow,Norcross,742,120,0,108,202,0,850,322,0,862,310,1172
SBarrow,Lilburn,224,34,0,59,108,0,283,142,0,258,167,425
SBarrow,Snellville,567,111,0,224,598,0,791,709,0,678,822,1500
SBarrow,NHenry,21,4,0,7,26,0,28,30,0,25,33,58
SBarrow,EHenry,9,3,0,4,18,0,13,21,0,12,22,34
SBarrow,SHenry,13,0,0,6,9,0,19,9,0,13,15,28
SBarrow,SRockdale,44,5,0,7,17,0,51,22,0,49,24,73
SBarrow,NRockdale,264,47,0,43,62,0,307,109,0,311,105,416
SBarrow,NBarrow,5139,955,0,7623,21358,0,12762,22313,0,6094,28981,35075
SBarrow,SBarrow,11353,2154,0,20985,50875,0,32338,53029,0,13507,71860,85367
SBarrow,NWBartow,0,0,0,0,0,0,0,0,0,0,0,0
SBarrow,NEBartow,0,0,0,0,0,0,0,0,0,0,0,0
SBarrow,SWBartow,0,0,0,0,0,0,0,0,0,0,0,0
SBarrow,Cartersville,0,0,0,0,0,0,0,0,0,0,0,0
SBarrow,NECarroll,0,0,0,0,0,0,0,0,0,0,0,0
SBarrow,WCarroll,0,0,0,0,0,0,0,0,0,0,0,0
SBarrow,CentralCarroll,0,0,0,0,0,0,0,0,0,0,0,0
SBarrow,SECarroll,0,0,0,0,0,0,0,0,0,0,0,0
SBarrow,WCoweta,0,0,0,0,0,0,0,0,0,0,0,0
SBarrow,NCoweta,0,0,0,0,0,0,0,0,0,0,0,0
SBarrow,SCoweta,0,0,0,0,0,0,0,0,0,0,0,0
SBarrow,SECoweta,0,0,0,0,0,0,0,0,0,0,0,0
SBarrow,NForsyth,32,5,0,11,17,0,43,22,0,37,28,65
SBarrow,Cumming,122,18,0,31,95,0,153,113,0,140,126,266
SBarrow,SForsyth,134,19,0,25,42,0,159,61,0,153,67,220
SBarrow,NHall,33,3,0,12,7,0,45,10,0,36,19,55
SBarrow,Gainesville,316,67,0,64,151,0,380,218,0,383,215,598
SBarrow,SHall,550,86,0,250,305,0,800,391,0,636,555,1191
SBarrow,WNewton,248,52,0,56,163,0,304,215,0,300,219,519
SBarrow,ENewton,35,7,0,18,30,0,53,37,0,42,48,90
SBarrow,NPaulding,0,0,0,0,0,0,0,0,0,0,0,0
SBarrow,WPaulding,0,0,0,0,0,0,0,0,0,0,0,0
SBarrow,EPaulding,0,0,0,0,0,0,0,0,0,0,0,0
SBarrow,NSpalding,0,1,0,0,0,0,0,1,0,1,0,1
SBarrow,SSpalding,1,0,0,0,0,0,1,0,0,1,0,1
SBarrow,WWalton,677,118,0,349,1430,0,1026,1548,0,795,1779,2574
SBarrow,EWalton,1586,292,0,979,2907,0,2565,3199,0,1878,3886,5764
NWBartow,NFulton,60,10,0,19,31,0,79,41,0,70,50,120
NWBartow,Roswell,39,6,0,13,6,0,52,12,0,45,19,64
NWBartow,SandySprings,99,9,0,22,29,0,121,38,0,108,51,159
NWBartow,Buckhead,66,8,0,22,22,0,88,30,0,74,44,118
NWBartow,NWAtlanta,38,10,0,4,4,0,42,14,0,48,8,56
NWBartow,NEAtlanta,20,3,0,14,27,0,34,30,0,23,41,64
NWBartow,SWAtlanta,8,1,0,4,4,0,12,5,0,9,8,17
NWBartow,CBDAtlanta,15,0,0,7,25,0,22,25,0,15,32,47
NWBartow,SEAtlanta,6,2,0,2,1,0,8,3,0,8,3,11
NWBartow,SFulton,3,0,0,0,1,0,3,1,0,3,1,4
NWBartow,Tri-Cities,4,1,0,0,11,0,4,12,0,5,11,16
NWBartow,Shannon,2,0,0,0,0,0,2,0,0,2,0,2
NWBartow,WCherokee,121,16,0,55,97,0,176,113,0,137,152,289
NWBartow,NCherokee,18,4,0,5,22,0,23,26,0,22,27,49
NWBartow,ECentCherokee,342,60,0,66,155,0,408,215,0,402,221,623
NWBartow,Woodstock,266,38,0,52,157,0,318,195,0,304,209,513
NWBartow,Airport,2,1,0,0,0,0,2,1,0,3,0,3
NWBartow,NEClayton,1,2,0,0,0,0,1,2,0,3,0,3
NWBartow,Riverdale,0,0,0,0,0,0,0,0,0,0,0,0
NWBartow,SClayton,2,0,0,0,0,0,2,0,0,2,0,2
NWBartow,NWCobb,776,139,0,184,392,0,960,531,0,915,576,1491
NWBartow,NECobb,238,36,0,40,100,0,278,136,0,274,140,414
NWBartow,SWCobb,72,8,0,11,33,0,83,41,0,80,44,124
NWBartow,Marietta,182,42,0,48,187,0,230,229,0,224,235,459
NWBartow,Cumberland,229,43,0,33,53,0,262,96,0,272,86,358
NWBartow,SCobb,49,10,0,14,40,0,63,50,0,59,54,113
NWBartow,Chamblee,56,10,0,9,13,0,65,23,0,66,22,88
NWBartow,NWDeKalb,12,1,0,6,15,0,18,16,0,13,21,34
NWBartow,NEDeKalb,10,1,0,2,2,0,12,3,0,11,4,15
NWBartow,Atlanta-DeKalb,0,0,0,0,0,0,0,0,0,0,0,0
NWBartow,Decatur,0,0,0,3,0,0,3,0,0,0,3,3
NWBartow,SWDeKalb,2,0,0,1,4,0,3,4,0,2,5,7
NWBartow,SEDeKalb,0,0,0,0,0,0,0,0,0,0,0,0
NWBartow,SDeKalb,1,0,0,1,1,0,2,1,0,1,2,3
NWBartow,WDouglas,12,0,0,7,10,0,19,10,0,12,17,29
NWBartow,EDouglas,28,5,0,13,30,0,41,35,0,33,43,76
NWBartow,WFayette,0,0,0,0,0,0,0,0,0,0,0,0
NWBartow,EFayette,0,0,0,0,0,0,0,0,0,0,0,0
NWBartow,NGwinnett,1,0,0,3,5,0,4,5,0,1,8,9
NWBartow,CentGwinnett,4,0,0,2,32,0,6,32,0,4,34,38
NWBartow,EGwinnett,0,0,0,0,0,0,0,0,0,0,0,0
NWBartow,Norcross,16,3,0,2,20,0,18,23,0,19,22,41
NWBartow,Lilburn,1,0,0,0,0,0,1,0,0,1,0,1
NWBartow,Snellville,0,0,0,0,0,0,0,0,0,0,0,0
NWBartow,NHenry,0,0,0,1,0,0,1,0,0,0,1,1
NWBartow,EHenry,0,0,0,0,0,0,0,0,0,0,0,0
NWBartow,SHenry,0,0,0,0,0,0,0,0,0,0,0,0
NWBartow,SRockdale,0,0,0,0,0,0,0,0,0,0,0,0
NWBartow,NRockdale,0,0,0,0,0,0,0,0,0,0,0,0
NWBartow,NBarrow,0,0,0,0,0,0,0,0,0,0,0,0
NWBartow,SBarrow,0,0,0,0,0,0,0,0,0,0,0,0
NWBartow,NWBartow,7074,1242,0,14022,30168,0,21096,31410,0,8316,44190,52506
NWBartow,NEBartow,599,114,0,657,1620,0,1256,1734,0,713,2277,2990
NWBartow,SWBartow,534,75,0,389,1036,0,923,1111,0,609,1425,2034
NWBartow,Cartersville,3751,722,0,3208,8471,0,6959,9193,0,4473,11679,16152
NWBartow,NECarroll,11,4,0,0,1,0,11,5,0,15,1,16
NWBartow,WCarroll,0,0,0,0,0,0,0,0,0,0,0,0
NWBartow,CentralCarroll,9,0,0,4,1,0,13,1,0,9,5,14
NWBartow,SECarroll,0,0,0,0,0,0,0,0,0,0,0,0
NWBartow,WCoweta,0,0,0,1,0,0,1,0,0,0,1,1
NWBartow,NCoweta,0,0,0,0,0,0,0,0,0,0,0,0
NWBartow,SCoweta,0,0,0,0,0,0,0,0,0,0,0,0
NWBartow,SECoweta,0,0,0,0,0,0,0,0,0,0,0,0
NWBartow,NForsyth,3,0,0,1,5,0,4,5,0,3,6,9
NWBartow,Cumming,23,4,0,9,33,0,32,37,0,27,42,69
NWBartow,SForsyth,24,7,0,4,24,0,28,31,0,31,28,59
NWBartow,NHall,0,0,0,0,0,0,0,0,0,0,0,0
NWBartow,Gainesville,0,0,0,0,0,0,0,0,0,0,0,0
NWBartow,SHall,0,0,0,1,0,0,1,0,0,0,1,1
NWBartow,WNewton,0,0,0,0,0,0,0,0,0,0,0,0
NWBartow,ENewton,0,0,0,0,0,0,0,0,0,0,0,0
NWBartow,NPaulding,147,22,0,37,68,0,184,90,0,169,105,274
NWBartow,WPaulding,15,2,0,2,9,0,17,11,0,17,11,28
NWBartow,EPaulding,163,30,0,44,106,0,207,136,0,193,150,343
NWBartow,NSpalding,0,0,0,0,0,0,0,0,0,0,0,0
NWBartow,SSpalding,0,0,0,0,0,0,0,0,0,0,0,0
NWBartow,WWalton,0,0,0,0,0,0,0,0,0,0,0,0
NWBartow,EWalton,0,0,0,0,0,0,0,0,0,0,0,0
NEBartow,NFulton,87,14,0,41,97,0,128,111,0,101,138,239
NEBartow,Roswell,36,8,0,18,86,0,54,94,0,44,104,148
NEBartow,SandySprings,78,11,1,28,33,0,106,44,1,90,61,151
NEBartow,Buckhead,56,8,0,15,42,0,71,50,0,64,57,121
NEBartow,NWAtlanta,21,3,0,9,27,0,30,30,0,24,36,60
NEBartow,NEAtlanta,24,6,1,23,115,0,47,121,1,31,138,169
NEBartow,SWAtlanta,12,1,0,5,16,0,17,17,0,13,21,34
NEBartow,CBDAtlanta,22,3,1,12,57,0,34,60,1,26,69,95
NEBartow,SEAtlanta,6,0,0,3,9,0,9,9,0,6,12,18
NEBartow,SFulton,2,0,0,0,1,0,2,1,0,2,1,3
NEBartow,Tri-Cities,10,0,0,3,4,0,13,4,0,10,7,17
NEBartow,Shannon,2,0,0,1,6,0,3,6,0,2,7,9
NEBartow,WCherokee,411,67,0,264,877,0,675,944,0,478,1141,1619
NEBartow,NCherokee,37,3,0,9,24,0,46,27,0,40,33,73
NEBartow,ECentCherokee,519,84,0,283,751,0,802,835,0,603,1034,1637
NEBartow,Woodstock,220,45,0,95,199,0,315,244,0,265,294,559
NEBartow,Airport,2,0,0,0,0,0,2,0,0,2,0,2
NEBartow,NEClayton,0,1,0,1,0,0,1,1,0,1,1,2
NEBartow,Riverdale,0,0,0,0,0,0,0,0,0,0,0,0
NEBartow,SClayton,0,0,0,1,0,0,1,0,0,0,1,1
NEBartow,NWCobb,627,106,0,254,460,1,881,566,1,733,715,1448
NEBartow,NECobb,212,28,0,70,129,0,282,157,0,240,199,439
NEBartow,SWCobb,51,10,0,24,38,0,75,48,0,61,62,123
NEBartow,Marietta,161,31,0,66,108,0,227,139,0,192,174,366
NEBartow,Cumberland,216,31,1,53,91,0,269,122,1,248,144,392
NEBartow,SCobb,46,9,0,24,41,0,70,50,0,55,65,120
NEBartow,Chamblee,37,15,0,9,59,0,46,74,0,52,68,120
NEBartow,NWDeKalb,10,1,0,5,80,0,15,81,0,11,85,96
NEBartow,NEDeKalb,3,0,0,6,8,0,9,8,0,3,14,17
NEBartow,Atlanta-DeKalb,1,1,0,0,8,0,1,9,0,2,8,10
NEBartow,Decatur,4,0,0,0,3,0,4,3,0,4,3,7
NEBartow,SWDeKalb,2,0,0,2,13,0,4,13,0,2,15,17
NEBartow,SEDeKalb,1,0,0,1,0,0,2,0,0,1,1,2
NEBartow,SDeKalb,1,0,0,0,1,0,1,1,0,1,1,2
NEBartow,WDouglas,10,4,0,0,6,0,10,10,0,14,6,20
NEBartow,EDouglas,36,5,0,9,7,0,45,12,0,41,16,57
NEBartow,WFayette,0,0,0,0,0,0,0,0,0,0,0,0
NEBartow,EFayette,0,0,0,0,0,0,0,0,0,0,0,0
NEBartow,NGwinnett,6,0,0,2,7,0,8,7,0,6,9,15
NEBartow,CentGwinnett,8,1,0,7,19,0,15,20,0,9,26,35
NEBartow,EGwinnett,0,0,0,0,0,0,0,0,0,0,0,0
NEBartow,Norcross,22,4,0,10,6,0,32,10,0,26,16,42
NEBartow,Lilburn,0,3,0,0,2,0,0,5,0,3,2,5
NEBartow,Snellville,1,0,0,2,0,0,3,0,0,1,2,3
NEBartow,NHenry,1,0,0,0,0,0,1,0,0,1,0,1
NEBartow,EHenry,0,0,0,0,0,0,0,0,0,0,0,0
NEBartow,SHenry,0,0,0,1,0,0,1,0,0,0,1,1
NEBartow,SRockdale,0,0,0,0,0,0,0,0,0,0,0,0
NEBartow,NRockdale,0,0,0,1,0,0,1,0,0,0,1,1
NEBartow,NBarrow,0,0,0,0,0,0,0,0,0,0,0,0
NEBartow,SBarrow,0,0,0,0,0,0,0,0,0,0,0,0
NEBartow,NWBartow,631,106,0,664,1598,0,1295,1704,0,737,2262,2999
NEBartow,NEBartow,3048,528,0,4771,10970,0,7819,11498,0,3576,15741,19317
NEBartow,SWBartow,167,21,0,89,239,0,256,260,0,188,328,516
NEBartow,Cartersville,2802,459,0,3224,8131,0,6026,8590,0,3261,11355,14616
NEBartow,NECarroll,5,0,0,1,1,0,6,1,0,5,2,7
NEBartow,WCarroll,0,0,0,0,0,0,0,0,0,0,0,0
NEBartow,CentralCarroll,1,1,0,0,2,0,1,3,0,2,2,4
NEBartow,SECarroll,0,0,0,0,0,0,0,0,0,0,0,0
NEBartow,WCoweta,0,0,0,0,0,0,0,0,0,0,0,0
NEBartow,NCoweta,0,0,0,0,0,0,0,0,0,0,0,0
NEBartow,SCoweta,0,0,0,0,0,0,0,0,0,0,0,0
NEBartow,SECoweta,0,0,0,0,0,0,0,0,0,0,0,0
NEBartow,NForsyth,17,0,0,9,12,0,26,12,0,17,21,38
NEBartow,Cumming,45,9,0,31,28,0,76,37,0,54,59,113
NEBartow,SForsyth,33,4,0,7,9,0,40,13,0,37,16,53
NEBartow,NHall,0,0,0,0,0,0,0,0,0,0,0,0
NEBartow,Gainesville,1,0,0,6,2,0,7,2,0,1,8,9
NEBartow,SHall,1,1,0,0,0,0,1,1,0,2,0,2
NEBartow,WNewton,0,0,0,0,0,0,0,0,0,0,0,0
NEBartow,ENewton,0,0,0,0,0,0,0,0,0,0,0,0
NEBartow,NPaulding,116,17,0,28,79,0,144,96,0,133,107,240
NEBartow,WPaulding,11,1,0,2,2,0,13,3,0,12,4,16
NEBartow,EPaulding,82,15,0,41,95,0,123,110,0,97,136,233
NEBartow,NSpalding,0,0,0,0,0,0,0,0,0,0,0,0
NEBartow,SSpalding,0,0,0,0,0,0,0,0,0,0,0,0
NEBartow,WWalton,0,0,0,0,0,0,0,0,0,0,0,0
NEBartow,EWalton,0,0,0,0,0,0,0,0,0,0,0,0
SWBartow,NFulton,74,14,0,20,52,0,94,66,0,88,72,160
SWBartow,Roswell,48,12,0,26,61,0,74,73,0,60,87,147
SWBartow,SandySprings,161,35,0,42,59,0,203,94,0,196,101,297
SWBartow,Buckhead,105,20,0,42,109,0,147,129,0,125,151,276
SWBartow,NWAtlanta,42,12,0,16,47,0,58,59,0,54,63,117
SWBartow,NEAtlanta,47,24,0,24,187,0,71,211,0,71,211,282
SWBartow,SWAtlanta,16,3,0,7,53,0,23,56,0,19,60,79
SWBartow,CBDAtlanta,32,6,0,20,202,0,52,208,0,38,222,260
SWBartow,SEAtlanta,9,4,0,3,26,0,12,30,0,13,29,42
SWBartow,SFulton,12,4,0,6,12,0,18,16,0,16,18,34
SWBartow,Tri-Cities,13,3,0,7,24,0,20,27,0,16,31,47
SWBartow,Shannon,1,1,0,1,2,0,2,3,0,2,3,5
SWBartow,WCherokee,52,6,0,18,29,0,70,35,0,58,47,105
SWBartow,NCherokee,4,2,0,4,0,0,8,2,0,6,4,10
SWBartow,ECentCherokee,174,33,0,42,105,0,216,138,0,207,147,354
SWBartow,Woodstock,404,60,0,116,449,0,520,509,0,464,565,1029
SWBartow,Airport,4,0,0,2,3,0,6,3,0,4,5,9
SWBartow,NEClayton,6,1,0,1,3,0,7,4,0,7,4,11
SWBartow,Riverdale,1,0,0,0,2,0,1,2,0,1,2,3
SWBartow,SClayton,0,0,0,0,0,0,0,0,0,0,0,0
SWBartow,NWCobb,1191,208,0,488,1190,3,1679,1398,3,1399,1681,3080
SWBartow,NECobb,379,61,0,97,240,0,476,301,0,440,337,777
SWBartow,SWCobb,113,19,0,39,65,0,152,84,0,132,104,236
SWBartow,Marietta,331,52,0,107,261,3,438,313,3,383,371,754
SWBartow,Cumberland,377,52,0,74,178,0,451,230,0,429,252,681
SWBartow,SCobb,100,17,0,26,98,0,126,115,0,117,124,241
SWBartow,Chamblee,56,10,0,22,72,1,78,82,1,66,95,161
SWBartow,NWDeKalb,16,4,0,4,139,0,20,143,0,20,143,163
SWBartow,NEDeKalb,23,3,0,5,26,0,28,29,0,26,31,57
SWBartow,Atlanta-DeKalb,4,1,0,1,5,0,5,6,0,5,6,11
SWBartow,Decatur,0,0,0,1,1,0,1,1,0,0,2,2
SWBartow,SWDeKalb,3,1,0,1,3,0,4,4,0,4,4,8
SWBartow,SEDeKalb,2,0,0,0,1,0,2,1,0,2,1,3
SWBartow,SDeKalb,1,0,0,1,6,0,2,6,0,1,7,8
SWBartow,WDouglas,51,8,0,18,17,0,69,25,0,59,35,94
SWBartow,EDouglas,80,9,0,19,36,0,99,45,0,89,55,144
SWBartow,WFayette,0,0,0,2,0,0,2,0,0,0,2,2
SWBartow,EFayette,1,0,0,1,0,0,2,0,0,1,1,2
SWBartow,NGwinnett,0,0,0,1,11,0,1,11,0,0,12,12
SWBartow,CentGwinnett,12,0,0,6,17,0,18,17,0,12,23,35
SWBartow,EGwinnett,0,0,0,0,4,0,0,4,0,0,4,4
SWBartow,Norcross,39,6,0,10,8,0,49,14,0,45,18,63
SWBartow,Lilburn,2,0,0,1,18,0,3,18,0,2,19,21
SWBartow,Snellville,1,0,0,0,0,0,1,0,0,1,0,1
SWBartow,NHenry,0,0,0,1,0,0,1,0,0,0,1,1
SWBartow,EHenry,0,0,0,0,0,0,0,0,0,0,0,0
SWBartow,SHenry,0,0,0,0,0,0,0,0,0,0,0,0
SWBartow,SRockdale,1,0,0,0,0,0,1,0,0,1,0,1
SWBartow,NRockdale,1,0,0,0,0,0,1,0,0,1,0,1
SWBartow,NBarrow,0,0,0,0,0,0,0,0,0,0,0,0
SWBartow,SBarrow,0,0,0,0,0,0,0,0,0,0,0,0
SWBartow,NWBartow,536,96,0,416,1077,0,952,1173,0,632,1493,2125
SWBartow,NEBartow,181,29,0,87,233,0,268,262,0,210,320,530
SWBartow,SWBartow,4684,841,0,7976,19548,0,12660,20389,0,5525,27524,33049
SWBartow,Cartersville,4414,854,0,5497,15023,0,9911,15877,0,5268,20520,25788
SWBartow,NECarroll,21,6,0,17,29,0,38,35,0,27,46,73
SWBartow,WCarroll,3,2,0,0,0,0,3,2,0,5,0,5
SWBartow,CentralCarroll,21,1,0,10,26,0,31,27,0,22,36,58
SWBartow,SECarroll,0,0,0,0,0,0,0,0,0,0,0,0
SWBartow,WCoweta,0,0,0,0,0,0,0,0,0,0,0,0
SWBartow,NCoweta,1,0,0,4,0,0,5,0,0,1,4,5
SWBartow,SCoweta,0,0,0,0,0,0,0,0,0,0,0,0
SWBartow,SECoweta,0,0,0,0,0,0,0,0,0,0,0,0
SWBartow,NForsyth,2,0,0,1,21,0,3,21,0,2,22,24
SWBartow,Cumming,11,0,0,7,24,0,18,24,0,11,31,42
SWBartow,SForsyth,13,2,0,0,9,0,13,11,0,15,9,24
SWBartow,NHall,0,0,0,0,0,0,0,0,0,0,0,0
SWBartow,Gainesville,1,0,0,1,0,0,2,0,0,1,1,2
SWBartow,SHall,0,0,0,0,0,0,0,0,0,0,0,0
SWBartow,WNewton,0,0,0,0,0,0,0,0,0,0,0,0
SWBartow,ENewton,0,0,0,0,0,0,0,0,0,0,0,0
SWBartow,NPaulding,453,81,0,276,903,0,729,984,0,534,1179,1713
SWBartow,WPaulding,39,4,0,5,11,0,44,15,0,43,16,59
SWBartow,EPaulding,419,63,0,171,488,0,590,551,0,482,659,1141
SWBartow,NSpalding,0,0,0,0,0,0,0,0,0,0,0,0
SWBartow,SSpalding,0,0,0,0,0,0,0,0,0,0,0,0
SWBartow,WWalton,0,0,0,0,0,0,0,0,0,0,0,0
SWBartow,EWalton,0,0,0,0,0,0,0,0,0,0,0,0
Cartersville,NFulton,236,38,1,68,128,0,304,166,1,275,196,471
Cartersville,Roswell,166,23,0,54,56,0,220,79,0,189,110,299
Cartersville,SandySprings,400,71,0,78,118,1,478,189,1,471,197,668
Cartersville,Buckhead,311,64,1,72,102,0,383,166,1,376,174,550
Cartersville,NWAtlanta,145,17,0,28,85,0,173,102,0,162,113,275
Cartersville,NEAtlanta,157,39,4,67,246,1,224,285,5,200,314,514
Cartersville,SWAtlanta,64,9,0,17,56,1,81,65,1,73,74,147
Cartersville,CBDAtlanta,99,22,6,40,166,1,139,188,7,127,207,334
Cartersville,SEAtlanta,31,13,0,14,40,1,45,53,1,44,55,99
Cartersville,SFulton,40,5,0,14,11,0,54,16,0,45,25,70
Cartersville,Tri-Cities,45,8,0,20,16,0,65,24,0,53,36,89
Cartersville,Shannon,12,1,0,10,5,0,22,6,0,13,15,28
Cartersville,WCherokee,1116,180,0,506,1292,0,1622,1472,0,1296,1798,3094
Cartersville,NCherokee,120,30,0,25,45,0,145,75,0,150,70,220
Cartersville,ECentCherokee,1117,200,0,350,680,0,1467,880,0,1317,1030,2347
Cartersville,Woodstock,1938,323,0,1101,2511,0,3039,2834,0,2261,3612,5873
Cartersville,Airport,11,1,0,2,1,0,13,2,0,12,3,15
Cartersville,NEClayton,11,5,0,8,27,0,19,32,0,16,35,51
Cartersville,Riverdale,7,1,0,2,3,0,9,4,0,8,5,13
Cartersville,SClayton,1,0,0,0,12,0,1,12,0,1,12,13
Cartersville,NWCobb,5736,1064,2,4354,10097,39,10090,11161,41,6802,14490,21292
Cartersville,NECobb,1211,205,1,333,721,0,1544,926,1,1417,1054,2471
Cartersville,SWCobb,432,96,0,136,291,0,568,387,0,528,427,955
Cartersville,Marietta,1007,158,3,266,581,2,1273,739,5,1168,849,2017
Cartersville,Cumberland,1041,175,2,184,295,0,1225,470,2,1218,479,1697
Cartersville,SCobb,278,44,0,65,186,0,343,230,0,322,251,573
Cartersville,Chamblee,211,45,1,40,166,0,251,211,1,257,206,463
Cartersville,NWDeKalb,62,12,1,25,170,2,87,182,3,75,197,272
Cartersville,NEDeKalb,71,12,0,18,66,0,89,78,0,83,84,167
Cartersville,Atlanta-DeKalb,14,4,0,5,36,0,19,40,0,18,41,59
Cartersville,Decatur,8,2,0,5,11,0,13,13,0,10,16,26
Cartersville,SWDeKalb,19,5,0,8,15,0,27,20,0,24,23,47
Cartersville,SEDeKalb,6,1,0,3,4,0,9,5,0,7,7,14
Cartersville,SDeKalb,13,1,0,6,12,0,19,13,0,14,18,32
Cartersville,WDouglas,116,16,0,39,38,0,155,54,0,132,77,209
Cartersville,EDouglas,214,31,0,39,53,0,253,84,0,245,92,337
Cartersville,WFayette,3,0,0,0,1,0,3,1,0,3,1,4
Cartersville,EFayette,1,0,0,2,7,0,3,7,0,1,9,10
Cartersville,NGwinnett,9,1,0,1,23,0,10,24,0,10,24,34
Cartersville,CentGwinnett,31,8,0,20,27,0,51,35,0,39,47,86
Cartersville,EGwinnett,1,0,0,0,1,0,1,1,0,1,1,2
Cartersville,Norcross,104,19,0,36,80,0,140,99,0,123,116,239
Cartersville,Lilburn,6,1,0,4,7,0,10,8,0,7,11,18
Cartersville,Snellville,3,1,0,1,8,0,4,9,0,4,9,13
Cartersville,NHenry,3,0,0,1,1,0,4,1,0,3,2,5
Cartersville,EHenry,0,0,0,0,0,0,0,0,0,0,0,0
Cartersville,SHenry,0,0,0,1,0,0,1,0,0,0,1,1
Cartersville,SRockdale,1,0,0,0,5,0,1,5,0,1,5,6
Cartersville,NRockdale,1,0,0,1,0,0,2,0,0,1,1,2
Cartersville,NBarrow,0,0,0,0,1,0,0,1,0,0,1,1
Cartersville,SBarrow,0,0,0,0,0,0,0,0,0,0,0,0
Cartersville,NWBartow,3944,722,0,3159,8528,0,7103,9250,0,4666,11687,16353
Cartersville,NEBartow,2865,518,0,3274,8258,0,6139,8776,0,3383,11532,14915
Cartersville,SWBartow,4622,884,0,5559,15181,0,10181,16065,0,5506,20740,26246
Cartersville,Cartersville,43520,8053,0,71917,137910,0,115437,145963,0,51573,209827,261400
Cartersville,NECarroll,63,10,0,22,31,0,85,41,0,73,53,126
Cartersville,WCarroll,5,0,0,1,1,0,6,1,0,5,2,7
Cartersville,CentralCarroll,37,5,0,12,27,0,49,32,0,42,39,81
Cartersville,SECarroll,0,0,0,0,2,0,0,2,0,0,2,2
Cartersville,WCoweta,3,0,0,1,0,0,4,0,0,3,1,4
Cartersville,NCoweta,2,1,0,1,0,0,3,1,0,3,1,4
Cartersville,SCoweta,0,0,0,0,0,0,0,0,0,0,0,0
Cartersville,SECoweta,0,0,0,0,0,0,0,0,0,0,0,0
Cartersville,NForsyth,75,8,0,27,35,0,102,43,0,83,62,145
Cartersville,Cumming,155,25,0,56,65,0,211,90,0,180,121,301
Cartersville,SForsyth,69,13,0,17,12,0,86,25,0,82,29,111
Cartersville,NHall,2,0,0,0,0,0,2,0,0,2,0,2
Cartersville,Gainesville,7,1,0,5,26,0,12,27,0,8,31,39
Cartersville,SHall,0,0,0,1,2,0,1,2,0,0,3,3
Cartersville,WNewton,0,0,0,0,0,0,0,0,0,0,0,0
Cartersville,ENewton,0,0,0,0,0,0,0,0,0,0,0,0
Cartersville,NPaulding,1945,349,0,1703,4119,0,3648,4468,0,2294,5822,8116
Cartersville,WPaulding,198,30,0,67,108,0,265,138,0,228,175,403
Cartersville,EPaulding,1240,236,0,364,905,0,1604,1141,0,1476,1269,2745
Cartersville,NSpalding,1,0,0,0,0,0,1,0,0,1,0,1
Cartersville,SSpalding,0,0,0,0,0,0,0,0,0,0,0,0
Cartersville,WWalton,0,0,0,0,0,0,0,0,0,0,0,0
Cartersville,EWalton,0,0,0,1,0,0,1,0,0,0,1,1
NECarroll,NFulton,12,2,0,6,9,0,18,11,0,14,15,29
NECarroll,Roswell,10,2,0,6,4,0,16,6,0,12,10,22
NECarroll,SandySprings,79,22,1,23,44,0,102,66,1,102,67,169
NECarroll,Buckhead,123,18,0,35,119,0,158,137,0,141,154,295
NECarroll,NWAtlanta,195,32,0,36,68,0,231,100,0,227,104,331
NECarroll,NEAtlanta,138,26,0,41,141,0,179,167,0,164,182,346
NECarroll,SWAtlanta,245,30,0,53,104,0,298,134,0,275,157,432
NECarroll,CBDAtlanta,134,30,5,34,88,0,168,118,5,169,122,291
NECarroll,SEAtlanta,56,10,1,20,33,0,76,43,1,67,53,120
NECarroll,SFulton,244,49,0,60,158,0,304,207,0,293,218,511
NECarroll,Tri-Cities,101,15,0,20,64,0,121,79,0,116,84,200
NECarroll,Shannon,100,12,0,25,35,1,125,47,1,112,61,173
NECarroll,WCherokee,1,0,0,0,2,0,1,2,0,1,2,3
NECarroll,NCherokee,1,0,0,0,1,0,1,1,0,1,1,2
NECarroll,ECentCherokee,9,4,0,3,11,0,12,15,0,13,14,27
NECarroll,Woodstock,51,7,0,10,79,0,61,86,0,58,89,147
NECarroll,Airport,31,4,1,5,13,0,36,17,1,36,18,54
NECarroll,NEClayton,28,13,0,14,22,0,42,35,0,41,36,77
NECarroll,Riverdale,22,3,0,7,13,0,29,16,0,25,20,45
NECarroll,SClayton,7,3,0,7,2,0,14,5,0,10,9,19
NECarroll,NWCobb,281,53,0,62,87,0,343,140,0,334,149,483
NECarroll,NECobb,108,14,0,16,69,0,124,83,0,122,85,207
NECarroll,SWCobb,231,53,0,49,100,0,280,153,0,284,149,433
NECarroll,Marietta,156,25,0,35,38,1,191,63,1,181,74,255
NECarroll,Cumberland,402,55,0,50,127,0,452,182,0,457,177,634
NECarroll,SCobb,498,81,1,91,260,0,589,341,1,580,351,931
NECarroll,Chamblee,51,12,1,18,109,0,69,121,1,64,127,191
NECarroll,NWDeKalb,40,16,0,23,58,0,63,74,0,56,81,137
NECarroll,NEDeKalb,35,6,0,12,20,0,47,26,0,41,32,73
NECarroll,Atlanta-DeKalb,11,2,0,3,12,0,14,14,0,13,15,28
NECarroll,Decatur,2,1,0,8,12,0,10,13,0,3,20,23
NECarroll,SWDeKalb,24,9,0,9,12,0,33,21,0,33,21,54
NECarroll,SEDeKalb,8,0,0,5,3,0,13,3,0,8,8,16
NECarroll,SDeKalb,17,6,0,5,22,0,22,28,0,23,27,50
NECarroll,WDouglas,3050,549,0,3370,8639,0,6420,9188,0,3599,12009,15608
NECarroll,EDouglas,1319,270,1,491,1318,0,1810,1588,1,1590,1809,3399
NECarroll,WFayette,76,12,0,15,58,0,91,70,0,88,73,161
NECarroll,EFayette,32,2,0,15,23,0,47,25,0,34,38,72
NECarroll,NGwinnett,1,0,0,0,9,0,1,9,0,1,9,10
NECarroll,CentGwinnett,9,2,0,9,4,0,18,6,0,11,13,24
NECarroll,EGwinnett,1,0,0,0,0,0,1,0,0,1,0,1
NECarroll,Norcross,28,4,0,7,23,0,35,27,0,32,30,62
NECarroll,Lilburn,2,2,0,3,3,0,5,5,0,4,6,10
NECarroll,Snellville,2,0,0,0,1,0,2,1,0,2,1,3
NECarroll,NHenry,5,0,0,5,5,0,10,5,0,5,10,15
NECarroll,EHenry,1,0,0,1,4,0,2,4,0,1,5,6
NECarroll,SHenry,2,2,0,6,10,0,8,12,0,4,16,20
NECarroll,SRockdale,2,0,0,0,1,0,2,1,0,2,1,3
NECarroll,NRockdale,2,0,0,2,0,0,4,0,0,2,2,4
NECarroll,NBarrow,0,0,0,0,0,0,0,0,0,0,0,0
NECarroll,SBarrow,0,0,0,0,0,0,0,0,0,0,0,0
NECarroll,NWBartow,6,2,0,1,6,0,7,8,0,8,7,15
NECarroll,NEBartow,2,1,0,1,1,0,3,2,0,3,2,5
NECarroll,SWBartow,19,5,0,15,6,0,34,11,0,24,21,45
NECarroll,Cartersville,68,10,0,27,22,0,95,32,0,78,49,127
NECarroll,NECarroll,14074,2578,0,27046,59980,0,41120,62558,0,16652,87026,103678
NECarroll,WCarroll,697,126,0,275,685,0,972,811,0,823,960,1783
NECarroll,CentralCarroll,3926,765,3,3115,8129,6,7041,8894,9,4694,11250,15944
NECarroll,SECarroll,185,33,0,89,214,0,274,247,0,218,303,521
NECarroll,WCoweta,136,24,0,43,58,0,179,82,0,160,101,261
NECarroll,NCoweta,269,47,0,57,152,0,326,199,0,316,209,525
NECarroll,SCoweta,20,2,0,7,11,0,27,13,0,22,18,40
NECarroll,SECoweta,10,1,0,6,29,0,16,30,0,11,35,46
NECarroll,NForsyth,0,0,0,0,1,0,0,1,0,0,1,1
NECarroll,Cumming,0,1,0,0,0,0,0,1,0,1,0,1
NECarroll,SForsyth,2,0,0,1,0,0,3,0,0,2,1,3
NECarroll,NHall,0,0,0,0,0,0,0,0,0,0,0,0
NECarroll,Gainesville,0,0,0,0,0,0,0,0,0,0,0,0
NECarroll,SHall,0,0,0,0,0,0,0,0,0,0,0,0
NECarroll,WNewton,0,0,0,0,0,0,0,0,0,0,0,0
NECarroll,ENewton,0,0,0,0,0,0,0,0,0,0,0,0
NECarroll,NPaulding,173,29,0,44,97,0,217,126,0,202,141,343
NECarroll,WPaulding,1166,220,0,1180,3218,0,2346,3438,0,1386,4398,5784
NECarroll,EPaulding,2018,374,0,1193,3185,0,3211,3559,0,2392,4378,6770
NECarroll,NSpalding,2,0,0,0,1,0,2,1,0,2,1,3
NECarroll,SSpalding,2,0,0,2,0,0,4,0,0,2,2,4
NECarroll,WWalton,0,0,0,0,0,0,0,0,0,0,0,0
NECarroll,EWalton,0,0,0,0,0,0,0,0,0,0,0,0
WCarroll,NFulton,0,0,0,1,0,0,1,0,0,0,1,1
WCarroll,Roswell,0,0,0,0,0,0,0,0,0,0,0,0
WCarroll,SandySprings,4,0,0,5,5,0,9,5,0,4,10,14
WCarroll,Buckhead,9,4,0,9,34,0,18,38,0,13,43,56
WCarroll,NWAtlanta,15,0,0,7,6,0,22,6,0,15,13,28
WCarroll,NEAtlanta,7,0,0,8,42,0,15,42,0,7,50,57
WCarroll,SWAtlanta,23,2,0,7,4,0,30,6,0,25,11,36
WCarroll,CBDAtlanta,15,3,0,12,10,0,27,13,0,18,22,40
WCarroll,SEAtlanta,5,2,0,2,2,0,7,4,0,7,4,11
WCarroll,SFulton,54,4,0,18,33,0,72,37,0,58,51,109
WCarroll,Tri-Cities,7,1,0,4,17,0,11,18,0,8,21,29
WCarroll,Shannon,22,3,0,11,14,0,33,17,0,25,25,50
WCarroll,WCherokee,0,0,0,0,0,0,0,0,0,0,0,0
WCarroll,NCherokee,0,0,0,0,0,0,0,0,0,0,0,0
WCarroll,ECentCherokee,0,1,0,0,0,0,0,1,0,1,0,1
WCarroll,Woodstock,1,0,0,0,0,0,1,0,0,1,0,1
WCarroll,Airport,7,1,0,0,5,0,7,6,0,8,5,13
WCarroll,NEClayton,7,0,0,5,8,0,12,8,0,7,13,20
WCarroll,Riverdale,1,1,0,1,2,0,2,3,0,2,3,5
WCarroll,SClayton,1,0,0,0,0,0,1,0,0,1,0,1
WCarroll,NWCobb,16,6,0,10,21,0,26,27,0,22,31,53
WCarroll,NECobb,2,3,0,1,3,0,3,6,0,5,4,9
WCarroll,SWCobb,22,4,0,8,13,0,30,17,0,26,21,47
WCarroll,Marietta,13,0,0,8,9,0,21,9,0,13,17,30
WCarroll,Cumberland,30,5,0,16,4,0,46,9,0,35,20,55
WCarroll,SCobb,52,12,0,14,24,0,66,36,0,64,38,102
WCarroll,Chamblee,1,0,0,4,4,0,5,4,0,1,8,9
WCarroll,NWDeKalb,4,2,0,1,6,0,5,8,0,6,7,13
WCarroll,NEDeKalb,2,0,0,1,0,0,3,0,0,2,1,3
WCarroll,Atlanta-DeKalb,1,0,0,0,1,0,1,1,0,1,1,2
WCarroll,Decatur,0,0,0,0,0,0,0,0,0,0,0,0
WCarroll,SWDeKalb,3,0,0,2,10,0,5,10,0,3,12,15
WCarroll,SEDeKalb,0,0,0,0,0,0,0,0,0,0,0,0
WCarroll,SDeKalb,1,0,0,0,1,0,1,1,0,1,1,2
WCarroll,WDouglas,260,41,0,71,177,0,331,218,0,301,248,549
WCarroll,EDouglas,147,25,0,40,117,0,187,142,0,172,157,329
WCarroll,WFayette,29,3,0,12,4,0,41,7,0,32,16,48
WCarroll,EFayette,5,1,0,5,11,0,10,12,0,6,16,22
WCarroll,NGwinnett,0,0,0,0,0,0,0,0,0,0,0,0
WCarroll,CentGwinnett,1,0,0,0,0,0,1,0,0,1,0,1
WCarroll,EGwinnett,0,0,0,0,0,0,0,0,0,0,0,0
WCarroll,Norcross,1,0,0,0,4,0,1,4,0,1,4,5
WCarroll,Lilburn,1,0,0,0,0,0,1,0,0,1,0,1
WCarroll,Snellville,0,0,0,0,0,0,0,0,0,0,0,0
WCarroll,NHenry,2,1,0,0,4,0,2,5,0,3,4,7
WCarroll,EHenry,0,0,0,0,0,0,0,0,0,0,0,0
WCarroll,SHenry,0,0,0,0,1,0,0,1,0,0,1,1
WCarroll,SRockdale,0,0,0,0,0,0,0,0,0,0,0,0
WCarroll,NRockdale,0,0,0,0,0,0,0,0,0,0,0,0
WCarroll,NBarrow,0,0,0,0,0,0,0,0,0,0,0,0
WCarroll,SBarrow,0,0,0,0,0,0,0,0,0,0,0,0
WCarroll,NWBartow,0,0,0,0,0,0,0,0,0,0,0,0
WCarroll,NEBartow,0,0,0,0,0,0,0,0,0,0,0,0
WCarroll,SWBartow,4,0,0,0,1,0,4,1,0,4,1,5
WCarroll,Cartersville,7,1,0,1,0,0,8,1,0,8,1,9
WCarroll,NECarroll,653,124,0,260,636,0,913,760,0,777,896,1673
WCarroll,WCarroll,5746,1210,0,9422,17731,0,15168,18941,0,6956,27153,34109
WCarroll,CentralCarroll,4530,779,13,3204,7832,40,7734,8611,53,5322,11076,16398
WCarroll,SECarroll,262,57,0,253,617,0,515,674,0,319,870,1189
WCarroll,WCoweta,76,21,0,35,26,0,111,47,0,97,61,158
WCarroll,NCoweta,126,19,0,32,148,0,158,167,0,145,180,325
WCarroll,SCoweta,12,1,0,4,1,0,16,2,0,13,5,18
WCarroll,SECoweta,4,0,0,2,4,0,6,4,0,4,6,10
WCarroll,NForsyth,0,0,0,0,0,0,0,0,0,0,0,0
WCarroll,Cumming,0,0,0,0,0,0,0,0,0,0,0,0
WCarroll,SForsyth,0,0,0,0,0,0,0,0,0,0,0,0
WCarroll,NHall,0,0,0,0,0,0,0,0,0,0,0,0
WCarroll,Gainesville,0,0,0,0,0,0,0,0,0,0,0,0
WCarroll,SHall,0,0,0,0,0,0,0,0,0,0,0,0
WCarroll,WNewton,0,0,0,0,0,0,0,0,0,0,0,0
WCarroll,ENewton,0,0,0,0,0,0,0,0,0,0,0,0
WCarroll,NPaulding,19,2,0,7,17,0,26,19,0,21,24,45
WCarroll,WPaulding,114,19,0,17,47,0,131,66,0,133,64,197
WCarroll,EPaulding,174,26,0,34,110,0,208,136,0,200,144,344
WCarroll,NSpalding,0,0,0,0,0,0,0,0,0,0,0,0
WCarroll,SSpalding,1,0,0,0,0,0,1,0,0,1,0,1
WCarroll,WWalton,0,0,0,0,0,0,0,0,0,0,0,0
WCarroll,EWalton,0,0,0,0,0,0,0,0,0,0,0,0
CentralCarroll,NFulton,5,1,0,0,6,0,5,7,0,6,6,12
CentralCarroll,Roswell,6,0,0,4,17,0,10,17,0,6,21,27
CentralCarroll,SandySprings,43,5,0,9,15,0,52,20,0,48,24,72
CentralCarroll,Buckhead,78,11,0,21,51,0,99,62,0,89,72,161
CentralCarroll,NWAtlanta,110,15,0,19,115,0,129,130,0,125,134,259
CentralCarroll,NEAtlanta,68,11,0,36,32,0,104,43,0,79,68,147
CentralCarroll,SWAtlanta,105,14,0,47,80,0,152,94,0,119,127,246
CentralCarroll,CBDAtlanta,64,7,1,36,65,1,100,72,2,72,102,174
CentralCarroll,SEAtlanta,37,9,0,22,39,0,59,48,0,46,61,107
CentralCarroll,SFulton,350,77,0,165,195,0,515,272,0,427,360,787
CentralCarroll,Tri-Cities,100,15,0,19,59,0,119,74,0,115,78,193
CentralCarroll,Shannon,204,30,0,57,83,0,261,113,0,234,140,374
CentralCarroll,WCherokee,0,0,0,1,1,0,1,1,0,0,2,2
CentralCarroll,NCherokee,0,0,0,0,0,0,0,0,0,0,0,0
CentralCarroll,ECentCherokee,3,0,0,0,5,0,3,5,0,3,5,8
CentralCarroll,Woodstock,17,1,0,3,21,0,20,22,0,18,24,42
CentralCarroll,Airport,40,11,0,6,15,0,46,26,0,51,21,72
CentralCarroll,NEClayton,49,12,0,24,11,0,73,23,0,61,35,96
CentralCarroll,Riverdale,30,4,0,8,11,0,38,15,0,34,19,53
CentralCarroll,SClayton,19,7,0,12,17,0,31,24,0,26,29,55
CentralCarroll,NWCobb,135,17,0,35,58,0,170,75,0,152,93,245
CentralCarroll,NECobb,46,5,0,10,46,0,56,51,0,51,56,107
CentralCarroll,SWCobb,153,17,0,43,70,0,196,87,0,170,113,283
CentralCarroll,Marietta,86,8,0,29,55,0,115,63,0,94,84,178
CentralCarroll,Cumberland,216,24,0,37,71,0,253,95,0,240,108,348
CentralCarroll,SCobb,254,37,0,64,125,0,318,162,0,291,189,480
CentralCarroll,Chamblee,29,3,0,14,41,0,43,44,0,32,55,87
CentralCarroll,NWDeKalb,27,4,0,25,18,0,52,22,0,31,43,74
CentralCarroll,NEDeKalb,6,2,0,8,13,0,14,15,0,8,21,29
CentralCarroll,Atlanta-DeKalb,4,0,0,10,8,0,14,8,0,4,18,22
CentralCarroll,Decatur,4,0,0,2,5,1,6,5,1,4,8,12
CentralCarroll,SWDeKalb,12,1,0,7,42,0,19,43,0,13,49,62
CentralCarroll,SEDeKalb,3,1,0,2,2,0,5,3,0,4,4,8
CentralCarroll,SDeKalb,9,3,0,11,24,0,20,27,0,12,35,47
CentralCarroll,WDouglas,2209,380,0,1285,2788,0,3494,3168,0,2589,4073,6662
CentralCarroll,EDouglas,805,143,0,218,402,0,1023,545,0,948,620,1568
CentralCarroll,WFayette,197,31,0,110,123,0,307,154,0,228,233,461
CentralCarroll,EFayette,71,13,0,32,44,0,103,57,0,84,76,160
CentralCarroll,NGwinnett,0,0,0,0,0,0,0,0,0,0,0,0
CentralCarroll,CentGwinnett,2,0,0,0,2,0,2,2,0,2,2,4
CentralCarroll,EGwinnett,0,0,0,0,0,0,0,0,0,0,0,0
CentralCarroll,Norcross,6,2,0,4,7,0,10,9,0,8,11,19
CentralCarroll,Lilburn,1,0,0,3,1,0,4,1,0,1,4,5
CentralCarroll,Snellville,1,0,0,0,0,0,1,0,0,1,0,1
CentralCarroll,NHenry,5,1,0,4,14,0,9,15,0,6,18,24
CentralCarroll,EHenry,1,1,0,0,1,0,1,2,0,2,1,3
CentralCarroll,SHenry,7,2,0,2,2,0,9,4,0,9,4,13
CentralCarroll,SRockdale,0,0,0,1,0,0,1,0,0,0,1,1
CentralCarroll,NRockdale,1,0,0,1,0,0,2,0,0,1,1,2
CentralCarroll,NBarrow,0,0,0,0,0,0,0,0,0,0,0,0
CentralCarroll,SBarrow,0,0,0,0,0,0,0,0,0,0,0,0
CentralCarroll,NWBartow,6,0,0,5,1,0,11,1,0,6,6,12
CentralCarroll,NEBartow,3,2,0,0,16,0,3,18,0,5,16,21
CentralCarroll,SWBartow,17,3,0,5,22,0,22,25,0,20,27,47
CentralCarroll,Cartersville,38,4,0,17,29,0,55,33,0,42,46,88
CentralCarroll,NECarroll,4003,734,3,3076,8160,6,7079,8894,9,4740,11242,15982
CentralCarroll,WCarroll,4424,823,13,3159,7847,40,7583,8670,53,5260,11046,16306
CentralCarroll,CentralCarroll,47368,8831,203,63328,121617,653,110696,130448,856,56402,185598,242000
CentralCarroll,SECarroll,2512,492,2,2383,6034,3,4895,6526,5,3006,8420,11426
CentralCarroll,WCoweta,1058,165,0,535,820,5,1593,985,5,1223,1360,2583
CentralCarroll,NCoweta,1213,210,0,525,598,2,1738,808,2,1423,1125,2548
CentralCarroll,SCoweta,138,35,0,85,138,0,223,173,0,173,223,396
CentralCarroll,SECoweta,76,11,0,54,47,0,130,58,0,87,101,188
CentralCarroll,NForsyth,0,1,0,0,0,0,0,1,0,1,0,1
CentralCarroll,Cumming,0,0,0,0,0,0,0,0,0,0,0,0
CentralCarroll,SForsyth,1,0,0,0,0,0,1,0,0,1,0,1
CentralCarroll,NHall,0,0,0,0,0,0,0,0,0,0,0,0
CentralCarroll,Gainesville,0,0,0,0,0,0,0,0,0,0,0,0
CentralCarroll,SHall,0,0,0,0,0,0,0,0,0,0,0,0
CentralCarroll,WNewton,1,0,0,0,0,0,1,0,0,1,0,1
CentralCarroll,ENewton,0,0,0,0,0,0,0,0,0,0,0,0
CentralCarroll,NPaulding,97,18,0,52,40,0,149,58,0,115,92,207
CentralCarroll,WPaulding,533,78,0,254,448,0,787,526,0,611,702,1313
CentralCarroll,EPaulding,927,165,0,394,557,0,1321,722,0,1092,951,2043
CentralCarroll,NSpalding,6,2,0,3,6,0,9,8,0,8,9,17
CentralCarroll,SSpalding,9,2,0,7,10,0,16,12,0,11,17,28
CentralCarroll,WWalton,0,0,0,0,0,0,0,0,0,0,0,0
CentralCarroll,EWalton,0,0,0,0,0,0,0,0,0,0,0,0
SECarroll,NFulton,1,0,0,0,0,0,1,0,0,1,0,1
SECarroll,Roswell,0,0,0,0,0,0,0,0,0,0,0,0
SECarroll,SandySprings,13,0,0,6,11,0,19,11,0,13,17,30
SECarroll,Buckhead,13,0,0,8,2,0,21,2,0,13,10,23
SECarroll,NWAtlanta,19,3,0,5,21,0,24,24,0,22,26,48
SECarroll,NEAtlanta,9,3,0,12,24,0,21,27,0,12,36,48
SECarroll,SWAtlanta,14,4,0,13,17,0,27,21,0,18,30,48
SECarroll,CBDAtlanta,12,1,0,9,13,0,21,14,0,13,22,35
SECarroll,SEAtlanta,7,2,0,9,11,0,16,13,0,9,20,29
SECarroll,SFulton,93,16,0,15,22,0,108,38,0,109,37,146
SECarroll,Tri-Cities,16,10,0,11,33,0,27,43,0,26,44,70
SECarroll,Shannon,48,9,0,18,37,0,66,46,0,57,55,112
SECarroll,WCherokee,0,0,0,0,0,0,0,0,0,0,0,0
SECarroll,NCherokee,0,0,0,0,0,0,0,0,0,0,0,0
SECarroll,ECentCherokee,0,0,0,0,25,0,0,25,0,0,25,25
SECarroll,Woodstock,2,1,0,1,0,0,3,1,0,3,1,4
SECarroll,Airport,11,2,0,3,11,0,14,13,0,13,14,27
SECarroll,NEClayton,12,3,0,4,1,0,16,4,0,15,5,20
SECarroll,Riverdale,5,1,0,6,1,0,11,2,0,6,7,13
SECarroll,SClayton,12,1,0,6,8,0,18,9,0,13,14,27
SECarroll,NWCobb,20,0,0,4,32,0,24,32,0,20,36,56
SECarroll,NECobb,6,0,0,7,0,0,13,0,0,6,7,13
SECarroll,SWCobb,20,1,0,9,31,0,29,32,0,21,40,61
SECarroll,Marietta,10,1,0,5,9,0,15,10,0,11,14,25
SECarroll,Cumberland,32,6,0,9,4,0,41,10,0,38,13,51
SECarroll,SCobb,47,6,0,16,25,0,63,31,0,53,41,94
SECarroll,Chamblee,3,1,0,2,3,0,5,4,0,4,5,9
SECarroll,NWDeKalb,3,0,0,4,7,0,7,7,0,3,11,14
SECarroll,NEDeKalb,1,1,0,3,5,0,4,6,0,2,8,10
SECarroll,Atlanta-DeKalb,4,0,0,2,2,0,6,2,0,4,4,8
SECarroll,Decatur,0,0,0,1,0,0,1,0,0,0,1,1
SECarroll,SWDeKalb,6,0,0,4,2,0,10,2,0,6,6,12
SECarroll,SEDeKalb,0,0,0,0,1,0,0,1,0,0,1,1
SECarroll,SDeKalb,3,0,0,1,0,0,4,0,0,3,1,4
SECarroll,WDouglas,319,62,0,172,504,0,491,566,0,381,676,1057
SECarroll,EDouglas,131,28,0,48,150,0,179,178,0,159,198,357
SECarroll,WFayette,74,12,0,17,13,0,91,25,0,86,30,116
SECarroll,EFayette,17,4,0,6,51,0,23,55,0,21,57,78
SECarroll,NGwinnett,0,0,0,1,0,0,1,0,0,0,1,1
SECarroll,CentGwinnett,0,0,0,0,0,0,0,0,0,0,0,0
SECarroll,EGwinnett,0,0,0,0,0,0,0,0,0,0,0,0
SECarroll,Norcross,4,0,0,0,0,0,4,0,0,4,0,4
SECarroll,Lilburn,0,0,0,0,1,0,0,1,0,0,1,1
SECarroll,Snellville,0,0,0,0,0,0,0,0,0,0,0,0
SECarroll,NHenry,1,0,0,1,2,0,2,2,0,1,3,4
SECarroll,EHenry,0,0,0,0,0,0,0,0,0,0,0,0
SECarroll,SHenry,3,1,0,2,9,0,5,10,0,4,11,15
SECarroll,SRockdale,0,0,0,0,0,0,0,0,0,0,0,0
SECarroll,NRockdale,0,0,0,0,0,0,0,0,0,0,0,0
SECarroll,NBarrow,0,0,0,0,0,0,0,0,0,0,0,0
SECarroll,SBarrow,0,0,0,0,0,0,0,0,0,0,0,0
SECarroll,NWBartow,0,0,0,0,0,0,0,0,0,0,0,0
SECarroll,NEBartow,0,0,0,0,0,0,0,0,0,0,0,0
SECarroll,SWBartow,0,0,0,0,0,0,0,0,0,0,0,0
SECarroll,Cartersville,1,0,0,0,1,0,1,1,0,1,1,2
SECarroll,NECarroll,181,40,0,108,244,0,289,284,0,221,352,573
SECarroll,WCarroll,282,45,0,257,609,0,539,654,0,327,866,1193
SECarroll,CentralCarroll,2489,484,2,2314,6037,3,4803,6521,5,2975,8354,11329
SECarroll,SECarroll,1580,310,0,3394,7659,0,4974,7969,0,1890,11053,12943
SECarroll,WCoweta,304,55,0,296,1018,0,600,1073,0,359,1314,1673
SECarroll,NCoweta,414,70,0,255,670,0,669,740,0,484,925,1409
SECarroll,SCoweta,42,4,0,15,19,0,57,23,0,46,34,80
SECarroll,SECoweta,14,3,0,3,8,0,17,11,0,17,11,28
SECarroll,NForsyth,0,0,0,0,0,0,0,0,0,0,0,0
SECarroll,Cumming,0,0,0,0,0,0,0,0,0,0,0,0
SECarroll,SForsyth,0,0,0,0,1,0,0,1,0,0,1,1
SECarroll,NHall,0,0,0,0,0,0,0,0,0,0,0,0
SECarroll,Gainesville,0,0,0,0,0,0,0,0,0,0,0,0
SECarroll,SHall,0,0,0,0,0,0,0,0,0,0,0,0
SECarroll,WNewton,0,0,0,0,0,0,0,0,0,0,0,0
SECarroll,ENewton,0,0,0,0,0,0,0,0,0,0,0,0
SECarroll,NPaulding,4,4,0,0,0,0,4,4,0,8,0,8
SECarroll,WPaulding,17,4,0,6,11,0,23,15,0,21,17,38
SECarroll,EPaulding,60,12,0,30,50,0,90,62,0,72,80,152
SECarroll,NSpalding,2,0,0,2,9,0,4,9,0,2,11,13
SECarroll,SSpalding,4,1,0,1,2,0,5,3,0,5,3,8
SECarroll,WWalton,0,0,0,0,0,0,0,0,0,0,0,0
SECarroll,EWalton,0,0,0,0,0,0,0,0,0,0,0,0
WCoweta,NFulton,7,0,0,3,1,0,10,1,0,7,4,11
WCoweta,Roswell,1,1,0,0,0,0,1,1,0,2,0,2
WCoweta,SandySprings,41,3,0,5,10,0,46,13,0,44,15,59
WCoweta,Buckhead,49,7,1,19,60,1,68,67,2,57,80,137
WCoweta,NWAtlanta,83,9,0,8,30,0,91,39,0,92,38,130
WCoweta,NEAtlanta,107,20,2,34,104,5,141,124,7,129,143,272
WCoweta,SWAtlanta,134,17,0,31,76,0,165,93,0,151,107,258
WCoweta,CBDAtlanta,97,21,11,38,128,3,135,149,14,129,169,298
WCoweta,SEAtlanta,94,18,0,26,70,1,120,88,1,112,97,209
WCoweta,SFulton,382,67,0,120,350,0,502,417,0,449,470,919
WCoweta,Tri-Cities,323,54,0,58,135,0,381,189,0,377,193,570
WCoweta,Shannon,504,84,0,99,197,0,603,281,0,588,296,884
WCoweta,WCherokee,0,0,0,0,0,0,0,0,0,0,0,0
WCoweta,NCherokee,0,0,0,0,0,0,0,0,0,0,0,0
WCoweta,ECentCherokee,0,0,0,0,0,0,0,0,0,0,0,0
WCoweta,Woodstock,1,1,0,2,0,0,3,1,0,2,2,4
WCoweta,Airport,183,24,2,9,39,0,192,63,2,209,48,257
WCoweta,NEClayton,171,28,0,16,27,0,187,55,0,199,43,242
WCoweta,Riverdale,71,12,0,18,56,0,89,68,0,83,74,157
WCoweta,SClayton,72,10,0,18,19,0,90,29,0,82,37,119
WCoweta,NWCobb,19,5,0,5,14,0,24,19,0,24,19,43
WCoweta,NECobb,11,3,0,2,1,0,13,4,0,14,3,17
WCoweta,SWCobb,38,7,0,8,62,0,46,69,0,45,70,115
WCoweta,Marietta,28,3,0,4,12,0,32,15,0,31,16,47
WCoweta,Cumberland,144,18,0,15,34,0,159,52,0,162,49,211
WCoweta,SCobb,106,14,0,23,46,0,129,60,0,120,69,189
WCoweta,Chamblee,22,4,0,6,7,0,28,11,0,26,13,39
WCoweta,NWDeKalb,38,8,0,16,65,3,54,73,3,46,84,130
WCoweta,NEDeKalb,20,3,0,10,8,0,30,11,0,23,18,41
WCoweta,Atlanta-DeKalb,12,0,0,4,2,0,16,2,0,12,6,18
WCoweta,Decatur,6,0,0,2,7,0,8,7,0,6,9,15
WCoweta,SWDeKalb,20,5,0,8,6,0,28,11,0,25,14,39
WCoweta,SEDeKalb,11,0,0,2,2,0,13,2,0,11,4,15
WCoweta,SDeKalb,39,4,0,18,19,0,57,23,0,43,37,80
WCoweta,WDouglas,376,60,0,122,392,0,498,452,0,436,514,950
WCoweta,EDouglas,203,22,0,44,134,0,247,156,0,225,178,403
WCoweta,WFayette,839,116,0,213,423,0,1052,539,0,955,636,1591
WCoweta,EFayette,243,44,0,54,94,0,297,138,0,287,148,435
WCoweta,NGwinnett,0,0,0,0,0,0,0,0,0,0,0,0
WCoweta,CentGwinnett,3,0,0,2,3,0,5,3,0,3,5,8
WCoweta,EGwinnett,0,0,0,0,0,0,0,0,0,0,0,0
WCoweta,Norcross,9,3,0,2,9,0,11,12,0,12,11,23
WCoweta,Lilburn,3,0,0,0,0,0,3,0,0,3,0,3
WCoweta,Snellville,0,0,0,0,0,0,0,0,0,0,0,0
WCoweta,NHenry,25,2,0,11,18,0,36,20,0,27,29,56
WCoweta,EHenry,3,1,0,1,1,0,4,2,0,4,2,6
WCoweta,SHenry,41,3,0,11,24,0,52,27,0,44,35,79
WCoweta,SRockdale,3,0,0,2,0,0,5,0,0,3,2,5
WCoweta,NRockdale,4,1,0,2,13,0,6,14,0,5,15,20
WCoweta,NBarrow,0,0,0,0,0,0,0,0,0,0,0,0
WCoweta,SBarrow,0,0,0,0,0,0,0,0,0,0,0,0
WCoweta,NWBartow,0,0,0,0,0,0,0,0,0,0,0,0
WCoweta,NEBartow,0,0,0,0,0,0,0,0,0,0,0,0
WCoweta,SWBartow,0,0,0,0,0,0,0,0,0,0,0,0
WCoweta,Cartersville,2,1,0,1,1,0,3,2,0,3,2,5
WCoweta,NECarroll,135,20,0,41,56,0,176,76,0,155,97,252
WCoweta,WCarroll,90,16,0,31,7,0,121,23,0,106,38,144
WCoweta,CentralCarroll,1065,179,0,517,881,4,1582,1060,4,1244,1402,2646
WCoweta,SECarroll,322,43,0,296,957,0,618,1000,0,365,1253,1618
WCoweta,WCoweta,9011,1623,0,17695,39537,0,26706,41160,0,10634,57232,67866
WCoweta,NCoweta,8303,1494,0,11834,27425,0,20137,28919,0,9797,39259,49056
WCoweta,SCoweta,843,156,0,801,2168,0,1644,2324,0,999,2969,3968
WCoweta,SECoweta,250,41,0,161,295,0,411,336,0,291,456,747
WCoweta,NForsyth,0,0,0,0,0,0,0,0,0,0,0,0
WCoweta,Cumming,0,0,0,0,0,0,0,0,0,0,0,0
WCoweta,SForsyth,0,0,0,0,0,0,0,0,0,0,0,0
WCoweta,NHall,0,0,0,0,0,0,0,0,0,0,0,0
WCoweta,Gainesville,0,0,0,0,0,0,0,0,0,0,0,0
WCoweta,SHall,0,0,0,0,0,0,0,0,0,0,0,0
WCoweta,WNewton,0,0,0,1,0,0,1,0,0,0,1,1
WCoweta,ENewton,0,0,0,1,0,0,1,0,0,0,1,1
WCoweta,NPaulding,2,1,0,2,2,0,4,3,0,3,4,7
WCoweta,WPaulding,21,3,0,6,27,0,27,30,0,24,33,57
WCoweta,EPaulding,80,12,0,28,33,0,108,45,0,92,61,153
WCoweta,NSpalding,40,9,0,17,9,0,57,18,0,49,26,75
WCoweta,SSpalding,61,8,0,10,26,0,71,34,0,69,36,105
WCoweta,WWalton,0,0,0,0,0,0,0,0,0,0,0,0
WCoweta,EWalton,0,0,0,0,4,0,0,4,0,0,4,4
NCoweta,NFulton,15,4,1,12,19,0,27,23,1,20,31,51
NCoweta,Roswell,14,0,0,15,9,0,29,9,0,14,24,38
NCoweta,SandySprings,221,19,11,45,63,4,266,82,15,251,112,363
NCoweta,Buckhead,336,63,21,77,225,3,413,288,24,420,305,725
NCoweta,NWAtlanta,389,70,5,86,179,4,475,249,9,464,269,733
NCoweta,NEAtlanta,519,80,54,165,464,44,684,544,98,653,673,1326
NCoweta,SWAtlanta,535,88,4,153,384,7,688,472,11,627,544,1171
NCoweta,CBDAtlanta,550,108,177,157,336,42,707,444,219,835,535,1370
NCoweta,SEAtlanta,462,64,6,142,257,8,604,321,14,532,407,939
NCoweta,SFulton,2206,417,0,2113,5245,4,4319,5662,4,2623,7362,9985
NCoweta,Tri-Cities,1648,262,10,279,624,1,1927,886,11,1920,904,2824
NCoweta,Shannon,3290,592,4,1576,4035,8,4866,4627,12,3886,5619,9505
NCoweta,WCherokee,0,0,0,0,0,0,0,0,0,0,0,0
NCoweta,NCherokee,0,0,0,0,0,0,0,0,0,0,0,0
NCoweta,ECentCherokee,4,1,0,3,10,0,7,11,0,5,13,18
NCoweta,Woodstock,14,1,0,3,10,0,17,11,0,15,13,28
NCoweta,Airport,912,119,50,85,184,1,997,303,51,1081,270,1351
NCoweta,NEClayton,744,133,2,140,301,3,884,434,5,879,444,1323
NCoweta,Riverdale,524,110,0,165,435,1,689,545,1,634,601,1235
NCoweta,SClayton,555,126,0,145,350,2,700,476,2,681,497,1178
NCoweta,NWCobb,89,14,1,35,61,1,124,75,2,104,97,201
NCoweta,NECobb,86,13,0,31,50,0,117,63,0,99,81,180
NCoweta,SWCobb,153,9,0,41,29,0,194,38,0,162,70,232
NCoweta,Marietta,158,30,1,51,45,3,209,75,4,189,99,288
NCoweta,Cumberland,685,106,2,85,243,2,770,349,4,793,330,1123
NCoweta,SCobb,419,57,0,92,161,0,511,218,0,476,253,729
NCoweta,Chamblee,166,30,11,37,47,12,203,77,23,207,96,303
NCoweta,NWDeKalb,219,37,17,90,266,21,309,303,38,273,377,650
NCoweta,NEDeKalb,120,19,1,42,75,0,162,94,1,140,117,257
NCoweta,Atlanta-DeKalb,56,11,1,20,52,0,76,63,1,68,72,140
NCoweta,Decatur,37,2,5,24,49,6,61,51,11,44,79,123
NCoweta,SWDeKalb,159,25,2,55,118,2,214,143,4,186,175,361
NCoweta,SEDeKalb,56,13,1,24,32,0,80,45,1,70,56,126
NCoweta,SDeKalb,222,33,0,56,173,0,278,206,0,255,229,484
NCoweta,WDouglas,935,151,0,269,730,0,1204,881,0,1086,999,2085
NCoweta,EDouglas,879,117,0,177,367,0,1056,484,0,996,544,1540
NCoweta,WFayette,7100,1276,0,5545,14763,0,12645,16039,0,8376,20308,28684
NCoweta,EFayette,1947,321,0,663,1704,0,2610,2025,0,2268,2367,4635
NCoweta,NGwinnett,4,0,0,4,0,0,8,0,0,4,4,8
NCoweta,CentGwinnett,26,5,0,10,16,0,36,21,0,31,26,57
NCoweta,EGwinnett,2,0,0,0,1,0,2,1,0,2,1,3
NCoweta,Norcross,72,12,0,31,27,0,103,39,0,84,58,142
NCoweta,Lilburn,19,2,0,13,46,0,32,48,0,21,59,80
NCoweta,Snellville,11,3,0,6,16,0,17,19,0,14,22,36
NCoweta,NHenry,172,28,0,45,119,0,217,147,0,200,164,364
NCoweta,EHenry,48,4,0,17,43,0,65,47,0,52,60,112
NCoweta,SHenry,409,60,0,87,130,0,496,190,0,469,217,686
NCoweta,SRockdale,16,1,0,6,4,0,22,5,0,17,10,27
NCoweta,NRockdale,18,2,0,11,35,0,29,37,0,20,46,66
NCoweta,NBarrow,0,0,0,0,0,0,0,0,0,0,0,0
NCoweta,SBarrow,0,0,0,0,0,0,0,0,0,0,0,0
NCoweta,NWBartow,0,0,0,1,1,0,1,1,0,0,2,2
NCoweta,NEBartow,0,0,0,1,0,0,1,0,0,0,1,1
NCoweta,SWBartow,0,0,0,2,2,0,2,2,0,0,4,4
NCoweta,Cartersville,4,1,0,2,0,0,6,1,0,5,2,7
NCoweta,NECarroll,288,39,0,58,130,0,346,169,0,327,188,515
NCoweta,WCarroll,119,28,0,43,109,0,162,137,0,147,152,299
NCoweta,CentralCarroll,1209,184,0,501,590,1,1710,774,1,1393,1092,2485
NCoweta,SECarroll,383,83,0,253,693,0,636,776,0,466,946,1412
NCoweta,WCoweta,8595,1517,0,11854,27459,0,20449,28976,0,10112,39313,49425
NCoweta,NCoweta,51771,9348,0,90682,195308,0,142453,204656,0,61119,285990,347109
NCoweta,SCoweta,2847,508,0,2911,7415,0,5758,7923,0,3355,10326,13681
NCoweta,SECoweta,2606,444,0,3376,8020,0,5982,8464,0,3050,11396,14446
NCoweta,NForsyth,0,0,0,0,0,0,0,0,0,0,0,0
NCoweta,Cumming,2,0,0,4,1,0,6,1,0,2,5,7
NCoweta,SForsyth,3,0,0,2,1,0,5,1,0,3,3,6
NCoweta,NHall,0,0,0,0,0,0,0,0,0,0,0,0
NCoweta,Gainesville,0,0,0,0,0,0,0,0,0,0,0,0
NCoweta,SHall,0,0,0,1,0,0,1,0,0,0,1,1
NCoweta,WNewton,10,0,0,9,30,0,19,30,0,10,39,49
NCoweta,ENewton,0,0,0,0,1,0,0,1,0,0,1,1
NCoweta,NPaulding,15,4,0,11,1,0,26,5,0,19,12,31
NCoweta,WPaulding,39,7,0,13,95,0,52,102,0,46,108,154
NCoweta,EPaulding,197,30,0,64,143,0,261,173,0,227,207,434
NCoweta,NSpalding,305,44,0,77,143,0,382,187,0,349,220,569
NCoweta,SSpalding,369,64,0,71,223,0,440,287,0,433,294,727
NCoweta,WWalton,1,2,0,2,5,0,3,7,0,3,7,10
NCoweta,EWalton,0,1,0,0,0,0,0,1,0,1,0,1
SCoweta,NFulton,2,0,0,2,0,0,4,0,0,2,2,4
SCoweta,Roswell,0,0,0,0,0,0,0,0,0,0,0,0
SCoweta,SandySprings,10,0,0,3,0,0,13,0,0,10,3,13
SCoweta,Buckhead,17,1,0,11,44,0,28,45,0,18,55,73
SCoweta,NWAtlanta,28,4,0,8,26,0,36,30,0,32,34,66
SCoweta,NEAtlanta,36,10,0,20,74,0,56,84,0,46,94,140
SCoweta,SWAtlanta,42,5,0,24,28,0,66,33,0,47,52,99
SCoweta,CBDAtlanta,31,7,3,27,61,0,58,68,3,41,88,129
SCoweta,SEAtlanta,41,6,0,23,42,0,64,48,0,47,65,112
SCoweta,SFulton,97,20,0,29,84,0,126,104,0,117,113,230
SCoweta,Tri-Cities,146,21,0,25,92,0,171,113,0,167,117,284
SCoweta,Shannon,191,56,0,40,93,0,231,149,0,247,133,380
SCoweta,WCherokee,0,0,0,0,0,0,0,0,0,0,0,0
SCoweta,NCherokee,0,0,0,0,0,0,0,0,0,0,0,0
SCoweta,ECentCherokee,0,0,0,0,0,0,0,0,0,0,0,0
SCoweta,Woodstock,1,0,0,0,0,0,1,0,0,1,0,1
SCoweta,Airport,67,4,0,6,15,0,73,19,0,71,21,92
SCoweta,NEClayton,62,14,0,13,49,0,75,63,0,76,62,138
SCoweta,Riverdale,47,9,0,15,48,0,62,57,0,56,63,119
SCoweta,SClayton,44,5,0,14,46,0,58,51,0,49,60,109
SCoweta,NWCobb,3,0,0,2,2,0,5,2,0,3,4,7
SCoweta,NECobb,4,2,0,1,4,1,5,6,1,6,6,12
SCoweta,SWCobb,9,2,0,5,5,0,14,7,0,11,10,21
SCoweta,Marietta,7,3,0,1,3,0,8,6,0,10,4,14
SCoweta,Cumberland,46,7,0,17,36,0,63,43,0,53,53,106
SCoweta,SCobb,29,2,0,9,7,0,38,9,0,31,16,47
SCoweta,Chamblee,10,0,0,2,10,0,12,10,0,10,12,22
SCoweta,NWDeKalb,17,1,0,10,48,0,27,49,0,18,58,76
SCoweta,NEDeKalb,7,1,0,3,18,0,10,19,0,8,21,29
SCoweta,Atlanta-DeKalb,2,0,0,2,2,0,4,2,0,2,4,6
SCoweta,Decatur,5,0,0,1,2,0,6,2,0,5,3,8
SCoweta,SWDeKalb,10,3,0,5,14,0,15,17,0,13,19,32
SCoweta,SEDeKalb,5,2,0,3,2,0,8,4,0,7,5,12
SCoweta,SDeKalb,17,3,0,6,11,0,23,14,0,20,17,37
SCoweta,WDouglas,52,6,0,20,13,0,72,19,0,58,33,91
SCoweta,EDouglas,59,13,0,18,25,0,77,38,0,72,43,115
SCoweta,WFayette,614,95,0,206,566,0,820,661,0,709,772,1481
SCoweta,EFayette,224,31,0,39,117,0,263,148,0,255,156,411
SCoweta,NGwinnett,0,0,0,1,0,0,1,0,0,0,1,1
SCoweta,CentGwinnett,0,0,0,0,0,0,0,0,0,0,0,0
SCoweta,EGwinnett,0,0,0,0,0,0,0,0,0,0,0,0
SCoweta,Norcross,9,0,0,2,6,0,11,6,0,9,8,17
SCoweta,Lilburn,2,0,0,0,4,0,2,4,0,2,4,6
SCoweta,Snellville,0,0,0,0,0,0,0,0,0,0,0,0
SCoweta,NHenry,15,3,0,6,12,0,21,15,0,18,18,36
SCoweta,EHenry,3,0,0,1,2,0,4,2,0,3,3,6
SCoweta,SHenry,41,6,0,13,17,0,54,23,0,47,30,77
SCoweta,SRockdale,1,0,0,1,0,0,2,0,0,1,1,2
SCoweta,NRockdale,0,0,0,2,0,0,2,0,0,0,2,2
SCoweta,NBarrow,0,0,0,0,0,0,0,0,0,0,0,0
SCoweta,SBarrow,0,0,0,0,0,0,0,0,0,0,0,0
SCoweta,NWBartow,0,0,0,0,0,0,0,0,0,0,0,0
SCoweta,NEBartow,0,0,0,0,0,0,0,0,0,0,0,0
SCoweta,SWBartow,0,0,0,0,0,0,0,0,0,0,0,0
SCoweta,Cartersville,0,0,0,0,0,0,0,0,0,0,0,0
SCoweta,NECarroll,21,3,0,8,39,0,29,42,0,24,47,71
SCoweta,WCarroll,11,3,0,3,0,0,14,3,0,14,3,17
SCoweta,CentralCarroll,161,37,0,103,140,0,264,177,0,198,243,441
SCoweta,SECarroll,39,5,0,10,39,0,49,44,0,44,49,93
SCoweta,WCoweta,770,138,0,788,2072,0,1558,2210,0,908,2860,3768
SCoweta,NCoweta,2829,517,0,2889,7332,0,5718,7849,0,3346,10221,13567
SCoweta,SCoweta,3319,670,0,5784,13455,0,9103,14125,0,3989,19239,23228
SCoweta,SECoweta,399,45,0,360,863,0,759,908,0,444,1223,1667
SCoweta,NForsyth,0,0,0,0,0,0,0,0,0,0,0,0
SCoweta,Cumming,0,0,0,0,0,0,0,0,0,0,0,0
SCoweta,SForsyth,0,0,0,0,0,0,0,0,0,0,0,0
SCoweta,NHall,0,0,0,0,0,0,0,0,0,0,0,0
SCoweta,Gainesville,0,0,0,0,0,0,0,0,0,0,0,0
SCoweta,SHall,0,0,0,0,0,0,0,0,0,0,0,0
SCoweta,WNewton,0,0,0,0,4,0,0,4,0,0,4,4
SCoweta,ENewton,0,0,0,0,0,0,0,0,0,0,0,0
SCoweta,NPaulding,1,0,0,0,0,0,1,0,0,1,0,1
SCoweta,WPaulding,0,1,0,0,4,0,0,5,0,1,4,5
SCoweta,EPaulding,7,1,0,2,9,0,9,10,0,8,11,19
SCoweta,NSpalding,50,11,0,29,27,0,79,38,0,61,56,117
SCoweta,SSpalding,72,10,0,17,84,0,89,94,0,82,101,183
SCoweta,WWalton,0,0,0,0,0,0,0,0,0,0,0,0
SCoweta,EWalton,0,0,0,0,0,0,0,0,0,0,0,0
SECoweta,NFulton,4,1,0,1,5,0,5,6,0,5,6,11
SECoweta,Roswell,4,0,0,1,1,0,5,1,0,4,2,6
SECoweta,SandySprings,18,2,1,5,6,2,23,8,3,21,13,34
SECoweta,Buckhead,44,7,0,12,81,0,56,88,0,51,93,144
SECoweta,NWAtlanta,43,7,0,16,24,0,59,31,0,50,40,90
SECoweta,NEAtlanta,63,11,2,41,76,2,104,87,4,76,119,195
SECoweta,SWAtlanta,70,13,0,13,126,1,83,139,1,83,140,223
SECoweta,CBDAtlanta,62,15,6,30,87,2,92,102,8,83,119,202
SECoweta,SEAtlanta,75,11,1,22,38,0,97,49,1,87,60,147
SECoweta,SFulton,145,34,0,45,70,0,190,104,0,179,115,294
SECoweta,Tri-Cities,243,26,0,41,92,0,284,118,0,269,133,402
SECoweta,Shannon,342,70,0,100,269,0,442,339,0,412,369,781
SECoweta,WCherokee,0,0,0,0,0,0,0,0,0,0,0,0
SECoweta,NCherokee,0,0,0,0,0,0,0,0,0,0,0,0
SECoweta,ECentCherokee,0,0,0,0,0,0,0,0,0,0,0,0
SECoweta,Woodstock,0,0,0,2,0,0,2,0,0,0,2,2
SECoweta,Airport,134,19,0,13,47,0,147,66,0,153,60,213
SECoweta,NEClayton,216,31,0,56,55,0,272,86,0,247,111,358
SECoweta,Riverdale,149,30,0,52,196,0,201,226,0,179,248,427
SECoweta,SClayton,240,39,0,92,225,1,332,264,1,279,318,597
SECoweta,NWCobb,4,1,0,6,7,0,10,8,0,5,13,18
SECoweta,NECobb,13,0,0,2,0,0,15,0,0,13,2,15
SECoweta,SWCobb,10,0,0,4,7,0,14,7,0,10,11,21
SECoweta,Marietta,24,5,0,6,4,0,30,9,0,29,10,39
SECoweta,Cumberland,74,6,0,26,25,0,100,31,0,80,51,131
SECoweta,SCobb,38,10,0,5,14,0,43,24,0,48,19,67
SECoweta,Chamblee,16,5,0,5,26,0,21,31,0,21,31,52
SECoweta,NWDeKalb,17,4,0,17,37,2,34,41,2,21,56,77
SECoweta,NEDeKalb,22,1,0,9,14,0,31,15,0,23,23,46
SECoweta,Atlanta-DeKalb,2,3,0,9,19,0,11,22,0,5,28,33
SECoweta,Decatur,5,2,0,3,6,0,8,8,0,7,9,16
SECoweta,SWDeKalb,21,3,0,11,12,0,32,15,0,24,23,47
SECoweta,SEDeKalb,7,1,0,8,3,0,15,4,0,8,11,19
SECoweta,SDeKalb,37,6,0,14,33,1,51,39,1,43,48,91
SECoweta,WDouglas,52,5,0,15,23,0,67,28,0,57,38,95
SECoweta,EDouglas,99,10,0,18,47,0,117,57,0,109,65,174
SECoweta,WFayette,3082,497,0,3222,8431,0,6304,8928,0,3579,11653,15232
SECoweta,EFayette,1067,181,0,715,2020,0,1782,2201,0,1248,2735,3983
SECoweta,NGwinnett,0,0,0,1,0,0,1,0,0,0,1,1
SECoweta,CentGwinnett,4,0,0,1,6,0,5,6,0,4,7,11
SECoweta,EGwinnett,0,0,0,1,9,0,1,9,0,0,10,10
SECoweta,Norcross,10,1,0,2,5,0,12,6,0,11,7,18
SECoweta,Lilburn,3,0,0,0,5,0,3,5,0,3,5,8
SECoweta,Snellville,0,0,0,1,0,0,1,0,0,0,1,1
SECoweta,NHenry,75,16,0,17,33,0,92,49,0,91,50,141
SECoweta,EHenry,26,6,0,8,38,0,34,44,0,32,46,78
SECoweta,SHenry,226,41,0,84,149,0,310,190,0,267,233,500
SECoweta,SRockdale,3,1,0,3,1,0,6,2,0,4,4,8
SECoweta,NRockdale,3,1,0,1,8,0,4,9,0,4,9,13
SECoweta,NBarrow,0,0,0,0,0,0,0,0,0,0,0,0
SECoweta,SBarrow,0,0,0,0,0,0,0,0,0,0,0,0
SECoweta,NWBartow,0,0,0,0,0,0,0,0,0,0,0,0
SECoweta,NEBartow,0,0,0,0,0,0,0,0,0,0,0,0
SECoweta,SWBartow,0,0,0,0,0,0,0,0,0,0,0,0
SECoweta,Cartersville,0,0,0,0,0,0,0,0,0,0,0,0
SECoweta,NECarroll,7,1,0,8,2,0,15,3,0,8,10,18
SECoweta,WCarroll,4,0,0,1,5,0,5,5,0,4,6,10
SECoweta,CentralCarroll,78,7,0,64,56,0,142,63,0,85,120,205
SECoweta,SECarroll,21,1,0,6,5,0,27,6,0,22,11,33
SECoweta,WCoweta,266,40,0,169,235,0,435,275,0,306,404,710
SECoweta,NCoweta,2571,443,0,3371,7880,0,5942,8323,0,3014,11251,14265
SECoweta,SCoweta,396,63,0,358,890,0,754,953,0,459,1248,1707
SECoweta,SECoweta,2874,522,0,6856,15719,0,9730,16241,0,3396,22575,25971
SECoweta,NForsyth,0,0,0,0,0,0,0,0,0,0,0,0
SECoweta,Cumming,0,0,0,0,0,0,0,0,0,0,0,0
SECoweta,SForsyth,0,0,0,0,0,0,0,0,0,0,0,0
SECoweta,NHall,0,0,0,0,0,0,0,0,0,0,0,0
SECoweta,Gainesville,0,0,0,0,0,0,0,0,0,0,0,0
SECoweta,SHall,0,0,0,0,0,0,0,0,0,0,0,0
SECoweta,WNewton,10,2,0,4,6,0,14,8,0,12,10,22
SECoweta,ENewton,2,0,0,0,1,0,2,1,0,2,1,3
SECoweta,NPaulding,0,0,0,1,0,0,1,0,0,0,1,1
SECoweta,WPaulding,0,0,0,2,10,0,2,10,0,0,12,12
SECoweta,EPaulding,12,0,0,7,20,0,19,20,0,12,27,39
SECoweta,NSpalding,394,77,0,238,293,0,632,370,0,471,531,1002
SECoweta,SSpalding,457,75,0,256,475,0,713,550,0,532,731,1263
SECoweta,WWalton,0,0,0,0,0,0,0,0,0,0,0,0
SECoweta,EWalton,2,0,0,0,0,0,2,0,0,2,0,2
NForsyth,NFulton,4213,717,0,809,2075,3,5022,2792,3,4930,2887,7817
NForsyth,Roswell,1285,199,2,199,580,0,1484,779,2,1486,779,2265
NForsyth,SandySprings,1285,191,4,194,432,3,1479,623,7,1480,629,2109
NForsyth,Buckhead,456,64,3,100,320,0,556,384,3,523,420,943
NForsyth,NWAtlanta,99,13,0,9,90,0,108,103,0,112,99,211
NForsyth,NEAtlanta,208,35,5,68,366,3,276,401,8,248,437,685
NForsyth,SWAtlanta,32,8,0,9,92,0,41,100,0,40,101,141
NForsyth,CBDAtlanta,103,25,16,40,318,2,143,343,18,144,360,504
NForsyth,SEAtlanta,23,8,1,11,62,0,34,70,1,32,73,105
NForsyth,SFulton,14,1,0,1,3,0,15,4,0,15,4,19
NForsyth,Tri-Cities,27,12,0,5,9,1,32,21,1,39,15,54
NForsyth,Shannon,3,0,0,2,1,0,5,1,0,3,3,6
NForsyth,WCherokee,66,9,0,49,82,0,115,91,0,75,131,206
NForsyth,NCherokee,167,35,0,109,339,0,276,374,0,202,448,650
NForsyth,ECentCherokee,1768,303,0,1020,2733,0,2788,3036,0,2071,3753,5824
NForsyth,Woodstock,408,65,0,96,212,0,504,277,0,473,308,781
NForsyth,Airport,9,2,0,3,2,0,12,4,0,11,5,16
NForsyth,NEClayton,17,2,0,4,9,1,21,11,1,19,14,33
NForsyth,Riverdale,6,0,0,3,1,0,9,1,0,6,4,10
NForsyth,SClayton,2,0,0,0,0,0,2,0,0,2,0,2
NForsyth,NWCobb,302,52,0,92,154,0,394,206,0,354,246,600
NForsyth,NECobb,623,95,0,122,311,0,745,406,0,718,433,1151
NForsyth,SWCobb,26,3,0,6,19,0,32,22,0,29,25,54
NForsyth,Marietta,223,25,0,55,158,0,278,183,0,248,213,461
NForsyth,Cumberland,565,91,0,63,292,0,628,383,0,656,355,1011
NForsyth,SCobb,77,17,0,14,59,0,91,76,0,94,73,167
NForsyth,Chamblee,831,134,3,154,323,2,985,457,5,968,479,1447
NForsyth,NWDeKalb,137,26,0,56,435,3,193,461,3,163,494,657
NForsyth,NEDeKalb,236,30,0,50,236,0,286,266,0,266,286,552
NForsyth,Atlanta-DeKalb,11,1,0,4,12,0,15,13,0,12,16,28
NForsyth,Decatur,10,0,0,8,23,0,18,23,0,10,31,41
NForsyth,SWDeKalb,17,5,0,11,54,0,28,59,0,22,65,87
NForsyth,SEDeKalb,9,4,0,6,7,0,15,11,0,13,13,26
NForsyth,SDeKalb,10,2,0,4,21,0,14,23,0,12,25,37
NForsyth,WDouglas,1,0,0,0,0,0,1,0,0,1,0,1
NForsyth,EDouglas,16,2,0,4,7,0,20,9,0,18,11,29
NForsyth,WFayette,0,0,0,0,1,0,0,1,0,0,1,1
NForsyth,EFayette,1,0,0,3,1,0,4,1,0,1,4,5
NForsyth,NGwinnett,1196,187,0,416,1144,0,1612,1331,0,1383,1560,2943
NForsyth,CentGwinnett,977,159,0,284,598,0,1261,757,0,1136,882,2018
NForsyth,EGwinnett,79,16,0,21,64,0,100,80,0,95,85,180
NForsyth,Norcross,856,140,0,119,365,0,975,505,0,996,484,1480
NForsyth,Lilburn,50,11,0,25,70,0,75,81,0,61,95,156
NForsyth,Snellville,49,9,0,19,63,0,68,72,0,58,82,140
NForsyth,NHenry,2,2,0,0,1,0,2,3,0,4,1,5
NForsyth,EHenry,0,0,0,1,0,0,1,0,0,0,1,1
NForsyth,SHenry,1,0,0,1,4,0,2,4,0,1,5,6
NForsyth,SRockdale,1,1,0,0,0,0,1,1,0,2,0,2
NForsyth,NRockdale,4,1,0,2,5,0,6,6,0,5,7,12
NForsyth,NBarrow,56,10,0,27,63,0,83,73,0,66,90,156
NForsyth,SBarrow,31,5,0,12,33,0,43,38,0,36,45,81
NForsyth,NWBartow,2,1,0,1,1,0,3,2,0,3,2,5
NForsyth,NEBartow,21,3,0,5,8,0,26,11,0,24,13,37
NForsyth,SWBartow,6,0,0,1,16,0,7,16,0,6,17,23
NForsyth,Cartersville,78,7,0,28,43,0,106,50,0,85,71,156
NForsyth,NECarroll,1,0,0,0,0,0,1,0,0,1,0,1
NForsyth,WCarroll,0,0,0,0,0,0,0,0,0,0,0,0
NForsyth,CentralCarroll,0,0,0,0,0,0,0,0,0,0,0,0
NForsyth,SECarroll,0,0,0,0,0,0,0,0,0,0,0,0
NForsyth,WCoweta,0,0,0,0,0,0,0,0,0,0,0,0
NForsyth,NCoweta,0,0,0,0,0,0,0,0,0,0,0,0
NForsyth,SCoweta,0,0,0,0,0,0,0,0,0,0,0,0
NForsyth,SECoweta,0,0,0,0,0,0,0,0,0,0,0,0
NForsyth,NForsyth,21368,3771,0,53868,132192,0,75236,135963,0,25139,186060,211199
NForsyth,Cumming,11836,2056,0,16188,46194,0,28024,48250,0,13892,62382,76274
NForsyth,SForsyth,2815,474,0,838,2597,0,3653,3071,0,3289,3435,6724
NForsyth,NHall,565,99,0,277,850,0,842,949,0,664,1127,1791
NForsyth,Gainesville,3727,686,4,2764,7054,7,6491,7740,11,4417,9825,14242
NForsyth,SHall,1005,157,0,809,1277,0,1814,1434,0,1162,2086,3248
NForsyth,WNewton,0,0,0,1,0,0,1,0,0,0,1,1
NForsyth,ENewton,0,0,0,0,9,0,0,9,0,0,9,9
NForsyth,NPaulding,4,0,0,2,2,0,6,2,0,4,4,8
NForsyth,WPaulding,0,0,0,1,0,0,1,0,0,0,1,1
NForsyth,EPaulding,10,1,0,5,9,0,15,10,0,11,14,25
NForsyth,NSpalding,0,0,0,0,0,0,0,0,0,0,0,0
NForsyth,SSpalding,0,0,0,0,0,0,0,0,0,0,0,0
NForsyth,WWalton,6,1,0,8,2,0,14,3,0,7,10,17
NForsyth,EWalton,9,2,0,4,15,0,13,17,0,11,19,30
Cumming,NFulton,12623,2099,39,5294,14744,37,17917,16843,76,14761,20075,34836
Cumming,Roswell,3151,511,9,849,2344,6,4000,2855,15,3671,3199,6870
Cumming,SandySprings,2942,473,26,473,1026,37,3415,1499,63,3441,1536,4977
Cumming,Buckhead,1092,177,31,200,647,8,1292,824,39,1300,855,2155
Cumming,NWAtlanta,238,37,1,34,195,3,272,232,4,276,232,508
Cumming,NEAtlanta,530,86,24,152,815,46,682,901,70,640,1013,1653
Cumming,SWAtlanta,102,18,1,38,156,6,140,174,7,121,200,321
Cumming,CBDAtlanta,307,59,60,77,626,48,384,685,108,426,751,1177
Cumming,SEAtlanta,67,19,3,21,131,3,88,150,6,89,155,244
Cumming,SFulton,24,5,0,8,25,0,32,30,0,29,33,62
Cumming,Tri-Cities,102,24,2,15,92,0,117,116,2,128,107,235
Cumming,Shannon,9,3,0,6,8,0,15,11,0,12,14,26
Cumming,WCherokee,213,40,0,111,285,0,324,325,0,253,396,649
Cumming,NCherokee,475,96,0,333,875,0,808,971,0,571,1208,1779
Cumming,ECentCherokee,4716,787,0,4268,11456,0,8984,12243,0,5503,15724,21227
Cumming,Woodstock,875,133,0,207,442,0,1082,575,0,1008,649,1657
Cumming,Airport,36,12,6,5,10,0,41,22,6,54,15,69
Cumming,NEClayton,38,18,0,9,20,0,47,38,0,56,29,85
Cumming,Riverdale,7,2,0,5,11,0,12,13,0,9,16,25
Cumming,SClayton,9,2,0,2,30,0,11,32,0,11,32,43
Cumming,NWCobb,511,67,0,190,262,9,701,329,9,578,461,1039
Cumming,NECobb,1337,215,0,331,742,0,1668,957,0,1552,1073,2625
Cumming,SWCobb,52,11,0,20,28,0,72,39,0,63,48,111
Cumming,Marietta,396,78,0,132,151,9,528,229,9,474,292,766
Cumming,Cumberland,1201,182,3,166,400,2,1367,582,5,1386,568,1954
Cumming,SCobb,169,27,0,39,132,0,208,159,0,196,171,367
Cumming,Chamblee,1887,299,28,296,706,4,2183,1005,32,2214,1006,3220
Cumming,NWDeKalb,385,58,6,158,830,65,543,888,71,449,1053,1502
Cumming,NEDeKalb,550,69,1,118,263,5,668,332,6,620,386,1006
Cumming,Atlanta-DeKalb,27,6,1,9,30,2,36,36,3,34,41,75
Cumming,Decatur,44,4,1,13,41,1,57,45,2,49,55,104
Cumming,SWDeKalb,66,13,1,22,107,2,88,120,3,80,131,211
Cumming,SEDeKalb,56,8,1,18,74,0,74,82,1,65,92,157
Cumming,SDeKalb,42,5,0,24,103,0,66,108,0,47,127,174
Cumming,WDouglas,3,0,0,2,16,0,5,16,0,3,18,21
Cumming,EDouglas,41,8,0,9,19,0,50,27,0,49,28,77
Cumming,WFayette,0,0,0,3,0,0,3,0,0,0,3,3
Cumming,EFayette,4,2,0,2,5,0,6,7,0,6,7,13
Cumming,NGwinnett,4958,887,0,3788,10745,0,8746,11632,0,5845,14533,20378
Cumming,CentGwinnett,2681,498,0,1041,2669,1,3722,3167,1,3179,3711,6890
Cumming,EGwinnett,322,64,0,103,216,0,425,280,0,386,319,705
Cumming,Norcross,2075,315,2,386,940,0,2461,1255,2,2392,1326,3718
Cumming,Lilburn,184,26,0,62,177,0,246,203,0,210,239,449
Cumming,Snellville,178,30,0,43,129,0,221,159,0,208,172,380
Cumming,NHenry,10,0,0,1,13,0,11,13,0,10,14,24
Cumming,EHenry,4,0,0,1,3,0,5,3,0,4,4,8
Cumming,SHenry,1,1,0,2,18,0,3,19,0,2,20,22
Cumming,SRockdale,6,1,0,1,5,0,7,6,0,7,6,13
Cumming,NRockdale,12,1,0,3,32,0,15,33,0,13,35,48
Cumming,NBarrow,179,35,0,51,173,0,230,208,0,214,224,438
Cumming,SBarrow,104,13,0,33,82,0,137,95,0,117,115,232
Cumming,NWBartow,22,3,0,9,24,0,31,27,0,25,33,58
Cumming,NEBartow,38,4,0,28,17,0,66,21,0,42,45,87
Cumming,SWBartow,13,1,0,8,7,0,21,8,0,14,15,29
Cumming,Cartersville,148,27,0,54,70,0,202,97,0,175,124,299
Cumming,NECarroll,1,1,0,1,0,0,2,1,0,2,1,3
Cumming,WCarroll,0,0,0,0,0,0,0,0,0,0,0,0
Cumming,CentralCarroll,0,0,0,0,0,0,0,0,0,0,0,0
Cumming,SECarroll,0,0,0,0,1,0,0,1,0,0,1,1
Cumming,WCoweta,0,0,0,0,0,0,0,0,0,0,0,0
Cumming,NCoweta,2,1,0,1,4,0,3,5,0,3,5,8
Cumming,SCoweta,0,0,0,0,0,0,0,0,0,0,0,0
Cumming,SECoweta,0,0,0,0,0,0,0,0,0,0,0,0
Cumming,NForsyth,12682,2218,0,16340,46454,0,29022,48672,0,14900,62794,77694
Cumming,Cumming,63192,11125,0,124943,291338,0,188135,302463,0,74317,416281,490598
Cumming,SForsyth,11506,2049,3,11744,30800,1,23250,32849,4,13558,42545,56103
Cumming,NHall,541,78,0,139,316,0,680,394,0,619,455,1074
Cumming,Gainesville,2382,397,0,1133,2627,0,3515,3024,0,2779,3760,6539
Cumming,SHall,1417,217,0,832,1177,0,2249,1394,0,1634,2009,3643
Cumming,WNewton,16,1,0,6,4,0,22,5,0,17,10,27
Cumming,ENewton,2,0,0,0,0,0,2,0,0,2,0,2
Cumming,NPaulding,18,4,0,4,8,0,22,12,0,22,12,34
Cumming,WPaulding,5,0,0,1,1,0,6,1,0,5,2,7
Cumming,EPaulding,38,1,0,19,45,0,57,46,0,39,64,103
Cumming,NSpalding,0,0,0,0,0,0,0,0,0,0,0,0
Cumming,SSpalding,0,0,0,0,0,0,0,0,0,0,0,0
Cumming,WWalton,31,10,0,14,44,0,45,54,0,41,58,99
Cumming,EWalton,40,11,0,16,72,0,56,83,0,51,88,139
SForsyth,NFulton,16032,2921,102,18506,41324,105,34538,44245,207,19055,59935,78990
SForsyth,Roswell,2340,436,12,1484,4007,23,3824,4443,35,2788,5514,8302
SForsyth,SandySprings,1946,312,44,485,1114,37,2431,1426,81,2302,1636,3938
SForsyth,Buckhead,725,100,35,104,372,11,829,472,46,860,487,1347
SForsyth,NWAtlanta,121,25,5,25,62,3,146,87,8,151,90,241
SForsyth,NEAtlanta,402,53,46,100,327,42,502,380,88,501,469,970
SForsyth,SWAtlanta,60,12,3,24,54,3,84,66,6,75,81,156
SForsyth,CBDAtlanta,207,57,111,63,219,34,270,276,145,375,316,691
SForsyth,SEAtlanta,57,13,3,28,84,6,85,97,9,73,118,191
SForsyth,SFulton,17,3,0,10,9,0,27,12,0,20,19,39
SForsyth,Tri-Cities,71,14,3,17,28,1,88,42,4,88,46,134
SForsyth,Shannon,20,0,0,4,21,0,24,21,0,20,25,45
SForsyth,WCherokee,135,26,0,24,86,0,159,112,0,161,110,271
SForsyth,NCherokee,204,33,0,57,141,0,261,174,0,237,198,435
SForsyth,ECentCherokee,2318,358,1,1005,2350,9,3323,2708,10,2677,3364,6041
SForsyth,Woodstock,502,94,0,119,236,0,621,330,0,596,355,951
SForsyth,Airport,27,5,4,3,7,1,30,12,5,36,11,47
SForsyth,NEClayton,43,11,0,16,26,0,59,37,0,54,42,96
SForsyth,Riverdale,15,3,0,6,9,0,21,12,0,18,15,33
SForsyth,SClayton,6,5,0,3,17,0,9,22,0,11,20,31
SForsyth,NWCobb,291,41,0,87,125,2,378,166,2,332,214,546
SForsyth,NECobb,850,118,1,222,508,0,1072,626,1,969,730,1699
SForsyth,SWCobb,51,9,0,16,17,0,67,26,0,60,33,93
SForsyth,Marietta,214,43,0,62,103,7,276,146,7,257,172,429
SForsyth,Cumberland,621,117,1,107,243,2,728,360,3,739,352,1091
SForsyth,SCobb,103,32,0,33,55,0,136,87,0,135,88,223
SForsyth,Chamblee,1279,222,25,350,866,16,1629,1088,41,1526,1232,2758
SForsyth,NWDeKalb,270,42,15,136,381,80,406,423,95,327,597,924
SForsyth,NEDeKalb,447,76,0,113,406,2,560,482,2,523,521,1044
SForsyth,Atlanta-DeKalb,25,5,1,12,31,1,37,36,2,31,44,75
SForsyth,Decatur,28,13,2,15,14,1,43,27,3,43,30,73
SForsyth,SWDeKalb,66,14,2,30,52,2,96,66,4,82,84,166
SForsyth,SEDeKalb,75,14,0,33,26,0,108,40,0,89,59,148
SForsyth,SDeKalb,64,12,0,24,34,1,88,46,1,76,59,135
SForsyth,WDouglas,7,2,0,6,0,0,13,2,0,9,6,15
SForsyth,EDouglas,34,2,0,9,35,0,43,37,0,36,44,80
SForsyth,WFayette,4,1,0,0,1,0,4,2,0,5,1,6
SForsyth,EFayette,9,2,0,6,3,0,15,5,0,11,9,20
SForsyth,NGwinnett,4728,879,0,3527,10194,0,8255,11073,0,5607,13721,19328
SForsyth,CentGwinnett,4120,793,1,3100,8812,2,7220,9605,3,4914,11914,16828
SForsyth,EGwinnett,426,60,0,108,300,0,534,360,0,486,408,894
SForsyth,Norcross,2294,462,4,959,2912,0,3253,3374,4,2760,3871,6631
SForsyth,Lilburn,293,35,0,137,244,0,430,279,0,328,381,709
SForsyth,Snellville,300,64,0,87,253,0,387,317,0,364,340,704
SForsyth,NHenry,18,3,0,9,10,0,27,13,0,21,19,40
SForsyth,EHenry,11,0,0,3,3,0,14,3,0,11,6,17
SForsyth,SHenry,4,0,0,2,22,0,6,22,0,4,24,28
SForsyth,SRockdale,13,4,0,8,3,0,21,7,0,17,11,28
SForsyth,NRockdale,35,6,0,17,24,0,52,30,0,41,41,82
SForsyth,NBarrow,244,31,0,36,57,0,280,88,0,275,93,368
SForsyth,SBarrow,107,18,0,23,42,0,130,60,0,125,65,190
SForsyth,NWBartow,18,3,0,3,9,0,21,12,0,21,12,33
SForsyth,NEBartow,21,2,0,9,25,0,30,27,0,23,34,57
SForsyth,SWBartow,8,4,0,1,6,0,9,10,0,12,7,19
SForsyth,Cartersville,58,11,0,14,20,0,72,31,0,69,34,103
SForsyth,NECarroll,3,0,0,0,1,0,3,1,0,3,1,4
SForsyth,WCarroll,0,0,0,0,0,0,0,0,0,0,0,0
SForsyth,CentralCarroll,0,0,0,0,0,0,0,0,0,0,0,0
SForsyth,SECarroll,0,0,0,0,0,0,0,0,0,0,0,0
SForsyth,WCoweta,0,0,0,0,0,0,0,0,0,0,0,0
SForsyth,NCoweta,4,0,0,2,0,0,6,0,0,4,2,6
SForsyth,SCoweta,0,0,0,0,0,0,0,0,0,0,0,0
SForsyth,SECoweta,1,0,0,0,0,0,1,0,0,1,0,1
SForsyth,NForsyth,2784,464,0,877,2493,0,3661,2957,0,3248,3370,6618
SForsyth,Cumming,12242,2185,3,11744,31102,1,23986,33287,4,14430,42847,57277
SForsyth,SForsyth,25832,4803,6,46674,99886,13,72506,104689,19,30641,146573,177214
SForsyth,NHall,235,44,0,32,82,0,267,126,0,279,114,393
SForsyth,Gainesville,593,94,0,90,160,0,683,254,0,687,250,937
SForsyth,SHall,748,128,0,209,458,0,957,586,0,876,667,1543
SForsyth,WNewton,24,4,0,10,13,0,34,17,0,28,23,51
SForsyth,ENewton,2,2,0,3,4,0,5,6,0,4,7,11
SForsyth,NPaulding,24,3,0,15,6,0,39,9,0,27,21,48
SForsyth,WPaulding,2,0,0,2,0,0,4,0,0,2,2,4
SForsyth,EPaulding,46,6,0,15,34,0,61,40,0,52,49,101
SForsyth,NSpalding,1,0,0,3,1,0,4,1,0,1,4,5
SForsyth,SSpalding,0,0,0,0,0,0,0,0,0,0,0,0
SForsyth,WWalton,94,18,0,12,35,0,106,53,0,112,47,159
SForsyth,EWalton,70,10,0,16,22,0,86,32,0,80,38,118
NHall,NFulton,346,56,0,57,120,0,403,176,0,402,177,579
NHall,Roswell,97,11,0,13,62,0,110,73,0,108,75,183
NHall,SandySprings,81,8,0,16,18,0,97,26,0,89,34,123
NHall,Buckhead,24,4,0,8,22,0,32,26,0,28,30,58
NHall,NWAtlanta,7,4,0,2,12,0,9,16,0,11,14,25
NHall,NEAtlanta,19,2,0,11,29,0,30,31,0,21,40,61
NHall,SWAtlanta,5,0,0,1,4,0,6,4,0,5,5,10
NHall,CBDAtlanta,8,0,0,6,63,0,14,63,0,8,69,77
NHall,SEAtlanta,4,0,0,0,8,0,4,8,0,4,8,12
NHall,SFulton,1,0,0,0,0,0,1,0,0,1,0,1
NHall,Tri-Cities,2,0,0,2,4,0,4,4,0,2,6,8
NHall,Shannon,0,0,0,0,0,0,0,0,0,0,0,0
NHall,WCherokee,2,0,0,2,1,0,4,1,0,2,3,5
NHall,NCherokee,4,1,0,2,1,0,6,2,0,5,3,8
NHall,ECentCherokee,60,9,0,19,54,0,79,63,0,69,73,142
NHall,Woodstock,20,1,0,3,14,0,23,15,0,21,17,38
NHall,Airport,1,0,0,0,0,0,1,0,0,1,0,1
NHall,NEClayton,1,1,0,0,0,0,1,1,0,2,0,2
NHall,Riverdale,0,0,0,0,0,0,0,0,0,0,0,0
NHall,SClayton,0,0,0,0,0,0,0,0,0,0,0,0
NHall,NWCobb,11,0,0,8,2,0,19,2,0,11,10,21
NHall,NECobb,48,3,0,9,38,0,57,41,0,51,47,98
NHall,SWCobb,1,0,0,1,0,0,2,0,0,1,1,2
NHall,Marietta,17,1,0,3,0,0,20,1,0,18,3,21
NHall,Cumberland,35,7,0,3,9,0,38,16,0,42,12,54
NHall,SCobb,3,1,0,0,3,0,3,4,0,4,3,7
NHall,Chamblee,120,19,0,18,47,0,138,66,0,139,65,204
NHall,NWDeKalb,18,3,0,8,34,0,26,37,0,21,42,63
NHall,NEDeKalb,83,13,0,20,50,0,103,63,0,96,70,166
NHall,Atlanta-DeKalb,0,1,0,2,15,0,2,16,0,1,17,18
NHall,Decatur,2,1,0,1,3,0,3,4,0,3,4,7
NHall,SWDeKalb,4,0,0,3,15,0,7,15,0,4,18,22
NHall,SEDeKalb,5,1,0,3,5,0,8,6,0,6,8,14
NHall,SDeKalb,4,0,0,1,2,0,5,2,0,4,3,7
NHall,WDouglas,0,0,0,0,0,0,0,0,0,0,0,0
NHall,EDouglas,0,0,0,0,0,0,0,0,0,0,0,0
NHall,WFayette,0,0,0,0,0,0,0,0,0,0,0,0
NHall,EFayette,0,0,0,0,0,0,0,0,0,0,0,0
NHall,NGwinnett,789,135,0,196,430,0,985,565,0,924,626,1550
NHall,CentGwinnett,504,69,0,104,368,0,608,437,0,573,472,1045
NHall,EGwinnett,72,8,0,19,25,0,91,33,0,80,44,124
NHall,Norcross,292,40,0,34,83,0,326,123,0,332,117,449
NHall,Lilburn,44,4,0,11,34,0,55,38,0,48,45,93
NHall,Snellville,19,4,0,14,29,0,33,33,0,23,43,66
NHall,NHenry,0,0,0,0,0,0,0,0,0,0,0,0
NHall,EHenry,1,0,0,0,0,0,1,0,0,1,0,1
NHall,SHenry,0,0,0,0,0,0,0,0,0,0,0,0
NHall,SRockdale,1,1,0,4,0,0,5,1,0,2,4,6
NHall,NRockdale,6,0,0,2,9,0,8,9,0,6,11,17
NHall,NBarrow,98,20,0,27,75,0,125,95,0,118,102,220
NHall,SBarrow,22,5,0,8,4,0,30,9,0,27,12,39
NHall,NWBartow,0,0,0,0,0,0,0,0,0,0,0,0
NHall,NEBartow,1,0,0,0,0,0,1,0,0,1,0,1
NHall,SWBartow,0,0,0,0,0,0,0,0,0,0,0,0
NHall,Cartersville,2,0,0,0,0,0,2,0,0,2,0,2
NHall,NECarroll,0,0,0,0,0,0,0,0,0,0,0,0
NHall,WCarroll,0,0,0,0,0,0,0,0,0,0,0,0
NHall,CentralCarroll,0,0,0,0,0,0,0,0,0,0,0,0
NHall,SECarroll,0,0,0,0,0,0,0,0,0,0,0,0
NHall,WCoweta,0,0,0,0,0,0,0,0,0,0,0,0
NHall,NCoweta,0,0,0,0,0,0,0,0,0,0,0,0
NHall,SCoweta,0,0,0,0,0,0,0,0,0,0,0,0
NHall,SECoweta,0,0,0,0,0,0,0,0,0,0,0,0
NHall,NForsyth,553,94,0,308,868,0,861,962,0,647,1176,1823
NHall,Cumming,519,84,0,122,316,0,641,400,0,603,438,1041
NHall,SForsyth,284,47,0,41,90,0,325,137,0,331,131,462
NHall,NHall,10081,1836,0,19074,49627,0,29155,51463,0,11917,68701,80618
NHall,Gainesville,10914,1966,16,10392,27980,24,21306,29946,40,12896,38396,51292
NHall,SHall,1607,296,0,720,1317,0,2327,1613,0,1903,2037,3940
NHall,WNewton,1,0,0,3,0,0,4,0,0,1,3,4
NHall,ENewton,0,0,0,0,0,0,0,0,0,0,0,0
NHall,NPaulding,0,0,0,0,0,0,0,0,0,0,0,0
NHall,WPaulding,0,0,0,0,0,0,0,0,0,0,0,0
NHall,EPaulding,1,0,0,0,0,0,1,0,0,1,0,1
NHall,NSpalding,0,0,0,0,0,0,0,0,0,0,0,0
NHall,SSpalding,0,0,0,0,0,0,0,0,0,0,0,0
NHall,WWalton,8,1,0,3,44,0,11,45,0,9,47,56
NHall,EWalton,7,1,0,2,8,0,9,9,0,8,10,18
Gainesville,NFulton,705,128,0,122,287,0,827,415,0,833,409,1242
Gainesville,Roswell,196,29,0,38,91,0,234,120,0,225,129,354
Gainesville,SandySprings,213,41,0,49,126,0,262,167,0,254,175,429
Gainesville,Buckhead,97,19,0,41,69,0,138,88,0,116,110,226
Gainesville,NWAtlanta,29,4,1,6,27,0,35,31,1,34,33,67
Gainesville,NEAtlanta,44,9,0,30,78,0,74,87,0,53,108,161
Gainesville,SWAtlanta,7,1,0,2,22,0,9,23,0,8,24,32
Gainesville,CBDAtlanta,18,3,0,17,67,0,35,70,0,21,84,105
Gainesville,SEAtlanta,12,0,0,4,21,0,16,21,0,12,25,37
Gainesville,SFulton,1,1,0,0,0,0,1,1,0,2,0,2
Gainesville,Tri-Cities,11,6,0,2,5,0,13,11,0,17,7,24
Gainesville,Shannon,1,0,0,0,0,0,1,0,0,1,0,1
Gainesville,WCherokee,5,3,0,9,20,0,14,23,0,8,29,37
Gainesville,NCherokee,22,3,0,17,19,0,39,22,0,25,36,61
Gainesville,ECentCherokee,160,25,0,58,116,0,218,141,0,185,174,359
Gainesville,Woodstock,35,3,0,11,56,0,46,59,0,38,67,105
Gainesville,Airport,2,0,0,1,0,0,3,0,0,2,1,3
Gainesville,NEClayton,1,2,0,1,18,0,2,20,0,3,19,22
Gainesville,Riverdale,3,0,0,1,0,0,4,0,0,3,1,4
Gainesville,SClayton,0,0,0,0,0,0,0,0,0,0,0,0
Gainesville,NWCobb,28,3,0,10,30,0,38,33,0,31,40,71
Gainesville,NECobb,103,17,0,24,49,0,127,66,0,120,73,193
Gainesville,SWCobb,3,3,0,0,1,0,3,4,0,6,1,7
Gainesville,Marietta,28,8,0,9,25,0,37,33,0,36,34,70
Gainesville,Cumberland,97,15,0,20,22,0,117,37,0,112,42,154
Gainesville,SCobb,9,3,0,3,6,0,12,9,0,12,9,21
Gainesville,Chamblee,271,47,0,61,149,0,332,196,0,318,210,528
Gainesville,NWDeKalb,68,8,0,22,75,0,90,83,0,76,97,173
Gainesville,NEDeKalb,238,28,0,48,131,0,286,159,0,266,179,445
Gainesville,Atlanta-DeKalb,5,2,0,2,3,0,7,5,0,7,5,12
Gainesville,Decatur,5,2,0,2,7,0,7,9,0,7,9,16
Gainesville,SWDeKalb,12,4,0,11,7,0,23,11,0,16,18,34
Gainesville,SEDeKalb,25,2,0,13,30,0,38,32,0,27,43,70
Gainesville,SDeKalb,13,2,0,5,36,0,18,38,0,15,41,56
Gainesville,WDouglas,0,0,0,0,0,0,0,0,0,0,0,0
Gainesville,EDouglas,0,0,0,1,0,0,1,0,0,0,1,1
Gainesville,WFayette,0,0,0,1,0,0,1,0,0,0,1,1
Gainesville,EFayette,0,0,0,0,0,0,0,0,0,0,0,0
Gainesville,NGwinnett,4614,833,0,1140,3366,0,5754,4199,0,5447,4506,9953
Gainesville,CentGwinnett,1495,254,0,293,683,0,1788,937,0,1749,976,2725
Gainesville,EGwinnett,453,94,0,93,219,0,546,313,0,547,312,859
Gainesville,Norcross,720,126,0,101,230,0,821,356,0,846,331,1177
Gainesville,Lilburn,132,23,0,32,74,0,164,97,0,155,106,261
Gainesville,Snellville,178,35,0,39,64,0,217,99,0,213,103,316
Gainesville,NHenry,2,0,0,1,0,0,3,0,0,2,1,3
Gainesville,EHenry,0,0,0,0,0,0,0,0,0,0,0,0
Gainesville,SHenry,0,0,0,1,0,0,1,0,0,0,1,1
Gainesville,SRockdale,9,0,0,1,6,0,10,6,0,9,7,16
Gainesville,NRockdale,20,3,0,9,16,0,29,19,0,23,25,48
Gainesville,NBarrow,896,178,0,264,638,0,1160,816,0,1074,902,1976
Gainesville,SBarrow,318,59,0,62,124,0,380,183,0,377,186,563
Gainesville,NWBartow,0,0,0,0,4,0,0,4,0,0,4,4
Gainesville,NEBartow,1,0,0,3,1,0,4,1,0,1,4,5
Gainesville,SWBartow,0,0,0,1,0,0,1,0,0,0,1,1
Gainesville,Cartersville,4,1,0,4,26,0,8,27,0,5,30,35
Gainesville,NECarroll,0,0,0,0,0,0,0,0,0,0,0,0
Gainesville,WCarroll,0,0,0,0,0,0,0,0,0,0,0,0
Gainesville,CentralCarroll,0,0,0,0,0,0,0,0,0,0,0,0
Gainesville,SECarroll,0,0,0,0,0,0,0,0,0,0,0,0
Gainesville,WCoweta,0,0,0,0,0,0,0,0,0,0,0,0
Gainesville,NCoweta,0,0,0,0,0,0,0,0,0,0,0,0
Gainesville,SCoweta,0,0,0,0,0,0,0,0,0,0,0,0
Gainesville,SECoweta,0,0,0,0,0,0,0,0,0,0,0,0
Gainesville,NForsyth,3727,652,4,2757,6903,7,6484,7555,11,4383,9667,14050
Gainesville,Cumming,2378,400,0,1168,2699,0,3546,3099,0,2778,3867,6645
Gainesville,SForsyth,611,96,0,81,172,0,692,268,0,707,253,960
Gainesville,NHall,11262,1951,16,10326,28188,24,21588,30139,40,13229,38538,51767
Gainesville,Gainesville,84297,15791,549,111577,271273,793,195874,287064,1342,100637,383643,484280
Gainesville,SHall,13884,2567,34,12236,30535,42,26120,33102,76,16485,42813,59298
Gainesville,WNewton,18,2,0,5,9,0,23,11,0,20,14,34
Gainesville,ENewton,1,0,0,2,1,0,3,1,0,1,3,4
Gainesville,NPaulding,0,0,0,0,0,0,0,0,0,0,0,0
Gainesville,WPaulding,0,0,0,0,0,0,0,0,0,0,0,0
Gainesville,EPaulding,0,0,0,1,1,0,1,1,0,0,2,2
Gainesville,NSpalding,0,0,0,0,0,0,0,0,0,0,0,0
Gainesville,SSpalding,0,0,0,0,0,0,0,0,0,0,0,0
Gainesville,WWalton,60,10,0,22,28,0,82,38,0,70,50,120
Gainesville,EWalton,72,12,0,28,28,0,100,40,0,84,56,140
SHall,NFulton,910,156,0,173,342,0,1083,498,0,1066,515,1581
SHall,Roswell,257,38,0,46,86,0,303,124,0,295,132,427
SHall,SandySprings,466,75,2,58,141,0,524,216,2,543,199,742
SHall,Buckhead,309,45,3,51,129,0,360,174,3,357,180,537
SHall,NWAtlanta,75,14,0,15,25,0,90,39,0,89,40,129
SHall,NEAtlanta,215,28,5,47,200,5,262,228,10,248,252,500
SHall,SWAtlanta,33,7,0,13,18,0,46,25,0,40,31,71
SHall,CBDAtlanta,110,21,11,30,134,4,140,155,15,142,168,310
SHall,SEAtlanta,26,6,0,16,22,0,42,28,0,32,38,70
SHall,SFulton,7,0,0,0,0,0,7,0,0,7,0,7
SHall,Tri-Cities,44,14,0,6,15,0,50,29,0,58,21,79
SHall,Shannon,1,2,0,0,7,0,1,9,0,3,7,10
SHall,WCherokee,5,2,0,3,0,0,8,2,0,7,3,10
SHall,NCherokee,10,5,0,11,12,0,21,17,0,15,23,38
SHall,ECentCherokee,106,16,0,44,72,0,150,88,0,122,116,238
SHall,Woodstock,32,6,0,13,11,0,45,17,0,38,24,62
SHall,Airport,17,2,1,1,18,0,18,20,1,20,19,39
SHall,NEClayton,18,4,0,6,10,0,24,14,0,22,16,38
SHall,Riverdale,3,0,0,1,0,0,4,0,0,3,1,4
SHall,SClayton,1,0,0,1,0,0,2,0,0,1,1,2
SHall,NWCobb,33,2,0,6,13,0,39,15,0,35,19,54
SHall,NECobb,102,22,0,19,60,0,121,82,0,124,79,203
SHall,SWCobb,6,1,0,4,6,0,10,7,0,7,10,17
SHall,Marietta,61,4,0,12,13,0,73,17,0,65,25,90
SHall,Cumberland,282,35,0,40,73,0,322,108,0,317,113,430
SHall,SCobb,31,2,0,9,14,0,40,16,0,33,23,56
SHall,Chamblee,696,113,2,117,229,1,813,342,3,811,347,1158
SHall,NWDeKalb,237,27,0,77,311,3,314,338,3,264,391,655
SHall,NEDeKalb,563,94,0,78,233,0,641,327,0,657,311,968
SHall,Atlanta-DeKalb,17,3,0,6,20,0,23,23,0,20,26,46
SHall,Decatur,22,5,0,16,10,0,38,15,0,27,26,53
SHall,SWDeKalb,45,6,2,19,37,0,64,43,2,53,56,109
SHall,SEDeKalb,46,5,0,28,57,0,74,62,0,51,85,136
SHall,SDeKalb,40,7,0,16,50,0,56,57,0,47,66,113
SHall,WDouglas,3,0,0,0,0,0,3,0,0,3,0,3
SHall,EDouglas,5,1,0,1,3,0,6,4,0,6,4,10
SHall,WFayette,1,0,0,0,0,0,1,0,0,1,0,1
SHall,EFayette,3,0,0,0,4,0,3,4,0,3,4,7
SHall,NGwinnett,11048,1978,2,11279,30172,0,22327,32150,2,13028,41451,54479
SHall,CentGwinnett,3604,574,0,1088,2637,0,4692,3211,0,4178,3725,7903
SHall,EGwinnett,779,135,0,428,912,0,1207,1047,0,914,1340,2254
SHall,Norcross,1651,229,0,214,468,0,1865,697,0,1880,682,2562
SHall,Lilburn,226,29,0,91,166,0,317,195,0,255,257,512
SHall,Snellville,289,44,0,139,197,0,428,241,0,333,336,669
SHall,NHenry,7,0,0,1,22,0,8,22,0,7,23,30
SHall,EHenry,4,0,0,2,1,0,6,1,0,4,3,7
SHall,SHenry,1,0,0,1,2,0,2,2,0,1,3,4
SHall,SRockdale,7,2,0,3,11,0,10,13,0,9,14,23
SHall,NRockdale,42,6,0,18,30,0,60,36,0,48,48,96
SHall,NBarrow,1508,288,0,1467,3959,0,2975,4247,0,1796,5426,7222
SHall,SBarrow,517,61,0,257,375,0,774,436,0,578,632,1210
SHall,NWBartow,0,0,0,2,0,0,2,0,0,0,2,2
SHall,NEBartow,2,1,0,0,0,0,2,1,0,3,0,3
SHall,SWBartow,0,0,0,0,0,0,0,0,0,0,0,0
SHall,Cartersville,0,0,0,2,1,0,2,1,0,0,3,3
SHall,NECarroll,0,0,0,0,0,0,0,0,0,0,0,0
SHall,WCarroll,0,0,0,0,0,0,0,0,0,0,0,0
SHall,CentralCarroll,0,0,0,0,0,0,0,0,0,0,0,0
SHall,SECarroll,0,0,0,0,0,0,0,0,0,0,0,0
SHall,WCoweta,0,0,0,0,0,0,0,0,0,0,0,0
SHall,NCoweta,0,0,0,0,0,0,0,0,0,0,0,0
SHall,SCoweta,0,0,0,0,0,0,0,0,0,0,0,0
SHall,SECoweta,0,0,0,0,0,0,0,0,0,0,0,0
SHall,NForsyth,923,177,0,796,1304,0,1719,1481,0,1100,2100,3200
SHall,Cumming,1405,215,0,819,1181,0,2224,1396,0,1620,2000,3620
SHall,SForsyth,782,130,0,222,424,0,1004,554,0,912,646,1558
SHall,NHall,1601,272,0,731,1282,0,2332,1554,0,1873,2013,3886
SHall,Gainesville,14084,2633,35,12243,30324,39,26327,32957,74,16752,42606,59358
SHall,SHall,27893,5311,8,56469,130031,29,84362,135342,37,33212,186529,219741
SHall,WNewton,46,3,0,10,32,0,56,35,0,49,42,91
SHall,ENewton,4,0,0,2,1,0,6,1,0,4,3,7
SHall,NPaulding,0,0,0,0,0,0,0,0,0,0,0,0
SHall,WPaulding,0,0,0,0,0,0,0,0,0,0,0,0
SHall,EPaulding,2,0,0,2,8,0,4,8,0,2,10,12
SHall,NSpalding,0,0,0,0,0,0,0,0,0,0,0,0
SHall,SSpalding,0,0,0,0,0,0,0,0,0,0,0,0
SHall,WWalton,94,20,0,50,51,0,144,71,0,114,101,215
SHall,EWalton,126,25,0,50,113,0,176,138,0,151,163,314
WNewton,NFulton,101,11,0,28,40,0,129,51,0,112,68,180
WNewton,Roswell,56,12,1,24,27,0,80,39,1,69,51,120
WNewton,SandySprings,376,59,9,67,120,3,443,179,12,444,190,634
WNewton,Buckhead,460,102,22,71,177,10,531,279,32,584,258,842
WNewton,NWAtlanta,285,60,5,52,126,1,337,186,6,350,179,529
WNewton,NEAtlanta,713,128,33,134,316,8,847,444,41,874,458,1332
WNewton,SWAtlanta,195,46,5,45,148,2,240,194,7,246,195,441
WNewton,CBDAtlanta,648,124,119,132,361,20,780,485,139,891,513,1404
WNewton,SEAtlanta,329,77,4,72,100,1,401,177,5,410,173,583
WNewton,SFulton,70,12,0,10,16,0,80,28,0,82,26,108
WNewton,Tri-Cities,394,92,1,43,79,1,437,171,2,487,123,610
WNewton,Shannon,109,23,0,24,43,0,133,66,0,132,67,199
WNewton,WCherokee,0,0,0,0,0,0,0,0,0,0,0,0
WNewton,NCherokee,0,0,0,1,0,0,1,0,0,0,1,1
WNewton,ECentCherokee,1,0,0,0,5,0,1,5,0,1,5,6
WNewton,Woodstock,4,0,0,1,1,0,5,1,0,4,2,6
WNewton,Airport,273,52,19,21,50,0,294,102,19,344,71,415
WNewton,NEClayton,755,133,0,143,215,1,898,348,1,888,359,1247
WNewton,Riverdale,144,22,0,36,130,0,180,152,0,166,166,332
WNewton,SClayton,370,61,0,66,160,0,436,221,0,431,226,657
WNewton,NWCobb,25,6,1,9,8,0,34,14,1,32,17,49
WNewton,NECobb,55,16,0,12,40,0,67,56,0,71,52,123
WNewton,SWCobb,12,2,0,8,20,0,20,22,0,14,28,42
WNewton,Marietta,62,15,0,14,41,0,76,56,0,77,55,132
WNewton,Cumberland,319,73,3,30,100,1,349,173,4,395,131,526
WNewton,SCobb,111,22,0,32,56,0,143,78,0,133,88,221
WNewton,Chamblee,590,86,6,92,227,1,682,313,7,682,320,1002
WNewton,NWDeKalb,735,126,17,211,382,17,946,508,34,878,610,1488
WNewton,NEDeKalb,1190,166,3,223,492,3,1413,658,6,1359,718,2077
WNewton,Atlanta-DeKalb,139,20,3,40,98,1,179,118,4,162,139,301
WNewton,Decatur,174,34,4,33,108,1,207,142,5,212,142,354
WNewton,SWDeKalb,629,116,9,147,305,0,776,421,9,754,452,1206
WNewton,SEDeKalb,1495,263,4,461,1262,1,1956,1525,5,1762,1724,3486
WNewton,SDeKalb,1323,224,2,602,1540,5,1925,1764,7,1549,2147,3696
WNewton,WDouglas,7,1,0,4,4,0,11,5,0,8,8,16
WNewton,EDouglas,51,10,0,18,22,0,69,32,0,61,40,101
WNewton,WFayette,77,14,0,19,86,0,96,100,0,91,105,196
WNewton,EFayette,170,38,0,40,58,0,210,96,0,208,98,306
WNewton,NGwinnett,309,45,0,87,187,0,396,232,0,354,274,628
WNewton,CentGwinnett,812,149,0,223,500,0,1035,649,0,961,723,1684
WNewton,EGwinnett,594,109,0,136,326,0,730,435,0,703,462,1165
WNewton,Norcross,533,81,1,95,181,0,628,262,1,615,276,891
WNewton,Lilburn,445,79,0,119,320,0,564,399,0,524,439,963
WNewton,Snellville,1337,267,0,506,1254,0,1843,1521,0,1604,1760,3364
WNewton,NHenry,1134,207,0,411,1060,0,1545,1267,0,1341,1471,2812
WNewton,EHenry,2157,371,0,1963,5290,0,4120,5661,0,2528,7253,9781
WNewton,SHenry,2571,432,0,928,2245,0,3499,2677,0,3003,3173,6176
WNewton,SRockdale,2566,526,1,3398,9309,0,5964,9835,1,3093,12707,15800
WNewton,NRockdale,9021,1687,0,8285,21114,0,17306,22801,0,10708,29399,40107
WNewton,NBarrow,192,22,0,40,93,0,232,115,0,214,133,347
WNewton,SBarrow,229,40,0,47,148,0,276,188,0,269,195,464
WNewton,NWBartow,0,0,0,0,0,0,0,0,0,0,0,0
WNewton,NEBartow,0,0,0,0,0,0,0,0,0,0,0,0
WNewton,SWBartow,0,0,0,0,0,0,0,0,0,0,0,0
WNewton,Cartersville,1,0,0,0,0,0,1,0,0,1,0,1
WNewton,NECarroll,0,0,0,0,0,0,0,0,0,0,0,0
WNewton,WCarroll,0,0,0,0,0,0,0,0,0,0,0,0
WNewton,CentralCarroll,0,0,0,0,0,0,0,0,0,0,0,0
WNewton,SECarroll,0,0,0,0,0,0,0,0,0,0,0,0
WNewton,WCoweta,1,0,0,0,0,0,1,0,0,1,0,1
WNewton,NCoweta,12,2,0,4,31,0,16,33,0,14,35,49
WNewton,SCoweta,0,0,0,0,4,0,0,4,0,0,4,4
WNewton,SECoweta,10,0,0,1,9,0,11,9,0,10,10,20
WNewton,NForsyth,0,0,0,0,0,0,0,0,0,0,0,0
WNewton,Cumming,7,0,0,6,5,0,13,5,0,7,11,18
WNewton,SForsyth,27,7,0,12,12,0,39,19,0,34,24,58
WNewton,NHall,1,0,0,3,0,0,4,0,0,1,3,4
WNewton,Gainesville,19,3,0,11,9,0,30,12,0,22,20,42
WNewton,SHall,46,7,0,12,29,0,58,36,0,53,41,94
WNewton,WNewton,42505,8329,0,79843,176125,2,122348,184454,2,50834,255970,306804
WNewton,ENewton,3327,590,0,3771,9726,0,7098,10316,0,3917,13497,17414
WNewton,NPaulding,0,0,0,0,0,0,0,0,0,0,0,0
WNewton,WPaulding,0,0,0,0,0,0,0,0,0,0,0,0
WNewton,EPaulding,5,0,0,2,5,0,7,5,0,5,7,12
WNewton,NSpalding,224,36,0,58,118,0,282,154,0,260,176,436
WNewton,SSpalding,154,24,0,26,89,0,180,113,0,178,115,293
WNewton,WWalton,2411,427,0,1633,4120,0,4044,4547,0,2838,5753,8591
WNewton,EWalton,2239,415,0,792,1881,0,3031,2296,0,2654,2673,5327
ENewton,NFulton,7,1,0,4,12,0,11,13,0,8,16,24
ENewton,Roswell,3,1,0,3,0,0,6,1,0,4,3,7
ENewton,SandySprings,40,5,0,11,4,0,51,9,0,45,15,60
ENewton,Buckhead,44,8,0,13,43,1,57,51,1,52,57,109
ENewton,NWAtlanta,22,6,0,8,12,0,30,18,0,28,20,48
ENewton,NEAtlanta,64,17,1,21,73,2,85,90,3,82,96,178
ENewton,SWAtlanta,21,6,0,10,23,0,31,29,0,27,33,60
ENewton,CBDAtlanta,61,12,7,24,64,1,85,76,8,80,89,169
ENewton,SEAtlanta,39,6,0,15,28,0,54,34,0,45,43,88
ENewton,SFulton,3,0,0,0,0,0,3,0,0,3,0,3
ENewton,Tri-Cities,30,7,0,11,39,1,41,46,1,37,51,88
ENewton,Shannon,6,2,0,3,2,0,9,4,0,8,5,13
ENewton,WCherokee,0,0,0,0,0,0,0,0,0,0,0,0
ENewton,NCherokee,0,0,0,0,0,0,0,0,0,0,0,0
ENewton,ECentCherokee,0,0,0,0,0,0,0,0,0,0,0,0
ENewton,Woodstock,0,0,0,0,0,0,0,0,0,0,0,0
ENewton,Airport,21,4,0,1,6,0,22,10,0,25,7,32
ENewton,NEClayton,67,8,0,17,53,0,84,61,0,75,70,145
ENewton,Riverdale,11,1,0,4,31,0,15,32,0,12,35,47
ENewton,SClayton,25,5,0,9,17,0,34,22,0,30,26,56
ENewton,NWCobb,3,0,0,0,0,0,3,0,0,3,0,3
ENewton,NECobb,6,2,0,1,0,0,7,2,0,8,1,9
ENewton,SWCobb,0,0,0,0,0,0,0,0,0,0,0,0
ENewton,Marietta,2,0,0,1,4,0,3,4,0,2,5,7
ENewton,Cumberland,37,6,0,4,14,0,41,20,0,43,18,61
ENewton,SCobb,10,2,0,2,1,0,12,3,0,12,3,15
ENewton,Chamblee,55,13,0,18,40,0,73,53,0,68,58,126
ENewton,NWDeKalb,71,14,1,29,82,1,100,96,2,86,112,198
ENewton,NEDeKalb,146,29,0,48,90,0,194,119,0,175,138,313
ENewton,Atlanta-DeKalb,14,4,0,8,17,0,22,21,0,18,25,43
ENewton,Decatur,23,3,0,4,25,0,27,28,0,26,29,55
ENewton,SWDeKalb,71,14,0,22,106,0,93,120,0,85,128,213
ENewton,SEDeKalb,161,33,0,54,80,0,215,113,0,194,134,328
ENewton,SDeKalb,162,23,0,58,104,1,220,127,1,185,163,348
ENewton,WDouglas,0,0,0,1,1,0,1,1,0,0,2,2
ENewton,EDouglas,0,0,0,2,1,0,2,1,0,0,3,3
ENewton,WFayette,6,0,0,0,2,0,6,2,0,6,2,8
ENewton,EFayette,14,3,0,4,21,0,18,24,0,17,25,42
ENewton,NGwinnett,46,8,0,19,27,0,65,35,0,54,46,100
ENewton,CentGwinnett,149,19,0,44,139,0,193,158,0,168,183,351
ENewton,EGwinnett,73,6,0,29,58,0,102,64,0,79,87,166
ENewton,Norcross,69,8,0,20,59,0,89,67,0,77,79,156
ENewton,Lilburn,48,7,0,22,43,0,70,50,0,55,65,120
ENewton,Snellville,124,23,0,82,142,0,206,165,0,147,224,371
ENewton,NHenry,87,11,0,18,50,0,105,61,0,98,68,166
ENewton,EHenry,143,15,0,105,142,0,248,157,0,158,247,405
ENewton,SHenry,195,36,0,74,149,0,269,185,0,231,223,454
ENewton,SRockdale,144,20,0,75,174,0,219,194,0,164,249,413
ENewton,NRockdale,835,158,0,287,591,0,1122,749,0,993,878,1871
ENewton,NBarrow,40,9,0,15,39,0,55,48,0,49,54,103
ENewton,SBarrow,43,8,0,16,51,0,59,59,0,51,67,118
ENewton,NWBartow,0,0,0,0,0,0,0,0,0,0,0,0
ENewton,NEBartow,0,0,0,0,0,0,0,0,0,0,0,0
ENewton,SWBartow,0,0,0,0,0,0,0,0,0,0,0,0
ENewton,Cartersville,0,0,0,0,0,0,0,0,0,0,0,0
ENewton,NECarroll,0,0,0,0,0,0,0,0,0,0,0,0
ENewton,WCarroll,0,0,0,0,0,0,0,0,0,0,0,0
ENewton,CentralCarroll,0,0,0,0,0,0,0,0,0,0,0,0
ENewton,SECarroll,0,0,0,0,0,0,0,0,0,0,0,0
ENewton,WCoweta,0,0,0,1,0,0,1,0,0,0,1,1
ENewton,NCoweta,0,0,0,0,0,0,0,0,0,0,0,0
ENewton,SCoweta,0,0,0,0,0,0,0,0,0,0,0,0
ENewton,SECoweta,1,0,0,0,0,0,1,0,0,1,0,1
ENewton,NForsyth,0,0,0,0,9,0,0,9,0,0,9,9
ENewton,Cumming,2,0,0,0,0,0,2,0,0,2,0,2
ENewton,SForsyth,3,2,0,3,1,0,6,3,0,5,4,9
ENewton,NHall,0,0,0,0,0,0,0,0,0,0,0,0
ENewton,Gainesville,0,0,0,3,1,0,3,1,0,0,4,4
ENewton,SHall,2,0,0,1,5,0,3,5,0,2,6,8
ENewton,WNewton,3202,591,0,3727,9671,0,6929,10262,0,3793,13398,17191
ENewton,ENewton,3873,803,0,8020,16054,0,11893,16857,0,4676,24074,28750
ENewton,NPaulding,0,0,0,0,0,0,0,0,0,0,0,0
ENewton,WPaulding,0,0,0,0,0,0,0,0,0,0,0,0
ENewton,EPaulding,0,0,0,0,13,0,0,13,0,0,13,13
ENewton,NSpalding,23,2,0,9,24,0,32,26,0,25,33,58
ENewton,SSpalding,7,1,0,5,5,0,12,6,0,8,10,18
ENewton,WWalton,277,46,0,206,534,0,483,580,0,323,740,1063
ENewton,EWalton,1061,189,0,961,2013,0,2022,2202,0,1250,2974,4224
NPaulding,NFulton,157,19,0,32,72,0,189,91,0,176,104,280
NPaulding,Roswell,126,15,0,36,62,0,162,77,0,141,98,239
NPaulding,SandySprings,346,38,3,60,93,0,406,131,3,387,153,540
NPaulding,Buckhead,245,43,4,57,154,0,302,197,4,292,211,503
NPaulding,NWAtlanta,139,27,0,30,56,0,169,83,0,166,86,252
NPaulding,NEAtlanta,164,46,4,49,188,3,213,234,7,214,240,454
NPaulding,SWAtlanta,110,20,0,41,81,1,151,101,1,130,123,253
NPaulding,CBDAtlanta,120,40,4,58,104,2,178,144,6,164,164,328
NPaulding,SEAtlanta,49,7,0,23,40,1,72,47,1,56,64,120
NPaulding,SFulton,96,14,0,17,28,0,113,42,0,110,45,155
NPaulding,Tri-Cities,67,7,1,15,47,0,82,54,1,75,62,137
NPaulding,Shannon,39,3,0,12,12,0,51,15,0,42,24,66
NPaulding,WCherokee,53,6,0,17,26,0,70,32,0,59,43,102
NPaulding,NCherokee,8,0,0,3,18,0,11,18,0,8,21,29
NPaulding,ECentCherokee,172,31,0,67,112,0,239,143,0,203,179,382
NPaulding,Woodstock,803,133,0,369,1259,0,1172,1392,0,936,1628,2564
NPaulding,Airport,21,9,3,4,10,0,25,19,3,33,14,47
NPaulding,NEClayton,23,6,0,5,16,0,28,22,0,29,21,50
NPaulding,Riverdale,15,4,0,1,3,0,16,7,0,19,4,23
NPaulding,SClayton,3,3,0,4,6,0,7,9,0,6,10,16
NPaulding,NWCobb,4526,891,0,5421,14401,17,9947,15292,17,5417,19839,25256
NPaulding,NECobb,843,149,0,277,763,0,1120,912,0,992,1040,2032
NPaulding,SWCobb,871,164,0,548,1747,0,1419,1911,0,1035,2295,3330
NPaulding,Marietta,1026,177,3,425,1267,4,1451,1444,7,1206,1696,2902
NPaulding,Cumberland,976,132,4,204,424,0,1180,556,4,1112,628,1740
NPaulding,SCobb,528,82,0,189,577,0,717,659,0,610,766,1376
NPaulding,Chamblee,186,20,0,38,71,0,224,91,0,206,109,315
NPaulding,NWDeKalb,60,14,1,24,125,2,84,139,3,75,151,226
NPaulding,NEDeKalb,64,14,0,19,45,1,83,59,1,78,65,143
NPaulding,Atlanta-DeKalb,7,2,0,5,4,0,12,6,0,9,9,18
NPaulding,Decatur,14,5,0,8,13,0,22,18,0,19,21,40
NPaulding,SWDeKalb,20,4,0,10,42,0,30,46,0,24,52,76
NPaulding,SEDeKalb,6,1,0,2,4,1,8,5,1,7,7,14
NPaulding,SDeKalb,23,2,0,13,4,0,36,6,0,25,17,42
NPaulding,WDouglas,282,54,0,67,152,0,349,206,0,336,219,555
NPaulding,EDouglas,535,80,0,133,460,0,668,540,0,615,593,1208
NPaulding,WFayette,15,2,0,3,2,0,18,4,0,17,5,22
NPaulding,EFayette,7,2,0,6,3,0,13,5,0,9,9,18
NPaulding,NGwinnett,4,0,0,3,3,0,7,3,0,4,6,10
NPaulding,CentGwinnett,29,2,0,6,39,0,35,41,0,31,45,76
NPaulding,EGwinnett,0,0,0,1,4,0,1,4,0,0,5,5
NPaulding,Norcross,113,12,0,10,25,0,123,37,0,125,35,160
NPaulding,Lilburn,4,0,0,7,4,0,11,4,0,4,11,15
NPaulding,Snellville,2,0,0,1,1,0,3,1,0,2,2,4
NPaulding,NHenry,4,1,0,2,2,0,6,3,0,5,4,9
NPaulding,EHenry,0,0,0,0,0,0,0,0,0,0,0,0
NPaulding,SHenry,1,1,0,1,3,0,2,4,0,2,4,6
NPaulding,SRockdale,1,0,0,2,1,0,3,1,0,1,3,4
NPaulding,NRockdale,0,0,0,0,0,0,0,0,0,0,0,0
NPaulding,NBarrow,0,0,0,0,0,0,0,0,0,0,0,0
NPaulding,SBarrow,0,0,0,0,0,0,0,0,0,0,0,0
NPaulding,NWBartow,160,18,0,35,70,0,195,88,0,178,105,283
NPaulding,NEBartow,120,13,0,30,96,0,150,109,0,133,126,259
NPaulding,SWBartow,473,75,0,295,931,0,768,1006,0,548,1226,1774
NPaulding,Cartersville,1964,353,0,1623,4096,0,3587,4449,0,2317,5719,8036
NPaulding,NECarroll,182,32,0,47,93,0,229,125,0,214,140,354
NPaulding,WCarroll,19,4,0,6,17,0,25,21,0,23,23,46
NPaulding,CentralCarroll,123,23,0,54,39,0,177,62,0,146,93,239
NPaulding,SECarroll,2,1,0,0,1,0,2,2,0,3,1,4
NPaulding,WCoweta,3,1,0,3,1,0,6,2,0,4,4,8
NPaulding,NCoweta,21,3,0,9,10,0,30,13,0,24,19,43
NPaulding,SCoweta,0,0,0,0,0,0,0,0,0,0,0,0
NPaulding,SECoweta,0,0,0,0,0,0,0,0,0,0,0,0
NPaulding,NForsyth,2,0,0,4,1,0,6,1,0,2,5,7
NPaulding,Cumming,13,2,0,4,5,0,17,7,0,15,9,24
NPaulding,SForsyth,33,5,0,14,7,0,47,12,0,38,21,59
NPaulding,NHall,0,0,0,0,0,0,0,0,0,0,0,0
NPaulding,Gainesville,1,0,0,1,0,0,2,0,0,1,1,2
NPaulding,SHall,1,0,0,0,0,0,1,0,0,1,0,1
NPaulding,WNewton,1,0,0,0,0,0,1,0,0,1,0,1
NPaulding,ENewton,0,0,0,0,0,0,0,0,0,0,0,0
NPaulding,NPaulding,6815,1082,0,13596,31278,0,20411,32360,0,7897,44874,52771
NPaulding,WPaulding,368,57,0,283,825,0,651,882,0,425,1108,1533
NPaulding,EPaulding,3831,690,0,4984,12838,0,8815,13528,0,4521,17822,22343
NPaulding,NSpalding,0,0,0,0,0,0,0,0,0,0,0,0
NPaulding,SSpalding,0,0,0,0,0,0,0,0,0,0,0,0
NPaulding,WWalton,0,0,0,0,1,0,0,1,0,0,1,1
NPaulding,EWalton,0,1,0,0,0,0,0,1,0,1,0,1
WPaulding,NFulton,28,2,0,13,31,0,41,33,0,30,44,74
WPaulding,Roswell,17,4,0,12,16,0,29,20,0,21,28,49
WPaulding,SandySprings,103,17,0,25,56,0,128,73,0,120,81,201
WPaulding,Buckhead,85,8,0,27,129,0,112,137,0,93,156,249
WPaulding,NWAtlanta,104,16,0,19,76,0,123,92,0,120,95,215
WPaulding,NEAtlanta,61,6,0,28,114,0,89,120,0,67,142,209
WPaulding,SWAtlanta,82,11,0,32,76,0,114,87,0,93,108,201
WPaulding,CBDAtlanta,71,13,2,34,128,0,105,141,2,86,162,248
WPaulding,SEAtlanta,29,6,0,18,41,1,47,47,1,35,60,95
WPaulding,SFulton,109,11,0,7,53,0,116,64,0,120,60,180
WPaulding,Tri-Cities,56,12,0,14,29,0,70,41,0,68,43,111
WPaulding,Shannon,46,4,0,7,30,0,53,34,0,50,37,87
WPaulding,WCherokee,2,0,0,0,2,0,2,2,0,2,2,4
WPaulding,NCherokee,0,1,0,0,1,0,0,2,0,1,1,2
WPaulding,ECentCherokee,22,1,0,13,30,0,35,31,0,23,43,66
WPaulding,Woodstock,96,19,0,30,50,0,126,69,0,115,80,195
WPaulding,Airport,25,3,0,4,5,0,29,8,0,28,9,37
WPaulding,NEClayton,14,3,0,8,9,0,22,12,0,17,17,34
WPaulding,Riverdale,5,0,0,3,10,0,8,10,0,5,13,18
WPaulding,SClayton,2,1,0,0,0,0,2,1,0,3,0,3
WPaulding,NWCobb,579,99,0,196,472,0,775,571,0,678,668,1346
WPaulding,NECobb,222,27,0,57,86,0,279,113,0,249,143,392
WPaulding,SWCobb,409,79,0,163,398,0,572,477,0,488,561,1049
WPaulding,Marietta,325,50,0,95,149,0,420,199,0,375,244,619
WPaulding,Cumberland,391,54,0,70,136,0,461,190,0,445,206,651
WPaulding,SCobb,334,50,0,122,229,0,456,279,0,384,351,735
WPaulding,Chamblee,63,11,0,17,31,0,80,42,0,74,48,122
WPaulding,NWDeKalb,27,2,0,14,131,1,41,133,1,29,146,175
WPaulding,NEDeKalb,31,2,0,6,11,0,37,13,0,33,17,50
WPaulding,Atlanta-DeKalb,5,0,0,5,12,0,10,12,0,5,17,22
WPaulding,Decatur,2,1,0,0,4,0,2,5,0,3,4,7
WPaulding,SWDeKalb,13,1,0,3,36,0,16,37,0,14,39,53
WPaulding,SEDeKalb,6,0,0,2,0,0,8,0,0,6,2,8
WPaulding,SDeKalb,6,0,0,7,4,0,13,4,0,6,11,17
WPaulding,WDouglas,604,106,0,303,828,0,907,934,0,710,1131,1841
WPaulding,EDouglas,504,91,0,181,501,0,685,592,0,595,682,1277
WPaulding,WFayette,22,5,0,7,19,0,29,24,0,27,26,53
WPaulding,EFayette,13,0,0,1,13,0,14,13,0,13,14,27
WPaulding,NGwinnett,1,0,0,2,12,0,3,12,0,1,14,15
WPaulding,CentGwinnett,6,2,0,9,8,0,15,10,0,8,17,25
WPaulding,EGwinnett,1,0,0,0,0,0,1,0,0,1,0,1
WPaulding,Norcross,32,8,0,9,18,0,41,26,0,40,27,67
WPaulding,Lilburn,0,0,0,4,2,0,4,2,0,0,6,6
WPaulding,Snellville,1,0,0,2,1,0,3,1,0,1,3,4
WPaulding,NHenry,1,1,0,2,0,0,3,1,0,2,2,4
WPaulding,EHenry,1,0,0,1,0,0,2,0,0,1,1,2
WPaulding,SHenry,0,0,0,1,1,0,1,1,0,0,2,2
WPaulding,SRockdale,1,0,0,0,0,0,1,0,0,1,0,1
WPaulding,NRockdale,0,1,0,1,4,0,1,5,0,1,5,6
WPaulding,NBarrow,0,0,0,0,0,0,0,0,0,0,0,0
WPaulding,SBarrow,0,0,0,0,0,0,0,0,0,0,0,0
WPaulding,NWBartow,12,1,0,4,10,0,16,11,0,13,14,27
WPaulding,NEBartow,7,1,0,1,1,0,8,2,0,8,2,10
WPaulding,SWBartow,37,7,0,5,28,0,42,35,0,44,33,77
WPaulding,Cartersville,214,41,0,77,116,0,291,157,0,255,193,448
WPaulding,NECarroll,1147,200,0,1203,3193,0,2350,3393,0,1347,4396,5743
WPaulding,WCarroll,119,24,0,17,76,0,136,100,0,143,93,236
WPaulding,CentralCarroll,578,85,0,265,457,0,843,542,0,663,722,1385
WPaulding,SECarroll,17,0,0,5,1,0,22,1,0,17,6,23
WPaulding,WCoweta,17,4,0,8,28,0,25,32,0,21,36,57
WPaulding,NCoweta,58,4,0,11,60,0,69,64,0,62,71,133
WPaulding,SCoweta,1,1,0,0,4,0,1,5,0,2,4,6
WPaulding,SECoweta,0,0,0,3,9,0,3,9,0,0,12,12
WPaulding,NForsyth,0,0,0,1,0,0,1,0,0,0,1,1
WPaulding,Cumming,2,0,0,2,1,0,4,1,0,2,3,5
WPaulding,SForsyth,5,1,0,2,4,0,7,5,0,6,6,12
WPaulding,NHall,0,0,0,0,0,0,0,0,0,0,0,0
WPaulding,Gainesville,0,0,0,0,0,0,0,0,0,0,0,0
WPaulding,SHall,0,0,0,0,0,0,0,0,0,0,0,0
WPaulding,WNewton,0,0,0,0,0,0,0,0,0,0,0,0
WPaulding,ENewton,0,0,0,0,0,0,0,0,0,0,0,0
WPaulding,NPaulding,390,60,0,269,841,0,659,901,0,450,1110,1560
WPaulding,WPaulding,3388,557,0,8159,17917,0,11547,18474,0,3945,26076,30021
WPaulding,EPaulding,2833,502,0,4017,10334,0,6850,10836,0,3335,14351,17686
WPaulding,NSpalding,0,0,0,0,0,0,0,0,0,0,0,0
WPaulding,SSpalding,0,0,0,0,0,0,0,0,0,0,0,0
WPaulding,WWalton,0,0,0,0,0,0,0,0,0,0,0,0
WPaulding,EWalton,0,0,0,0,0,0,0,0,0,0,0,0
EPaulding,NFulton,281,41,0,66,121,0,347,162,0,322,187,509
EPaulding,Roswell,223,38,2,58,132,0,281,170,2,263,190,453
EPaulding,SandySprings,865,110,4,129,229,8,994,339,12,979,366,1345
EPaulding,Buckhead,752,119,11,163,466,0,915,585,11,882,629,1511
EPaulding,NWAtlanta,796,115,2,104,426,2,900,541,4,913,532,1445
EPaulding,NEAtlanta,628,106,8,202,371,14,830,477,22,742,587,1329
EPaulding,SWAtlanta,807,115,1,241,535,4,1048,650,5,923,780,1703
EPaulding,CBDAtlanta,840,133,76,197,408,21,1037,541,97,1049,626,1675
EPaulding,SEAtlanta,285,33,1,74,215,3,359,248,4,319,292,611
EPaulding,SFulton,813,135,0,138,349,0,951,484,0,948,487,1435
EPaulding,Tri-Cities,401,83,2,70,193,1,471,276,3,486,264,750
EPaulding,Shannon,292,43,0,68,170,0,360,213,0,335,238,573
EPaulding,WCherokee,55,7,0,18,69,0,73,76,0,62,87,149
EPaulding,NCherokee,14,3,0,8,21,0,22,24,0,17,29,46
EPaulding,ECentCherokee,226,36,0,66,108,0,292,144,0,262,174,436
EPaulding,Woodstock,774,134,0,191,478,0,965,612,0,908,669,1577
EPaulding,Airport,214,23,8,9,57,0,223,80,8,245,66,311
EPaulding,NEClayton,138,28,0,31,78,0,169,106,0,166,109,275
EPaulding,Riverdale,61,7,0,16,86,0,77,93,0,68,102,170
EPaulding,SClayton,34,11,0,12,21,0,46,32,0,45,33,78
EPaulding,NWCobb,6230,1095,0,4743,13021,11,10973,14116,11,7325,17775,25100
EPaulding,NECobb,1603,267,1,340,948,0,1943,1215,1,1871,1288,3159
EPaulding,SWCobb,5731,1073,0,6721,19326,3,12452,20399,3,6804,26050,32854
EPaulding,Marietta,2646,459,0,1005,2814,11,3651,3273,11,3105,3830,6935
EPaulding,Cumberland,2868,505,1,570,1295,2,3438,1800,3,3374,1867,5241
EPaulding,SCobb,2991,535,0,1572,4638,2,4563,5173,2,3526,6212,9738
EPaulding,Chamblee,553,90,4,97,250,0,650,340,4,647,347,994
EPaulding,NWDeKalb,279,42,2,103,210,11,382,252,13,323,324,647
EPaulding,NEDeKalb,160,21,0,46,71,3,206,92,3,181,120,301
EPaulding,Atlanta-DeKalb,49,11,0,18,56,0,67,67,0,60,74,134
EPaulding,Decatur,42,4,1,18,36,1,60,40,2,47,55,102
EPaulding,SWDeKalb,123,13,0,33,87,0,156,100,0,136,120,256
EPaulding,SEDeKalb,35,7,0,22,34,0,57,41,0,42,56,98
EPaulding,SDeKalb,100,14,1,48,75,2,148,89,3,115,125,240
EPaulding,WDouglas,3557,656,0,3032,8900,0,6589,9556,0,4213,11932,16145
EPaulding,EDouglas,5827,1052,5,4452,13229,8,10279,14281,13,6884,17689,24573
EPaulding,WFayette,94,22,0,32,82,0,126,104,0,116,114,230
EPaulding,EFayette,77,10,0,24,47,0,101,57,0,87,71,158
EPaulding,NGwinnett,15,2,0,14,28,0,29,30,0,17,42,59
EPaulding,CentGwinnett,95,7,0,41,90,0,136,97,0,102,131,233
EPaulding,EGwinnett,7,2,0,8,6,0,15,8,0,9,14,23
EPaulding,Norcross,266,30,0,44,82,0,310,112,0,296,126,422
EPaulding,Lilburn,19,7,0,7,18,0,26,25,0,26,25,51
EPaulding,Snellville,15,3,0,4,21,0,19,24,0,18,25,43
EPaulding,NHenry,27,5,0,7,25,0,34,30,0,32,32,64
EPaulding,EHenry,8,0,0,3,10,0,11,10,0,8,13,21
EPaulding,SHenry,16,4,0,8,21,0,24,25,0,20,29,49
EPaulding,SRockdale,4,1,0,4,2,0,8,3,0,5,6,11
EPaulding,NRockdale,13,1,0,5,4,0,18,5,0,14,9,23
EPaulding,NBarrow,1,0,0,0,13,0,1,13,0,1,13,14
EPaulding,SBarrow,0,0,0,0,0,0,0,0,0,0,0,0
EPaulding,NWBartow,161,27,0,48,96,0,209,123,0,188,144,332
EPaulding,NEBartow,85,11,0,28,98,0,113,109,0,96,126,222
EPaulding,SWBartow,395,60,0,159,481,0,554,541,0,455,640,1095
EPaulding,Cartersville,1223,246,0,360,940,0,1583,1186,0,1469,1300,2769
EPaulding,NECarroll,1997,370,0,1227,3175,0,3224,3545,0,2367,4402,6769
EPaulding,WCarroll,171,27,0,39,61,0,210,88,0,198,100,298
EPaulding,CentralCarroll,920,184,0,383,566,0,1303,750,0,1104,949,2053
EPaulding,SECarroll,66,10,0,29,55,0,95,65,0,76,84,160
EPaulding,WCoweta,82,12,0,27,26,0,109,38,0,94,53,147
EPaulding,NCoweta,200,27,0,73,153,0,273,180,0,227,226,453
EPaulding,SCoweta,5,2,0,3,11,0,8,13,0,7,14,21
EPaulding,SECoweta,7,1,0,6,21,0,13,22,0,8,27,35
EPaulding,NForsyth,12,2,0,11,11,0,23,13,0,14,22,36
EPaulding,Cumming,31,3,0,21,43,0,52,46,0,34,64,98
EPaulding,SForsyth,50,8,0,13,50,0,63,58,0,58,63,121
EPaulding,NHall,0,0,0,0,0,0,0,0,0,0,0,0
EPaulding,Gainesville,1,0,0,0,2,0,1,2,0,1,2,3
EPaulding,SHall,5,0,0,2,8,0,7,8,0,5,10,15
EPaulding,WNewton,3,1,0,3,4,0,6,5,0,4,7,11
EPaulding,ENewton,0,0,0,1,13,0,1,13,0,0,14,14
EPaulding,NPaulding,3907,744,0,5043,13031,0,8950,13775,0,4651,18074,22725
EPaulding,WPaulding,3131,557,0,4064,10525,0,7195,11082,0,3688,14589,18277
EPaulding,EPaulding,45821,8378,0,98295,216517,0,144116,224895,0,54199,314812,369011
EPaulding,NSpalding,4,0,0,3,1,0,7,1,0,4,4,8
EPaulding,SSpalding,0,0,0,2,1,0,2,1,0,0,3,3
EPaulding,WWalton,3,0,0,2,2,0,5,2,0,3,4,7
EPaulding,EWalton,0,0,0,0,1,0,0,1,0,0,1,1
NSpalding,NFulton,5,0,0,0,1,0,5,1,0,5,1,6
NSpalding,Roswell,4,4,0,3,0,0,7,4,0,8,3,11
NSpalding,SandySprings,45,9,2,8,12,0,53,21,2,56,20,76
NSpalding,Buckhead,95,21,1,18,34,0,113,55,1,117,52,169
NSpalding,NWAtlanta,63,10,0,8,33,0,71,43,0,73,41,114
NSpalding,NEAtlanta,132,30,0,34,95,0,166,125,0,162,129,291
NSpalding,SWAtlanta,75,5,1,13,59,0,88,64,1,81,72,153
NSpalding,CBDAtlanta,133,35,13,37,88,3,170,123,16,181,128,309
NSpalding,SEAtlanta,142,26,1,26,70,2,168,96,3,169,98,267
NSpalding,SFulton,67,8,0,10,27,0,77,35,0,75,37,112
NSpalding,Tri-Cities,250,37,1,28,60,0,278,97,1,288,88,376
NSpalding,Shannon,165,28,0,38,73,0,203,101,0,193,111,304
NSpalding,WCherokee,0,0,0,0,0,0,0,0,0,0,0,0
NSpalding,NCherokee,0,0,0,0,0,0,0,0,0,0,0,0
NSpalding,ECentCherokee,0,0,0,0,0,0,0,0,0,0,0,0
NSpalding,Woodstock,0,0,0,0,0,0,0,0,0,0,0,0
NSpalding,Airport,201,34,0,9,18,0,210,52,0,235,27,262
NSpalding,NEClayton,547,91,1,114,160,7,661,251,8,639,281,920
NSpalding,Riverdale,246,45,0,63,217,0,309,262,0,291,280,571
NSpalding,SClayton,992,195,4,590,1206,2,1582,1401,6,1191,1798,2989
NSpalding,NWCobb,6,4,0,1,2,0,7,6,0,10,3,13
NSpalding,NECobb,19,7,0,6,2,0,25,9,0,26,8,34
NSpalding,SWCobb,5,1,0,1,1,0,6,2,0,6,2,8
NSpalding,Marietta,16,3,0,7,12,0,23,15,0,19,19,38
NSpalding,Cumberland,85,20,0,16,17,0,101,37,0,105,33,138
NSpalding,SCobb,36,10,0,5,15,0,41,25,0,46,20,66
NSpalding,Chamblee,59,15,0,7,12,0,66,27,0,74,19,93
NSpalding,NWDeKalb,60,11,1,21,66,1,81,77,2,72,88,160
NSpalding,NEDeKalb,64,15,0,24,21,0,88,36,0,79,45,124
NSpalding,Atlanta-DeKalb,16,2,0,3,16,0,19,18,0,18,19,37
NSpalding,Decatur,10,2,0,4,12,0,14,14,0,12,16,28
NSpalding,SWDeKalb,57,12,0,15,14,0,72,26,0,69,29,98
NSpalding,SEDeKalb,56,6,0,16,28,0,72,34,0,62,44,106
NSpalding,SDeKalb,126,31,0,22,50,0,148,81,0,157,72,229
NSpalding,WDouglas,11,5,0,5,15,0,16,20,0,16,20,36
NSpalding,EDouglas,21,4,0,8,8,0,29,12,0,25,16,41
NSpalding,WFayette,811,126,0,218,386,0,1029,512,0,937,604,1541
NSpalding,EFayette,1193,207,0,644,1412,0,1837,1619,0,1400,2056,3456
NSpalding,NGwinnett,1,0,0,0,4,0,1,4,0,1,4,5
NSpalding,CentGwinnett,10,2,0,4,3,0,14,5,0,12,7,19
NSpalding,EGwinnett,2,1,0,2,6,0,4,7,0,3,8,11
NSpalding,Norcross,14,4,0,2,1,0,16,5,0,18,3,21
NSpalding,Lilburn,5,2,0,7,2,0,12,4,0,7,9,16
NSpalding,Snellville,18,4,0,6,3,0,24,7,0,22,9,31
NSpalding,NHenry,405,87,0,142,282,0,547,369,0,492,424,916
NSpalding,EHenry,486,98,0,209,362,0,695,460,0,584,571,1155
NSpalding,SHenry,4225,866,0,3439,9021,0,7664,9887,0,5091,12460,17551
NSpalding,SRockdale,83,13,0,19,19,0,102,32,0,96,38,134
NSpalding,NRockdale,68,16,0,23,37,0,91,53,0,84,60,144
NSpalding,NBarrow,1,0,0,0,4,0,1,4,0,1,4,5
NSpalding,SBarrow,4,0,0,0,0,0,4,0,0,4,0,4
NSpalding,NWBartow,0,0,0,0,0,0,0,0,0,0,0,0
NSpalding,NEBartow,0,0,0,0,0,0,0,0,0,0,0,0
NSpalding,SWBartow,0,0,0,0,0,0,0,0,0,0,0,0
NSpalding,Cartersville,1,0,0,0,0,0,1,0,0,1,0,1
NSpalding,NECarroll,2,0,0,0,1,0,2,1,0,2,1,3
NSpalding,WCarroll,0,0,0,1,0,0,1,0,0,0,1,1
NSpalding,CentralCarroll,8,0,0,2,2,0,10,2,0,8,4,12
NSpalding,SECarroll,2,0,0,1,9,0,3,9,0,2,10,12
NSpalding,WCoweta,37,6,0,10,7,0,47,13,0,43,17,60
NSpalding,NCoweta,288,46,0,73,114,0,361,160,0,334,187,521
NSpalding,SCoweta,50,12,0,29,27,0,79,39,0,62,56,118
NSpalding,SECoweta,373,70,0,226,324,0,599,394,0,443,550,993
NSpalding,NForsyth,0,0,0,0,0,0,0,0,0,0,0,0
NSpalding,Cumming,0,0,0,0,1,0,0,1,0,0,1,1
NSpalding,SForsyth,1,0,0,4,1,0,5,1,0,1,5,6
NSpalding,NHall,0,0,0,0,0,0,0,0,0,0,0,0
NSpalding,Gainesville,0,0,0,0,0,0,0,0,0,0,0,0
NSpalding,SHall,0,0,0,0,0,0,0,0,0,0,0,0
NSpalding,WNewton,209,35,0,64,64,0,273,99,0,244,128,372
NSpalding,ENewton,17,2,0,9,5,0,26,7,0,19,14,33
NSpalding,NPaulding,0,0,0,1,1,0,1,1,0,0,2,2
NSpalding,WPaulding,0,0,0,0,0,0,0,0,0,0,0,0
NSpalding,EPaulding,3,0,0,2,0,0,5,0,0,3,2,5
NSpalding,NSpalding,16979,3304,0,30317,68160,0,47296,71464,0,20283,98477,118760
NSpalding,SSpalding,8024,1454,0,11489,21747,0,19513,23201,0,9478,33236,42714
NSpalding,WWalton,6,1,0,3,16,0,9,17,0,7,19,26
NSpalding,EWalton,11,4,0,6,2,0,17,6,0,15,8,23
SSpalding,NFulton,3,0,0,0,0,0,3,0,0,3,0,3
SSpalding,Roswell,2,1,0,0,0,0,2,1,0,3,0,3
SSpalding,SandySprings,17,1,0,6,6,0,23,7,0,18,12,30
SSpalding,Buckhead,35,13,0,13,16,0,48,29,0,48,29,77
SSpalding,NWAtlanta,39,4,0,3,5,0,42,9,0,43,8,51
SSpalding,NEAtlanta,57,6,0,30,60,0,87,66,0,63,90,153
SSpalding,SWAtlanta,46,12,0,15,11,0,61,23,0,58,26,84
SSpalding,CBDAtlanta,52,15,1,27,38,0,79,53,1,68,65,133
SSpalding,SEAtlanta,60,14,0,22,71,0,82,85,0,74,93,167
SSpalding,SFulton,57,10,0,13,5,0,70,15,0,67,18,85
SSpalding,Tri-Cities,149,34,0,22,14,0,171,48,0,183,36,219
SSpalding,Shannon,124,20,0,33,61,0,157,81,0,144,94,238
SSpalding,WCherokee,0,0,0,0,0,0,0,0,0,0,0,0
SSpalding,NCherokee,0,0,0,0,0,0,0,0,0,0,0,0
SSpalding,ECentCherokee,0,0,0,0,0,0,0,0,0,0,0,0
SSpalding,Woodstock,0,1,0,0,1,0,0,2,0,1,1,2
SSpalding,Airport,110,11,0,14,33,0,124,44,0,121,47,168
SSpalding,NEClayton,284,49,1,61,71,0,345,120,1,334,132,466
SSpalding,Riverdale,137,20,0,40,124,0,177,144,0,157,164,321
SSpalding,SClayton,541,105,1,180,374,1,721,479,2,647,555,1202
SSpalding,NWCobb,1,1,0,0,1,0,1,2,0,2,1,3
SSpalding,NECobb,6,4,0,2,1,0,8,5,0,10,3,13
SSpalding,SWCobb,4,0,0,0,0,0,4,0,0,4,0,4
SSpalding,Marietta,6,3,0,2,3,0,8,6,0,9,5,14
SSpalding,Cumberland,47,12,0,9,33,0,56,45,0,59,42,101
SSpalding,SCobb,16,2,0,5,22,0,21,24,0,18,27,45
SSpalding,Chamblee,21,3,0,3,13,0,24,16,0,24,16,40
SSpalding,NWDeKalb,26,6,1,13,13,0,39,19,1,33,26,59
SSpalding,NEDeKalb,24,3,0,13,6,0,37,9,0,27,19,46
SSpalding,Atlanta-DeKalb,12,5,0,3,6,0,15,11,0,17,9,26
SSpalding,Decatur,7,1,0,3,1,0,10,2,0,8,4,12
SSpalding,SWDeKalb,37,2,0,18,22,0,55,24,0,39,40,79
SSpalding,SEDeKalb,31,5,0,6,23,0,37,28,0,36,29,65
SSpalding,SDeKalb,62,4,0,25,11,0,87,15,0,66,36,102
SSpalding,WDouglas,15,4,0,2,2,0,17,6,0,19,4,23
SSpalding,EDouglas,13,0,0,2,9,0,15,9,0,13,11,24
SSpalding,WFayette,812,128,0,197,598,0,1009,726,0,940,795,1735
SSpalding,EFayette,999,159,0,468,941,0,1467,1100,0,1158,1409,2567
SSpalding,NGwinnett,1,0,0,0,0,0,1,0,0,1,0,1
SSpalding,CentGwinnett,1,1,0,3,5,0,4,6,0,2,8,10
SSpalding,EGwinnett,2,0,0,0,1,0,2,1,0,2,1,3
SSpalding,Norcross,10,0,0,4,22,0,14,22,0,10,26,36
SSpalding,Lilburn,4,1,0,3,16,0,7,17,0,5,19,24
SSpalding,Snellville,7,5,0,5,1,0,12,6,0,12,6,18
SSpalding,NHenry,246,40,0,48,108,0,294,148,0,286,156,442
SSpalding,EHenry,290,55,0,67,130,0,357,185,0,345,197,542
SSpalding,SHenry,2013,383,0,823,1864,0,2836,2247,0,2396,2687,5083
SSpalding,SRockdale,48,16,0,7,18,0,55,34,0,64,25,89
SSpalding,NRockdale,49,11,0,16,7,0,65,18,0,60,23,83
SSpalding,NBarrow,0,0,0,0,0,0,0,0,0,0,0,0
SSpalding,SBarrow,0,0,0,0,0,0,0,0,0,0,0,0
SSpalding,NWBartow,0,0,0,0,0,0,0,0,0,0,0,0
SSpalding,NEBartow,0,0,0,0,0,0,0,0,0,0,0,0
SSpalding,SWBartow,0,0,0,0,0,0,0,0,0,0,0,0
SSpalding,Cartersville,0,0,0,0,4,0,0,4,0,0,4,4
SSpalding,NECarroll,2,0,0,2,0,0,4,0,0,2,2,4
SSpalding,WCarroll,1,0,0,0,0,0,1,0,0,1,0,1
SSpalding,CentralCarroll,10,1,0,8,8,0,18,9,0,11,16,27
SSpalding,SECarroll,3,0,0,1,1,0,4,1,0,3,2,5
SSpalding,WCoweta,50,8,0,16,22,0,66,30,0,58,38,96
SSpalding,NCoweta,353,56,0,89,249,0,442,305,0,409,338,747
SSpalding,SCoweta,67,13,0,13,82,0,80,95,0,80,95,175
SSpalding,SECoweta,439,66,0,237,456,0,676,522,0,505,693,1198
SSpalding,NForsyth,0,0,0,0,0,0,0,0,0,0,0,0
SSpalding,Cumming,0,0,0,0,0,0,0,0,0,0,0,0
SSpalding,SForsyth,1,0,0,0,0,0,1,0,0,1,0,1
SSpalding,NHall,0,0,0,0,0,0,0,0,0,0,0,0
SSpalding,Gainesville,0,0,0,0,0,0,0,0,0,0,0,0
SSpalding,SHall,0,0,0,0,0,0,0,0,0,0,0,0
SSpalding,WNewton,135,28,0,20,65,0,155,93,0,163,85,248
SSpalding,ENewton,9,2,0,4,7,0,13,9,0,11,11,22
SSpalding,NPaulding,0,0,0,0,0,0,0,0,0,0,0,0
SSpalding,WPaulding,0,0,0,0,0,0,0,0,0,0,0,0
SSpalding,EPaulding,1,0,0,2,1,0,3,1,0,1,3,4
SSpalding,NSpalding,7930,1441,0,11391,21752,0,19321,23193,0,9371,33143,42514
SSpalding,SSpalding,13611,2372,0,19414,35670,0,33025,38042,0,15983,55084,71067
SSpalding,WWalton,3,0,0,0,1,0,3,1,0,3,1,4
SSpalding,EWalton,2,1,0,0,0,0,2,1,0,3,0,3
WWalton,NFulton,216,33,0,61,104,0,277,137,0,249,165,414
WWalton,Roswell,92,13,0,18,34,0,110,47,0,105,52,157
WWalton,SandySprings,226,52,2,40,116,0,266,168,2,280,156,436
WWalton,Buckhead,150,33,2,40,113,0,190,146,2,185,153,338
WWalton,NWAtlanta,73,14,0,13,72,0,86,86,0,87,85,172
WWalton,NEAtlanta,216,30,1,71,277,6,287,307,7,247,354,601
WWalton,SWAtlanta,60,8,0,22,62,1,82,70,1,68,85,153
WWalton,CBDAtlanta,159,29,9,58,229,4,217,258,13,197,291,488
WWalton,SEAtlanta,108,21,1,34,72,1,142,93,2,130,107,237
WWalton,SFulton,18,2,0,0,21,0,18,23,0,20,21,41
WWalton,Tri-Cities,109,25,0,13,87,0,122,112,0,134,100,234
WWalton,Shannon,22,10,0,6,11,0,28,21,0,32,17,49
WWalton,WCherokee,0,0,0,0,0,0,0,0,0,0,0,0
WWalton,NCherokee,1,0,0,0,0,0,1,0,0,1,0,1
WWalton,ECentCherokee,8,0,0,3,12,0,11,12,0,8,15,23
WWalton,Woodstock,15,1,0,8,0,0,23,1,0,16,8,24
WWalton,Airport,55,6,0,7,18,0,62,24,0,61,25,86
WWalton,NEClayton,132,24,0,19,78,0,151,102,0,156,97,253
WWalton,Riverdale,33,3,0,8,12,0,41,15,0,36,20,56
WWalton,SClayton,32,7,0,10,21,0,42,28,0,39,31,70
WWalton,NWCobb,15,3,0,4,2,0,19,5,0,18,6,24
WWalton,NECobb,62,7,0,9,22,0,71,29,0,69,31,100
WWalton,SWCobb,7,2,0,3,1,0,10,3,0,9,4,13
WWalton,Marietta,27,11,0,10,8,0,37,19,0,38,18,56
WWalton,Cumberland,123,34,0,14,37,0,137,71,0,157,51,208
WWalton,SCobb,37,7,0,9,32,0,46,39,0,44,41,85
WWalton,Chamblee,329,55,1,60,122,2,389,177,3,385,184,569
WWalton,NWDeKalb,303,42,0,137,548,8,440,590,8,345,693,1038
WWalton,NEDeKalb,799,147,1,207,645,2,1006,792,3,947,854,1801
WWalton,Atlanta-DeKalb,35,1,0,11,34,0,46,35,0,36,45,81
WWalton,Decatur,49,10,1,20,55,0,69,65,1,60,75,135
WWalton,SWDeKalb,214,40,1,72,200,1,286,240,2,255,273,528
WWalton,SEDeKalb,656,124,1,304,932,0,960,1056,1,781,1236,2017
WWalton,SDeKalb,376,63,0,194,371,2,570,434,2,439,567,1006
WWalton,WDouglas,1,0,0,5,1,0,6,1,0,1,6,7
WWalton,EDouglas,7,3,0,7,12,0,14,15,0,10,19,29
WWalton,WFayette,6,2,0,0,2,0,6,4,0,8,2,10
WWalton,EFayette,16,2,0,3,20,0,19,22,0,18,23,41
WWalton,NGwinnett,1029,159,0,347,918,0,1376,1077,0,1188,1265,2453
WWalton,CentGwinnett,2284,468,0,1105,3054,1,3389,3522,1,2752,4160,6912
WWalton,EGwinnett,1997,369,0,2381,7360,0,4378,7729,0,2366,9741,12107
WWalton,Norcross,806,153,0,118,320,0,924,473,0,959,438,1397
WWalton,Lilburn,682,106,0,305,816,0,987,922,0,788,1121,1909
WWalton,Snellville,3264,634,0,4520,13385,0,7784,14019,0,3898,17905,21803
WWalton,NHenry,155,28,0,37,95,0,192,123,0,183,132,315
WWalton,EHenry,94,21,0,22,61,0,116,82,0,115,83,198
WWalton,SHenry,150,18,0,37,63,0,187,81,0,168,100,268
WWalton,SRockdale,311,54,0,125,506,0,436,560,0,365,631,996
WWalton,NRockdale,2059,396,0,1038,2906,0,3097,3302,0,2455,3944,6399
WWalton,NBarrow,556,109,0,237,700,0,793,809,0,665,937,1602
WWalton,SBarrow,666,132,0,350,1433,0,1016,1565,0,798,1783,2581
WWalton,NWBartow,0,0,0,0,0,0,0,0,0,0,0,0
WWalton,NEBartow,0,0,0,1,0,0,1,0,0,0,1,1
WWalton,SWBartow,0,0,0,0,0,0,0,0,0,0,0,0
WWalton,Cartersville,0,0,0,0,0,0,0,0,0,0,0,0
WWalton,NECarroll,0,0,0,0,0,0,0,0,0,0,0,0
WWalton,WCarroll,0,0,0,0,0,0,0,0,0,0,0,0
WWalton,CentralCarroll,0,0,0,0,0,0,0,0,0,0,0,0
WWalton,SECarroll,0,0,0,0,0,0,0,0,0,0,0,0
WWalton,WCoweta,0,0,0,0,0,0,0,0,0,0,0,0
WWalton,NCoweta,3,1,0,2,4,0,5,5,0,4,6,10
WWalton,SCoweta,0,0,0,0,0,0,0,0,0,0,0,0
WWalton,SECoweta,0,0,0,0,0,0,0,0,0,0,0,0
WWalton,NForsyth,8,0,0,5,3,0,13,3,0,8,8,16
WWalton,Cumming,40,8,0,21,57,0,61,65,0,48,78,126
WWalton,SForsyth,100,20,0,13,20,0,113,40,0,120,33,153
WWalton,NHall,8,1,0,2,7,0,10,8,0,9,9,18
WWalton,Gainesville,63,11,0,27,34,0,90,45,0,74,61,135
WWalton,SHall,104,24,0,54,78,0,158,102,0,128,132,260
WWalton,WNewton,2349,423,0,1633,4034,0,3982,4457,0,2772,5667,8439
WWalton,ENewton,275,52,0,198,532,0,473,584,0,327,730,1057
WWalton,NPaulding,0,0,0,1,0,0,1,0,0,0,1,1
WWalton,WPaulding,0,0,0,0,0,0,0,0,0,0,0,0
WWalton,EPaulding,3,1,0,3,1,0,6,2,0,4,4,8
WWalton,NSpalding,9,1,0,3,21,0,12,22,0,10,24,34
WWalton,SSpalding,6,0,0,2,0,0,8,0,0,6,2,8
WWalton,WWalton,11674,2204,0,24800,64629,0,36474,66833,0,13878,89429,103307
WWalton,EWalton,3060,586,0,2995,8861,0,6055,9447,0,3646,11856,15502
EWalton,NFulton,114,20,0,37,48,0,151,68,0,134,85,219
EWalton,Roswell,56,5,0,12,20,0,68,25,0,61,32,93
EWalton,SandySprings,96,12,0,18,54,0,114,66,0,108,72,180
EWalton,Buckhead,71,13,0,28,119,0,99,132,0,84,147,231
EWalton,NWAtlanta,27,5,0,9,18,0,36,23,0,32,27,59
EWalton,NEAtlanta,60,21,0,29,124,0,89,145,0,81,153,234
EWalton,SWAtlanta,11,2,0,9,26,0,20,28,0,13,35,48
EWalton,CBDAtlanta,55,10,2,34,106,0,89,116,2,67,140,207
EWalton,SEAtlanta,33,4,0,16,41,0,49,45,0,37,57,94
EWalton,SFulton,8,0,0,0,0,0,8,0,0,8,0,8
EWalton,Tri-Cities,35,5,0,3,24,0,38,29,0,40,27,67
EWalton,Shannon,5,1,0,2,1,0,7,2,0,6,3,9
EWalton,WCherokee,0,0,0,0,0,0,0,0,0,0,0,0
EWalton,NCherokee,0,0,0,0,0,0,0,0,0,0,0,0
EWalton,ECentCherokee,6,0,0,3,3,0,9,3,0,6,6,12
EWalton,Woodstock,1,0,0,2,0,0,3,0,0,1,2,3
EWalton,Airport,18,7,0,1,6,0,19,13,0,25,7,32
EWalton,NEClayton,40,11,0,22,19,0,62,30,0,51,41,92
EWalton,Riverdale,8,0,0,3,10,0,11,10,0,8,13,21
EWalton,SClayton,24,2,0,9,9,0,33,11,0,26,18,44
EWalton,NWCobb,4,0,0,3,4,0,7,4,0,4,7,11
EWalton,NECobb,24,5,0,5,2,0,29,7,0,29,7,36
EWalton,SWCobb,0,0,0,2,0,0,2,0,0,0,2,2
EWalton,Marietta,6,0,0,1,3,0,7,3,0,6,4,10
EWalton,Cumberland,49,11,0,10,66,0,59,77,0,60,76,136
EWalton,SCobb,8,1,0,2,7,0,10,8,0,9,9,18
EWalton,Chamblee,133,29,0,40,47,0,173,76,0,162,87,249
EWalton,NWDeKalb,108,24,0,43,124,0,151,148,0,132,167,299
EWalton,NEDeKalb,301,48,0,80,238,0,381,286,0,349,318,667
EWalton,Atlanta-DeKalb,12,1,0,15,18,0,27,19,0,13,33,46
EWalton,Decatur,23,6,0,7,32,0,30,38,0,29,39,68
EWalton,SWDeKalb,62,7,0,28,45,0,90,52,0,69,73,142
EWalton,SEDeKalb,237,48,0,57,217,1,294,265,1,285,275,560
EWalton,SDeKalb,146,34,0,45,81,0,191,115,0,180,126,306
EWalton,WDouglas,2,0,0,2,0,0,4,0,0,2,2,4
EWalton,EDouglas,6,0,0,4,2,0,10,2,0,6,6,12
EWalton,WFayette,1,0,0,0,0,0,1,0,0,1,0,1
EWalton,EFayette,7,1,0,0,6,0,7,7,0,8,6,14
EWalton,NGwinnett,832,144,0,214,534,0,1046,678,0,976,748,1724
EWalton,CentGwinnett,1092,182,0,357,847,0,1449,1029,0,1274,1204,2478
EWalton,EGwinnett,1257,240,0,577,1586,0,1834,1826,0,1497,2163,3660
EWalton,Norcross,345,60,0,57,102,0,402,162,0,405,159,564
EWalton,Lilburn,247,32,0,74,156,0,321,188,0,279,230,509
EWalton,Snellville,982,189,0,333,1444,0,1315,1633,0,1171,1777,2948
EWalton,NHenry,80,17,0,24,50,0,104,67,0,97,74,171
EWalton,EHenry,80,17,0,25,58,0,105,75,0,97,83,180
EWalton,SHenry,91,19,0,34,63,0,125,82,0,110,97,207
EWalton,SRockdale,167,39,0,50,97,0,217,136,0,206,147,353
EWalton,NRockdale,961,171,0,186,555,0,1147,726,0,1132,741,1873
EWalton,NBarrow,1047,194,0,548,1429,0,1595,1623,0,1241,1977,3218
EWalton,SBarrow,1569,299,0,973,2840,0,2542,3139,0,1868,3813,5681
EWalton,NWBartow,0,0,0,0,0,0,0,0,0,0,0,0
EWalton,NEBartow,0,0,0,0,0,0,0,0,0,0,0,0
EWalton,SWBartow,0,0,0,0,0,0,0,0,0,0,0,0
EWalton,Cartersville,0,0,0,1,0,0,1,0,0,0,1,1
EWalton,NECarroll,0,0,0,0,0,0,0,0,0,0,0,0
EWalton,WCarroll,0,0,0,0,0,0,0,0,0,0,0,0
EWalton,CentralCarroll,0,0,0,0,0,0,0,0,0,0,0,0
EWalton,SECarroll,0,0,0,0,0,0,0,0,0,0,0,0
EWalton,WCoweta,0,0,0,0,4,0,0,4,0,0,4,4
EWalton,NCoweta,1,0,0,0,0,0,1,0,0,1,0,1
EWalton,SCoweta,0,0,0,0,0,0,0,0,0,0,0,0
EWalton,SECoweta,2,0,0,0,0,0,2,0,0,2,0,2
EWalton,NForsyth,9,4,0,5,16,0,14,20,0,13,21,34
EWalton,Cumming,48,11,0,24,71,0,72,82,0,59,95,154
EWalton,SForsyth,80,9,0,13,19,0,93,28,0,89,32,121
EWalton,NHall,5,1,0,5,7,0,10,8,0,6,12,18
EWalton,Gainesville,69,16,0,24,43,0,93,59,0,85,67,152
EWalton,SHall,136,16,0,63,83,0,199,99,0,152,146,298
EWalton,WNewton,2219,428,0,808,1752,0,3027,2180,0,2647,2560,5207
EWalton,ENewton,1038,181,0,977,2056,0,2015,2237,0,1219,3033,4252
EWalton,NPaulding,1,0,0,0,0,0,1,0,0,1,0,1
EWalton,WPaulding,0,0,0,0,0,0,0,0,0,0,0,0
EWalton,EPaulding,0,0,0,0,1,0,0,1,0,0,1,1
EWalton,NSpalding,10,3,0,4,1,0,14,4,0,13,5,18
EWalton,SSpalding,4,0,0,0,1,0,4,1,0,4,1,5
EWalton,WWalton,3059,554,0,3031,8923,0,6090,9477,0,3613,11954,15567
EWalton,EWalton,25499,4785,0,41423,89798,0,66922,94583,0,30284,131221,161505
