FROM,TO,Work trips SOV,Work trips HOV,Work trips Transit,Non-work SOV,Non-work HOV,Non-work Transit,All SOV,All HOV,All Transit,Work trips All,Non-work All,All Trips
NFulton,NFulton,80952,14640,654,130112,218618,1188,211064,233258,1842,96246,349918,446164
NFulton,Roswell,17850,3262,148,23777,49506,279,41627,52768,427,21260,73562,94822
NFulton,SandySprings,7391,1317,283,2926,6257,167,10317,7574,450,8991,9350,18341
NFulton,Buckhead,2734,421,342,400,940,66,3134,1361,408,3497,1406,4903
NFulton,NWAtlanta,413,74,66,64,182,13,477,256,79,553,259,812
NFulton,NEAtlanta,1582,289,352,213,779,98,1795,1068,450,2223,1090,3313
NFulton,SWAtlanta,300,68,67,62,90,13,362,158,80,435,165,600
NFulton,CBDAtlanta,802,169,561,134,412,101,936,581,662,1532,647,2179
NFulton,SEAtlanta,263,82,49,55,101,6,318,183,55,394,162,556
NFulton,SFulton,82,19,2,16,30,1,98,49,3,103,47,150
NFulton,Tri-Cities,218,74,34,44,57,8,262,131,42,326,109,435
NFulton,Shannon,79,16,7,22,88,2,101,104,9,102,112,214
NFulton,WCherokee,509,89,0,129,419,0,638,508,0,598,548,1146
NFulton,NCherokee,428,79,0,129,258,0,557,337,0,507,387,894
NFulton,ECentCherokee,7316,1342,1,4432,12280,6,11748,13622,7,8659,16718,25377
NFulton,Woodstock,3691,714,3,2540,5989,8,6231,6703,11,4408,8537,12945
NFulton,Airport,68,25,34,12,5,3,80,30,37,127,20,147
NFulton,NEClayton,149,50,4,24,83,2,173,133,6,203,109,312
NFulton,Riverdale,86,25,6,13,30,1,99,55,7,117,44,161
NFulton,SClayton,70,19,2,16,31,2,86,50,4,91,49,140
NFulton,NWCobb,1566,288,1,483,1047,9,2049,1335,10,1855,1539,3394
NFulton,NECobb,5275,959,6,3597,9095,20,8872,10054,26,6240,12712,18952
NFulton,SWCobb,272,54,1,59,106,2,331,160,3,327,167,494
NFulton,Marietta,872,181,1,266,608,12,1138,789,13,1054,886,1940
NFulton,Cumberland,1841,306,15,350,827,9,2191,1133,24,2162,1186,3348
NFulton,SCobb,396,57,7,92,143,1,488,200,8,460,236,696
NFulton,Chamblee,4487,794,210,1504,3983,56,5991,4777,266,5491,5543,11034
NFulton,NWDeKalb,1011,169,48,177,957,51,1188,1126,99,1228,1185,2413
NFulton,NEDeKalb,1344,233,34,401,1008,10,1745,1241,44,1611,1419,3030
NFulton,Atlanta-DeKalb,139,25,23,33,41,5,172,66,28,187,79,266
NFulton,Decatur,133,23,27,26,77,14,159,100,41,183,117,300
NFulton,SWDeKalb,280,58,46,56,145,16,336,203,62,384,217,601
NFulton,SEDeKalb,278,46,17,49,143,2,327,189,19,341,194,535
NFulton,SDeKalb,197,44,16,63,101,2,260,145,18,257,166,423
NFulton,WDouglas,60,4,1,14,30,1,74,34,2,65,45,110
NFulton,EDouglas,126,23,2,32,75,2,158,98,4,151,109,260
NFulton,WFayette,14,1,0,8,14,0,22,15,0,15,22,37
NFulton,EFayette,40,11,0,15,31,0,55,42,0,51,46,97
NFulton,NGwinnett,5368,962,4,2656,7220,13,8024,8182,17,6334,9889,16223
NFulton,CentGwinnett,8915,1743,12,8760,20382,25,17675,22125,37,10670,29167,39837
NFulton,EGwinnett,822,135,1,163,412,3,985,547,4,958,578,1536
NFulton,Norcross,7102,1354,24,4949,12240,36,12051,13594,60,8480,17225,25705
NFulton,Lilburn,876,147,3,385,989,11,1261,1136,14,1026,1385,2411
NFulton,Snellville,847,152,3,226,491,4,1073,643,7,1002,721,1723
NFulton,NHenry,81,15,1,23,29,0,104,44,1,97,52,149
NFulton,EHenry,42,9,1,13,14,0,55,23,1,52,27,79
NFulton,SHenry,41,14,0,19,27,0,60,41,0,55,46,101
NFulton,SRockdale,59,6,0,18,20,0,77,26,0,65,38,103
NFulton,NRockdale,85,15,0,23,47,1,108,62,1,100,71,171
NFulton,NBarrow,290,46,0,53,65,0,343,111,0,336,118,454
NFulton,SBarrow,212,33,0,45,107,0,257,140,0,245,152,397
NFulton,NWBartow,48,7,0,16,36,0,64,43,0,55,52,107
NFulton,NEBartow,80,18,0,35,39,0,115,57,0,98,74,172
NFulton,SWBartow,81,12,0,19,72,0,100,84,0,93,91,184
NFulton,Cartersville,240,40,0,54,146,0,294,186,0,280,200,480
NFulton,NECarroll,10,2,0,4,6,0,14,8,0,12,10,22
NFulton,WCarroll,0,0,0,0,0,0,0,0,0,0,0,0
NFulton,CentralCarroll,3,0,0,1,7,0,4,7,0,3,8,11
NFulton,SECarroll,1,0,0,0,0,0,1,0,0,1,0,1
NFulton,WCoweta,5,1,0,1,1,0,6,2,0,6,2,8
NFulton,NCoweta,16,6,1,7,33,0,23,39,1,23,40,63
NFulton,SCoweta,1,0,0,0,1,0,1,1,0,1,1,2
NFulton,SECoweta,0,2,0,0,0,0,0,2,0,2,0,2
NFulton,NForsyth,4025,629,1,694,1997,1,4719,2626,2,4655,2692,7347
NFulton,Cumming,12426,2203,17,5162,14305,24,17588,16508,41,14646,19491,34137
NFulton,SForsyth,16271,3076,47,18495,41076,86,34766,44152,133,19394,59657,79051
NFulton,NHall,237,47,0,50,103,0,287,150,0,284,153,437
NFulton,Gainesville,595,113,0,120,209,0,715,322,0,708,329,1037
NFulton,SHall,798,140,0,163,274,0,961,414,0,938,437,1375
NFulton,WNewton,84,19,0,14,18,0,98,37,0,103,32,135
NFulton,ENewton,7,1,0,6,11,0,13,12,0,8,17,25
NFulton,NPaulding,137,22,0,28,96,0,165,118,0,159,124,283
NFulton,WPaulding,26,3,0,18,35,0,44,38,0,29,53,82
NFulton,EPaulding,262,28,0,73,172,0,335,200,0,290,245,535
NFulton,NSpalding,3,3,0,1,1,0,4,4,0,6,2,8
NFulton,SSpalding,1,0,0,1,1,0,2,1,0,1,2,3
NFulton,WWalton,222,24,0,46,77,1,268,101,1,246,124,370
NFulton,EWalton,111,20,0,28,88,0,139,108,0,131,116,247
Roswell,NFulton,18168,3405,145,23860,49727,272,42028,53132,417,21718,73859,95577
Roswell,Roswell,29510,5131,207,61820,114119,384,91330,119250,591,34848,176323,211171
Roswell,SandySprings,7535,1272,206,6919,13929,231,14454,15201,437,9013,21079,30092
Roswell,Buckhead,2353,349,316,453,1186,74,2806,1535,390,3018,1713,4731
Roswell,NWAtlanta,361,64,53,57,112,8,418,176,61,478,177,655
Roswell,NEAtlanta,1237,214,307,236,754,144,1473,968,451,1758,1134,2892
Roswell,SWAtlanta,244,52,29,56,80,25,300,132,54,325,161,486
Roswell,CBDAtlanta,703,134,605,93,265,98,796,399,703,1442,456,1898
Roswell,SEAtlanta,197,50,32,48,92,11,245,142,43,279,151,430
Roswell,SFulton,53,7,1,19,92,0,72,99,1,61,111,172
Roswell,Tri-Cities,230,56,26,21,110,5,251,166,31,312,136,448
Roswell,Shannon,56,7,1,19,42,1,75,49,2,64,62,126
Roswell,WCherokee,240,34,0,54,124,0,294,158,0,274,178,452
Roswell,NCherokee,157,14,0,43,100,0,200,114,0,171,143,314
Roswell,ECentCherokee,2706,471,1,1253,3901,0,3959,4372,1,3178,5154,8332
Roswell,Woodstock,2898,490,7,1778,4642,6,4676,5132,13,3395,6426,9821
Roswell,Airport,80,19,32,11,5,1,91,24,33,131,17,148
Roswell,NEClayton,113,36,2,30,31,3,143,67,5,151,64,215
Roswell,Riverdale,65,23,5,10,13,0,75,36,5,93,23,116
Roswell,SClayton,51,10,0,10,30,0,61,40,0,61,40,101
Roswell,NWCobb,1363,265,0,494,1306,12,1857,1571,12,1628,1812,3440
Roswell,NECobb,6306,1131,13,7372,17773,20,13678,18904,33,7450,25165,32615
Roswell,SWCobb,252,47,0,63,89,0,315,136,0,299,152,451
Roswell,Marietta,910,159,0,370,1042,10,1280,1201,10,1069,1422,2491
Roswell,Cumberland,1779,314,17,582,1491,6,2361,1805,23,2110,2079,4189
Roswell,SCobb,330,49,3,88,253,0,418,302,3,382,341,723
Roswell,Chamblee,3814,659,124,2567,5938,77,6381,6597,201,4597,8582,13179
Roswell,NWDeKalb,736,129,36,222,738,51,958,867,87,901,1011,1912
Roswell,NEDeKalb,956,177,9,439,926,11,1395,1103,20,1142,1376,2518
Roswell,Atlanta-DeKalb,88,13,10,19,67,3,107,80,13,111,89,200
Roswell,Decatur,103,14,12,19,64,9,122,78,21,129,92,221
Roswell,SWDeKalb,181,32,16,38,105,4,219,137,20,229,147,376
Roswell,SEDeKalb,176,30,6,62,127,2,238,157,8,212,191,403
Roswell,SDeKalb,160,23,0,38,81,1,198,104,1,183,120,303
Roswell,WDouglas,41,11,0,16,50,0,57,61,0,52,66,118
Roswell,EDouglas,119,14,0,32,42,0,151,56,0,133,74,207
Roswell,WFayette,16,0,0,11,11,0,27,11,0,16,22,38
Roswell,EFayette,24,9,0,14,23,0,38,32,0,33,37,70
Roswell,NGwinnett,1175,220,0,311,750,0,1486,970,0,1395,1061,2456
Roswell,CentGwinnett,2221,433,3,1378,3370,4,3599,3803,7,2657,4752,7409
Roswell,EGwinnett,325,51,0,57,203,0,382,254,0,376,260,636
Roswell,Norcross,5044,917,15,4915,11796,12,9959,12713,27,5976,16723,22699
Roswell,Lilburn,525,89,0,245,521,0,770,610,0,614,766,1380
Roswell,Snellville,340,57,0,71,231,0,411,288,0,397,302,699
Roswell,NHenry,48,9,0,16,22,0,64,31,0,57,38,95
Roswell,EHenry,27,10,0,7,13,0,34,23,0,37,20,57
Roswell,SHenry,37,8,1,16,44,0,53,52,1,46,60,106
Roswell,SRockdale,42,6,0,10,6,0,52,12,0,48,16,64
Roswell,NRockdale,45,3,0,15,54,0,60,57,0,48,69,117
Roswell,NBarrow,105,18,0,23,70,0,128,88,0,123,93,216
Roswell,SBarrow,69,4,0,20,38,0,89,42,0,73,58,131
Roswell,NWBartow,46,9,0,8,9,0,54,18,0,55,17,72
Roswell,NEBartow,45,6,0,24,28,0,69,34,0,51,52,103
Roswell,SWBartow,58,13,0,22,52,0,80,65,0,71,74,145
Roswell,Cartersville,193,37,0,52,108,0,245,145,0,230,160,390
Roswell,NECarroll,9,0,0,4,4,0,13,4,0,9,8,17
Roswell,WCarroll,1,0,0,0,0,0,1,0,0,1,0,1
Roswell,CentralCarroll,4,2,0,2,0,0,6,2,0,6,2,8
Roswell,SECarroll,0,0,0,0,0,0,0,0,0,0,0,0
Roswell,WCoweta,3,0,0,0,0,0,3,0,0,3,0,3
Roswell,NCoweta,17,2,0,9,11,0,26,13,0,19,20,39
Roswell,SCoweta,0,0,0,2,1,0,2,1,0,0,3,3
Roswell,SECoweta,3,0,0,1,0,0,4,0,0,3,1,4
Roswell,NForsyth,1146,170,1,172,531,0,1318,701,1,1317,703,2020
Roswell,Cumming,2890,460,0,697,2201,1,3587,2661,1,3350,2899,6249
Roswell,SForsyth,2385,478,2,1334,3822,7,3719,4300,9,2865,5163,8028
Roswell,NHall,61,11,0,19,54,0,80,65,0,72,73,145
Roswell,Gainesville,178,30,0,24,73,0,202,103,0,208,97,305
Roswell,SHall,180,35,0,31,93,0,211,128,0,215,124,339
Roswell,WNewton,37,7,0,11,35,0,48,42,0,44,46,90
Roswell,ENewton,1,1,0,0,1,0,1,2,0,2,1,3
Roswell,NPaulding,119,14,0,39,52,0,158,66,0,133,91,224
Roswell,WPaulding,18,4,0,8,29,0,26,33,0,22,37,59
Roswell,EPaulding,245,45,0,47,94,0,292,139,0,290,141,431
Roswell,NSpalding,3,1,0,2,1,0,5,2,0,4,3,7
Roswell,SSpalding,2,1,0,0,0,0,2,1,0,3,0,3
Roswell,WWalton,75,9,0,12,37,0,87,46,0,84,49,133
Roswell,EWalton,42,10,0,14,16,0,56,26,0,52,30,82
SandySprings,NFulton,7580,1338,294,2957,6291,159,10537,7629,453,9212,9407,18619
SandySprings,Roswell,7990,1325,214,6994,14022,229,14984,15347,443,9529,21245,30774
SandySprings,SandySprings,49577,7517,1359,90408,111173,1601,139985,118690,2960,58453,203182,261635
SandySprings,Buckhead,11940,1734,1197,9391,14579,627,21331,16313,1824,14871,24597,39468
SandySprings,NWAtlanta,1832,350,458,600,1008,110,2432,1358,568,2640,1718,4358
SandySprings,NEAtlanta,5524,900,1648,1673,2823,515,7197,3723,2163,8072,5011,13083
SandySprings,SWAtlanta,1436,256,590,277,340,140,1713,596,730,2282,757,3039
SandySprings,CBDAtlanta,2475,501,2131,534,1061,478,3009,1562,2609,5107,2073,7180
SandySprings,SEAtlanta,1103,281,534,199,341,102,1302,622,636,1918,642,2560
SandySprings,SFulton,441,87,40,87,129,15,528,216,55,568,231,799
SandySprings,Tri-Cities,854,214,331,82,186,50,936,400,381,1399,318,1717
SandySprings,Shannon,541,113,129,59,133,20,600,246,149,783,212,995
SandySprings,WCherokee,190,32,0,34,50,0,224,82,0,222,84,306
SandySprings,NCherokee,86,18,0,28,54,0,114,72,0,104,82,186
SandySprings,ECentCherokee,1509,274,5,373,979,3,1882,1253,8,1788,1355,3143
SandySprings,Woodstock,1920,303,7,469,990,12,2389,1293,19,2230,1471,3701
SandySprings,Airport,245,69,137,17,56,8,262,125,145,451,81,532
SandySprings,NEClayton,532,164,58,74,129,8,606,293,66,754,211,965
SandySprings,Riverdale,394,117,117,40,72,9,434,189,126,628,121,749
SandySprings,SClayton,292,88,27,55,168,5,347,256,32,407,228,635
SandySprings,NWCobb,2163,390,18,447,948,13,2610,1338,31,2571,1408,3979
SandySprings,NECobb,8073,1397,63,6819,13671,84,14892,15068,147,9533,20574,30107
SandySprings,SWCobb,818,129,7,214,359,8,1032,488,15,954,581,1535
SandySprings,Marietta,1685,309,17,890,1580,14,2575,1889,31,2011,2484,4495
SandySprings,Cumberland,8386,1300,93,7162,10090,94,15548,11390,187,9779,17346,27125
SandySprings,SCobb,1930,297,72,689,1554,18,2619,1851,90,2299,2261,4560
SandySprings,Chamblee,20936,3438,746,30706,42731,719,51642,46169,1465,25120,74156,99276
SandySprings,NWDeKalb,2929,440,242,1182,1998,100,4111,2438,342,3611,3280,6891
SandySprings,NEDeKalb,4102,689,217,1706,2911,85,5808,3600,302,5008,4702,9710
SandySprings,Atlanta-DeKalb,579,104,188,119,237,44,698,341,232,871,400,1271
SandySprings,Decatur,513,82,143,125,194,28,638,276,171,738,347,1085
SandySprings,SWDeKalb,1345,249,304,183,414,66,1528,663,370,1898,663,2561
SandySprings,SEDeKalb,1384,226,212,140,403,31,1524,629,243,1822,574,2396
SandySprings,SDeKalb,868,165,116,130,211,20,998,376,136,1149,361,1510
SandySprings,WDouglas,343,64,9,64,167,2,407,231,11,416,233,649
SandySprings,EDouglas,620,102,37,111,158,24,731,260,61,759,293,1052
SandySprings,WFayette,105,13,2,34,32,4,139,45,6,120,70,190
SandySprings,EFayette,155,41,11,31,39,2,186,80,13,207,72,279
SandySprings,NGwinnett,2040,319,20,265,558,15,2305,877,35,2379,838,3217
SandySprings,CentGwinnett,3379,575,74,796,1697,67,4175,2272,141,4028,2560,6588
SandySprings,EGwinnett,753,126,3,95,209,2,848,335,5,882,306,1188
SandySprings,Norcross,6309,1103,130,4598,9362,117,10907,10465,247,7542,14077,21619
SandySprings,Lilburn,1235,185,29,363,830,21,1598,1015,50,1449,1214,2663
SandySprings,Snellville,885,151,16,164,421,9,1049,572,25,1052,594,1646
SandySprings,NHenry,319,93,27,56,82,5,375,175,32,439,143,582
SandySprings,EHenry,177,31,1,28,42,4,205,73,5,209,74,283
SandySprings,SHenry,252,56,8,31,87,3,283,143,11,316,121,437
SandySprings,SRockdale,176,30,9,43,73,1,219,103,10,215,117,332
SandySprings,NRockdale,215,45,13,38,74,2,253,119,15,273,114,387
SandySprings,NBarrow,184,33,0,29,71,0,213,104,0,217,100,317
SandySprings,SBarrow,177,29,0,32,56,0,209,85,0,206,88,294
SandySprings,NWBartow,70,10,0,16,14,0,86,24,0,80,30,110
SandySprings,NEBartow,55,10,0,23,26,0,78,36,0,65,49,114
SandySprings,SWBartow,93,16,0,29,46,0,122,62,0,109,75,184
SandySprings,Cartersville,308,51,1,74,134,0,382,185,1,360,208,568
SandySprings,NECarroll,59,13,0,17,34,0,76,47,0,72,51,123
SandySprings,WCarroll,2,1,0,3,5,0,5,6,0,3,8,11
SandySprings,CentralCarroll,38,6,0,13,10,0,51,16,0,44,23,67
SandySprings,SECarroll,6,0,0,5,2,0,11,2,0,6,7,13
SandySprings,WCoweta,28,5,0,8,6,0,36,11,0,33,14,47
SandySprings,NCoweta,158,34,11,29,67,5,187,101,16,203,101,304
SandySprings,SCoweta,6,0,0,5,6,0,11,6,0,6,11,17
SandySprings,SECoweta,20,4,1,1,14,1,21,18,2,25,16,41
SandySprings,NForsyth,757,161,1,154,360,1,911,521,2,919,515,1434
SandySprings,Cumming,2217,364,14,379,1036,22,2596,1400,36,2595,1437,4032
SandySprings,SForsyth,1527,281,35,385,949,31,1912,1230,66,1843,1365,3208
SandySprings,NHall,67,9,0,14,35,0,81,44,0,76,49,125
SandySprings,Gainesville,139,18,0,42,81,0,181,99,0,157,123,280
SandySprings,SHall,319,58,1,51,136,1,370,194,2,378,188,566
SandySprings,WNewton,233,55,11,51,90,2,284,145,13,299,143,442
SandySprings,ENewton,39,1,0,3,1,0,42,2,0,40,4,44
SandySprings,NPaulding,247,42,0,57,78,0,304,120,0,289,135,424
SandySprings,WPaulding,94,12,0,16,78,0,110,90,0,106,94,200
SandySprings,EPaulding,750,109,6,108,240,5,858,349,11,865,353,1218
SandySprings,NSpalding,31,16,2,6,17,0,37,33,2,49,23,72
SandySprings,SSpalding,17,3,0,7,6,0,24,9,0,20,13,33
SandySprings,WWalton,157,27,1,33,70,1,190,97,2,185,104,289
SandySprings,EWalton,67,17,0,19,31,0,86,48,0,84,50,134
Buckhead,NFulton,2695,400,339,408,1014,76,3103,1414,415,3434,1498,4932
Buckhead,Roswell,2162,365,308,446,1093,84,2608,1458,392,2835,1623,4458
Buckhead,SandySprings,11872,1697,1206,9328,14941,600,21200,16638,1806,14775,24869,39644
Buckhead,Buckhead,47300,6131,2762,89883,79969,3078,137183,86100,5840,56193,172930,229123
Buckhead,NWAtlanta,5185,938,685,7419,9124,532,12604,10062,1217,6808,17075,23883
Buckhead,NEAtlanta,16168,2138,2001,20212,18957,1566,36380,21095,3567,20307,40735,61042
Buckhead,SWAtlanta,2852,506,1017,1261,2130,602,4113,2636,1619,4375,3993,8368
Buckhead,CBDAtlanta,6358,1016,3025,3937,4661,1637,10295,5677,4662,10399,10235,20634
Buckhead,SEAtlanta,2421,581,820,1055,2181,446,3476,2762,1266,3822,3682,7504
Buckhead,SFulton,684,130,78,183,452,8,867,582,86,892,643,1535
Buckhead,Tri-Cities,1925,398,753,322,880,248,2247,1278,1001,3076,1450,4526
Buckhead,Shannon,1019,249,279,123,518,44,1142,767,323,1547,685,2232
Buckhead,WCherokee,93,12,0,38,119,0,131,131,0,105,157,262
Buckhead,NCherokee,43,5,0,17,50,0,60,55,0,48,67,115
Buckhead,ECentCherokee,584,123,3,157,444,2,741,567,5,710,603,1313
Buckhead,Woodstock,973,149,11,158,501,4,1131,650,15,1133,663,1796
Buckhead,Airport,661,141,415,55,139,28,716,280,443,1217,222,1439
Buckhead,NEClayton,1098,252,115,206,506,22,1304,758,137,1465,734,2199
Buckhead,Riverdale,786,244,155,100,342,32,886,586,187,1185,474,1659
Buckhead,SClayton,575,155,46,78,246,26,653,401,72,776,350,1126
Buckhead,NWCobb,1839,350,30,399,928,18,2238,1278,48,2219,1345,3564
Buckhead,NECobb,2867,490,64,1284,2646,25,4151,3136,89,3421,3955,7376
Buckhead,SWCobb,772,146,13,248,646,9,1020,792,22,931,903,1834
Buckhead,Marietta,1532,292,49,694,1266,41,2226,1558,90,1873,2001,3874
Buckhead,Cumberland,9083,1303,234,9182,12432,241,18265,13735,475,10620,21855,32475
Buckhead,SCobb,2563,418,148,1350,2810,57,3913,3228,205,3129,4217,7346
Buckhead,Chamblee,12966,2105,1478,13606,22050,1232,26572,24155,2710,16549,36888,53437
Buckhead,NWDeKalb,6281,1010,347,7398,9509,398,13679,10519,745,7638,17305,24943
Buckhead,NEDeKalb,4613,836,494,1975,3846,222,6588,4682,716,5943,6043,11986
Buckhead,Atlanta-DeKalb,1151,202,232,778,1211,128,1929,1413,360,1585,2117,3702
Buckhead,Decatur,982,122,211,526,707,121,1508,829,332,1315,1354,2669
Buckhead,SWDeKalb,2168,407,557,637,1505,158,2805,1912,715,3132,2300,5432
Buckhead,SEDeKalb,1906,344,434,298,796,97,2204,1140,531,2684,1191,3875
Buckhead,SDeKalb,1527,352,195,309,817,35,1836,1169,230,2074,1161,3235
Buckhead,WDouglas,496,71,27,103,233,4,599,304,31,594,340,934
Buckhead,EDouglas,894,146,60,252,532,13,1146,678,73,1100,797,1897
Buckhead,WFayette,191,36,16,43,117,2,234,153,18,243,162,405
Buckhead,EFayette,327,90,22,60,177,2,387,267,24,439,239,678
Buckhead,NGwinnett,1554,299,28,198,577,10,1752,876,38,1881,785,2666
Buckhead,CentGwinnett,2959,543,122,394,1188,51,3353,1731,173,3624,1633,5257
Buckhead,EGwinnett,617,117,2,83,259,1,700,376,3,736,343,1079
Buckhead,Norcross,4159,687,280,1090,3110,154,5249,3797,434,5126,4354,9480
Buckhead,Lilburn,1205,202,49,301,862,8,1506,1064,57,1456,1171,2627
Buckhead,Snellville,899,175,25,177,617,11,1076,792,36,1099,805,1904
Buckhead,NHenry,586,139,43,103,272,8,689,411,51,768,383,1151
Buckhead,EHenry,233,61,11,57,100,2,290,161,13,305,159,464
Buckhead,SHenry,444,115,21,80,186,0,524,301,21,580,266,846
Buckhead,SRockdale,258,63,10,39,116,2,297,179,12,331,157,488
Buckhead,NRockdale,236,60,23,43,101,2,279,161,25,319,146,465
Buckhead,NBarrow,138,31,0,38,59,0,176,90,0,169,97,266
Buckhead,SBarrow,134,19,0,36,59,0,170,78,0,153,95,248
Buckhead,NWBartow,42,11,0,15,29,0,57,40,0,53,44,97
Buckhead,NEBartow,45,8,1,19,43,0,64,51,1,54,62,116
Buckhead,SWBartow,82,20,0,25,108,0,107,128,0,102,133,235
Buckhead,Cartersville,223,46,1,46,148,0,269,194,1,270,194,464
Buckhead,NECarroll,94,19,3,36,98,0,130,117,3,116,134,250
Buckhead,WCarroll,8,2,0,7,14,0,15,16,0,10,21,31
Buckhead,CentralCarroll,57,5,1,18,60,0,75,65,1,63,78,141
Buckhead,SECarroll,7,3,0,1,8,0,8,11,0,10,9,19
Buckhead,WCoweta,54,8,1,12,51,1,66,59,2,63,64,127
Buckhead,NCoweta,345,72,33,54,230,1,399,302,34,450,285,735
Buckhead,SCoweta,24,5,0,14,31,0,38,36,0,29,45,74
Buckhead,SECoweta,32,5,1,17,67,1,49,72,2,38,85,123
Buckhead,NForsyth,275,48,2,70,263,1,345,311,3,325,334,659
Buckhead,Cumming,760,114,20,146,573,6,906,687,26,894,725,1619
Buckhead,SForsyth,558,100,41,100,205,22,658,305,63,699,327,1026
Buckhead,NHall,38,2,0,9,17,0,47,19,0,40,26,66
Buckhead,Gainesville,114,14,0,23,66,0,137,80,0,128,89,217
Buckhead,SHall,287,48,3,57,121,1,344,169,4,338,179,517
Buckhead,WNewton,372,78,13,57,145,1,429,223,14,463,203,666
Buckhead,ENewton,30,12,1,13,41,1,43,53,2,43,55,98
Buckhead,NPaulding,193,45,0,62,170,1,255,215,1,238,233,471
Buckhead,WPaulding,69,10,0,32,120,0,101,130,0,79,152,231
Buckhead,EPaulding,780,126,10,132,358,3,912,484,13,916,493,1409
Buckhead,NSpalding,80,24,2,16,14,0,96,38,2,106,30,136
Buckhead,SSpalding,32,11,0,10,32,0,42,43,0,43,42,85
Buckhead,WWalton,174,17,1,30,95,0,204,112,1,192,125,317
Buckhead,EWalton,58,13,0,20,51,0,78,64,0,71,71,142
NWAtlanta,NFulton,420,71,70,70,156,10,490,227,80,561,236,797
NWAtlanta,Roswell,371,69,43,44,97,7,415,166,50,483,148,631
NWAtlanta,SandySprings,1813,359,479,584,950,156,2397,1309,635,2651,1690,4341
NWAtlanta,Buckhead,5070,943,676,7264,8759,559,12334,9702,1235,6689,16582,23271
NWAtlanta,NWAtlanta,10016,2323,553,21369,35091,1254,31385,37414,1807,12892,57714,70606
NWAtlanta,NEAtlanta,7493,1470,1059,11802,15766,1387,19295,17236,2446,10022,28955,38977
NWAtlanta,SWAtlanta,4177,978,427,7267,15207,1051,11444,16185,1478,5582,23525,29107
NWAtlanta,CBDAtlanta,5298,977,1905,7370,10186,2621,12668,11163,4526,8180,20177,28357
NWAtlanta,SEAtlanta,1782,453,301,2137,4319,376,3919,4772,677,2536,6832,9368
NWAtlanta,SFulton,921,163,27,556,1154,19,1477,1317,46,1111,1729,2840
NWAtlanta,Tri-Cities,1590,327,312,860,1892,197,2450,2219,509,2229,2949,5178
NWAtlanta,Shannon,917,172,98,243,551,35,1160,723,133,1187,829,2016
NWAtlanta,WCherokee,31,9,0,12,37,0,43,46,0,40,49,89
NWAtlanta,NCherokee,18,2,0,6,22,0,24,24,0,20,28,48
NWAtlanta,ECentCherokee,175,40,0,35,54,1,210,94,1,215,90,305
NWAtlanta,Woodstock,320,73,5,51,117,1,371,190,6,398,169,567
NWAtlanta,Airport,579,101,337,119,178,39,698,279,376,1017,336,1353
NWAtlanta,NEClayton,775,151,55,245,538,40,1020,689,95,981,823,1804
NWAtlanta,Riverdale,575,142,45,108,324,23,683,466,68,762,455,1217
NWAtlanta,SClayton,423,93,13,68,211,4,491,304,17,529,283,812
NWAtlanta,NWCobb,645,134,8,137,269,7,782,403,15,787,413,1200
NWAtlanta,NECobb,833,167,12,275,647,4,1108,814,16,1012,926,1938
NWAtlanta,SWCobb,837,150,3,272,733,3,1109,883,6,990,1008,1998
NWAtlanta,Marietta,684,169,25,372,727,19,1056,896,44,878,1118,1996
NWAtlanta,Cumberland,4703,1010,158,4880,7666,92,9583,8676,250,5871,12638,18509
NWAtlanta,SCobb,3280,636,63,3108,7301,90,6388,7937,153,3979,10499,14478
NWAtlanta,Chamblee,1983,426,530,650,1349,223,2633,1775,753,2939,2222,5161
NWAtlanta,NWDeKalb,1482,301,202,1057,1500,214,2539,1801,416,1985,2771,4756
NWAtlanta,NEDeKalb,1218,224,195,301,670,101,1519,894,296,1637,1072,2709
NWAtlanta,Atlanta-DeKalb,558,111,86,455,902,151,1013,1013,237,755,1508,2263
NWAtlanta,Decatur,441,74,149,195,305,100,636,379,249,664,600,1264
NWAtlanta,SWDeKalb,1101,182,239,394,989,114,1495,1171,353,1522,1497,3019
NWAtlanta,SEDeKalb,707,148,132,124,275,39,831,423,171,987,438,1425
NWAtlanta,SDeKalb,908,203,61,273,788,32,1181,991,93,1172,1093,2265
NWAtlanta,WDouglas,695,123,6,134,348,2,829,471,8,824,484,1308
NWAtlanta,EDouglas,1371,235,27,634,1641,14,2005,1876,41,1633,2289,3922
NWAtlanta,WFayette,206,31,4,56,100,2,262,131,6,241,158,399
NWAtlanta,EFayette,245,47,7,60,105,0,305,152,7,299,165,464
NWAtlanta,NGwinnett,389,84,9,46,130,6,435,214,15,482,182,664
NWAtlanta,CentGwinnett,734,161,20,106,191,6,840,352,26,915,303,1218
NWAtlanta,EGwinnett,164,48,2,23,85,2,187,133,4,214,110,324
NWAtlanta,Norcross,807,197,93,131,389,12,938,586,105,1097,532,1629
NWAtlanta,Lilburn,297,57,18,75,139,8,372,196,26,372,222,594
NWAtlanta,Snellville,304,64,8,65,77,5,369,141,13,376,147,523
NWAtlanta,NHenry,391,71,8,74,193,3,465,264,11,470,270,740
NWAtlanta,EHenry,185,36,2,21,68,1,206,104,3,223,90,313
NWAtlanta,SHenry,367,75,2,67,120,1,434,195,3,444,188,632
NWAtlanta,SRockdale,182,27,2,31,76,1,213,103,3,211,108,319
NWAtlanta,NRockdale,183,40,5,31,58,3,214,98,8,228,92,320
NWAtlanta,NBarrow,53,13,0,3,13,0,56,26,0,66,16,82
NWAtlanta,SBarrow,39,6,0,4,29,0,43,35,0,45,33,78
NWAtlanta,NWBartow,20,6,0,6,10,0,26,16,0,26,16,42
NWAtlanta,NEBartow,18,5,0,8,20,0,26,25,0,23,28,51
NWAtlanta,SWBartow,20,2,0,11,43,0,31,45,0,22,54,76
NWAtlanta,Cartersville,85,18,0,23,69,0,108,87,0,103,92,195
NWAtlanta,NECarroll,170,28,1,34,76,0,204,104,1,199,110,309
NWAtlanta,WCarroll,10,1,0,7,4,0,17,5,0,11,11,22
NWAtlanta,CentralCarroll,92,11,0,25,70,0,117,81,0,103,95,198
NWAtlanta,SECarroll,21,0,0,6,23,0,27,23,0,21,29,50
NWAtlanta,WCoweta,87,15,0,9,68,0,96,83,0,102,77,179
NWAtlanta,NCoweta,359,73,11,70,152,1,429,225,12,443,223,666
NWAtlanta,SCoweta,37,5,0,5,22,0,42,27,0,42,27,69
NWAtlanta,SECoweta,50,8,0,9,27,0,59,35,0,58,36,94
NWAtlanta,NForsyth,54,5,0,13,68,0,67,73,0,59,81,140
NWAtlanta,Cumming,150,27,2,26,148,2,176,175,4,179,176,355
NWAtlanta,SForsyth,115,29,4,35,87,2,150,116,6,148,124,272
NWAtlanta,NHall,10,0,0,1,6,0,11,6,0,10,7,17
NWAtlanta,Gainesville,28,9,0,8,21,0,36,30,0,37,29,66
NWAtlanta,SHall,74,12,1,11,46,0,85,58,1,87,57,144
NWAtlanta,WNewton,245,44,3,42,96,2,287,140,5,292,140,432
NWAtlanta,ENewton,27,4,0,6,6,0,33,10,0,31,12,43
NWAtlanta,NPaulding,140,20,0,22,76,0,162,96,0,160,98,258
NWAtlanta,WPaulding,76,18,0,21,78,0,97,96,0,94,99,193
NWAtlanta,EPaulding,709,107,2,113,445,2,822,552,4,818,560,1378
NWAtlanta,NSpalding,76,10,1,8,26,0,84,36,1,87,34,121
NWAtlanta,SSpalding,40,5,0,4,20,0,44,25,0,45,24,69
NWAtlanta,WWalton,64,10,0,14,63,0,78,73,0,74,77,151
NWAtlanta,EWalton,23,3,0,5,18,0,28,21,0,26,23,49
NEAtlanta,NFulton,1535,244,330,220,749,102,1755,993,432,2109,1071,3180
NEAtlanta,Roswell,1147,197,311,253,788,135,1400,985,446,1655,1176,2831
NEAtlanta,SandySprings,5509,794,1601,1648,2570,485,7157,3364,2086,7904,4703,12607
NEAtlanta,Buckhead,16014,2124,2018,20247,19974,1658,36261,22098,3676,20156,41879,62035
NEAtlanta,NWAtlanta,8126,1554,1062,12078,16059,1376,20204,17613,2438,10742,29513,40255
NEAtlanta,NEAtlanta,45890,6380,4700,79220,64847,7255,125110,71227,11955,56970,151322,208292
NEAtlanta,SWAtlanta,5377,941,1396,4162,6613,1246,9539,7554,2642,7714,12021,19735
NEAtlanta,CBDAtlanta,20474,2938,4390,28985,22596,4516,49459,25534,8906,27802,56097,83899
NEAtlanta,SEAtlanta,5657,1187,1049,6459,10736,1239,12116,11923,2288,7893,18434,26327
NEAtlanta,SFulton,1075,185,125,456,907,82,1531,1092,207,1385,1445,2830
NEAtlanta,Tri-Cities,3757,752,1168,1368,2784,575,5125,3536,1743,5677,4727,10404
NEAtlanta,Shannon,2105,414,504,496,1242,247,2601,1656,751,3023,1985,5008
NEAtlanta,WCherokee,78,11,1,32,63,0,110,74,1,90,95,185
NEAtlanta,NCherokee,28,6,0,17,45,1,45,51,1,34,63,97
NEAtlanta,ECentCherokee,358,70,7,135,349,13,493,419,20,435,497,932
NEAtlanta,Woodstock,691,156,22,128,325,15,819,481,37,869,468,1337
NEAtlanta,Airport,1336,221,828,315,489,90,1651,710,918,2385,894,3279
NEAtlanta,NEClayton,2247,476,202,877,1895,126,3124,2371,328,2925,2898,5823
NEAtlanta,Riverdale,1675,398,326,424,1022,147,2099,1420,473,2399,1593,3992
NEAtlanta,SClayton,1148,265,72,289,705,38,1437,970,110,1485,1032,2517
NEAtlanta,NWCobb,1342,299,78,247,568,37,1589,867,115,1719,852,2571
NEAtlanta,NECobb,1713,337,108,544,1028,68,2257,1365,176,2158,1640,3798
NEAtlanta,SWCobb,679,125,21,271,785,23,950,910,44,825,1079,1904
NEAtlanta,Marietta,1112,198,52,293,563,57,1405,761,109,1362,913,2275
NEAtlanta,Cumberland,5715,1027,436,2415,3975,263,8130,5002,699,7178,6653,13831
NEAtlanta,SCobb,2655,425,213,1201,2776,134,3856,3201,347,3293,4111,7404
NEAtlanta,Chamblee,7278,1244,2123,3733,6842,952,11011,8086,3075,10645,11527,22172
NEAtlanta,NWDeKalb,8967,1304,641,11218,12181,630,20185,13485,1271,10912,24029,34941
NEAtlanta,NEDeKalb,5275,926,867,2045,3756,435,7320,4682,1302,7068,6236,13304
NEAtlanta,Atlanta-DeKalb,3277,481,354,5462,7904,498,8739,8385,852,4112,13864,17976
NEAtlanta,Decatur,1906,301,345,1723,2386,237,3629,2687,582,2552,4346,6898
NEAtlanta,SWDeKalb,4092,810,907,2340,5504,538,6432,6314,1445,5809,8382,14191
NEAtlanta,SEDeKalb,2781,614,777,678,1389,292,3459,2003,1069,4172,2359,6531
NEAtlanta,SDeKalb,3094,709,299,1356,3030,169,4450,3739,468,4102,4555,8657
NEAtlanta,WDouglas,608,102,35,180,491,32,788,593,67,745,703,1448
NEAtlanta,EDouglas,1156,215,75,388,1076,71,1544,1291,146,1446,1535,2981
NEAtlanta,WFayette,276,61,20,97,194,10,373,255,30,357,301,658
NEAtlanta,EFayette,553,118,39,197,435,22,750,553,61,710,654,1364
NEAtlanta,NGwinnett,1272,222,46,222,675,32,1494,897,78,1540,929,2469
NEAtlanta,CentGwinnett,2427,518,185,443,1311,109,2870,1829,294,3130,1863,4993
NEAtlanta,EGwinnett,486,113,6,123,390,14,609,503,20,605,527,1132
NEAtlanta,Norcross,3061,548,431,884,2340,330,3945,2888,761,4040,3554,7594
NEAtlanta,Lilburn,1180,195,109,406,965,68,1586,1160,177,1484,1439,2923
NEAtlanta,Snellville,1053,168,50,365,843,60,1418,1011,110,1271,1268,2539
NEAtlanta,NHenry,1131,232,59,367,787,45,1498,1019,104,1422,1199,2621
NEAtlanta,EHenry,434,77,4,104,322,6,538,399,10,515,432,947
NEAtlanta,SHenry,818,214,25,198,375,13,1016,589,38,1057,586,1643
NEAtlanta,SRockdale,465,97,18,121,358,14,586,455,32,580,493,1073
NEAtlanta,NRockdale,472,99,28,137,291,16,609,390,44,599,444,1043
NEAtlanta,NBarrow,108,17,0,38,55,1,146,72,1,125,94,219
NEAtlanta,SBarrow,104,22,0,20,126,0,124,148,0,126,146,272
NEAtlanta,NWBartow,30,2,0,17,53,0,47,55,0,32,70,102
NEAtlanta,NEBartow,19,5,0,15,82,0,34,87,0,24,97,121
NEAtlanta,SWBartow,33,8,0,29,206,0,62,214,0,41,235,276
NEAtlanta,Cartersville,144,27,3,60,224,2,204,251,5,174,286,460
NEAtlanta,NECarroll,123,19,0,32,68,0,155,87,0,142,100,242
NEAtlanta,WCarroll,9,1,0,14,25,0,23,26,0,10,39,49
NEAtlanta,CentralCarroll,49,11,0,32,35,0,81,46,0,60,67,127
NEAtlanta,SECarroll,12,1,0,14,13,0,26,14,0,13,27,40
NEAtlanta,WCoweta,102,20,1,29,54,1,131,74,2,123,84,207
NEAtlanta,NCoweta,596,106,51,168,395,28,764,501,79,753,591,1344
NEAtlanta,SCoweta,37,5,0,27,76,0,64,81,0,42,103,145
NEAtlanta,SECoweta,61,12,6,29,77,2,90,89,8,79,108,187
NEAtlanta,NForsyth,134,21,0,57,305,2,191,326,2,155,364,519
NEAtlanta,Cumming,391,64,23,133,632,35,524,696,58,478,800,1278
NEAtlanta,SForsyth,324,63,29,75,214,39,399,277,68,416,328,744
NEAtlanta,NHall,31,3,0,9,38,0,40,41,0,34,47,81
NEAtlanta,Gainesville,55,5,0,31,63,0,86,68,0,60,94,154
NEAtlanta,SHall,189,41,2,43,128,2,232,169,4,232,173,405
NEAtlanta,WNewton,652,109,18,123,335,10,775,444,28,779,468,1247
NEAtlanta,ENewton,59,12,0,25,83,1,84,95,1,71,109,180
NEAtlanta,NPaulding,126,26,2,54,120,3,180,146,5,154,177,331
NEAtlanta,WPaulding,45,14,1,24,144,0,69,158,1,60,168,228
NEAtlanta,EPaulding,668,99,19,162,343,15,830,442,34,786,520,1306
NEAtlanta,NSpalding,123,26,2,32,79,0,155,105,2,151,111,262
NEAtlanta,SSpalding,54,6,0,26,85,0,80,91,0,60,111,171
NEAtlanta,WWalton,176,37,0,61,210,6,237,247,6,213,277,490
NEAtlanta,EWalton,71,15,0,38,84,0,109,99,0,86,122,208
SWAtlanta,NFulton,316,77,65,55,111,12,371,188,77,458,178,636
SWAtlanta,Roswell,200,43,30,51,115,24,251,158,54,273,190,463
SWAtlanta,SandySprings,1457,280,619,278,535,152,1735,815,771,2356,965,3321
SWAtlanta,Buckhead,2810,508,1034,1293,2141,613,4103,2649,1647,4352,4047,8399
SWAtlanta,NWAtlanta,3976,873,429,7204,15285,1072,11180,16158,1501,5278,23561,28839
SWAtlanta,NEAtlanta,5179,882,1317,4055,6298,1165,9234,7180,2482,7378,11518,18896
SWAtlanta,SWAtlanta,11614,2579,999,32909,63334,2979,44523,65913,3978,15192,99222,114414
SWAtlanta,CBDAtlanta,6418,1107,2607,6560,10311,2983,12978,11418,5590,10132,19854,29986
SWAtlanta,SEAtlanta,3344,734,283,5516,11301,873,8860,12035,1156,4361,17690,22051
SWAtlanta,SFulton,3129,577,32,4288,9704,57,7417,10281,89,3738,14049,17787
SWAtlanta,Tri-Cities,4535,1109,339,8584,18508,693,13119,19617,1032,5983,27785,33768
SWAtlanta,Shannon,2004,368,66,1457,3422,120,3461,3790,186,2438,4999,7437
SWAtlanta,WCherokee,23,2,0,6,22,1,29,24,1,25,29,54
SWAtlanta,NCherokee,2,0,0,4,7,0,6,7,0,2,11,13
SWAtlanta,ECentCherokee,93,14,1,39,80,2,132,94,3,108,121,229
SWAtlanta,Woodstock,179,30,2,48,78,5,227,108,7,211,131,342
SWAtlanta,Airport,1560,274,505,729,982,108,2289,1256,613,2339,1819,4158
SWAtlanta,NEClayton,1168,245,34,616,1430,41,1784,1675,75,1447,2087,3534
SWAtlanta,Riverdale,883,171,50,461,980,50,1344,1151,100,1104,1491,2595
SWAtlanta,SClayton,492,92,8,175,486,16,667,578,24,592,677,1269
SWAtlanta,NWCobb,462,92,6,135,206,14,597,298,20,560,355,915
SWAtlanta,NECobb,436,84,11,173,283,16,609,367,27,531,472,1003
SWAtlanta,SWCobb,790,139,6,349,1090,6,1139,1229,12,935,1445,2380
SWAtlanta,Marietta,548,103,24,226,448,21,774,551,45,675,695,1370
SWAtlanta,Cumberland,2850,554,206,1547,2586,93,4397,3140,299,3610,4226,7836
SWAtlanta,SCobb,3421,663,71,4125,8707,91,7546,9370,162,4155,12923,17078
SWAtlanta,Chamblee,1429,395,560,273,555,190,1702,950,750,2384,1018,3402
SWAtlanta,NWDeKalb,1423,301,301,604,1016,163,2027,1317,464,2025,1783,3808
SWAtlanta,NEDeKalb,917,200,173,208,412,157,1125,612,330,1290,777,2067
SWAtlanta,Atlanta-DeKalb,655,128,111,494,1202,128,1149,1330,239,894,1824,2718
SWAtlanta,Decatur,439,56,172,161,273,96,600,329,268,667,530,1197
SWAtlanta,SWDeKalb,1216,265,208,630,1319,131,1846,1584,339,1689,2080,3769
SWAtlanta,SEDeKalb,702,137,106,207,339,85,909,476,191,945,631,1576
SWAtlanta,SDeKalb,1020,200,45,534,876,71,1554,1076,116,1265,1481,2746
SWAtlanta,WDouglas,941,164,8,322,1005,14,1263,1169,22,1113,1341,2454
SWAtlanta,EDouglas,2227,452,28,1675,3984,54,3902,4436,82,2707,5713,8420
SWAtlanta,WFayette,367,67,1,145,195,3,512,262,4,435,343,778
SWAtlanta,EFayette,405,68,4,177,392,9,582,460,13,477,578,1055
SWAtlanta,NGwinnett,170,46,0,41,179,7,211,225,7,216,227,443
SWAtlanta,CentGwinnett,323,85,21,104,239,18,427,324,39,429,361,790
SWAtlanta,EGwinnett,85,24,1,25,63,2,110,87,3,110,90,200
SWAtlanta,Norcross,493,118,58,115,232,27,608,350,85,669,374,1043
SWAtlanta,Lilburn,214,25,10,73,133,10,287,158,20,249,216,465
SWAtlanta,Snellville,193,38,3,56,98,6,249,136,9,234,160,394
SWAtlanta,NHenry,395,78,6,207,397,13,602,475,19,479,617,1096
SWAtlanta,EHenry,164,34,0,48,75,4,212,109,4,198,127,325
SWAtlanta,SHenry,352,65,4,114,251,8,466,316,12,421,373,794
SWAtlanta,SRockdale,149,22,5,42,85,5,191,107,10,176,132,308
SWAtlanta,NRockdale,137,23,3,50,145,6,187,168,9,163,201,364
SWAtlanta,NBarrow,12,2,1,10,25,1,22,27,2,15,36,51
SWAtlanta,SBarrow,12,0,0,7,16,0,19,16,0,12,23,35
SWAtlanta,NWBartow,10,1,0,3,21,0,13,22,0,11,24,35
SWAtlanta,NEBartow,6,1,0,2,18,0,8,19,0,7,20,27
SWAtlanta,SWBartow,12,5,0,8,31,0,20,36,0,17,39,56
SWAtlanta,Cartersville,37,7,0,20,58,0,57,65,0,44,78,122
SWAtlanta,NECarroll,190,28,0,52,91,0,242,119,0,218,143,361
SWAtlanta,WCarroll,19,1,0,10,22,0,29,23,0,20,32,52
SWAtlanta,CentralCarroll,92,14,0,28,89,0,120,103,0,106,117,223
SWAtlanta,SECarroll,25,3,0,9,20,0,34,23,0,28,29,57
SWAtlanta,WCoweta,127,24,0,32,100,1,159,124,1,151,133,284
SWAtlanta,NCoweta,640,89,6,181,428,6,821,517,12,735,615,1350
SWAtlanta,SCoweta,43,4,0,20,32,0,63,36,0,47,52,99
SWAtlanta,SECoweta,87,11,0,16,110,1,103,121,1,98,127,225
SWAtlanta,NForsyth,24,2,0,9,49,0,33,51,0,26,58,84
SWAtlanta,Cumming,59,11,0,32,151,12,91,162,12,70,195,265
SWAtlanta,SForsyth,38,8,1,21,62,7,59,70,8,47,90,137
SWAtlanta,NHall,2,0,0,1,19,0,3,19,0,2,20,22
SWAtlanta,Gainesville,12,3,0,1,13,0,13,16,0,15,14,29
SWAtlanta,SHall,26,9,0,9,34,1,35,43,1,35,44,79
SWAtlanta,WNewton,191,37,1,47,122,3,238,159,4,229,172,401
SWAtlanta,ENewton,26,2,0,5,16,0,31,18,0,28,21,49
SWAtlanta,NPaulding,115,10,0,41,64,0,156,74,0,125,105,230
SWAtlanta,WPaulding,100,8,0,19,86,0,119,94,0,108,105,213
SWAtlanta,EPaulding,735,134,0,216,475,4,951,609,4,869,695,1564
SWAtlanta,NSpalding,72,10,1,14,47,0,86,57,1,83,61,144
SWAtlanta,SSpalding,31,2,0,14,7,0,45,9,0,33,21,54
SWAtlanta,WWalton,50,16,0,20,53,1,70,69,1,66,74,140
SWAtlanta,EWalton,15,3,0,11,15,0,26,18,0,18,26,44
CBDAtlanta,NFulton,682,192,541,113,392,91,795,584,632,1415,596,2011
CBDAtlanta,Roswell,607,134,587,100,277,116,707,411,703,1328,493,1821
CBDAtlanta,SandySprings,2222,437,1962,481,1043,458,2703,1480,2420,4621,1982,6603
CBDAtlanta,Buckhead,6020,948,2952,3893,4577,1573,9913,5525,4525,9920,10043,19963
CBDAtlanta,NWAtlanta,5714,995,1971,7490,10722,2623,13204,11717,4594,8680,20835,29515
CBDAtlanta,NEAtlanta,19948,2775,4498,28258,21938,4754,48206,24713,9252,27221,54950,82171
CBDAtlanta,SWAtlanta,6820,1229,2760,6700,10316,3016,13520,11545,5776,10809,20032,30841
CBDAtlanta,CBDAtlanta,25099,3888,6088,41336,29692,7601,66435,33580,13689,35075,78629,113704
CBDAtlanta,SEAtlanta,7447,1432,2336,9646,17155,3676,17093,18587,6012,11215,30477,41692
CBDAtlanta,SFulton,1267,220,417,540,1079,174,1807,1299,591,1904,1793,3697
CBDAtlanta,Tri-Cities,3630,751,2325,1554,3383,1558,5184,4134,3883,6706,6495,13201
CBDAtlanta,Shannon,2305,459,1547,540,1347,540,2845,1806,2087,4311,2427,6738
CBDAtlanta,WCherokee,31,7,0,18,48,0,49,55,0,38,66,104
CBDAtlanta,NCherokee,14,0,2,5,33,0,19,33,2,16,38,54
CBDAtlanta,ECentCherokee,230,55,19,70,235,9,300,290,28,304,314,618
CBDAtlanta,Woodstock,497,114,68,82,169,10,579,283,78,679,261,940
CBDAtlanta,Airport,933,202,599,325,450,206,1258,652,805,1734,981,2715
CBDAtlanta,NEClayton,2580,572,564,952,2749,298,3532,3321,862,3716,3999,7715
CBDAtlanta,Riverdale,1943,427,1003,477,1384,377,2420,1811,1380,3373,2238,5611
CBDAtlanta,SClayton,1275,265,311,326,752,84,1601,1017,395,1851,1162,3013
CBDAtlanta,NWCobb,950,256,168,166,412,22,1116,668,190,1374,600,1974
CBDAtlanta,NECobb,1088,258,303,242,597,64,1330,855,367,1649,903,2552
CBDAtlanta,SWCobb,681,105,100,185,499,55,866,604,155,886,739,1625
CBDAtlanta,Marietta,593,137,112,149,317,29,742,454,141,842,495,1337
CBDAtlanta,Cumberland,3045,575,616,1210,1895,277,4255,2470,893,4236,3382,7618
CBDAtlanta,SCobb,2558,413,640,916,2322,281,3474,2735,921,3611,3519,7130
CBDAtlanta,Chamblee,3124,694,3412,870,2223,1234,3994,2917,4646,7230,4327,11557
CBDAtlanta,NWDeKalb,3649,617,1161,2355,3021,623,6004,3638,1784,5427,5999,11426
CBDAtlanta,NEDeKalb,3286,568,2420,746,1547,739,4032,2115,3159,6274,3032,9306
CBDAtlanta,Atlanta-DeKalb,2618,392,784,2534,4169,669,5152,4561,1453,3794,7372,11166
CBDAtlanta,Decatur,1338,202,810,695,1256,351,2033,1458,1161,2350,2302,4652
CBDAtlanta,SWDeKalb,4148,736,2182,1791,4123,1198,5939,4859,3380,7066,7112,14178
CBDAtlanta,SEDeKalb,2779,544,2270,495,1121,615,3274,1665,2885,5593,2231,7824
CBDAtlanta,SDeKalb,3917,859,1085,1245,3083,469,5162,3942,1554,5861,4797,10658
CBDAtlanta,WDouglas,736,109,130,173,470,41,909,579,171,975,684,1659
CBDAtlanta,EDouglas,1487,211,300,423,1157,130,1910,1368,430,1998,1710,3708
CBDAtlanta,WFayette,306,51,49,103,203,26,409,254,75,406,332,738
CBDAtlanta,EFayette,562,108,170,199,370,62,761,478,232,840,631,1471
CBDAtlanta,NGwinnett,804,196,211,134,491,49,938,687,260,1211,674,1885
CBDAtlanta,CentGwinnett,1499,361,604,198,576,82,1697,937,686,2464,856,3320
CBDAtlanta,EGwinnett,370,95,50,60,174,8,430,269,58,515,242,757
CBDAtlanta,Norcross,1546,420,940,366,1046,241,1912,1466,1181,2906,1653,4559
CBDAtlanta,Lilburn,800,146,334,198,523,95,998,669,429,1280,816,2096
CBDAtlanta,Snellville,816,138,240,177,479,104,993,617,344,1194,760,1954
CBDAtlanta,NHenry,1282,233,275,338,893,88,1620,1126,363,1790,1319,3109
CBDAtlanta,EHenry,399,85,50,91,238,10,490,323,60,534,339,873
CBDAtlanta,SHenry,911,182,145,231,354,45,1142,536,190,1238,630,1868
CBDAtlanta,SRockdale,492,111,105,123,241,34,615,352,139,708,398,1106
CBDAtlanta,NRockdale,486,101,124,97,294,26,583,395,150,711,417,1128
CBDAtlanta,NBarrow,71,19,2,13,62,3,84,81,5,92,78,170
CBDAtlanta,SBarrow,37,15,1,20,59,0,57,74,1,53,79,132
CBDAtlanta,NWBartow,12,2,0,8,32,0,20,34,0,14,40,54
CBDAtlanta,NEBartow,17,3,0,14,38,1,31,41,1,20,53,73
CBDAtlanta,SWBartow,27,5,0,20,75,0,47,80,0,32,95,127
CBDAtlanta,Cartersville,82,20,8,37,112,1,119,132,9,110,150,260
CBDAtlanta,NECarroll,116,19,5,35,137,0,151,156,5,140,172,312
CBDAtlanta,WCarroll,18,2,0,8,16,0,26,18,0,20,24,44
CBDAtlanta,CentralCarroll,68,7,3,32,74,1,100,81,4,78,107,185
CBDAtlanta,SECarroll,11,4,0,11,12,0,22,16,0,15,23,38
CBDAtlanta,WCoweta,103,18,8,27,115,1,130,133,9,129,143,272
CBDAtlanta,NCoweta,598,91,147,149,332,41,747,423,188,836,522,1358
CBDAtlanta,SCoweta,32,10,3,23,58,1,55,68,4,45,82,127
CBDAtlanta,SECoweta,59,12,4,27,88,4,86,100,8,75,119,194
CBDAtlanta,NForsyth,65,17,2,26,148,3,91,165,5,84,177,261
CBDAtlanta,Cumming,243,43,78,68,391,32,311,434,110,364,491,855
CBDAtlanta,SForsyth,143,44,55,55,234,28,198,278,83,242,317,559
CBDAtlanta,NHall,11,3,0,4,10,0,15,13,0,14,14,28
CBDAtlanta,Gainesville,23,8,0,19,55,0,42,63,0,31,74,105
CBDAtlanta,SHall,106,14,15,24,100,1,130,114,16,135,125,260
CBDAtlanta,WNewton,602,136,110,112,261,10,714,397,120,848,383,1231
CBDAtlanta,ENewton,52,10,2,22,64,0,74,74,2,64,86,150
CBDAtlanta,NPaulding,108,18,5,39,131,3,147,149,8,131,173,304
CBDAtlanta,WPaulding,68,6,0,32,69,0,100,75,0,74,101,175
CBDAtlanta,EPaulding,745,107,64,153,391,9,898,498,73,916,553,1469
CBDAtlanta,NSpalding,140,31,16,30,73,6,170,104,22,187,109,296
CBDAtlanta,SSpalding,46,8,1,23,30,0,69,38,1,55,53,108
CBDAtlanta,WWalton,131,43,6,44,182,5,175,225,11,180,231,411
CBDAtlanta,EWalton,42,8,1,28,76,0,70,84,1,51,104,155
SEAtlanta,NFulton,282,95,53,48,133,8,330,228,61,430,189,619
SEAtlanta,Roswell,205,57,31,43,100,13,248,157,44,293,156,449
SEAtlanta,SandySprings,1108,302,561,211,296,105,1319,598,666,1971,612,2583
SEAtlanta,Buckhead,2284,590,818,1060,2081,472,3344,2671,1290,3692,3613,7305
SEAtlanta,NWAtlanta,1678,422,262,2096,4166,384,3774,4588,646,2362,6646,9008
SEAtlanta,NEAtlanta,5227,1133,1015,6372,9821,1143,11599,10954,2158,7375,17336,24711
SEAtlanta,SWAtlanta,3268,705,278,5443,12078,710,8711,12783,988,4251,18231,22482
SEAtlanta,CBDAtlanta,6831,1362,2178,9496,16866,3767,16327,18228,5945,10371,30129,40500
SEAtlanta,SEAtlanta,8784,2323,591,21678,47579,1921,30462,49902,2512,11698,71178,82876
SEAtlanta,SFulton,758,158,12,545,1096,14,1303,1254,26,928,1655,2583
SEAtlanta,Tri-Cities,4844,1164,334,7823,14866,704,12667,16030,1038,6342,23393,29735
SEAtlanta,Shannon,1649,318,58,810,2106,89,2459,2424,147,2025,3005,5030
SEAtlanta,WCherokee,11,4,0,3,3,0,14,7,0,15,6,21
SEAtlanta,NCherokee,4,1,0,2,5,0,6,6,0,5,7,12
SEAtlanta,ECentCherokee,73,13,0,34,103,3,107,116,3,86,140,226
SEAtlanta,Woodstock,107,28,0,32,155,3,139,183,3,135,190,325
SEAtlanta,Airport,1745,365,443,1318,1751,111,3063,2116,554,2553,3180,5733
SEAtlanta,NEClayton,3559,829,42,4189,9558,114,7748,10387,156,4430,13861,18291
SEAtlanta,Riverdale,1402,275,42,861,2195,61,2263,2470,103,1719,3117,4836
SEAtlanta,SClayton,1072,230,12,477,907,20,1549,1137,32,1314,1404,2718
SEAtlanta,NWCobb,233,68,4,70,139,7,303,207,11,305,216,521
SEAtlanta,NECobb,259,83,4,86,169,9,345,252,13,346,264,610
SEAtlanta,SWCobb,218,37,0,83,183,5,301,220,5,255,271,526
SEAtlanta,Marietta,224,59,13,63,171,18,287,230,31,296,252,548
SEAtlanta,Cumberland,1293,319,193,406,743,45,1699,1062,238,1805,1194,2999
SEAtlanta,SCobb,812,174,25,427,952,41,1239,1126,66,1011,1420,2431
SEAtlanta,Chamblee,1268,459,547,342,736,145,1610,1195,692,2274,1223,3497
SEAtlanta,NWDeKalb,1559,379,241,1242,2133,135,2801,2512,376,2179,3510,5689
SEAtlanta,NEDeKalb,1116,260,159,375,693,84,1491,953,243,1535,1152,2687
SEAtlanta,Atlanta-DeKalb,1090,228,70,2263,4287,117,3353,4515,187,1388,6667,8055
SEAtlanta,Decatur,526,96,109,405,795,158,931,891,267,731,1358,2089
SEAtlanta,SWDeKalb,2238,520,195,2602,5903,168,4840,6423,363,2953,8673,11626
SEAtlanta,SEDeKalb,1022,191,73,327,650,44,1349,841,117,1286,1021,2307
SEAtlanta,SDeKalb,2172,460,53,1835,4318,55,4007,4778,108,2685,6208,8893
SEAtlanta,WDouglas,299,47,5,84,279,2,383,326,7,351,365,716
SEAtlanta,EDouglas,497,97,6,225,599,17,722,696,23,600,841,1441
SEAtlanta,WFayette,314,60,3,95,269,4,409,329,7,377,368,745
SEAtlanta,EFayette,514,89,0,223,434,4,737,523,4,603,661,1264
SEAtlanta,NGwinnett,198,63,6,41,134,5,239,197,11,267,180,447
SEAtlanta,CentGwinnett,311,128,8,84,205,12,395,333,20,447,301,748
SEAtlanta,EGwinnett,101,24,1,28,92,1,129,116,2,126,121,247
SEAtlanta,Norcross,478,155,68,105,274,21,583,429,89,701,400,1101
SEAtlanta,Lilburn,261,46,8,81,176,4,342,222,12,315,261,576
SEAtlanta,Snellville,268,48,2,85,176,3,353,224,5,318,264,582
SEAtlanta,NHenry,1179,213,7,485,1270,11,1664,1483,18,1399,1766,3165
SEAtlanta,EHenry,393,85,1,96,306,2,489,391,3,479,404,883
SEAtlanta,SHenry,797,164,5,214,421,2,1011,585,7,966,637,1603
SEAtlanta,SRockdale,284,54,2,84,147,2,368,201,4,340,233,573
SEAtlanta,NRockdale,266,54,2,68,129,3,334,183,5,322,200,522
SEAtlanta,NBarrow,17,7,0,4,17,1,21,24,1,24,22,46
SEAtlanta,SBarrow,14,8,0,6,9,0,20,17,0,22,15,37
SEAtlanta,NWBartow,5,1,0,2,3,0,7,4,0,6,5,11
SEAtlanta,NEBartow,5,0,0,4,13,0,9,13,0,5,17,22
SEAtlanta,SWBartow,7,1,0,7,31,0,14,32,0,8,38,46
SEAtlanta,Cartersville,25,4,0,10,55,0,35,59,0,29,65,94
SEAtlanta,NECarroll,60,13,0,18,45,0,78,58,0,73,63,136
SEAtlanta,WCarroll,4,0,0,3,1,0,7,1,0,4,4,8
SEAtlanta,CentralCarroll,31,4,0,19,41,0,50,45,0,35,60,95
SEAtlanta,SECarroll,11,1,0,5,14,0,16,15,0,12,19,31
SEAtlanta,WCoweta,88,16,0,28,85,0,116,101,0,104,113,217
SEAtlanta,NCoweta,522,91,1,159,301,8,681,392,9,614,468,1082
SEAtlanta,SCoweta,51,9,0,18,28,0,69,37,0,60,46,106
SEAtlanta,SECoweta,62,16,0,27,53,0,89,69,0,78,80,158
SEAtlanta,NForsyth,19,2,0,7,44,0,26,46,0,21,51,72
SEAtlanta,Cumming,44,19,2,26,107,3,70,126,5,65,136,201
SEAtlanta,SForsyth,36,12,2,23,40,1,59,52,3,50,64,114
SEAtlanta,NHall,0,0,0,0,3,0,0,3,0,0,3,3
SEAtlanta,Gainesville,6,3,0,4,9,0,10,12,0,9,13,22
SEAtlanta,SHall,30,7,0,6,34,0,36,41,0,37,40,77
SEAtlanta,WNewton,317,67,4,64,161,1,381,228,5,388,226,614
SEAtlanta,ENewton,41,2,0,13,31,0,54,33,0,43,44,87
SEAtlanta,NPaulding,39,6,0,13,57,0,52,63,0,45,70,115
SEAtlanta,WPaulding,26,7,0,9,23,1,35,30,1,33,33,66
SEAtlanta,EPaulding,232,45,0,79,177,2,311,222,2,277,258,535
SEAtlanta,NSpalding,133,20,0,26,52,1,159,72,1,153,79,232
SEAtlanta,SSpalding,52,16,0,23,13,0,75,29,0,68,36,104
SEAtlanta,WWalton,76,17,0,20,69,0,96,86,0,93,89,182
SEAtlanta,EWalton,31,2,0,14,13,0,45,15,0,33,27,60
SFulton,NFulton,102,11,2,24,32,1,126,43,3,115,57,172
SFulton,Roswell,61,8,1,18,108,0,79,116,1,70,126,196
SFulton,SandySprings,460,86,40,88,134,15,548,220,55,586,237,823
SFulton,Buckhead,782,151,84,209,437,9,991,588,93,1017,655,1672
SFulton,NWAtlanta,876,164,25,575,1142,16,1451,1306,41,1065,1733,2798
SFulton,NEAtlanta,1153,208,134,430,956,82,1583,1164,216,1495,1468,2963
SFulton,SWAtlanta,2896,534,31,4313,9355,52,7209,9889,83,3461,13720,17181
SFulton,CBDAtlanta,1326,226,424,557,1220,178,1883,1446,602,1976,1955,3931
SFulton,SEAtlanta,763,142,20,560,1066,12,1323,1208,32,925,1638,2563
SFulton,SFulton,9203,1791,11,17034,37734,35,26237,39525,46,11005,54803,65808
SFulton,Tri-Cities,2154,445,34,2359,6239,37,4513,6684,71,2633,8635,11268
SFulton,Shannon,3643,686,13,4213,11778,40,7856,12464,53,4342,16031,20373
SFulton,WCherokee,6,1,0,3,0,0,9,1,0,7,3,10
SFulton,NCherokee,4,0,0,0,0,0,4,0,0,4,0,4
SFulton,ECentCherokee,34,2,0,7,10,0,41,12,0,36,17,53
SFulton,Woodstock,64,9,0,19,72,0,83,81,0,73,91,164
SFulton,Airport,908,164,42,349,771,10,1257,935,52,1114,1130,2244
SFulton,NEClayton,723,130,1,229,466,1,952,596,2,854,696,1550
SFulton,Riverdale,540,103,1,282,655,0,822,758,1,644,937,1581
SFulton,SClayton,397,65,0,117,196,0,514,261,0,462,313,775
SFulton,NWCobb,246,42,0,88,124,2,334,166,2,288,214,502
SFulton,NECobb,230,39,0,54,114,0,284,153,0,269,168,437
SFulton,SWCobb,631,104,0,276,477,0,907,581,0,735,753,1488
SFulton,Marietta,331,51,1,121,163,1,452,214,2,383,285,668
SFulton,Cumberland,1208,215,7,381,732,6,1589,947,13,1430,1119,2549
SFulton,SCobb,1906,313,11,1480,3054,8,3386,3367,19,2230,4542,6772
SFulton,Chamblee,360,83,34,67,142,10,427,225,44,477,219,696
SFulton,NWDeKalb,386,86,12,133,445,8,519,531,20,484,586,1070
SFulton,NEDeKalb,208,41,8,61,149,7,269,190,15,257,217,474
SFulton,Atlanta-DeKalb,120,21,2,58,155,0,178,176,2,143,213,356
SFulton,Decatur,99,13,9,32,61,3,131,74,12,121,96,217
SFulton,SWDeKalb,248,49,15,82,188,4,330,237,19,312,274,586
SFulton,SEDeKalb,142,20,6,41,43,0,183,63,6,168,84,252
SFulton,SDeKalb,290,52,1,95,228,2,385,280,3,343,325,668
SFulton,WDouglas,1731,293,1,1029,2705,1,2760,2998,2,2025,3735,5760
SFulton,EDouglas,3267,580,8,2987,7154,2,6254,7734,10,3855,10143,13998
SFulton,WFayette,1147,195,1,702,1817,1,1849,2012,2,1343,2520,3863
SFulton,EFayette,678,118,0,293,700,0,971,818,0,796,993,1789
SFulton,NGwinnett,31,9,0,7,7,0,38,16,0,40,14,54
SFulton,CentGwinnett,88,19,0,29,64,0,117,83,0,107,93,200
SFulton,EGwinnett,13,4,0,3,2,0,16,6,0,17,5,22
SFulton,Norcross,172,46,3,37,50,1,209,96,4,221,88,309
SFulton,Lilburn,58,9,0,20,26,0,78,35,0,67,46,113
SFulton,Snellville,57,12,0,11,17,0,68,29,0,69,28,97
SFulton,NHenry,217,40,0,64,117,0,281,157,0,257,181,438
SFulton,EHenry,82,16,0,12,81,0,94,97,0,98,93,191
SFulton,SHenry,266,30,0,53,68,0,319,98,0,296,121,417
SFulton,SRockdale,41,8,0,6,34,0,47,42,0,49,40,89
SFulton,NRockdale,61,11,0,18,22,0,79,33,0,72,40,112
SFulton,NBarrow,9,0,0,2,0,0,11,0,0,9,2,11
SFulton,SBarrow,5,2,0,1,2,0,6,4,0,7,3,10
SFulton,NWBartow,8,1,0,1,26,0,9,27,0,9,27,36
SFulton,NEBartow,0,2,0,0,1,0,0,3,0,2,1,3
SFulton,SWBartow,13,1,0,7,5,0,20,6,0,14,12,26
SFulton,Cartersville,39,7,0,14,5,0,53,12,0,46,19,65
SFulton,NECarroll,223,48,0,52,73,0,275,121,0,271,125,396
SFulton,WCarroll,37,10,0,12,19,0,49,29,0,47,31,78
SFulton,CentralCarroll,346,74,0,177,213,0,523,287,0,420,390,810
SFulton,SECarroll,83,12,0,24,85,0,107,97,0,95,109,204
SFulton,WCoweta,414,66,0,128,349,0,542,415,0,480,477,957
SFulton,NCoweta,2222,407,0,2053,5221,4,4275,5628,4,2629,7278,9907
SFulton,SCoweta,93,15,0,19,81,0,112,96,0,108,100,208
SFulton,SECoweta,151,27,0,39,91,0,190,118,0,178,130,308
SFulton,NForsyth,15,1,0,0,1,0,15,2,0,16,1,17
SFulton,Cumming,14,2,0,9,7,0,23,9,0,16,16,32
SFulton,SForsyth,21,2,0,7,8,0,28,10,0,23,15,38
SFulton,NHall,0,0,0,0,0,0,0,0,0,0,0,0
SFulton,Gainesville,1,1,0,0,0,0,1,1,0,2,0,2
SFulton,SHall,3,0,0,1,10,0,4,10,0,3,11,14
SFulton,WNewton,52,4,0,6,9,0,58,13,0,56,15,71
SFulton,ENewton,9,0,0,2,5,0,11,5,0,9,7,16
SFulton,NPaulding,92,15,0,14,32,0,106,47,0,107,46,153
SFulton,WPaulding,68,14,0,15,38,0,83,52,0,82,53,135
SFulton,EPaulding,784,109,0,161,320,0,945,429,0,893,481,1374
SFulton,NSpalding,48,9,0,12,20,0,60,29,0,57,32,89
SFulton,SSpalding,48,2,0,13,19,0,61,21,0,50,32,82
SFulton,WWalton,20,2,0,1,0,0,21,2,0,22,1,23
SFulton,EWalton,2,1,0,1,0,0,3,1,0,3,1,4
Tri-Cities,NFulton,210,75,31,41,53,7,251,128,38,316,101,417
Tri-Cities,Roswell,202,49,29,22,86,4,224,135,33,280,112,392
Tri-Cities,SandySprings,918,226,361,75,168,54,993,394,415,1505,297,1802
Tri-Cities,Buckhead,1943,457,780,309,1035,227,2252,1492,1007,3180,1571,4751
Tri-Cities,NWAtlanta,1622,313,290,872,1933,188,2494,2246,478,2225,2993,5218
Tri-Cities,NEAtlanta,3715,782,1149,1338,2791,586,5053,3573,1735,5646,4715,10361
Tri-Cities,SWAtlanta,4600,1079,320,8487,18269,700,13087,19348,1020,5999,27456,33455
Tri-Cities,CBDAtlanta,3540,687,2329,1542,3250,1537,5082,3937,3866,6556,6329,12885
Tri-Cities,SEAtlanta,4650,1189,303,7767,14988,688,12417,16177,991,6142,23443,29585
Tri-Cities,SFulton,2419,460,35,2371,6078,41,4790,6538,76,2914,8490,11404
Tri-Cities,Tri-Cities,17307,4056,529,46367,79816,1730,63674,83872,2259,21892,127913,149805
Tri-Cities,Shannon,5255,1011,160,5429,14332,266,10684,15343,426,6426,20027,26453
Tri-Cities,WCherokee,24,2,0,5,2,0,29,4,0,26,7,33
Tri-Cities,NCherokee,7,0,0,0,2,0,7,2,0,7,2,9
Tri-Cities,ECentCherokee,67,15,0,28,39,0,95,54,0,82,67,149
Tri-Cities,Woodstock,115,37,1,23,29,0,138,66,1,153,52,205
Tri-Cities,Airport,4131,779,400,5904,6756,321,10035,7535,721,5310,12981,18291
Tri-Cities,NEClayton,4425,837,94,3212,6326,111,7637,7163,205,5356,9649,15005
Tri-Cities,Riverdale,2808,555,54,1830,4755,83,4638,5310,137,3417,6668,10085
Tri-Cities,SClayton,1851,378,27,505,1169,14,2356,1547,41,2256,1688,3944
Tri-Cities,NWCobb,285,73,7,56,107,7,341,180,14,365,170,535
Tri-Cities,NECobb,334,90,12,63,169,0,397,259,12,436,232,668
Tri-Cities,SWCobb,331,60,1,66,174,2,397,234,3,392,242,634
Tri-Cities,Marietta,310,70,9,82,83,13,392,153,22,389,178,567
Tri-Cities,Cumberland,1383,302,126,319,615,30,1702,917,156,1811,964,2775
Tri-Cities,SCobb,1050,198,29,420,1169,9,1470,1367,38,1277,1598,2875
Tri-Cities,Chamblee,1080,297,388,114,346,71,1194,643,459,1765,531,2296
Tri-Cities,NWDeKalb,1205,244,163,283,546,80,1488,790,243,1612,909,2521
Tri-Cities,NEDeKalb,864,179,101,121,282,53,985,461,154,1144,456,1600
Tri-Cities,Atlanta-DeKalb,569,112,87,279,456,68,848,568,155,768,803,1571
Tri-Cities,Decatur,371,70,119,99,146,61,470,216,180,560,306,866
Tri-Cities,SWDeKalb,1195,233,150,391,703,45,1586,936,195,1578,1139,2717
Tri-Cities,SEDeKalb,833,152,61,104,293,32,937,445,93,1046,429,1475
Tri-Cities,SDeKalb,1439,296,35,539,1377,26,1978,1673,61,1770,1942,3712
Tri-Cities,WDouglas,574,90,2,145,486,0,719,576,2,666,631,1297
Tri-Cities,EDouglas,897,167,12,372,821,7,1269,988,19,1076,1200,2276
Tri-Cities,WFayette,998,164,5,239,711,2,1237,875,7,1167,952,2119
Tri-Cities,EFayette,1236,188,9,541,1206,2,1777,1394,11,1433,1749,3182
Tri-Cities,NGwinnett,226,66,4,23,95,0,249,161,4,296,118,414
Tri-Cities,CentGwinnett,355,139,18,44,171,3,399,310,21,512,218,730
Tri-Cities,EGwinnett,99,34,0,12,44,0,111,78,0,133,56,189
Tri-Cities,Norcross,421,173,38,54,163,2,475,336,40,632,219,851
Tri-Cities,Lilburn,197,53,8,22,68,1,219,121,9,258,91,349
Tri-Cities,Snellville,221,43,4,30,74,1,251,117,5,268,105,373
Tri-Cities,NHenry,1515,283,12,321,750,2,1836,1033,14,1810,1073,2883
Tri-Cities,EHenry,599,111,0,84,185,2,683,296,2,710,271,981
Tri-Cities,SHenry,1227,242,5,156,382,1,1383,624,6,1474,539,2013
Tri-Cities,SRockdale,299,69,1,38,60,0,337,129,1,369,98,467
Tri-Cities,NRockdale,193,41,2,22,52,0,215,93,2,236,74,310
Tri-Cities,NBarrow,17,9,0,4,34,0,21,43,0,26,38,64
Tri-Cities,SBarrow,13,3,0,2,6,0,15,9,0,16,8,24
Tri-Cities,NWBartow,4,0,0,2,1,0,6,1,0,4,3,7
Tri-Cities,NEBartow,2,1,0,3,3,0,5,4,0,3,6,9
Tri-Cities,SWBartow,6,1,0,8,3,0,14,4,0,7,11,18
Tri-Cities,Cartersville,34,13,0,10,33,0,44,46,0,47,43,90
Tri-Cities,NECarroll,83,10,0,19,72,1,102,82,1,93,92,185
Tri-Cities,WCarroll,8,1,0,1,20,0,9,21,0,9,21,30
Tri-Cities,CentralCarroll,117,22,0,23,22,0,140,44,0,139,45,184
Tri-Cities,SECarroll,20,3,0,11,17,0,31,20,0,23,28,51
Tri-Cities,WCoweta,320,48,0,55,144,0,375,192,0,368,199,567
Tri-Cities,NCoweta,1577,257,6,273,562,2,1850,819,8,1840,837,2677
Tri-Cities,SCoweta,125,22,0,27,90,0,152,112,0,147,117,264
Tri-Cities,SECoweta,193,22,0,39,68,0,232,90,0,215,107,322
Tri-Cities,NForsyth,24,5,1,7,16,0,31,21,1,30,23,53
Tri-Cities,Cumming,87,12,2,21,44,2,108,56,4,101,67,168
Tri-Cities,SForsyth,48,14,3,6,48,2,54,62,5,65,56,121
Tri-Cities,NHall,1,2,0,2,1,0,3,3,0,3,3,6
Tri-Cities,Gainesville,9,1,0,3,15,0,12,16,0,10,18,28
Tri-Cities,SHall,36,12,1,4,17,0,40,29,1,49,21,70
Tri-Cities,WNewton,352,57,1,46,75,0,398,132,1,410,121,531
Tri-Cities,ENewton,38,2,0,4,21,0,42,23,0,40,25,65
Tri-Cities,NPaulding,46,12,0,15,21,0,61,33,0,58,36,94
Tri-Cities,WPaulding,44,5,0,12,30,0,56,35,0,49,42,91
Tri-Cities,EPaulding,383,69,1,74,160,0,457,229,1,453,234,687
Tri-Cities,NSpalding,230,42,0,27,39,0,257,81,0,272,66,338
Tri-Cities,SSpalding,144,18,0,29,14,0,173,32,0,162,43,205
Tri-Cities,WWalton,81,6,0,18,30,0,99,36,0,87,48,135
Tri-Cities,EWalton,36,5,0,9,14,0,45,19,0,41,23,64
Shannon,NFulton,84,12,7,20,46,3,104,58,10,103,69,172
Shannon,Roswell,59,11,3,17,41,0,76,52,3,73,58,131
Shannon,SandySprings,595,144,130,72,132,18,667,276,148,869,222,1091
Shannon,Buckhead,1167,262,284,113,489,52,1280,751,336,1713,654,2367
Shannon,NWAtlanta,917,162,94,230,555,44,1147,717,138,1173,829,2002
Shannon,NEAtlanta,2133,417,512,472,1045,218,2605,1462,730,3062,1735,4797
Shannon,SWAtlanta,1882,330,67,1429,3433,129,3311,3763,196,2279,4991,7270
Shannon,CBDAtlanta,2456,463,1569,547,1318,561,3003,1781,2130,4488,2426,6914
Shannon,SEAtlanta,1542,279,55,808,2170,94,2350,2449,149,1876,3072,4948
Shannon,SFulton,3633,733,17,4285,11890,32,7918,12623,49,4383,16207,20590
Shannon,Tri-Cities,4774,913,126,5362,14360,274,10136,15273,400,5813,19996,25809
Shannon,Shannon,20661,4077,109,53623,115328,496,74284,119405,605,24847,169447,194294
Shannon,WCherokee,2,1,0,1,0,0,3,1,0,3,1,4
Shannon,NCherokee,1,0,0,1,1,0,2,1,0,1,2,3
Shannon,ECentCherokee,20,1,0,13,18,0,33,19,0,21,31,52
Shannon,Woodstock,46,6,0,13,47,0,59,53,0,52,60,112
Shannon,Airport,3130,561,147,2545,5470,63,5675,6031,210,3838,8078,11916
Shannon,NEClayton,1810,348,10,1061,2519,16,2871,2867,26,2168,3596,5764
Shannon,Riverdale,2444,471,13,3846,10258,60,6290,10729,73,2928,14164,17092
Shannon,SClayton,1125,225,3,804,1956,3,1929,2181,6,1353,2763,4116
Shannon,NWCobb,146,26,4,61,46,2,207,72,6,176,109,285
Shannon,NECobb,148,40,1,48,121,0,196,161,1,189,169,358
Shannon,SWCobb,178,28,0,56,138,1,234,166,1,206,195,401
Shannon,Marietta,218,41,4,76,134,15,294,175,19,263,225,488
Shannon,Cumberland,1112,203,25,150,390,7,1262,593,32,1340,547,1887
Shannon,SCobb,662,140,6,243,553,1,905,693,7,808,797,1605
Shannon,Chamblee,542,145,100,73,171,17,615,316,117,787,261,1048
Shannon,NWDeKalb,654,136,39,159,304,34,813,440,73,829,497,1326
Shannon,NEDeKalb,404,86,27,100,129,17,504,215,44,517,246,763
Shannon,Atlanta-DeKalb,215,50,26,64,118,19,279,168,45,291,201,492
Shannon,Decatur,168,16,34,34,45,17,202,61,51,218,96,314
Shannon,SWDeKalb,393,98,32,141,323,7,534,421,39,523,471,994
Shannon,SEDeKalb,225,52,12,52,102,4,277,154,16,289,158,447
Shannon,SDeKalb,525,111,4,218,679,1,743,790,5,640,898,1538
Shannon,WDouglas,804,153,0,324,724,1,1128,877,1,957,1049,2006
Shannon,EDouglas,930,201,0,484,1288,0,1414,1489,0,1131,1772,2903
Shannon,WFayette,2887,514,8,2423,6065,7,5310,6579,15,3409,8495,11904
Shannon,EFayette,2618,484,7,2924,7015,12,5542,7499,19,3109,9951,13060
Shannon,NGwinnett,21,7,0,11,61,0,32,68,0,28,72,100
Shannon,CentGwinnett,78,24,5,29,51,0,107,75,5,107,80,187
Shannon,EGwinnett,16,4,0,4,13,0,20,17,0,20,17,37
Shannon,Norcross,200,61,8,31,117,1,231,178,9,269,149,418
Shannon,Lilburn,75,12,0,11,25,0,86,37,0,87,36,123
Shannon,Snellville,55,7,0,24,39,0,79,46,0,62,63,125
Shannon,NHenry,500,93,1,197,468,0,697,561,1,594,665,1259
Shannon,EHenry,219,46,0,41,83,0,260,129,0,265,124,389
Shannon,SHenry,542,79,0,125,349,0,667,428,0,621,474,1095
Shannon,SRockdale,87,19,0,17,46,0,104,65,0,106,63,169
Shannon,NRockdale,75,8,0,22,18,0,97,26,0,83,40,123
Shannon,NBarrow,4,1,0,1,8,0,5,9,0,5,9,14
Shannon,SBarrow,2,1,0,1,2,0,3,3,0,3,3,6
Shannon,NWBartow,0,0,0,0,0,0,0,0,0,0,0,0
Shannon,NEBartow,0,0,0,0,0,0,0,0,0,0,0,0
Shannon,SWBartow,2,1,0,1,0,0,3,1,0,3,1,4
Shannon,Cartersville,8,1,0,7,23,0,15,24,0,9,30,39
Shannon,NECarroll,95,20,0,23,82,0,118,102,0,115,105,220
Shannon,WCarroll,32,4,0,9,13,0,41,17,0,36,22,58
Shannon,CentralCarroll,219,31,0,57,101,0,276,132,0,250,158,408
Shannon,SECarroll,50,11,0,11,25,0,61,36,0,61,36,97
Shannon,WCoweta,500,85,0,99,274,0,599,359,0,585,373,958
Shannon,NCoweta,3401,626,5,1544,4146,9,4945,4772,14,4032,5699,9731
Shannon,SCoweta,231,50,0,40,138,0,271,188,0,281,178,459
Shannon,SECoweta,341,71,0,93,248,0,434,319,0,412,341,753
Shannon,NForsyth,1,0,0,0,26,0,1,26,0,1,26,27
Shannon,Cumming,14,1,0,5,6,0,19,7,0,15,11,26
Shannon,SForsyth,10,3,0,4,5,0,14,8,0,13,9,22
Shannon,NHall,0,0,0,0,0,0,0,0,0,0,0,0
Shannon,Gainesville,1,1,0,1,0,0,2,1,0,2,1,3
Shannon,SHall,4,1,0,2,1,0,6,2,0,5,3,8
Shannon,WNewton,87,21,0,21,25,0,108,46,0,108,46,154
Shannon,ENewton,13,1,0,3,0,0,16,1,0,14,3,17
Shannon,NPaulding,32,9,0,13,30,0,45,39,0,41,43,84
Shannon,WPaulding,31,10,0,11,47,0,42,57,0,41,58,99
Shannon,EPaulding,266,47,1,64,118,0,330,165,1,314,182,496
Shannon,NSpalding,164,31,0,45,84,0,209,115,0,195,129,324
Shannon,SSpalding,127,14,0,37,93,0,164,107,0,141,130,271
Shannon,WWalton,19,1,0,7,7,0,26,8,0,20,14,34
Shannon,EWalton,9,0,0,2,4,0,11,4,0,9,6,15
WCherokee,NFulton,605,84,0,130,415,0,735,499,0,689,545,1234
WCherokee,Roswell,227,52,0,62,139,0,289,191,0,279,201,480
WCherokee,SandySprings,189,34,0,37,76,0,226,110,0,223,113,336
WCherokee,Buckhead,99,14,0,45,121,0,144,135,0,113,166,279
WCherokee,NWAtlanta,43,10,0,13,39,0,56,49,0,53,52,105
WCherokee,NEAtlanta,77,15,1,38,83,0,115,98,1,93,121,214
WCherokee,SWAtlanta,19,2,0,8,5,1,27,7,1,21,14,35
WCherokee,CBDAtlanta,35,14,0,25,48,0,60,62,0,49,73,122
WCherokee,SEAtlanta,9,2,0,4,4,0,13,6,0,11,8,19
WCherokee,SFulton,2,1,0,3,1,0,5,2,0,3,4,7
WCherokee,Tri-Cities,28,4,0,1,3,0,29,7,0,32,4,36
WCherokee,Shannon,4,1,0,1,0,0,5,1,0,5,1,6
WCherokee,WCherokee,2975,527,0,7057,17658,0,10032,18185,0,3502,24715,28217
WCherokee,NCherokee,311,42,0,515,1367,0,826,1409,0,353,1882,2235
WCherokee,ECentCherokee,4063,702,9,6323,16683,18,10386,17385,27,4774,23024,27798
WCherokee,Woodstock,987,159,0,635,1809,0,1622,1968,0,1146,2444,3590
WCherokee,Airport,8,1,0,0,1,0,8,2,0,9,1,10
WCherokee,NEClayton,9,1,0,3,18,0,12,19,0,10,21,31
WCherokee,Riverdale,0,1,0,0,9,0,0,10,0,1,9,10
WCherokee,SClayton,1,0,0,0,1,0,1,1,0,1,1,2
WCherokee,NWCobb,829,128,0,322,677,1,1151,805,1,957,1000,1957
WCherokee,NECobb,604,109,0,183,465,0,787,574,0,713,648,1361
WCherokee,SWCobb,41,11,0,17,20,0,58,31,0,52,37,89
WCherokee,Marietta,357,65,0,95,289,1,452,354,1,422,385,807
WCherokee,Cumberland,381,51,0,82,153,0,463,204,0,432,235,667
WCherokee,SCobb,74,13,0,31,52,0,105,65,0,87,83,170
WCherokee,Chamblee,79,12,1,27,38,0,106,50,1,92,65,157
WCherokee,NWDeKalb,34,3,0,13,38,1,47,41,1,37,52,89
WCherokee,NEDeKalb,21,4,0,11,32,0,32,36,0,25,43,68
WCherokee,Atlanta-DeKalb,4,0,0,0,4,0,4,4,0,4,4,8
WCherokee,Decatur,3,0,0,1,3,0,4,3,0,3,4,7
WCherokee,SWDeKalb,10,0,0,3,8,0,13,8,0,10,11,21
WCherokee,SEDeKalb,1,0,0,0,7,0,1,7,0,1,7,8
WCherokee,SDeKalb,1,1,0,1,2,0,2,3,0,2,3,5
WCherokee,WDouglas,7,3,0,1,6,0,8,9,0,10,7,17
WCherokee,EDouglas,32,2,0,7,22,0,39,24,0,34,29,63
WCherokee,WFayette,1,0,0,0,1,0,1,1,0,1,1,2
WCherokee,EFayette,2,0,0,1,0,0,3,0,0,2,1,3
WCherokee,NGwinnett,25,2,0,16,38,0,41,40,0,27,54,81
WCherokee,CentGwinnett,48,15,0,22,30,0,70,45,0,63,52,115
WCherokee,EGwinnett,1,1,0,1,3,0,2,4,0,2,4,6
WCherokee,Norcross,101,8,0,20,31,0,121,39,0,109,51,160
WCherokee,Lilburn,7,1,0,3,6,0,10,7,0,8,9,17
WCherokee,Snellville,3,0,0,2,0,0,5,0,0,3,2,5
WCherokee,NHenry,0,0,0,1,0,0,1,0,0,0,1,1
WCherokee,EHenry,0,0,0,0,0,0,0,0,0,0,0,0
WCherokee,SHenry,0,0,0,0,4,0,0,4,0,0,4,4
WCherokee,SRockdale,1,0,0,0,0,0,1,0,0,1,0,1
WCherokee,NRockdale,0,0,0,0,1,0,0,1,0,0,1,1
WCherokee,NBarrow,1,0,0,1,0,0,2,0,0,1,1,2
WCherokee,SBarrow,0,0,0,0,0,0,0,0,0,0,0,0
WCherokee,NWBartow,121,21,0,66,127,0,187,148,0,142,193,335
WCherokee,NEBartow,415,65,0,281,830,0,696,895,0,480,1111,1591
WCherokee,SWBartow,61,11,0,14,43,0,75,54,0,72,57,129
WCherokee,Cartersville,1170,197,0,546,1339,0,1716,1536,0,1367,1885,3252
WCherokee,NECarroll,0,0,0,0,1,0,0,1,0,0,1,1
WCherokee,WCarroll,0,0,0,0,0,0,0,0,0,0,0,0
WCherokee,CentralCarroll,2,0,0,0,1,0,2,1,0,2,1,3
WCherokee,SECarroll,0,0,0,0,0,0,0,0,0,0,0,0
WCherokee,WCoweta,0,0,0,0,0,0,0,0,0,0,0,0
WCherokee,NCoweta,0,0,0,0,0,0,0,0,0,0,0,0
WCherokee,SCoweta,0,0,0,0,0,0,0,0,0,0,0,0
WCherokee,SECoweta,0,0,0,0,0,0,0,0,0,0,0,0
WCherokee,NForsyth,62,18,0,45,92,0,107,110,0,80,137,217
WCherokee,Cumming,212,41,0,115,206,0,327,247,0,253,321,574
WCherokee,SForsyth,174,33,0,43,85,0,217,118,0,207,128,335
WCherokee,NHall,2,0,0,2,0,0,4,0,0,2,2,4
WCherokee,Gainesville,6,1,0,5,19,0,11,20,0,7,24,31
WCherokee,SHall,2,1,0,2,4,0,4,5,0,3,6,9
WCherokee,WNewton,0,0,0,0,0,0,0,0,0,0,0,0
WCherokee,ENewton,0,0,0,0,0,0,0,0,0,0,0,0
WCherokee,NPaulding,51,13,0,17,67,0,68,80,0,64,84,148
WCherokee,WPaulding,4,1,0,0,2,0,4,3,0,5,2,7
WCherokee,EPaulding,50,13,0,23,61,0,73,74,0,63,84,147
WCherokee,NSpalding,0,0,0,0,0,0,0,0,0,0,0,0
WCherokee,SSpalding,0,0,0,0,0,0,0,0,0,0,0,0
WCherokee,WWalton,0,0,0,0,1,0,0,1,0,0,1,1
WCherokee,EWalton,0,0,0,0,0,0,0,0,0,0,0,0
NCherokee,NFulton,479,71,0,127,257,0,606,328,0,550,384,934
NCherokee,Roswell,161,28,0,36,91,0,197,119,0,189,127,316
NCherokee,SandySprings,108,9,0,27,45,0,135,54,0,117,72,189
NCherokee,Buckhead,48,8,0,22,69,0,70,77,0,56,91,147
NCherokee,NWAtlanta,21,3,0,3,8,0,24,11,0,24,11,35
NCherokee,NEAtlanta,19,11,0,16,45,1,35,56,1,30,62,92
NCherokee,SWAtlanta,5,1,0,7,12,0,12,13,0,6,19,25
NCherokee,CBDAtlanta,17,3,2,14,34,0,31,37,2,22,48,70
NCherokee,SEAtlanta,4,1,0,3,4,0,7,5,0,5,7,12
NCherokee,SFulton,3,1,0,0,0,0,3,1,0,4,0,4
NCherokee,Tri-Cities,6,1,0,0,3,0,6,4,0,7,3,10
NCherokee,Shannon,2,0,0,0,0,0,2,0,0,2,0,2
NCherokee,WCherokee,286,48,0,502,1385,0,788,1433,0,334,1887,2221
NCherokee,NCherokee,1652,259,0,3431,8803,0,5083,9062,0,1911,12234,14145
NCherokee,ECentCherokee,2430,453,4,2851,7366,12,5281,7819,16,2887,10229,13116
NCherokee,Woodstock,404,66,0,173,339,0,577,405,0,470,512,982
NCherokee,Airport,4,1,0,0,0,0,4,1,0,5,0,5
NCherokee,NEClayton,2,0,0,0,7,0,2,7,0,2,7,9
NCherokee,Riverdale,0,0,0,0,4,0,0,4,0,0,4,4
NCherokee,SClayton,1,0,0,0,0,0,1,0,0,1,0,1
NCherokee,NWCobb,279,55,0,112,215,0,391,270,0,334,327,661
NCherokee,NECobb,258,36,0,62,234,0,320,270,0,294,296,590
NCherokee,SWCobb,16,2,0,5,27,0,21,29,0,18,32,50
NCherokee,Marietta,152,29,0,41,103,0,193,132,0,181,144,325
NCherokee,Cumberland,179,16,0,34,75,0,213,91,0,195,109,304
NCherokee,SCobb,28,3,0,7,10,0,35,13,0,31,17,48
NCherokee,Chamblee,52,12,0,15,52,0,67,64,0,64,67,131
NCherokee,NWDeKalb,6,1,0,8,60,0,14,61,0,7,68,75
NCherokee,NEDeKalb,9,3,0,11,10,0,20,13,0,12,21,33
NCherokee,Atlanta-DeKalb,4,0,0,3,0,0,7,0,0,4,3,7
NCherokee,Decatur,2,0,0,0,2,0,2,2,0,2,2,4
NCherokee,SWDeKalb,0,1,0,3,3,0,3,4,0,1,6,7
NCherokee,SEDeKalb,2,0,0,0,1,0,2,1,0,2,1,3
NCherokee,SDeKalb,0,0,0,1,3,0,1,3,0,0,4,4
NCherokee,WDouglas,0,0,0,1,0,0,1,0,0,0,1,1
NCherokee,EDouglas,13,2,0,6,6,0,19,8,0,15,12,27
NCherokee,WFayette,0,0,0,0,0,0,0,0,0,0,0,0
NCherokee,EFayette,0,0,0,0,0,0,0,0,0,0,0,0
NCherokee,NGwinnett,36,8,0,23,41,0,59,49,0,44,64,108
NCherokee,CentGwinnett,50,13,0,32,46,0,82,59,0,63,78,141
NCherokee,EGwinnett,3,0,0,4,0,0,7,0,0,3,4,7
NCherokee,Norcross,74,13,0,10,36,0,84,49,0,87,46,133
NCherokee,Lilburn,1,0,0,4,1,0,5,1,0,1,5,6
NCherokee,Snellville,1,0,0,2,1,0,3,1,0,1,3,4
NCherokee,NHenry,0,0,0,0,0,0,0,0,0,0,0,0
NCherokee,EHenry,0,0,0,0,0,0,0,0,0,0,0,0
NCherokee,SHenry,0,0,0,0,0,0,0,0,0,0,0,0
NCherokee,SRockdale,0,0,0,0,0,0,0,0,0,0,0,0
NCherokee,NRockdale,0,0,0,1,0,0,1,0,0,0,1,1
NCherokee,NBarrow,1,0,0,0,5,0,1,5,0,1,5,6
NCherokee,SBarrow,1,0,0,1,0,0,2,0,0,1,1,2
NCherokee,NWBartow,17,2,0,2,21,0,19,23,0,19,23,42
NCherokee,NEBartow,44,7,0,15,18,0,59,25,0,51,33,84
NCherokee,SWBartow,9,0,0,1,1,0,10,1,0,9,2,11
NCherokee,Cartersville,129,26,0,35,44,0,164,70,0,155,79,234
NCherokee,NECarroll,0,0,0,0,0,0,0,0,0,0,0,0
NCherokee,WCarroll,0,0,0,0,0,0,0,0,0,0,0,0
NCherokee,CentralCarroll,0,0,0,0,1,0,0,1,0,0,1,1
NCherokee,SECarroll,0,0,0,0,0,0,0,0,0,0,0,0
NCherokee,WCoweta,0,0,0,0,0,0,0,0,0,0,0,0
NCherokee,NCoweta,0,0,0,0,0,0,0,0,0,0,0,0
NCherokee,SCoweta,0,0,0,0,0,0,0,0,0,0,0,0
NCherokee,SECoweta,0,0,0,0,0,0,0,0,0,0,0,0
NCherokee,NForsyth,185,32,0,108,329,0,293,361,0,217,437,654
NCherokee,Cumming,441,71,0,330,823,0,771,894,0,512,1153,1665
NCherokee,SForsyth,189,34,0,61,161,0,250,195,0,223,222,445
NCherokee,NHall,10,1,0,2,0,0,12,1,0,11,2,13
NCherokee,Gainesville,21,6,0,15,7,0,36,13,0,27,22,49
NCherokee,SHall,7,2,0,13,9,0,20,11,0,9,22,31
NCherokee,WNewton,0,0,0,0,0,0,0,0,0,0,0,0
NCherokee,ENewton,0,0,0,0,0,0,0,0,0,0,0,0
NCherokee,NPaulding,4,2,0,3,8,0,7,10,0,6,11,17
NCherokee,WPaulding,0,0,0,0,0,0,0,0,0,0,0,0
NCherokee,EPaulding,10,0,0,5,23,0,15,23,0,10,28,38
NCherokee,NSpalding,0,0,0,0,0,0,0,0,0,0,0,0
NCherokee,SSpalding,0,0,0,0,0,0,0,0,0,0,0,0
NCherokee,WWalton,1,0,0,0,0,0,1,0,0,1,0,1
NCherokee,EWalton,0,0,0,0,0,0,0,0,0,0,0,0
ECentCherokee,NFulton,7043,1254,1,4359,12177,6,11402,13431,7,8298,16542,24840
ECentCherokee,Roswell,2693,464,1,1271,3910,0,3964,4374,1,3158,5181,8339
ECentCherokee,SandySprings,1602,296,5,390,917,3,1992,1213,8,1903,1310,3213
ECentCherokee,Buckhead,652,131,3,151,493,2,803,624,5,786,646,1432
ECentCherokee,NWAtlanta,213,37,0,33,79,1,246,116,1,250,113,363
ECentCherokee,NEAtlanta,362,86,7,150,441,13,512,527,20,455,604,1059
ECentCherokee,SWAtlanta,85,11,1,39,76,2,124,87,3,97,117,214
ECentCherokee,CBDAtlanta,273,47,19,77,272,9,350,319,28,339,358,697
ECentCherokee,SEAtlanta,65,11,0,36,118,3,101,129,3,76,157,233
ECentCherokee,SFulton,32,3,0,9,17,0,41,20,0,35,26,61
ECentCherokee,Tri-Cities,77,15,0,26,78,0,103,93,0,92,104,196
ECentCherokee,Shannon,23,3,0,12,13,0,35,16,0,26,25,51
ECentCherokee,WCherokee,4319,753,9,6401,16919,20,10720,17672,29,5081,23340,28421
ECentCherokee,NCherokee,2562,467,4,2915,7331,12,5477,7798,16,3033,10258,13291
ECentCherokee,ECentCherokee,56410,9714,122,101158,227586,349,157568,237300,471,66246,329093,395339
ECentCherokee,Woodstock,8883,1566,2,9372,25512,1,18255,27078,3,10451,34885,45336
ECentCherokee,Airport,36,11,4,6,26,1,42,37,5,51,33,84
ECentCherokee,NEClayton,34,9,1,13,34,0,47,43,1,44,47,91
ECentCherokee,Riverdale,17,4,0,7,28,0,24,32,0,21,35,56
ECentCherokee,SClayton,8,3,0,3,3,0,11,6,0,11,6,17
ECentCherokee,NWCobb,3965,672,3,2159,4391,2,6124,5063,5,4640,6552,11192
ECentCherokee,NECobb,3837,659,1,1663,4589,0,5500,5248,1,4497,6252,10749
ECentCherokee,SWCobb,252,53,0,81,158,0,333,211,0,305,239,544
ECentCherokee,Marietta,1714,295,0,512,1044,5,2226,1339,5,2009,1561,3570
ECentCherokee,Cumberland,1700,268,1,300,664,1,2000,932,2,1969,965,2934
ECentCherokee,SCobb,342,47,0,94,286,0,436,333,0,389,380,769
ECentCherokee,Chamblee,859,164,3,214,408,2,1073,572,5,1026,624,1650
ECentCherokee,NWDeKalb,202,39,0,67,327,5,269,366,5,241,399,640
ECentCherokee,NEDeKalb,218,34,0,89,132,0,307,166,0,252,221,473
ECentCherokee,Atlanta-DeKalb,15,2,0,8,13,0,23,15,0,17,21,38
ECentCherokee,Decatur,20,4,0,13,19,0,33,23,0,24,32,56
ECentCherokee,SWDeKalb,34,5,1,17,53,0,51,58,1,40,70,110
ECentCherokee,SEDeKalb,13,5,0,6,15,0,19,20,0,18,21,39
ECentCherokee,SDeKalb,21,2,0,18,22,0,39,24,0,23,40,63
ECentCherokee,WDouglas,33,7,0,26,37,0,59,44,0,40,63,103
ECentCherokee,EDouglas,130,19,0,45,64,0,175,83,0,149,109,258
ECentCherokee,WFayette,6,1,0,2,1,0,8,2,0,7,3,10
ECentCherokee,EFayette,5,1,0,2,4,0,7,5,0,6,6,12
ECentCherokee,NGwinnett,359,70,0,122,369,0,481,439,0,429,491,920
ECentCherokee,CentGwinnett,538,117,0,209,517,0,747,634,0,655,726,1381
ECentCherokee,EGwinnett,24,3,0,17,30,0,41,33,0,27,47,74
ECentCherokee,Norcross,904,139,0,182,437,0,1086,576,0,1043,619,1662
ECentCherokee,Lilburn,46,14,0,22,27,0,68,41,0,60,49,109
ECentCherokee,Snellville,44,8,0,29,33,0,73,41,0,52,62,114
ECentCherokee,NHenry,6,1,0,5,11,0,11,12,0,7,16,23
ECentCherokee,EHenry,0,0,0,2,0,0,2,0,0,0,2,2
ECentCherokee,SHenry,8,2,0,1,15,0,9,17,0,10,16,26
ECentCherokee,SRockdale,3,0,0,3,0,0,6,0,0,3,3,6
ECentCherokee,NRockdale,2,1,0,5,12,0,7,13,0,3,17,20
ECentCherokee,NBarrow,13,0,0,12,14,0,25,14,0,13,26,39
ECentCherokee,SBarrow,5,0,0,1,9,0,6,9,0,5,10,15
ECentCherokee,NWBartow,233,44,0,60,167,0,293,211,0,277,227,504
ECentCherokee,NEBartow,456,81,0,231,624,0,687,705,0,537,855,1392
ECentCherokee,SWBartow,139,18,0,45,95,0,184,113,0,157,140,297
ECentCherokee,Cartersville,1112,197,0,394,593,0,1506,790,0,1309,987,2296
ECentCherokee,NECarroll,10,1,0,8,20,0,18,21,0,11,28,39
ECentCherokee,WCarroll,2,0,0,0,0,0,2,0,0,2,0,2
ECentCherokee,CentralCarroll,4,0,0,6,2,0,10,2,0,4,8,12
ECentCherokee,SECarroll,0,0,0,0,0,0,0,0,0,0,0,0
ECentCherokee,WCoweta,0,0,0,0,0,0,0,0,0,0,0,0
ECentCherokee,NCoweta,4,0,0,2,9,0,6,9,0,4,11,15
ECentCherokee,SCoweta,0,0,0,0,0,0,0,0,0,0,0,0
ECentCherokee,SECoweta,0,0,0,0,0,0,0,0,0,0,0,0
ECentCherokee,NForsyth,1802,333,0,1027,2885,0,2829,3218,0,2135,3912,6047
ECentCherokee,Cumming,4590,805,0,4354,11638,0,8944,12443,0,5395,15992,21387
ECentCherokee,SForsyth,2321,362,0,965,2224,1,3286,2586,1,2683,3190,5873
ECentCherokee,NHall,44,7,0,14,17,0,58,24,0,51,31,82
ECentCherokee,Gainesville,153,25,0,45,149,0,198,174,0,178,194,372
ECentCherokee,SHall,76,7,0,51,58,0,127,65,0,83,109,192
ECentCherokee,WNewton,1,0,0,0,2,0,1,2,0,1,2,3
ECentCherokee,ENewton,0,0,0,0,0,0,0,0,0,0,0,0
ECentCherokee,NPaulding,155,24,0,50,126,0,205,150,0,179,176,355
ECentCherokee,WPaulding,17,1,0,11,33,0,28,34,0,18,44,62
ECentCherokee,EPaulding,211,45,0,58,230,0,269,275,0,256,288,544
ECentCherokee,NSpalding,0,0,0,0,0,0,0,0,0,0,0,0
ECentCherokee,SSpalding,0,0,0,0,0,0,0,0,0,0,0,0
ECentCherokee,WWalton,7,0,0,5,4,0,12,4,0,7,9,16
ECentCherokee,EWalton,5,0,0,2,5,0,7,5,0,5,7,12
Woodstock,NFulton,3715,654,3,2520,6107,8,6235,6761,11,4372,8635,13007
Woodstock,Roswell,2812,462,7,1777,4411,6,4589,4873,13,3281,6194,9475
Woodstock,SandySprings,2024,304,7,480,1024,13,2504,1328,20,2335,1517,3852
Woodstock,Buckhead,1005,179,11,171,446,4,1176,625,15,1195,621,1816
Woodstock,NWAtlanta,305,76,5,63,120,1,368,196,6,386,184,570
Woodstock,NEAtlanta,704,145,22,122,309,15,826,454,37,871,446,1317
Woodstock,SWAtlanta,207,30,2,41,70,5,248,100,7,239,116,355
Woodstock,CBDAtlanta,528,132,68,89,189,10,617,321,78,728,288,1016
Woodstock,SEAtlanta,113,27,0,31,108,3,144,135,3,140,142,282
Woodstock,SFulton,60,11,0,23,64,0,83,75,0,71,87,158
Woodstock,Tri-Cities,149,37,1,27,44,0,176,81,1,187,71,258
Woodstock,Shannon,47,6,0,11,37,0,58,43,0,53,48,101
Woodstock,WCherokee,1042,191,0,659,1760,0,1701,1951,0,1233,2419,3652
Woodstock,NCherokee,395,82,0,167,317,0,562,399,0,477,484,961
Woodstock,ECentCherokee,9548,1650,2,9519,25475,2,19067,27125,4,11200,34996,46196
Woodstock,Woodstock,40478,7165,0,81534,183290,0,122012,190455,0,47643,264824,312467
Woodstock,Airport,59,20,12,6,26,0,65,46,12,91,32,123
Woodstock,NEClayton,68,36,0,20,69,1,88,105,1,104,90,194
Woodstock,Riverdale,21,8,0,14,29,0,35,37,0,29,43,72
Woodstock,SClayton,20,6,0,7,5,0,27,11,0,26,12,38
Woodstock,NWCobb,14117,2476,39,16023,40217,42,30140,42693,81,16632,56282,72914
Woodstock,NECobb,8693,1516,2,9203,22773,0,17896,24289,2,10211,31976,42187
Woodstock,SWCobb,579,108,0,241,597,0,820,705,0,687,838,1525
Woodstock,Marietta,3485,615,10,1606,4119,13,5091,4734,23,4110,5738,9848
Woodstock,Cumberland,3045,472,6,603,1494,3,3648,1966,9,3523,2100,5623
Woodstock,SCobb,640,95,0,205,490,0,845,585,0,735,695,1430
Woodstock,Chamblee,999,170,10,177,481,3,1176,651,13,1179,661,1840
Woodstock,NWDeKalb,291,43,1,73,149,7,364,192,8,335,229,564
Woodstock,NEDeKalb,223,38,1,67,161,0,290,199,1,262,228,490
Woodstock,Atlanta-DeKalb,41,5,1,9,31,1,50,36,2,47,41,88
Woodstock,Decatur,39,10,1,8,36,1,47,46,2,50,45,95
Woodstock,SWDeKalb,53,13,0,24,66,0,77,79,0,66,90,156
Woodstock,SEDeKalb,19,5,0,20,36,0,39,41,0,24,56,80
Woodstock,SDeKalb,42,12,0,15,52,1,57,64,1,54,68,122
Woodstock,WDouglas,84,20,0,18,38,0,102,58,0,104,56,160
Woodstock,EDouglas,215,44,0,49,118,0,264,162,0,259,167,426
Woodstock,WFayette,6,3,0,9,5,0,15,8,0,9,14,23
Woodstock,EFayette,15,4,0,7,6,0,22,10,0,19,13,32
Woodstock,NGwinnett,145,26,0,54,93,0,199,119,0,171,147,318
Woodstock,CentGwinnett,345,50,0,95,187,0,440,237,0,395,282,677
Woodstock,EGwinnett,22,8,0,9,27,0,31,35,0,30,36,66
Woodstock,Norcross,767,125,0,181,276,0,948,401,0,892,457,1349
Woodstock,Lilburn,67,9,0,27,57,0,94,66,0,76,84,160
Woodstock,Snellville,31,9,0,16,27,0,47,36,0,40,43,83
Woodstock,NHenry,23,5,0,10,26,0,33,31,0,28,36,64
Woodstock,EHenry,5,3,0,1,3,0,6,6,0,8,4,12
Woodstock,SHenry,7,4,0,8,6,0,15,10,0,11,14,25
Woodstock,SRockdale,5,3,0,2,10,0,7,13,0,8,12,20
Woodstock,NRockdale,12,4,0,5,2,0,17,6,0,16,7,23
Woodstock,NBarrow,9,1,0,2,2,0,11,3,0,10,4,14
Woodstock,SBarrow,6,1,0,4,0,0,10,1,0,7,4,11
Woodstock,NWBartow,264,34,0,62,106,0,326,140,0,298,168,466
Woodstock,NEBartow,253,42,0,78,217,0,331,259,0,295,295,590
Woodstock,SWBartow,355,53,0,108,340,0,463,393,0,408,448,856
Woodstock,Cartersville,2149,349,0,1180,2626,0,3329,2975,0,2498,3806,6304
Woodstock,NECarroll,43,9,0,13,26,0,56,35,0,52,39,91
Woodstock,WCarroll,2,0,0,2,0,0,4,0,0,2,2,4
Woodstock,CentralCarroll,12,2,0,4,13,0,16,15,0,14,17,31
Woodstock,SECarroll,1,0,0,1,0,0,2,0,0,1,1,2
Woodstock,WCoweta,4,0,0,0,0,0,4,0,0,4,0,4
Woodstock,NCoweta,5,3,0,6,1,0,11,4,0,8,7,15
Woodstock,SCoweta,0,1,0,0,0,0,0,1,0,1,0,1
Woodstock,SECoweta,1,0,0,0,0,0,1,0,0,1,0,1
Woodstock,NForsyth,400,67,0,84,274,0,484,341,0,467,358,825
Woodstock,Cumming,929,135,0,217,545,0,1146,680,0,1064,762,1826
Woodstock,SForsyth,565,90,0,132,216,0,697,306,0,655,348,1003
Woodstock,NHall,17,0,0,6,16,0,23,16,0,17,22,39
Woodstock,Gainesville,36,5,0,10,35,0,46,40,0,41,45,86
Woodstock,SHall,27,4,0,12,19,0,39,23,0,31,31,62
Woodstock,WNewton,6,1,0,0,4,0,6,5,0,7,4,11
Woodstock,ENewton,0,0,0,0,0,0,0,0,0,0,0,0
Woodstock,NPaulding,704,114,0,357,1046,0,1061,1160,0,818,1403,2221
Woodstock,WPaulding,68,11,0,23,75,0,91,86,0,79,98,177
Woodstock,EPaulding,643,117,0,204,408,0,847,525,0,760,612,1372
Woodstock,NSpalding,2,0,0,0,0,0,2,0,0,2,0,2
Woodstock,SSpalding,0,0,0,1,0,0,1,0,0,0,1,1
Woodstock,WWalton,4,1,0,4,0,0,8,1,0,5,4,9
Woodstock,EWalton,5,0,0,0,0,0,5,0,0,5,0,5
Airport,NFulton,61,16,32,16,10,1,77,26,33,109,27,136
Airport,Roswell,68,20,29,9,5,0,77,25,29,117,14,131
Airport,SandySprings,247,62,136,12,39,6,259,101,142,445,57,502
Airport,Buckhead,622,128,416,56,122,25,678,250,441,1166,203,1369
Airport,NWAtlanta,550,115,344,109,156,43,659,271,387,1009,308,1317
Airport,NEAtlanta,1405,238,813,319,428,94,1724,666,907,2456,841,3297
Airport,SWAtlanta,1607,240,501,724,971,110,2331,1211,611,2348,1805,4153
Airport,CBDAtlanta,1071,221,684,309,542,201,1380,763,885,1976,1052,3028
Airport,SEAtlanta,1752,359,459,1302,1539,100,3054,1898,559,2570,2941,5511
Airport,SFulton,915,147,39,360,817,8,1275,964,47,1101,1185,2286
Airport,Tri-Cities,4258,794,405,5892,6655,313,10150,7449,718,5457,12860,18317
Airport,Shannon,3287,536,160,2562,5790,91,5849,6326,251,3983,8443,12426
Airport,WCherokee,6,0,0,3,0,0,9,0,0,6,3,9
Airport,NCherokee,1,0,0,0,0,0,1,0,0,1,0,1
Airport,ECentCherokee,20,7,4,7,8,1,27,15,5,31,16,47
Airport,Woodstock,47,22,12,9,29,0,56,51,12,81,38,119
Airport,Airport,5141,854,50,9196,8699,118,14337,9553,168,6045,18013,24058
Airport,NEClayton,3617,618,97,3124,4193,47,6741,4811,144,4332,7364,11696
Airport,Riverdale,3777,679,150,3603,6777,103,7380,7456,253,4606,10483,15089
Airport,SClayton,1469,266,40,506,815,4,1975,1081,44,1775,1325,3100
Airport,NWCobb,145,18,17,12,24,2,157,42,19,180,38,218
Airport,NECobb,123,37,23,25,46,1,148,83,24,183,72,255
Airport,SWCobb,157,19,12,16,56,0,173,75,12,188,72,260
Airport,Marietta,119,25,16,20,12,1,139,37,17,160,33,193
Airport,Cumberland,420,78,64,37,66,2,457,144,66,562,105,667
Airport,SCobb,524,92,64,52,127,4,576,219,68,680,183,863
Airport,Chamblee,330,115,322,27,85,14,357,200,336,767,126,893
Airport,NWDeKalb,429,71,188,51,74,3,480,145,191,688,128,816
Airport,NEDeKalb,473,104,221,31,60,9,504,164,230,798,100,898
Airport,Atlanta-DeKalb,337,45,150,42,102,8,379,147,158,532,152,684
Airport,Decatur,185,25,129,22,9,10,207,34,139,339,41,380
Airport,SWDeKalb,883,159,275,135,222,19,1018,381,294,1317,376,1693
Airport,SEDeKalb,706,100,237,45,162,6,751,262,243,1043,213,1256
Airport,SDeKalb,1182,204,91,276,413,8,1458,617,99,1477,697,2174
Airport,WDouglas,307,32,15,26,66,0,333,98,15,354,92,446
Airport,EDouglas,443,61,51,48,94,1,491,155,52,555,143,698
Airport,WFayette,522,82,13,114,316,1,636,398,14,617,431,1048
Airport,EFayette,957,162,10,454,981,1,1411,1143,11,1129,1436,2565
Airport,NGwinnett,84,25,17,10,12,0,94,37,17,126,22,148
Airport,CentGwinnett,166,52,66,14,45,0,180,97,66,284,59,343
Airport,EGwinnett,50,17,2,2,23,0,52,40,2,69,25,94
Airport,Norcross,170,47,78,12,44,1,182,91,79,295,57,352
Airport,Lilburn,138,17,30,21,9,0,159,26,30,185,30,215
Airport,Snellville,181,30,21,8,18,0,189,48,21,232,26,258
Airport,NHenry,1122,191,35,217,366,8,1339,557,43,1348,591,1939
Airport,EHenry,460,69,3,28,74,0,488,143,3,532,102,634
Airport,SHenry,955,153,16,120,223,1,1075,376,17,1124,344,1468
Airport,SRockdale,224,28,10,22,16,0,246,44,10,262,38,300
Airport,NRockdale,164,31,18,15,12,0,179,43,18,213,27,240
Airport,NBarrow,11,4,0,2,1,0,13,5,0,15,3,18
Airport,SBarrow,6,0,1,2,1,0,8,1,1,7,3,10
Airport,NWBartow,1,0,0,0,0,0,1,0,0,1,0,1
Airport,NEBartow,2,0,0,0,10,0,2,10,0,2,10,12
Airport,SWBartow,5,0,0,0,6,0,5,6,0,5,6,11
Airport,Cartersville,10,1,2,2,3,0,12,4,2,13,5,18
Airport,NECarroll,34,6,0,4,4,0,38,10,0,40,8,48
Airport,WCarroll,3,1,0,4,4,0,7,5,0,4,8,12
Airport,CentralCarroll,57,9,0,10,22,0,67,31,0,66,32,98
Airport,SECarroll,13,3,0,1,9,0,14,12,0,16,10,26
Airport,WCoweta,168,23,1,14,38,0,182,61,1,192,52,244
Airport,NCoweta,887,131,39,85,180,1,972,311,40,1057,266,1323
Airport,SCoweta,60,6,0,9,31,0,69,37,0,66,40,106
Airport,SECoweta,114,15,0,20,50,0,134,65,0,129,70,199
Airport,NForsyth,10,1,0,0,10,0,10,11,0,11,10,21
Airport,Cumming,19,5,5,3,15,0,22,20,5,29,18,47
Airport,SForsyth,14,6,7,4,4,1,18,10,8,27,9,36
Airport,NHall,1,2,0,0,0,0,1,2,0,3,0,3
Airport,Gainesville,4,1,0,0,9,0,4,10,0,5,9,14
Airport,SHall,12,5,0,0,8,0,12,13,0,17,8,25
Airport,WNewton,256,38,7,25,42,0,281,80,7,301,67,368
Airport,ENewton,20,1,0,3,0,0,23,1,0,21,3,24
Airport,NPaulding,35,8,0,3,6,0,38,14,0,43,9,52
Airport,WPaulding,13,1,0,0,4,0,13,5,0,14,4,18
Airport,EPaulding,236,30,6,20,15,0,256,45,6,272,35,307
Airport,NSpalding,193,28,1,13,30,0,206,58,1,222,43,265
Airport,SSpalding,82,16,0,5,36,0,87,52,0,98,41,139
Airport,WWalton,48,7,1,5,21,0,53,28,1,56,26,82
Airport,EWalton,21,2,0,3,12,0,24,14,0,23,15,38
NEClayton,NFulton,140,48,4,31,74,2,171,122,6,192,107,299
NEClayton,Roswell,118,30,4,27,31,3,145,61,7,152,61,213
NEClayton,SandySprings,530,178,60,72,125,8,602,303,68,768,205,973
NEClayton,Buckhead,1160,311,115,194,632,26,1354,943,141,1586,852,2438
NEClayton,NWAtlanta,736,157,52,224,576,26,960,733,78,945,826,1771
NEClayton,NEAtlanta,2242,463,207,879,2087,128,3121,2550,335,2912,3094,6006
NEClayton,SWAtlanta,1083,232,35,647,1399,46,1730,1631,81,1350,2092,3442
NEClayton,CBDAtlanta,2561,567,570,963,2828,318,3524,3395,888,3698,4109,7807
NEClayton,SEAtlanta,3229,727,46,4140,9207,115,7369,9934,161,4002,13462,17464
NEClayton,SFulton,722,133,1,224,502,1,946,635,2,856,727,1583
NEClayton,Tri-Cities,4259,870,84,3235,6236,104,7494,7106,188,5213,9575,14788
NEClayton,Shannon,1828,353,10,1073,2684,20,2901,3037,30,2191,3777,5968
NEClayton,WCherokee,10,0,0,2,6,0,12,6,0,10,8,18
NEClayton,NCherokee,1,1,0,0,0,0,1,1,0,2,0,2
NEClayton,ECentCherokee,29,10,1,9,31,0,38,41,1,40,40,80
NEClayton,Woodstock,53,26,0,16,32,1,69,58,1,79,49,128
NEClayton,Airport,3414,645,96,3116,4217,40,6530,4862,136,4155,7373,11528
NEClayton,NEClayton,28054,5533,227,54457,111482,481,82511,117015,708,33814,166420,200234
NEClayton,Riverdale,5210,1069,71,7285,16463,153,12495,17532,224,6350,23901,30251
NEClayton,SClayton,8026,1656,50,11047,24643,109,19073,26299,159,9732,35799,45531
NEClayton,NWCobb,153,57,0,44,124,1,197,181,1,210,169,379
NEClayton,NECobb,220,72,0,44,107,1,264,179,1,292,152,444
NEClayton,SWCobb,127,25,0,26,49,0,153,74,0,152,75,227
NEClayton,Marietta,161,70,1,36,72,3,197,142,4,232,111,343
NEClayton,Cumberland,760,200,18,111,184,6,871,384,24,978,301,1279
NEClayton,SCobb,374,62,6,83,191,1,457,253,7,442,275,717
NEClayton,Chamblee,683,180,59,107,249,12,790,429,71,922,368,1290
NEClayton,NWDeKalb,941,207,13,464,868,19,1405,1075,32,1161,1351,2512
NEClayton,NEDeKalb,878,160,12,244,560,7,1122,720,19,1050,811,1861
NEClayton,Atlanta-DeKalb,395,69,9,344,901,9,739,970,18,473,1254,1727
NEClayton,Decatur,310,48,9,158,261,15,468,309,24,367,434,801
NEClayton,SWDeKalb,1358,257,25,966,2328,18,2324,2585,43,1640,3312,4952
NEClayton,SEDeKalb,813,133,4,307,762,5,1120,895,9,950,1074,2024
NEClayton,SDeKalb,3287,656,13,3243,8322,30,6530,8978,43,3956,11595,15551
NEClayton,WDouglas,241,37,0,42,65,0,283,102,0,278,107,385
NEClayton,EDouglas,322,64,0,57,185,0,379,249,0,386,242,628
NEClayton,WFayette,768,127,0,200,433,4,968,560,4,895,637,1532
NEClayton,EFayette,1665,301,1,920,2178,5,2585,2479,6,1967,3103,5070
NEClayton,NGwinnett,91,24,0,13,52,0,104,76,0,115,65,180
NEClayton,CentGwinnett,243,65,4,49,75,2,292,140,6,312,126,438
NEClayton,EGwinnett,90,19,0,19,50,0,109,69,0,109,69,178
NEClayton,Norcross,385,80,11,71,162,4,456,242,15,476,237,713
NEClayton,Lilburn,218,54,0,49,79,1,267,133,1,272,129,401
NEClayton,Snellville,315,60,0,58,136,2,373,196,2,375,196,571
NEClayton,NHenry,6512,1193,20,7215,19029,23,13727,20222,43,7725,26267,33992
NEClayton,EHenry,1694,304,0,700,1619,0,2394,1923,0,1998,2319,4317
NEClayton,SHenry,3547,627,5,1247,3136,9,4794,3763,14,4179,4392,8571
NEClayton,SRockdale,765,143,0,253,534,2,1018,677,2,908,789,1697
NEClayton,NRockdale,423,67,0,82,220,2,505,287,2,490,304,794
NEClayton,NBarrow,12,3,0,3,1,0,15,4,0,15,4,19
NEClayton,SBarrow,20,2,0,4,10,0,24,12,0,22,14,36
NEClayton,NWBartow,1,0,0,0,0,0,1,0,0,1,0,1
NEClayton,NEBartow,0,1,0,2,2,0,2,3,0,1,4,5
NEClayton,SWBartow,1,3,0,0,10,0,1,13,0,4,10,14
NEClayton,Cartersville,6,4,0,9,9,0,15,13,0,10,18,28
NEClayton,NECarroll,24,9,0,8,18,0,32,27,0,33,26,59
NEClayton,WCarroll,5,1,0,3,0,0,8,1,0,6,3,9
NEClayton,CentralCarroll,42,7,0,18,5,0,60,12,0,49,23,72
NEClayton,SECarroll,15,0,0,5,5,0,20,5,0,15,10,25
NEClayton,WCoweta,120,13,0,23,37,0,143,50,0,133,60,193
NEClayton,NCoweta,723,112,1,125,279,0,848,391,1,836,404,1240
NEClayton,SCoweta,60,17,0,15,20,0,75,37,0,77,35,112
NEClayton,SECoweta,157,32,0,46,86,0,203,118,0,189,132,321
NEClayton,NForsyth,17,1,0,2,1,0,19,2,0,18,3,21
NEClayton,Cumming,34,12,1,20,22,0,54,34,1,47,42,89
NEClayton,SForsyth,22,13,0,18,8,0,40,21,0,35,26,61
NEClayton,NHall,1,0,0,0,1,0,1,1,0,1,1,2
NEClayton,Gainesville,2,1,0,0,7,0,2,8,0,3,7,10
NEClayton,SHall,14,5,0,4,6,0,18,11,0,19,10,29
NEClayton,WNewton,761,143,1,109,276,1,870,419,2,905,386,1291
NEClayton,ENewton,66,5,0,11,26,0,77,31,0,71,37,108
NEClayton,NPaulding,15,5,0,4,4,0,19,9,0,20,8,28
NEClayton,WPaulding,15,1,0,1,32,0,16,33,0,16,33,49
NEClayton,EPaulding,121,28,0,26,55,0,147,83,0,149,81,230
NEClayton,NSpalding,504,96,0,115,156,0,619,252,0,600,271,871
NEClayton,SSpalding,271,45,0,59,62,0,330,107,0,316,121,437
NEClayton,WWalton,123,17,0,22,29,0,145,46,0,140,51,191
NEClayton,EWalton,48,7,0,12,21,0,60,28,0,55,33,88
Riverdale,NFulton,91,31,6,15,40,1,106,71,7,128,56,184
Riverdale,Roswell,76,12,4,10,17,0,86,29,4,92,27,119
Riverdale,SandySprings,402,147,121,39,109,10,441,256,131,670,158,828
Riverdale,Buckhead,793,233,164,97,365,24,890,598,188,1190,486,1676
Riverdale,NWAtlanta,562,137,44,97,320,31,659,457,75,743,448,1191
Riverdale,NEAtlanta,1663,413,317,444,974,153,2107,1387,470,2393,1571,3964
Riverdale,SWAtlanta,836,155,46,480,993,47,1316,1148,93,1037,1520,2557
Riverdale,CBDAtlanta,1872,424,1014,508,1416,377,2380,1840,1391,3310,2301,5611
Riverdale,SEAtlanta,1205,246,39,873,2165,56,2078,2411,95,1490,3094,4584
Riverdale,SFulton,517,114,1,281,733,1,798,847,2,632,1015,1647
Riverdale,Tri-Cities,2591,532,41,1867,4459,68,4458,4991,109,3164,6394,9558
Riverdale,Shannon,2465,524,9,3894,10272,57,6359,10796,66,2998,14223,17221
Riverdale,WCherokee,2,1,0,1,9,0,3,10,0,3,10,13
Riverdale,NCherokee,0,0,0,0,4,0,0,4,0,0,4,4
Riverdale,ECentCherokee,12,4,0,3,17,0,15,21,0,16,20,36
Riverdale,Woodstock,17,6,0,11,31,0,28,37,0,23,42,65
Riverdale,Airport,3533,650,138,3602,6651,85,7135,7301,223,4321,10338,14659
Riverdale,NEClayton,5044,1054,68,7215,17012,162,12259,18066,230,6166,24389,30555
Riverdale,Riverdale,11916,2443,112,34962,74599,406,46878,77042,518,14471,109967,124438
Riverdale,SClayton,4268,868,35,6670,17446,77,10938,18314,112,5171,24193,29364
Riverdale,NWCobb,74,13,1,22,34,2,96,47,3,88,58,146
Riverdale,NECobb,88,24,0,28,73,0,116,97,0,112,101,213
Riverdale,SWCobb,58,12,0,17,41,0,75,53,0,70,58,128
Riverdale,Marietta,135,28,1,27,35,6,162,63,7,164,68,232
Riverdale,Cumberland,680,149,29,82,132,0,762,281,29,858,214,1072
Riverdale,SCobb,315,75,2,71,164,0,386,239,2,392,235,627
Riverdale,Chamblee,456,134,101,55,128,7,511,262,108,691,190,881
Riverdale,NWDeKalb,510,118,17,113,193,16,623,311,33,645,322,967
Riverdale,NEDeKalb,366,74,14,71,171,16,437,245,30,454,258,712
Riverdale,Atlanta-DeKalb,143,19,10,57,135,6,200,154,16,172,198,370
Riverdale,Decatur,125,20,20,30,83,20,155,103,40,165,133,298
Riverdale,SWDeKalb,421,83,16,170,297,5,591,380,21,520,472,992
Riverdale,SEDeKalb,202,36,1,57,111,4,259,147,5,239,172,411
Riverdale,SDeKalb,514,119,1,303,732,7,817,851,8,634,1042,1676
Riverdale,WDouglas,127,24,0,56,114,0,183,138,0,151,170,321
Riverdale,EDouglas,228,38,0,64,142,0,292,180,0,266,206,472
Riverdale,WFayette,964,183,0,530,1328,0,1494,1511,0,1147,1858,3005
Riverdale,EFayette,2852,597,3,4077,9868,9,6929,10465,12,3452,13954,17406
Riverdale,NGwinnett,18,9,0,6,35,1,24,44,1,27,42,69
Riverdale,CentGwinnett,61,22,0,17,71,0,78,93,0,83,88,171
Riverdale,EGwinnett,14,3,0,5,32,0,19,35,0,17,37,54
Riverdale,Norcross,141,51,3,20,96,0,161,147,3,195,116,311
Riverdale,Lilburn,60,10,0,14,32,0,74,42,0,70,46,116
Riverdale,Snellville,60,16,0,25,26,0,85,42,0,76,51,127
Riverdale,NHenry,1063,214,2,904,2457,4,1967,2671,6,1279,3365,4644
Riverdale,EHenry,361,65,0,127,354,0,488,419,0,426,481,907
Riverdale,SHenry,1049,223,0,501,1419,0,1550,1642,0,1272,1920,3192
Riverdale,SRockdale,122,20,0,41,107,0,163,127,0,142,148,290
Riverdale,NRockdale,63,14,0,18,69,0,81,83,0,77,87,164
Riverdale,NBarrow,1,1,0,1,0,0,2,1,0,2,1,3
Riverdale,SBarrow,6,0,0,0,9,0,6,9,0,6,9,15
Riverdale,NWBartow,0,0,0,0,0,0,0,0,0,0,0,0
Riverdale,NEBartow,0,0,0,0,0,0,0,0,0,0,0,0
Riverdale,SWBartow,2,0,0,1,0,0,3,0,0,2,1,3
Riverdale,Cartersville,3,2,0,3,30,0,6,32,0,5,33,38
Riverdale,NECarroll,7,2,0,4,11,0,11,13,0,9,15,24
Riverdale,WCarroll,3,0,0,1,10,0,4,10,0,3,11,14
Riverdale,CentralCarroll,33,4,0,16,14,0,49,18,0,37,30,67
Riverdale,SECarroll,6,1,0,8,1,0,14,2,0,7,9,16
Riverdale,WCoweta,102,11,0,28,53,0,130,64,0,113,81,194
Riverdale,NCoweta,549,99,2,170,419,0,719,518,2,650,589,1239
Riverdale,SCoweta,45,9,0,15,21,0,60,30,0,54,36,90
Riverdale,SECoweta,163,27,0,54,183,0,217,210,0,190,237,427
Riverdale,NForsyth,2,0,0,0,1,0,2,1,0,2,1,3
Riverdale,Cumming,5,3,0,5,3,0,10,6,0,8,8,16
Riverdale,SForsyth,20,3,0,5,14,0,25,17,0,23,19,42
Riverdale,NHall,0,0,0,0,0,0,0,0,0,0,0,0
Riverdale,Gainesville,1,0,0,0,0,0,1,0,0,1,0,1
Riverdale,SHall,1,0,0,0,4,0,1,4,0,1,4,5
Riverdale,WNewton,131,30,0,33,120,0,164,150,0,161,153,314
Riverdale,ENewton,6,1,0,5,27,0,11,28,0,7,32,39
Riverdale,NPaulding,8,0,0,2,6,0,10,6,0,8,8,16
Riverdale,WPaulding,4,2,0,2,5,0,6,7,0,6,7,13
Riverdale,EPaulding,45,5,0,13,41,0,58,46,0,50,54,104
Riverdale,NSpalding,252,54,0,85,226,0,337,280,0,306,311,617
Riverdale,SSpalding,157,26,0,41,44,0,198,70,0,183,85,268
Riverdale,WWalton,17,3,0,4,15,0,21,18,0,20,19,39
Riverdale,EWalton,9,1,0,5,5,0,14,6,0,10,10,20
SClayton,NFulton,71,16,2,27,34,2,98,50,4,89,63,152
SClayton,Roswell,52,8,0,10,27,0,62,35,0,60,37,97
SClayton,SandySprings,344,113,26,49,148,4,393,261,30,483,201,684
SClayton,Buckhead,593,170,47,89,301,28,682,471,75,810,418,1228
SClayton,NWAtlanta,422,84,11,71,221,4,493,305,15,517,296,813
SClayton,NEAtlanta,1132,271,72,276,745,34,1408,1016,106,1475,1055,2530
SClayton,SWAtlanta,472,97,7,194,433,13,666,530,20,576,640,1216
SClayton,CBDAtlanta,1348,315,319,329,863,85,1677,1178,404,1982,1277,3259
SClayton,SEAtlanta,1055,199,7,458,995,21,1513,1194,28,1261,1474,2735
SClayton,SFulton,381,65,0,104,204,0,485,269,0,446,308,754
SClayton,Tri-Cities,1810,341,27,512,1026,16,2322,1367,43,2178,1554,3732
SClayton,Shannon,1119,240,3,766,1883,2,1885,2123,5,1362,2651,4013
SClayton,WCherokee,1,0,0,0,1,0,1,1,0,1,1,2
SClayton,NCherokee,1,0,0,0,0,0,1,0,0,1,0,1
SClayton,ECentCherokee,3,0,0,4,18,0,7,18,0,3,22,25
SClayton,Woodstock,26,4,0,6,3,0,32,7,0,30,9,39
SClayton,Airport,1449,245,34,514,838,6,1963,1083,40,1728,1358,3086
SClayton,NEClayton,7689,1545,49,11044,24265,122,18733,25810,171,9283,35431,44714
SClayton,Riverdale,4099,888,33,6623,17900,75,10722,18788,108,5020,24598,29618
SClayton,SClayton,19726,3747,87,40225,81565,182,59951,85312,269,23560,121972,145532
SClayton,NWCobb,61,25,0,30,51,0,91,76,0,86,81,167
SClayton,NECobb,107,33,0,22,38,1,129,71,1,140,61,201
SClayton,SWCobb,40,3,0,18,38,0,58,41,0,43,56,99
SClayton,Marietta,138,32,1,27,54,2,165,86,3,171,83,254
SClayton,Cumberland,549,148,10,60,116,1,609,264,11,707,177,884
SClayton,SCobb,226,32,1,39,71,0,265,103,1,259,110,369
SClayton,Chamblee,396,118,24,73,176,7,469,294,31,538,256,794
SClayton,NWDeKalb,415,94,3,127,178,7,542,272,10,512,312,824
SClayton,NEDeKalb,371,59,2,99,273,3,470,332,5,432,375,807
SClayton,Atlanta-DeKalb,136,24,1,61,128,1,197,152,2,161,190,351
SClayton,Decatur,85,12,5,46,75,7,131,87,12,102,128,230
SClayton,SWDeKalb,418,75,4,132,295,2,550,370,6,497,429,926
SClayton,SEDeKalb,196,46,0,65,184,0,261,230,0,242,249,491
SClayton,SDeKalb,865,145,1,398,1015,3,1263,1160,4,1011,1416,2427
SClayton,WDouglas,94,18,0,31,48,0,125,66,0,112,79,191
SClayton,EDouglas,137,27,0,39,105,0,176,132,0,164,144,308
SClayton,WFayette,1526,297,1,704,1498,2,2230,1795,3,1824,2204,4028
SClayton,EFayette,3975,854,4,4696,11410,8,8671,12264,12,4833,16114,20947
SClayton,NGwinnett,28,7,0,4,40,0,32,47,0,35,44,79
SClayton,CentGwinnett,78,15,0,30,30,0,108,45,0,93,60,153
SClayton,EGwinnett,17,0,0,11,7,0,28,7,0,17,18,35
SClayton,Norcross,167,49,2,36,81,0,203,130,2,218,117,335
SClayton,Lilburn,82,13,1,22,26,0,104,39,1,96,48,144
SClayton,Snellville,77,13,0,23,64,0,100,77,0,90,87,177
SClayton,NHenry,4267,884,3,6785,15263,7,11052,16147,10,5154,22055,27209
SClayton,EHenry,1170,224,0,594,1593,1,1764,1817,1,1394,2188,3582
SClayton,SHenry,5003,1022,7,4335,11366,22,9338,12388,29,6032,15723,21755
SClayton,SRockdale,299,69,0,95,274,0,394,343,0,368,369,737
SClayton,NRockdale,226,47,0,54,127,0,280,174,0,273,181,454
SClayton,NBarrow,2,0,0,1,1,0,3,1,0,2,2,4
SClayton,SBarrow,4,1,0,1,1,0,5,2,0,5,2,7
SClayton,NWBartow,1,0,0,0,0,0,1,0,0,1,0,1
SClayton,NEBartow,1,0,0,0,1,0,1,1,0,1,1,2
SClayton,SWBartow,1,0,0,0,1,0,1,1,0,1,1,2
SClayton,Cartersville,2,3,0,4,0,0,6,3,0,5,4,9
SClayton,NECarroll,15,3,0,4,6,0,19,9,0,18,10,28
SClayton,WCarroll,4,0,0,2,4,0,6,4,0,4,6,10
SClayton,CentralCarroll,16,3,0,16,14,0,32,17,0,19,30,49
SClayton,SECarroll,7,1,0,1,1,0,8,2,0,8,2,10
SClayton,WCoweta,73,14,0,26,53,0,99,67,0,87,79,166
SClayton,NCoweta,542,101,0,160,385,1,702,486,1,643,546,1189
SClayton,SCoweta,40,4,0,18,15,0,58,19,0,44,33,77
SClayton,SECoweta,231,50,0,94,204,0,325,254,0,281,298,579
SClayton,NForsyth,3,0,0,0,1,0,3,1,0,3,1,4
SClayton,Cumming,3,1,0,2,27,0,5,28,0,4,29,33
SClayton,SForsyth,10,2,0,5,5,0,15,7,0,12,10,22
SClayton,NHall,0,0,0,0,0,0,0,0,0,0,0,0
SClayton,Gainesville,0,1,0,0,1,0,0,2,0,1,1,2
SClayton,SHall,2,2,0,1,1,0,3,3,0,4,2,6
SClayton,WNewton,386,83,0,89,134,0,475,217,0,469,223,692
SClayton,ENewton,30,5,0,11,19,0,41,24,0,35,30,65
SClayton,NPaulding,3,4,0,1,4,0,4,8,0,7,5,12
SClayton,WPaulding,2,0,0,1,4,0,3,4,0,2,5,7
SClayton,EPaulding,45,5,0,13,22,0,58,27,0,50,35,85
SClayton,NSpalding,1084,202,1,624,1500,1,1708,1702,2,1287,2125,3412
SClayton,SSpalding,589,104,1,148,274,0,737,378,1,694,422,1116
SClayton,WWalton,43,10,0,12,25,0,55,35,0,53,37,90
SClayton,EWalton,25,3,0,5,43,0,30,46,0,28,48,76
NWCobb,NFulton,1630,310,2,490,1165,10,2120,1475,12,1942,1665,3607
NWCobb,Roswell,1372,271,1,531,1165,13,1903,1436,14,1644,1709,3353
NWCobb,SandySprings,2196,374,17,455,921,7,2651,1295,24,2587,1383,3970
NWCobb,Buckhead,1909,341,33,390,943,20,2299,1284,53,2283,1353,3636
NWCobb,NWAtlanta,667,137,7,137,248,6,804,385,13,811,391,1202
NWCobb,NEAtlanta,1389,279,76,240,563,36,1629,842,112,1744,839,2583
NWCobb,SWAtlanta,507,96,7,144,233,10,651,329,17,610,387,997
NWCobb,CBDAtlanta,1031,283,169,145,486,20,1176,769,189,1483,651,2134
NWCobb,SEAtlanta,248,87,6,84,148,9,332,235,15,341,241,582
NWCobb,SFulton,252,42,0,85,147,2,337,189,2,294,234,528
NWCobb,Tri-Cities,327,75,6,52,123,5,379,198,11,408,180,588
NWCobb,Shannon,151,33,4,61,75,2,212,108,6,188,138,326
NWCobb,WCherokee,828,141,0,314,710,1,1142,851,1,969,1025,1994
NWCobb,NCherokee,317,44,0,116,232,0,433,276,0,361,348,709
NWCobb,ECentCherokee,4002,686,3,2183,4719,2,6185,5405,5,4691,6904,11595
NWCobb,Woodstock,14599,2528,39,16083,40149,41,30682,42677,80,17166,56273,73439
NWCobb,Airport,151,30,17,16,33,2,167,63,19,198,51,249
NWCobb,NEClayton,140,60,0,45,126,0,185,186,0,200,171,371
NWCobb,Riverdale,79,11,1,25,41,2,104,52,3,91,68,159
NWCobb,SClayton,63,19,0,30,28,0,93,47,0,82,58,140
NWCobb,NWCobb,82672,14631,468,147709,293183,1009,230381,307814,1477,97771,441901,539672
NWCobb,NECobb,14104,2538,22,14344,28738,104,28448,31276,126,16664,43186,59850
NWCobb,SWCobb,5331,1059,6,6629,18334,7,11960,19393,13,6396,24970,31366
NWCobb,Marietta,13336,2377,97,13907,27641,189,27243,30018,286,15810,41737,57547
NWCobb,Cumberland,7688,1328,57,2571,5061,188,10259,6389,245,9073,7820,16893
NWCobb,SCobb,2681,465,14,1539,3856,13,4220,4321,27,3160,5408,8568
NWCobb,Chamblee,1270,231,20,210,470,10,1480,701,30,1521,690,2211
NWCobb,NWDeKalb,492,118,7,83,236,3,575,354,10,617,322,939
NWCobb,NEDeKalb,330,65,4,78,143,5,408,208,9,399,226,625
NWCobb,Atlanta-DeKalb,83,13,1,29,31,2,112,44,3,97,62,159
NWCobb,Decatur,77,16,5,22,22,4,99,38,9,98,48,146
NWCobb,SWDeKalb,121,32,1,43,75,6,164,107,7,154,124,278
NWCobb,SEDeKalb,64,10,2,33,75,3,97,85,5,76,111,187
NWCobb,SDeKalb,101,35,0,47,78,1,148,113,1,136,126,262
NWCobb,WDouglas,535,89,0,145,282,1,680,371,1,624,428,1052
NWCobb,EDouglas,1295,234,0,343,745,3,1638,979,3,1529,1091,2620
NWCobb,WFayette,45,8,0,28,24,0,73,32,0,53,52,105
NWCobb,EFayette,44,8,0,17,21,1,61,29,1,52,39,91
NWCobb,NGwinnett,146,25,0,57,121,0,203,146,0,171,178,349
NWCobb,CentGwinnett,259,41,1,112,168,0,371,209,1,301,280,581
NWCobb,EGwinnett,32,4,0,15,34,0,47,38,0,36,49,85
NWCobb,Norcross,614,104,1,144,171,3,758,275,4,719,318,1037
NWCobb,Lilburn,92,15,0,39,58,0,131,73,0,107,97,204
NWCobb,Snellville,60,12,0,29,39,0,89,51,0,72,68,140
NWCobb,NHenry,46,9,0,24,15,0,70,24,0,55,39,94
NWCobb,EHenry,15,4,0,10,6,1,25,10,1,19,17,36
NWCobb,SHenry,27,10,0,13,43,0,40,53,0,37,56,93
NWCobb,SRockdale,18,4,0,6,4,0,24,8,0,22,10,32
NWCobb,NRockdale,19,4,0,9,13,0,28,17,0,23,22,45
NWCobb,NBarrow,12,1,0,3,2,0,15,3,0,13,5,18
NWCobb,SBarrow,9,6,0,1,2,0,10,8,0,15,3,18
NWCobb,NWBartow,772,143,0,184,419,0,956,562,0,915,603,1518
NWCobb,NEBartow,667,115,0,232,609,0,899,724,0,782,841,1623
NWCobb,SWBartow,1255,201,0,472,1112,1,1727,1313,1,1456,1585,3041
NWCobb,Cartersville,6242,1073,2,4623,10160,0,10865,11233,2,7317,14783,22100
NWCobb,NECarroll,260,38,0,54,92,0,314,130,0,298,146,444
NWCobb,WCarroll,23,2,0,4,7,0,27,9,0,25,11,36
NWCobb,CentralCarroll,117,22,0,32,130,0,149,152,0,139,162,301
NWCobb,SECarroll,9,1,0,7,8,0,16,9,0,10,15,25
NWCobb,WCoweta,19,2,0,13,5,0,32,7,0,21,18,39
NWCobb,NCoweta,71,8,0,30,35,0,101,43,0,79,65,144
NWCobb,SCoweta,2,0,0,1,0,0,3,0,0,2,1,3
NWCobb,SECoweta,6,0,0,4,6,0,10,6,0,6,10,16
NWCobb,NForsyth,283,35,0,112,131,0,395,166,0,318,243,561
NWCobb,Cumming,487,62,0,191,215,1,678,277,1,549,407,956
NWCobb,SForsyth,291,41,0,67,72,0,358,113,0,332,139,471
NWCobb,NHall,11,0,0,5,9,0,16,9,0,11,14,25
NWCobb,Gainesville,14,5,0,5,8,0,19,13,0,19,13,32
NWCobb,SHall,21,2,0,11,11,0,32,13,0,23,22,45
NWCobb,WNewton,24,5,0,6,10,0,30,15,0,29,16,45
NWCobb,ENewton,1,1,0,1,0,0,2,1,0,2,1,3
NWCobb,NPaulding,4818,891,0,5384,14761,1,10202,15652,1,5709,20146,25855
NWCobb,WPaulding,541,84,0,200,424,0,741,508,0,625,624,1249
NWCobb,EPaulding,6191,1118,0,4905,13166,4,11096,14284,4,7309,18075,25384
NWCobb,NSpalding,6,1,0,3,1,0,9,2,0,7,4,11
NWCobb,SSpalding,6,2,0,1,5,0,7,7,0,8,6,14
NWCobb,WWalton,6,3,0,1,2,0,7,5,0,9,3,12
NWCobb,EWalton,3,0,0,1,2,0,4,2,0,3,3,6
NECobb,NFulton,5472,974,6,3691,9049,20,9163,10023,26,6452,12760,19212
NECobb,Roswell,6350,1092,13,7325,18179,20,13675,19271,33,7455,25524,32979
NECobb,SandySprings,7729,1298,61,6895,13660,84,14624,14958,145,9088,20639,29727
NECobb,Buckhead,2855,467,64,1275,2458,25,4130,2925,89,3386,3758,7144
NECobb,NWAtlanta,792,172,12,283,633,5,1075,805,17,976,921,1897
NECobb,NEAtlanta,1645,327,112,537,1016,66,2182,1343,178,2084,1619,3703
NECobb,SWAtlanta,490,90,10,166,395,18,656,485,28,590,579,1169
NECobb,CBDAtlanta,1111,259,306,255,589,65,1366,848,371,1676,909,2585
NECobb,SEAtlanta,283,73,4,97,152,11,380,225,15,360,260,620
NECobb,SFulton,220,38,0,56,111,0,276,149,0,258,167,425
NECobb,Tri-Cities,328,94,13,53,195,0,381,289,13,435,248,683
NECobb,Shannon,167,26,1,48,80,0,215,106,1,194,128,322
NECobb,WCherokee,575,109,0,169,392,0,744,501,0,684,561,1245
NECobb,NCherokee,235,45,0,76,186,0,311,231,0,280,262,542
NECobb,ECentCherokee,4021,624,1,1688,4687,0,5709,5311,1,4646,6375,11021
NECobb,Woodstock,9394,1672,2,9387,23091,0,18781,24763,2,11068,32478,43546
NECobb,Airport,139,29,23,15,48,1,154,77,24,191,64,255
NECobb,NEClayton,232,64,0,38,67,1,270,131,1,296,106,402
NECobb,Riverdale,76,25,0,35,61,1,111,86,1,101,97,198
NECobb,SClayton,104,40,0,19,23,1,123,63,1,144,43,187
NECobb,NWCobb,14668,2661,26,14381,28953,112,29049,31614,138,17355,43446,60801
NECobb,NECobb,49099,8418,36,100571,189700,36,149670,198118,72,57553,290307,347860
NECobb,SWCobb,1857,328,3,1007,2172,0,2864,2500,3,2188,3179,5367
NECobb,Marietta,13259,2263,108,16793,28804,226,30052,31067,334,15630,45823,61453
NECobb,Cumberland,13256,2138,119,11668,23176,100,24924,25314,219,15513,34944,50457
NECobb,SCobb,2194,344,4,1319,2765,10,3513,3109,14,2542,4094,6636
NECobb,Chamblee,3317,553,30,1753,3744,29,5070,4297,59,3900,5526,9426
NECobb,NWDeKalb,638,118,4,204,415,6,842,533,10,760,625,1385
NECobb,NEDeKalb,722,121,3,216,380,3,938,501,6,846,599,1445
NECobb,Atlanta-DeKalb,81,25,5,26,173,3,107,198,8,111,202,313
NECobb,Decatur,82,15,3,28,40,7,110,55,10,100,75,175
NECobb,SWDeKalb,143,41,3,50,146,0,193,187,3,187,196,383
NECobb,SEDeKalb,104,26,1,47,49,1,151,75,2,131,97,228
NECobb,SDeKalb,149,40,0,50,123,0,199,163,0,189,173,362
NECobb,WDouglas,253,54,0,57,114,0,310,168,0,307,171,478
NECobb,EDouglas,590,106,0,155,376,2,745,482,2,696,533,1229
NECobb,WFayette,55,12,0,20,65,0,75,77,0,67,85,152
NECobb,EFayette,75,14,0,25,78,0,100,92,0,89,103,192
NECobb,NGwinnett,380,74,0,102,200,0,482,274,0,454,302,756
NECobb,CentGwinnett,696,93,0,232,359,0,928,452,0,789,591,1380
NECobb,EGwinnett,133,15,0,26,94,0,159,109,0,148,120,268
NECobb,Norcross,1454,229,0,469,1288,1,1923,1517,1,1683,1758,3441
NECobb,Lilburn,244,45,0,53,174,0,297,219,0,289,227,516
NECobb,Snellville,169,32,1,36,69,0,205,101,1,202,105,307
NECobb,NHenry,92,28,0,24,49,0,116,77,0,120,73,193
NECobb,EHenry,44,12,0,9,51,0,53,63,0,56,60,116
NECobb,SHenry,72,21,0,30,44,0,102,65,0,93,74,167
NECobb,SRockdale,39,11,0,11,12,0,50,23,0,50,23,73
NECobb,NRockdale,45,11,0,18,13,0,63,24,0,56,31,87
NECobb,NBarrow,42,9,0,8,7,0,50,16,0,51,15,66
NECobb,SBarrow,38,10,0,7,7,0,45,17,0,48,14,62
NECobb,NWBartow,253,43,0,40,77,0,293,120,0,296,117,413
NECobb,NEBartow,199,33,0,65,98,0,264,131,0,232,163,395
NECobb,SWBartow,346,66,0,103,269,0,449,335,0,412,372,784
NECobb,Cartersville,1198,213,0,335,642,0,1533,855,0,1411,977,2388
NECobb,NECarroll,83,16,0,20,42,0,103,58,0,99,62,161
NECobb,WCarroll,8,0,0,3,7,0,11,7,0,8,10,18
NECobb,CentralCarroll,47,4,0,12,22,0,59,26,0,51,34,85
NECobb,SECarroll,12,0,0,3,4,0,15,4,0,12,7,19
NECobb,WCoweta,14,2,0,3,19,0,17,21,0,16,22,38
NECobb,NCoweta,76,9,0,31,46,0,107,55,0,85,77,162
NECobb,SCoweta,5,1,0,0,1,0,5,2,0,6,1,7
NECobb,SECoweta,14,1,0,2,5,0,16,6,0,15,7,22
NECobb,NForsyth,500,80,0,106,308,0,606,388,0,580,414,994
NECobb,Cumming,1252,203,0,278,698,0,1530,901,0,1455,976,2431
NECobb,SForsyth,804,138,0,222,600,0,1026,738,0,942,822,1764
NECobb,NHall,32,4,0,6,8,0,38,12,0,36,14,50
NECobb,Gainesville,73,9,0,23,55,0,96,64,0,82,78,160
NECobb,SHall,73,12,0,18,32,0,91,44,0,85,50,135
NECobb,WNewton,56,10,0,10,22,0,66,32,0,66,32,98
NECobb,ENewton,6,2,0,3,4,0,9,6,0,8,7,15
NECobb,NPaulding,837,133,0,249,716,0,1086,849,0,970,965,1935
NECobb,WPaulding,211,30,0,38,72,0,249,102,0,241,110,351
NECobb,EPaulding,1603,254,0,338,871,0,1941,1125,0,1857,1209,3066
NECobb,NSpalding,10,1,0,1,5,0,11,6,0,11,6,17
NECobb,SSpalding,4,2,0,2,4,0,6,6,0,6,6,12
NECobb,WWalton,38,6,0,8,7,0,46,13,0,44,15,59
NECobb,EWalton,14,0,0,4,13,0,18,13,0,14,17,31
SWCobb,NFulton,292,49,1,56,136,2,348,185,3,342,194,536
SWCobb,Roswell,247,45,0,64,120,0,311,165,0,292,184,476
SWCobb,SandySprings,794,138,8,205,335,8,999,473,16,940,548,1488
SWCobb,Buckhead,794,149,13,235,780,8,1029,929,21,956,1023,1979
SWCobb,NWAtlanta,787,142,3,235,747,4,1022,889,7,932,986,1918
SWCobb,NEAtlanta,757,152,21,297,671,26,1054,823,47,930,994,1924
SWCobb,SWAtlanta,755,150,6,330,1055,5,1085,1205,11,911,1390,2301
SWCobb,CBDAtlanta,714,108,100,201,472,58,915,580,158,922,731,1653
SWCobb,SEAtlanta,199,46,0,80,182,5,279,228,5,245,267,512
SWCobb,SFulton,647,113,0,273,491,0,920,604,0,760,764,1524
SWCobb,Tri-Cities,348,65,1,76,201,1,424,266,2,414,278,692
SWCobb,Shannon,210,34,0,53,123,1,263,157,1,244,177,421
SWCobb,WCherokee,45,4,0,23,42,0,68,46,0,49,65,114
SWCobb,NCherokee,13,3,0,4,3,0,17,6,0,16,7,23
SWCobb,ECentCherokee,267,43,0,80,149,0,347,192,0,310,229,539
SWCobb,Woodstock,604,110,0,238,598,0,842,708,0,714,836,1550
SWCobb,Airport,167,22,12,20,31,0,187,53,12,201,51,252
SWCobb,NEClayton,148,18,0,24,62,0,172,80,0,166,86,252
SWCobb,Riverdale,49,11,0,23,46,0,72,57,0,60,69,129
SWCobb,SClayton,45,7,0,16,50,0,61,57,0,52,66,118
SWCobb,NWCobb,5480,1054,6,6624,18078,6,12104,19132,12,6540,24708,31248
SWCobb,NECobb,1829,320,3,969,2262,0,2798,2582,3,2152,3231,5383
SWCobb,SWCobb,14293,2791,2,32679,74415,0,46972,77206,2,17086,107094,124180
SWCobb,Marietta,4736,848,20,4443,12584,34,9179,13432,54,5604,17061,22665
SWCobb,Cumberland,4537,809,21,1743,4675,3,6280,5484,24,5367,6421,11788
SWCobb,SCobb,5950,1070,18,8792,22652,33,14742,23722,51,7038,31477,38515
SWCobb,Chamblee,507,95,4,120,252,2,627,347,6,606,374,980
SWCobb,NWDeKalb,224,53,0,81,117,3,305,170,3,277,201,478
SWCobb,NEDeKalb,145,30,3,40,48,3,185,78,6,178,91,269
SWCobb,Atlanta-DeKalb,45,6,2,19,27,0,64,33,2,53,46,99
SWCobb,Decatur,51,10,4,19,18,7,70,28,11,65,44,109
SWCobb,SWDeKalb,85,15,1,22,63,0,107,78,1,101,85,186
SWCobb,SEDeKalb,35,5,0,12,23,0,47,28,0,40,35,75
SWCobb,SDeKalb,86,9,0,31,37,1,117,46,1,95,69,164
SWCobb,WDouglas,900,152,1,483,1256,0,1383,1408,1,1053,1739,2792
SWCobb,EDouglas,4258,816,4,4718,10719,7,8976,11535,11,5078,15444,20522
SWCobb,WFayette,75,18,0,24,24,0,99,42,0,93,48,141
SWCobb,EFayette,51,15,0,23,43,0,74,58,0,66,66,132
SWCobb,NGwinnett,23,5,0,11,22,0,34,27,0,28,33,61
SWCobb,CentGwinnett,94,18,0,46,64,0,140,82,0,112,110,222
SWCobb,EGwinnett,14,2,0,7,7,0,21,9,0,16,14,30
SWCobb,Norcross,217,41,0,39,154,0,256,195,0,258,193,451
SWCobb,Lilburn,25,6,0,6,36,0,31,42,0,31,42,73
SWCobb,Snellville,16,4,0,5,13,0,21,17,0,20,18,38
SWCobb,NHenry,35,6,0,15,33,0,50,39,0,41,48,89
SWCobb,EHenry,7,2,0,1,6,0,8,8,0,9,7,16
SWCobb,SHenry,21,3,0,8,25,0,29,28,0,24,33,57
SWCobb,SRockdale,11,4,0,2,10,0,13,14,0,15,12,27
SWCobb,NRockdale,10,2,0,12,12,0,22,14,0,12,24,36
SWCobb,NBarrow,3,0,0,3,2,0,6,2,0,3,5,8
SWCobb,SBarrow,2,0,0,0,2,0,2,2,0,2,2,4
SWCobb,NWBartow,61,15,0,11,43,0,72,58,0,76,54,130
SWCobb,NEBartow,53,10,0,19,15,0,72,25,0,63,34,97
SWCobb,SWBartow,107,19,0,36,82,0,143,101,0,126,118,244
SWCobb,Cartersville,409,91,0,170,331,0,579,422,0,500,501,1001
SWCobb,NECarroll,251,51,0,50,117,0,301,168,0,302,167,469
SWCobb,WCarroll,25,4,0,10,23,0,35,27,0,29,33,62
SWCobb,CentralCarroll,120,19,0,56,62,0,176,81,0,139,118,257
SWCobb,SECarroll,10,4,0,7,9,0,17,13,0,14,16,30
SWCobb,WCoweta,27,3,0,6,7,0,33,10,0,30,13,43
SWCobb,NCoweta,105,30,0,50,99,0,155,129,0,135,149,284
SWCobb,SCoweta,6,2,0,2,0,0,8,2,0,8,2,10
SWCobb,SECoweta,8,2,0,5,7,0,13,9,0,10,12,22
SWCobb,NForsyth,23,2,0,8,17,0,31,19,0,25,25,50
SWCobb,Cumming,49,6,0,17,48,0,66,54,0,55,65,120
SWCobb,SForsyth,46,11,0,16,30,0,62,41,0,57,46,103
SWCobb,NHall,2,0,0,0,0,0,2,0,0,2,0,2
SWCobb,Gainesville,0,0,0,1,5,0,1,5,0,0,6,6
SWCobb,SHall,3,0,0,3,4,0,6,4,0,3,7,10
SWCobb,WNewton,9,7,0,2,9,0,11,16,0,16,11,27
SWCobb,ENewton,1,0,0,0,0,0,1,0,0,1,0,1
SWCobb,NPaulding,901,169,0,560,1800,0,1461,1969,0,1070,2360,3430
SWCobb,WPaulding,395,84,0,152,509,0,547,593,0,479,661,1140
SWCobb,EPaulding,6328,1137,1,6902,19310,1,13230,20447,2,7466,26213,33679
SWCobb,NSpalding,4,3,0,4,6,0,8,9,0,7,10,17
SWCobb,SSpalding,4,0,0,0,0,0,4,0,0,4,0,4
SWCobb,WWalton,5,0,0,2,4,0,7,4,0,5,6,11
SWCobb,EWalton,1,1,0,0,1,0,1,2,0,2,1,3
Marietta,NFulton,835,190,4,259,670,12,1094,860,16,1029,941,1970
Marietta,Roswell,893,142,0,380,990,10,1273,1132,10,1035,1380,2415
Marietta,SandySprings,1604,314,13,876,1537,19,2480,1851,32,1931,2432,4363
Marietta,Buckhead,1583,265,44,687,1312,44,2270,1577,88,1892,2043,3935
Marietta,NWAtlanta,697,154,28,351,624,19,1048,778,47,879,994,1873
Marietta,NEAtlanta,1030,214,63,276,643,46,1306,857,109,1307,965,2272
Marietta,SWAtlanta,497,119,15,217,421,24,714,540,39,631,662,1293
Marietta,CBDAtlanta,655,159,123,157,307,49,812,466,172,937,513,1450
Marietta,SEAtlanta,244,62,9,66,152,14,310,214,23,315,232,547
Marietta,SFulton,294,52,1,118,124,0,412,176,1,347,242,589
Marietta,Tri-Cities,326,64,12,77,77,13,403,141,25,402,167,569
Marietta,Shannon,199,33,2,76,129,15,275,162,17,234,220,454
Marietta,WCherokee,324,59,0,91,178,1,415,237,1,383,270,653
Marietta,NCherokee,145,22,0,38,88,0,183,110,0,167,126,293
Marietta,ECentCherokee,1655,287,0,440,932,5,2095,1219,5,1942,1377,3319
Marietta,Woodstock,3431,624,10,1566,3890,13,4997,4514,23,4065,5469,9534
Marietta,Airport,113,21,14,23,13,1,136,34,15,148,37,185
Marietta,NEClayton,159,68,1,40,40,2,199,108,3,228,82,310
Marietta,Riverdale,119,30,1,25,21,3,144,51,4,150,49,199
Marietta,SClayton,95,37,1,26,46,2,121,83,3,133,74,207
Marietta,NWCobb,14109,2455,100,13952,27927,173,28061,30382,273,16664,42052,58716
Marietta,NECobb,13453,2333,113,16884,29394,207,30337,31727,320,15899,46485,62384
Marietta,SWCobb,5018,862,20,4545,12560,35,9563,13422,55,5900,17140,23040
Marietta,Marietta,30145,5321,497,49717,80453,1045,79862,85774,1542,35963,131215,167178
Marietta,Cumberland,13806,2342,319,13132,24898,610,26938,27240,929,16467,38640,55107
Marietta,SCobb,7134,1247,169,7621,19065,273,14755,20312,442,8550,26959,35509
Marietta,Chamblee,914,171,27,289,635,29,1203,806,56,1112,953,2065
Marietta,NWDeKalb,320,84,6,88,246,10,408,330,16,410,344,754
Marietta,NEDeKalb,330,66,9,94,103,6,424,169,15,405,203,608
Marietta,Atlanta-DeKalb,96,19,3,17,27,11,113,46,14,118,55,173
Marietta,Decatur,65,12,4,15,24,1,80,36,5,81,40,121
Marietta,SWDeKalb,121,47,6,41,51,3,162,98,9,174,95,269
Marietta,SEDeKalb,108,26,2,43,26,8,151,52,10,136,77,213
Marietta,SDeKalb,135,49,3,39,37,1,174,86,4,187,77,264
Marietta,WDouglas,468,95,0,116,400,2,584,495,2,563,518,1081
Marietta,EDouglas,1271,191,7,486,1067,11,1757,1258,18,1469,1564,3033
Marietta,WFayette,57,12,1,21,16,1,78,28,2,70,38,108
Marietta,EFayette,85,13,0,27,10,1,112,23,1,98,38,136
Marietta,NGwinnett,252,45,0,64,48,1,316,93,1,297,113,410
Marietta,CentGwinnett,331,70,1,86,116,4,417,186,5,402,206,608
Marietta,EGwinnett,78,16,0,23,23,0,101,39,0,94,46,140
Marietta,Norcross,452,84,5,109,205,11,561,289,16,541,325,866
Marietta,Lilburn,147,27,0,37,65,2,184,92,2,174,104,278
Marietta,Snellville,136,28,0,37,36,6,173,64,6,164,79,243
Marietta,NHenry,76,30,0,23,46,2,99,76,2,106,71,177
Marietta,EHenry,50,11,0,9,7,1,59,18,1,61,17,78
Marietta,SHenry,73,19,0,22,35,0,95,54,0,92,57,149
Marietta,SRockdale,46,19,0,10,8,0,56,27,0,65,18,83
Marietta,NRockdale,35,10,0,9,8,2,44,18,2,45,19,64
Marietta,NBarrow,24,6,0,4,11,0,28,17,0,30,15,45
Marietta,SBarrow,24,2,0,2,5,0,26,7,0,26,7,33
Marietta,NWBartow,208,31,0,37,63,0,245,94,0,239,100,339
Marietta,NEBartow,168,27,0,60,120,0,228,147,0,195,180,375
Marietta,SWBartow,311,65,0,88,209,0,399,274,0,376,297,673
Marietta,Cartersville,945,160,0,241,707,0,1186,867,0,1105,948,2053
Marietta,NECarroll,173,27,0,36,69,1,209,96,1,200,106,306
Marietta,WCarroll,7,1,0,3,13,0,10,14,0,8,16,24
Marietta,CentralCarroll,86,11,0,24,50,0,110,61,0,97,74,171
Marietta,SECarroll,11,1,0,8,24,0,19,25,0,12,32,44
Marietta,WCoweta,28,3,0,6,8,0,34,11,0,31,14,45
Marietta,NCoweta,133,26,0,37,40,2,170,66,2,159,79,238
Marietta,SCoweta,10,0,0,6,8,0,16,8,0,10,14,24
Marietta,SECoweta,22,3,0,4,13,0,26,16,0,25,17,42
Marietta,NForsyth,194,36,0,49,94,1,243,130,1,230,144,374
Marietta,Cumming,355,42,0,84,179,5,439,221,5,397,268,665
Marietta,SForsyth,186,23,0,67,99,0,253,122,0,209,166,375
Marietta,NHall,4,3,0,1,1,0,5,4,0,7,2,9
Marietta,Gainesville,20,6,0,7,16,0,27,22,0,26,23,49
Marietta,SHall,50,4,0,3,19,0,53,23,0,54,22,76
Marietta,WNewton,52,19,0,10,18,0,62,37,0,71,28,99
Marietta,ENewton,4,3,0,1,2,0,5,5,0,7,3,10
Marietta,NPaulding,1105,183,0,428,1267,0,1533,1450,0,1288,1695,2983
Marietta,WPaulding,338,53,0,94,148,0,432,201,0,391,242,633
Marietta,EPaulding,2804,501,0,996,2636,3,3800,3137,3,3305,3635,6940
Marietta,NSpalding,14,2,0,1,3,0,15,5,0,16,4,20
Marietta,SSpalding,9,1,0,5,3,0,14,4,0,10,8,18
Marietta,WWalton,26,5,0,6,6,0,32,11,0,31,12,43
Marietta,EWalton,10,0,0,3,2,0,13,2,0,10,5,15
Cumberland,NFulton,1815,284,15,350,946,11,2165,1230,26,2114,1307,3421
Cumberland,Roswell,1764,311,18,604,1510,8,2368,1821,26,2093,2122,4215
Cumberland,SandySprings,8274,1246,90,7044,10222,95,15318,11468,185,9610,17361,26971
Cumberland,Buckhead,8805,1304,242,9184,12258,224,17989,13562,466,10351,21666,32017
Cumberland,NWAtlanta,4708,1010,153,4844,7498,95,9552,8508,248,5871,12437,18308
Cumberland,NEAtlanta,5525,1000,443,2379,3466,258,7904,4466,701,6968,6103,13071
Cumberland,SWAtlanta,2869,597,212,1541,2607,107,4410,3204,319,3678,4255,7933
Cumberland,CBDAtlanta,3346,616,709,1296,1993,276,4642,2609,985,4671,3565,8236
Cumberland,SEAtlanta,1368,336,177,418,839,52,1786,1175,229,1881,1309,3190
Cumberland,SFulton,1235,214,7,359,810,6,1594,1024,13,1456,1175,2631
Cumberland,Tri-Cities,1423,298,131,305,543,27,1728,841,158,1852,875,2727
Cumberland,Shannon,1117,178,22,157,366,6,1274,544,28,1317,529,1846
Cumberland,WCherokee,343,57,0,75,189,0,418,246,0,400,264,664
Cumberland,NCherokee,151,19,0,29,69,0,180,88,0,170,98,268
Cumberland,ECentCherokee,1591,258,1,300,740,1,1891,998,2,1850,1041,2891
Cumberland,Woodstock,2995,497,6,654,1499,3,3649,1996,9,3498,2156,5654
Cumberland,Airport,434,78,69,35,53,3,469,131,72,581,91,672
Cumberland,NEClayton,766,221,19,97,206,7,863,427,26,1006,310,1316
Cumberland,Riverdale,621,142,31,73,116,0,694,258,31,794,189,983
Cumberland,SClayton,494,147,9,59,124,1,553,271,10,650,184,834
Cumberland,NWCobb,7812,1350,60,2597,5190,173,10409,6540,233,9222,7960,17182
Cumberland,NECobb,13809,2225,127,11774,23140,109,25583,25365,236,16161,35023,51184
Cumberland,SWCobb,4594,816,21,1799,4592,3,6393,5408,24,5431,6394,11825
Cumberland,Marietta,14119,2415,328,13084,24583,616,27203,26998,944,16862,38283,55145
Cumberland,Cumberland,86329,12314,1261,133299,169622,1899,219628,181936,3160,99904,304820,404724
Cumberland,SCobb,13248,2249,104,13016,28901,159,26264,31150,263,15601,42076,57677
Cumberland,Chamblee,4773,824,172,1963,3158,66,6736,3982,238,5769,5187,10956
Cumberland,NWDeKalb,1656,334,46,476,849,23,2132,1183,69,2036,1348,3384
Cumberland,NEDeKalb,1681,300,75,295,539,18,1976,839,93,2056,852,2908
Cumberland,Atlanta-DeKalb,488,100,62,121,249,19,609,349,81,650,389,1039
Cumberland,Decatur,345,68,43,68,124,16,413,192,59,456,208,664
Cumberland,SWDeKalb,914,174,91,110,286,19,1024,460,110,1179,415,1594
Cumberland,SEDeKalb,648,184,44,71,242,10,719,426,54,876,323,1199
Cumberland,SDeKalb,879,219,17,100,275,3,979,494,20,1115,378,1493
Cumberland,WDouglas,1142,194,0,157,399,0,1299,593,0,1336,556,1892
Cumberland,EDouglas,2386,430,7,663,1446,0,3049,1876,7,2823,2109,4932
Cumberland,WFayette,380,53,0,72,114,0,452,167,0,433,186,619
Cumberland,EFayette,433,62,5,75,121,0,508,183,5,500,196,696
Cumberland,NGwinnett,990,204,4,107,226,2,1097,430,6,1198,335,1533
Cumberland,CentGwinnett,1629,295,10,210,364,3,1839,659,13,1934,577,2511
Cumberland,EGwinnett,409,83,1,36,105,0,445,188,1,493,141,634
Cumberland,Norcross,2138,366,34,403,1019,10,2541,1385,44,2538,1432,3970
Cumberland,Lilburn,674,127,8,98,169,1,772,296,9,809,268,1077
Cumberland,Snellville,535,107,5,49,134,4,584,241,9,647,187,834
Cumberland,NHenry,506,119,7,39,170,2,545,289,9,632,211,843
Cumberland,EHenry,232,56,0,24,63,0,256,119,0,288,87,375
Cumberland,SHenry,348,117,2,64,156,0,412,273,2,467,220,687
Cumberland,SRockdale,230,46,0,24,74,0,254,120,0,276,98,374
Cumberland,NRockdale,172,67,2,22,109,0,194,176,2,241,131,372
Cumberland,NBarrow,149,14,0,13,15,0,162,29,0,163,28,191
Cumberland,SBarrow,86,14,0,21,30,0,107,44,0,100,51,151
Cumberland,NWBartow,233,33,0,22,43,0,255,76,0,266,65,331
Cumberland,NEBartow,167,26,0,40,87,0,207,113,0,193,127,320
Cumberland,SWBartow,287,42,0,68,188,0,355,230,0,329,256,585
Cumberland,Cartersville,882,143,0,141,364,0,1023,507,0,1025,505,1530
Cumberland,NECarroll,309,51,0,33,127,0,342,178,0,360,160,520
Cumberland,WCarroll,25,4,0,10,11,0,35,15,0,29,21,50
Cumberland,CentralCarroll,154,23,0,45,118,0,199,141,0,177,163,340
Cumberland,SECarroll,29,5,0,11,10,0,40,15,0,34,21,55
Cumberland,WCoweta,117,18,0,20,17,0,137,35,0,135,37,172
Cumberland,NCoweta,645,101,3,93,128,1,738,229,4,749,222,971
Cumberland,SCoweta,39,9,0,7,35,0,46,44,0,48,42,90
Cumberland,SECoweta,84,9,0,12,42,1,96,51,1,93,55,148
Cumberland,NForsyth,338,54,0,58,171,0,396,225,0,392,229,621
Cumberland,Cumming,774,132,1,96,265,1,870,397,2,907,362,1269
Cumberland,SForsyth,457,105,1,75,244,0,532,349,1,563,319,882
Cumberland,NHall,28,1,0,1,13,0,29,14,0,29,14,43
Cumberland,Gainesville,62,6,0,16,35,0,78,41,0,68,51,119
Cumberland,SHall,183,28,1,30,58,0,213,86,1,212,88,300
Cumberland,WNewton,310,63,0,25,59,0,335,122,0,373,84,457
Cumberland,ENewton,23,6,0,5,11,0,28,17,0,29,16,45
Cumberland,NPaulding,938,152,1,153,420,0,1091,572,1,1091,573,1664
Cumberland,WPaulding,404,68,0,70,115,0,474,183,0,472,185,657
Cumberland,EPaulding,3052,529,3,516,1363,2,3568,1892,5,3584,1881,5465
Cumberland,NSpalding,81,15,0,10,14,0,91,29,0,96,24,120
Cumberland,SSpalding,44,10,0,7,21,0,51,31,0,54,28,82
Cumberland,WWalton,109,16,0,25,52,1,134,68,1,125,78,203
Cumberland,EWalton,43,6,0,11,7,0,54,13,0,49,18,67
SCobb,NFulton,395,54,7,90,158,1,485,212,8,456,249,705
SCobb,Roswell,340,58,4,100,201,0,440,259,4,402,301,703
SCobb,SandySprings,1922,321,73,693,1569,15,2615,1890,88,2316,2277,4593
SCobb,Buckhead,2510,421,154,1357,3166,48,3867,3587,202,3085,4571,7656
SCobb,NWAtlanta,2968,608,62,3043,6889,84,6011,7497,146,3638,10016,13654
SCobb,NEAtlanta,2655,444,224,1197,2746,146,3852,3190,370,3323,4089,7412
SCobb,SWAtlanta,3248,597,71,4099,8561,91,7347,9158,162,3916,12751,16667
SCobb,CBDAtlanta,2561,414,661,972,2457,308,3533,2871,969,3636,3737,7373
SCobb,SEAtlanta,871,176,21,403,948,39,1274,1124,60,1068,1390,2458
SCobb,SFulton,1842,334,13,1479,3133,7,3321,3467,20,2189,4619,6808
SCobb,Tri-Cities,1120,186,30,422,1193,8,1542,1379,38,1336,1623,2959
SCobb,Shannon,705,137,6,255,425,0,960,562,6,848,680,1528
SCobb,WCherokee,64,8,0,26,53,0,90,61,0,72,79,151
SCobb,NCherokee,23,4,0,4,81,0,27,85,0,27,85,112
SCobb,ECentCherokee,317,43,0,92,198,0,409,241,0,360,290,650
SCobb,Woodstock,586,99,0,195,496,0,781,595,0,685,691,1376
SCobb,Airport,550,94,68,55,134,4,605,228,72,712,193,905
SCobb,NEClayton,409,77,5,86,161,1,495,238,6,491,248,739
SCobb,Riverdale,314,54,1,64,189,0,378,243,1,369,253,622
SCobb,SClayton,186,35,1,46,80,0,232,115,1,222,126,348
SCobb,NWCobb,2762,519,14,1499,4056,14,4261,4575,28,3295,5569,8864
SCobb,NECobb,2150,331,3,1342,2788,46,3492,3119,49,2484,4176,6660
SCobb,SWCobb,6543,1228,18,8747,23106,32,15290,24334,50,7789,31885,39674
SCobb,Marietta,7012,1198,142,7512,19280,263,14524,20478,405,8352,27055,35407
SCobb,Cumberland,12581,2124,103,12990,28214,167,25571,30338,270,14808,41371,56179
SCobb,SCobb,29158,5470,252,63591,139783,753,92749,145253,1005,34880,204127,239007
SCobb,Chamblee,1281,231,52,275,876,12,1556,1107,64,1564,1163,2727
SCobb,NWDeKalb,663,131,24,178,570,12,841,701,36,818,760,1578
SCobb,NEDeKalb,486,84,17,126,188,10,612,272,27,587,324,911
SCobb,Atlanta-DeKalb,210,47,12,75,255,5,285,302,17,269,335,604
SCobb,Decatur,165,23,31,36,235,10,201,258,41,219,281,500
SCobb,SWDeKalb,429,59,32,122,290,2,551,349,34,520,414,934
SCobb,SEDeKalb,226,46,7,57,152,7,283,198,14,279,216,495
SCobb,SDeKalb,361,75,3,101,223,2,462,298,5,439,326,765
SCobb,WDouglas,1744,324,0,651,1535,0,2395,1859,0,2068,2186,4254
SCobb,EDouglas,6339,1147,16,8060,17116,26,14399,18263,42,7502,25202,32704
SCobb,WFayette,224,31,0,55,115,1,279,146,1,255,171,426
SCobb,EFayette,230,41,0,68,61,0,298,102,0,271,129,400
SCobb,NGwinnett,142,25,0,36,108,0,178,133,0,167,144,311
SCobb,CentGwinnett,270,59,0,74,88,0,344,147,0,329,162,491
SCobb,EGwinnett,77,14,0,9,18,0,86,32,0,91,27,118
SCobb,Norcross,474,86,3,93,216,0,567,302,3,563,309,872
SCobb,Lilburn,116,20,1,31,94,0,147,114,1,137,125,262
SCobb,Snellville,117,29,0,23,62,0,140,91,0,146,85,231
SCobb,NHenry,183,35,0,30,84,0,213,119,0,218,114,332
SCobb,EHenry,68,17,0,15,42,0,83,59,0,85,57,142
SCobb,SHenry,159,26,0,35,94,0,194,120,0,185,129,314
SCobb,SRockdale,86,14,0,16,23,0,102,37,0,100,39,139
SCobb,NRockdale,74,13,0,23,29,0,97,42,0,87,52,139
SCobb,NBarrow,12,4,0,2,29,0,14,33,0,16,31,47
SCobb,SBarrow,11,4,0,6,33,0,17,37,0,15,39,54
SCobb,NWBartow,51,6,0,17,35,0,68,41,0,57,52,109
SCobb,NEBartow,46,6,0,22,32,0,68,38,0,52,54,106
SCobb,SWBartow,78,13,0,24,142,0,102,155,0,91,166,257
SCobb,Cartersville,242,36,0,73,130,0,315,166,0,278,203,481
SCobb,NECarroll,386,57,0,67,226,0,453,283,0,443,293,736
SCobb,WCarroll,45,7,0,15,21,0,60,28,0,52,36,88
SCobb,CentralCarroll,233,43,0,61,144,0,294,187,0,276,205,481
SCobb,SECarroll,32,4,0,9,26,0,41,30,0,36,35,71
SCobb,WCoweta,126,16,0,28,45,0,154,61,0,142,73,215
SCobb,NCoweta,393,81,0,82,129,0,475,210,0,474,211,685
SCobb,SCoweta,31,3,0,8,12,0,39,15,0,34,20,54
SCobb,SECoweta,50,7,0,10,11,0,60,18,0,57,21,78
SCobb,NForsyth,47,6,0,12,23,0,59,29,0,53,35,88
SCobb,Cumming,98,14,0,27,82,0,125,96,0,112,109,221
SCobb,SForsyth,73,13,0,23,78,0,96,91,0,86,101,187
SCobb,NHall,1,0,0,0,1,0,1,1,0,1,1,2
SCobb,Gainesville,5,2,0,4,2,0,9,4,0,7,6,13
SCobb,SHall,26,4,0,10,4,0,36,8,0,30,14,44
SCobb,WNewton,101,28,0,23,23,0,124,51,0,129,46,175
SCobb,ENewton,11,3,0,3,1,0,14,4,0,14,4,18
SCobb,NPaulding,505,99,0,186,446,0,691,545,0,604,632,1236
SCobb,WPaulding,316,52,0,108,236,0,424,288,0,368,344,712
SCobb,EPaulding,3285,562,2,1485,4595,2,4770,5157,4,3849,6082,9931
SCobb,NSpalding,27,2,0,7,5,0,34,7,0,29,12,41
SCobb,SSpalding,23,2,0,7,11,0,30,13,0,25,18,43
SCobb,WWalton,32,6,0,10,18,0,42,24,0,38,28,66
SCobb,EWalton,9,1,0,1,11,0,10,12,0,10,12,22
Chamblee,NFulton,4713,831,209,1548,3918,63,6261,4749,272,5753,5529,11282
Chamblee,Roswell,3965,686,132,2598,6292,70,6563,6978,202,4783,8960,13743
Chamblee,SandySprings,20698,3383,721,30691,42266,726,51389,45649,1447,24802,73683,98485
Chamblee,Buckhead,12662,1935,1377,13510,20924,1219,26172,22859,2596,15974,35653,51627
Chamblee,NWAtlanta,1991,423,497,670,1355,230,2661,1778,727,2911,2255,5166
Chamblee,NEAtlanta,7427,1247,2103,3759,7046,954,11186,8293,3057,10777,11759,22536
Chamblee,SWAtlanta,1383,326,559,277,646,179,1660,972,738,2268,1102,3370
Chamblee,CBDAtlanta,3355,762,3540,901,2382,1241,4256,3144,4781,7657,4524,12181
Chamblee,SEAtlanta,1319,390,549,347,770,157,1666,1160,706,2258,1274,3532
Chamblee,SFulton,355,79,35,62,112,10,417,191,45,469,184,653
Chamblee,Tri-Cities,1069,322,390,120,396,66,1189,718,456,1781,582,2363
Chamblee,Shannon,484,131,92,65,156,20,549,287,112,707,241,948
Chamblee,WCherokee,72,13,1,26,43,0,98,56,1,86,69,155
Chamblee,NCherokee,40,8,0,15,40,0,55,48,0,48,55,103
Chamblee,ECentCherokee,818,157,3,231,495,2,1049,652,5,978,728,1706
Chamblee,Woodstock,925,147,10,178,470,3,1103,617,13,1082,651,1733
Chamblee,Airport,359,99,343,30,52,11,389,151,354,801,93,894
Chamblee,NEClayton,704,173,60,121,297,11,825,470,71,937,429,1366
Chamblee,Riverdale,401,127,97,60,136,9,461,263,106,625,205,830
Chamblee,SClayton,351,108,23,67,155,8,418,263,31,482,230,712
Chamblee,NWCobb,1256,206,22,200,395,8,1456,601,30,1484,603,2087
Chamblee,NECobb,3399,524,29,1752,3782,29,5151,4306,58,3952,5563,9515
Chamblee,SWCobb,494,92,4,127,268,2,621,360,6,590,397,987
Chamblee,Marietta,941,188,22,282,634,18,1223,822,40,1151,934,2085
Chamblee,Cumberland,4756,796,189,1913,3086,71,6669,3882,260,5741,5070,10811
Chamblee,SCobb,1210,207,58,307,951,14,1517,1158,72,1475,1272,2747
Chamblee,Chamblee,46814,8330,1488,89390,153570,2440,136204,161900,3928,56632,245400,302032
Chamblee,NWDeKalb,7514,1240,353,8500,16879,361,16014,18119,714,9107,25740,34847
Chamblee,NEDeKalb,9880,1801,224,12153,23905,211,22033,25706,435,11905,36269,48174
Chamblee,Atlanta-DeKalb,744,116,169,358,556,49,1102,672,218,1029,963,1992
Chamblee,Decatur,971,148,151,587,1003,60,1558,1151,211,1270,1650,2920
Chamblee,SWDeKalb,2022,377,295,692,1586,89,2714,1963,384,2694,2367,5061
Chamblee,SEDeKalb,1983,370,154,445,1017,44,2428,1387,198,2507,1506,4013
Chamblee,SDeKalb,1409,270,83,304,912,19,1713,1182,102,1762,1235,2997
Chamblee,WDouglas,230,47,7,51,122,1,281,169,8,284,174,458
Chamblee,EDouglas,454,86,26,77,173,6,531,259,32,566,256,822
Chamblee,WFayette,100,31,5,27,35,0,127,66,5,136,62,198
Chamblee,EFayette,168,54,9,33,67,0,201,121,9,231,100,331
Chamblee,NGwinnett,3413,586,16,524,1222,12,3937,1808,28,4015,1758,5773
Chamblee,CentGwinnett,6586,1142,83,2064,5027,71,8650,6169,154,7811,7162,14973
Chamblee,EGwinnett,1367,236,2,202,404,4,1569,640,6,1605,610,2215
Chamblee,Norcross,13694,2585,191,15394,31898,323,29088,34483,514,16470,47615,64085
Chamblee,Lilburn,2666,456,22,1264,3027,14,3930,3483,36,3144,4305,7449
Chamblee,Snellville,1571,302,13,325,883,10,1896,1185,23,1886,1218,3104
Chamblee,NHenry,510,87,13,101,159,3,611,246,16,610,263,873
Chamblee,EHenry,284,53,3,61,112,0,345,165,3,340,173,513
Chamblee,SHenry,328,65,10,61,141,1,389,206,11,403,203,606
Chamblee,SRockdale,307,45,5,56,134,0,363,179,5,357,190,547
Chamblee,NRockdale,349,49,13,65,102,1,414,151,14,411,168,579
Chamblee,NBarrow,378,60,1,56,91,1,434,151,2,439,148,587
Chamblee,SBarrow,311,61,1,56,156,0,367,217,1,373,212,585
Chamblee,NWBartow,21,4,0,10,11,0,31,15,0,25,21,46
Chamblee,NEBartow,34,3,1,15,32,0,49,35,1,38,47,85
Chamblee,SWBartow,56,3,0,13,46,0,69,49,0,59,59,118
Chamblee,Cartersville,138,25,1,46,67,0,184,92,1,164,113,277
Chamblee,NECarroll,48,5,1,7,82,0,55,87,1,54,89,143
Chamblee,WCarroll,3,0,0,0,1,0,3,1,0,3,1,4
Chamblee,CentralCarroll,18,1,0,14,9,0,32,10,0,19,23,42
Chamblee,SECarroll,7,2,0,5,2,0,12,4,0,9,7,16
Chamblee,WCoweta,19,1,0,3,24,0,22,25,0,20,27,47
Chamblee,NCoweta,159,39,20,38,67,4,197,106,24,218,109,327
Chamblee,SCoweta,8,2,0,3,27,0,11,29,0,10,30,40
Chamblee,SECoweta,26,3,0,5,28,0,31,31,0,29,33,62
Chamblee,NForsyth,557,82,0,103,448,1,660,530,1,639,552,1191
Chamblee,Cumming,1403,244,8,275,674,7,1678,918,15,1655,956,2611
Chamblee,SForsyth,1109,244,10,320,874,9,1429,1118,19,1363,1203,2566
Chamblee,NHall,82,18,0,14,53,0,96,71,0,100,67,167
Chamblee,Gainesville,235,36,0,58,152,0,293,188,0,271,210,481
Chamblee,SHall,612,96,2,83,228,0,695,324,2,710,311,1021
Chamblee,WNewton,491,81,5,75,143,1,566,224,6,577,219,796
Chamblee,ENewton,47,8,0,11,47,0,58,55,0,55,58,113
Chamblee,NPaulding,118,26,1,39,59,0,157,85,1,145,98,243
Chamblee,WPaulding,51,4,0,17,25,0,68,29,0,55,42,97
Chamblee,EPaulding,461,87,4,83,165,3,544,252,7,552,251,803
Chamblee,NSpalding,27,12,1,9,9,0,36,21,1,40,18,58
Chamblee,SSpalding,18,4,0,6,12,0,24,16,0,22,18,40
Chamblee,WWalton,291,50,0,48,170,0,339,220,0,341,218,559
Chamblee,EWalton,122,16,0,39,55,0,161,71,0,138,94,232
NWDeKalb,NFulton,902,181,50,175,809,47,1077,990,97,1133,1031,2164
NWDeKalb,Roswell,746,121,36,202,608,33,948,729,69,903,843,1746
NWDeKalb,SandySprings,2928,446,253,1138,2276,107,4066,2722,360,3627,3521,7148
NWDeKalb,Buckhead,6067,963,320,7485,9559,372,13552,10522,692,7350,17416,24766
NWDeKalb,NWAtlanta,1421,287,207,1082,1522,226,2503,1809,433,1915,2830,4745
NWDeKalb,NEAtlanta,8521,1250,622,11258,13071,631,19779,14321,1253,10393,24960,35353
NWDeKalb,SWAtlanta,1472,287,287,589,1006,171,2061,1293,458,2046,1766,3812
NWDeKalb,CBDAtlanta,3603,673,1199,2426,3166,603,6029,3839,1802,5475,6195,11670
NWDeKalb,SEAtlanta,1543,374,232,1230,2158,138,2773,2532,370,2149,3526,5675
NWDeKalb,SFulton,370,71,16,138,339,8,508,410,24,457,485,942
NWDeKalb,Tri-Cities,1139,255,169,281,477,74,1420,732,243,1563,832,2395
NWDeKalb,Shannon,587,138,37,159,309,34,746,447,71,762,502,1264
NWDeKalb,WCherokee,23,1,0,15,35,1,38,36,1,24,51,75
NWDeKalb,NCherokee,7,4,0,5,33,0,12,37,0,11,38,49
NWDeKalb,ECentCherokee,179,30,0,70,213,5,249,243,5,209,288,497
NWDeKalb,Woodstock,246,57,1,72,131,7,318,188,8,304,210,514
NWDeKalb,Airport,451,77,188,58,103,7,509,180,195,716,168,884
NWDeKalb,NEClayton,965,188,10,427,856,18,1392,1044,28,1163,1301,2464
NWDeKalb,Riverdale,471,104,17,121,237,18,592,341,35,592,376,968
NWDeKalb,SClayton,362,77,4,104,219,6,466,296,10,443,329,772
NWDeKalb,NWCobb,440,99,7,84,294,4,524,393,11,546,382,928
NWDeKalb,NECobb,587,125,4,202,419,6,789,544,10,716,627,1343
NWDeKalb,SWCobb,209,37,0,69,117,3,278,154,3,246,189,435
NWDeKalb,Marietta,327,74,6,94,267,9,421,341,15,407,370,777
NWDeKalb,Cumberland,1601,287,52,451,942,34,2052,1229,86,1940,1427,3367
NWDeKalb,SCobb,638,129,26,184,554,15,822,683,41,793,753,1546
NWDeKalb,Chamblee,7480,1245,351,8565,17260,371,16045,18505,722,9076,26196,35272
NWDeKalb,NWDeKalb,27524,4250,1818,46731,60170,2603,74255,64420,4421,33592,109504,143096
NWDeKalb,NEDeKalb,10487,1784,417,12540,26776,722,23027,28560,1139,12688,40038,52726
NWDeKalb,Atlanta-DeKalb,1984,342,107,3611,5511,130,5595,5853,237,2433,9252,11685
NWDeKalb,Decatur,3660,575,257,7659,9983,485,11319,10558,742,4492,18127,22619
NWDeKalb,SWDeKalb,4610,918,318,6745,13281,556,11355,14199,874,5846,20582,26428
NWDeKalb,SEDeKalb,3536,678,133,2461,7293,367,5997,7971,500,4347,10121,14468
NWDeKalb,SDeKalb,2645,487,55,1507,3744,121,4152,4231,176,3187,5372,8559
NWDeKalb,WDouglas,226,31,2,64,156,4,290,187,6,259,224,483
NWDeKalb,EDouglas,385,76,13,113,209,5,498,285,18,474,327,801
NWDeKalb,WFayette,128,33,6,44,63,3,172,96,9,167,110,277
NWDeKalb,EFayette,173,50,3,72,108,2,245,158,5,226,182,408
NWDeKalb,NGwinnett,1299,208,4,263,735,28,1562,943,32,1511,1026,2537
NWDeKalb,CentGwinnett,2297,406,13,703,3246,99,3000,3652,112,2716,4048,6764
NWDeKalb,EGwinnett,577,106,0,160,565,13,737,671,13,683,738,1421
NWDeKalb,Norcross,3048,554,55,1794,6736,252,4842,7290,307,3657,8782,12439
NWDeKalb,Lilburn,2061,370,17,1179,5135,101,3240,5505,118,2448,6415,8863
NWDeKalb,Snellville,1691,321,9,691,3565,82,2382,3886,91,2021,4338,6359
NWDeKalb,NHenry,827,139,9,337,730,25,1164,869,34,975,1092,2067
NWDeKalb,EHenry,331,70,0,117,196,3,448,266,3,401,316,717
NWDeKalb,SHenry,461,91,4,130,260,4,591,351,8,556,394,950
NWDeKalb,SRockdale,470,81,3,129,399,8,599,480,11,554,536,1090
NWDeKalb,NRockdale,458,82,2,119,380,19,577,462,21,542,518,1060
NWDeKalb,NBarrow,121,27,0,24,107,5,145,134,5,148,136,284
NWDeKalb,SBarrow,106,11,0,39,109,3,145,120,3,117,151,268
NWDeKalb,NWBartow,8,2,0,2,34,0,10,36,0,10,36,46
NWDeKalb,NEBartow,9,2,0,4,42,0,13,44,0,11,46,57
NWDeKalb,SWBartow,13,3,0,4,81,0,17,84,0,16,85,101
NWDeKalb,Cartersville,41,6,1,23,94,1,64,100,2,48,118,166
NWDeKalb,NECarroll,52,5,0,16,25,0,68,30,0,57,41,98
NWDeKalb,WCarroll,3,0,0,1,1,0,4,1,0,3,2,5
NWDeKalb,CentralCarroll,18,4,0,17,8,0,35,12,0,22,25,47
NWDeKalb,SECarroll,6,0,0,4,18,0,10,18,0,6,22,28
NWDeKalb,WCoweta,39,7,0,12,69,1,51,76,1,46,82,128
NWDeKalb,NCoweta,220,54,5,67,183,11,287,237,16,279,261,540
NWDeKalb,SCoweta,17,3,0,11,34,0,28,37,0,20,45,65
NWDeKalb,SECoweta,18,3,0,11,49,0,29,52,0,21,60,81
NWDeKalb,NForsyth,91,10,0,25,246,2,116,256,2,101,273,374
NWDeKalb,Cumming,236,41,2,80,569,29,316,610,31,279,678,957
NWDeKalb,SForsyth,222,35,1,64,372,23,286,407,24,258,459,717
NWDeKalb,NHall,25,4,0,4,22,0,29,26,0,29,26,55
NWDeKalb,Gainesville,60,14,0,20,81,0,80,95,0,74,101,175
NWDeKalb,SHall,224,32,0,52,205,3,276,237,3,256,260,516
NWDeKalb,WNewton,582,103,19,137,286,11,719,389,30,704,434,1138
NWDeKalb,ENewton,73,19,0,17,90,0,90,109,0,92,107,199
NWDeKalb,NPaulding,47,13,0,17,70,0,64,83,0,60,87,147
NWDeKalb,WPaulding,22,2,0,14,56,0,36,58,0,24,70,94
NWDeKalb,EPaulding,223,37,2,66,225,0,289,262,2,262,291,553
NWDeKalb,NSpalding,60,9,0,18,7,0,78,16,0,69,25,94
NWDeKalb,SSpalding,33,4,0,7,7,0,40,11,0,37,14,51
NWDeKalb,WWalton,314,55,1,104,435,6,418,490,7,370,545,915
NWDeKalb,EWalton,107,15,0,35,113,0,142,128,0,122,148,270
NEDeKalb,NFulton,1394,241,34,402,1159,10,1796,1400,44,1669,1571,3240
NEDeKalb,Roswell,961,199,5,472,889,15,1433,1088,20,1165,1376,2541
NEDeKalb,SandySprings,4087,663,218,1654,3038,99,5741,3701,317,4968,4791,9759
NEDeKalb,Buckhead,4540,770,513,2034,3846,222,6574,4616,735,5823,6102,11925
NEDeKalb,NWAtlanta,1204,239,193,301,689,96,1505,928,289,1636,1086,2722
NEDeKalb,NEAtlanta,5240,887,838,2031,3663,440,7271,4550,1278,6965,6134,13099
NEDeKalb,SWAtlanta,976,161,175,216,364,140,1192,525,315,1312,720,2032
NEDeKalb,CBDAtlanta,3505,587,2451,770,1482,768,4275,2069,3219,6543,3020,9563
NEDeKalb,SEAtlanta,1103,254,135,353,652,91,1456,906,226,1492,1096,2588
NEDeKalb,SFulton,201,34,7,61,140,7,262,174,14,242,208,450
NEDeKalb,Tri-Cities,870,185,105,114,238,53,984,423,158,1160,405,1565
NEDeKalb,Shannon,404,66,27,99,132,20,503,198,47,497,251,748
NEDeKalb,WCherokee,17,2,0,12,30,0,29,32,0,19,42,61
NEDeKalb,NCherokee,10,3,0,2,19,0,12,22,0,13,21,34
NEDeKalb,ECentCherokee,168,33,0,73,174,0,241,207,0,201,247,448
NEDeKalb,Woodstock,218,32,1,70,134,0,288,166,1,251,204,455
NEDeKalb,Airport,532,119,224,37,101,6,569,220,230,875,144,1019
NEDeKalb,NEClayton,837,172,11,249,433,7,1086,605,18,1020,689,1709
NEDeKalb,Riverdale,317,67,15,68,150,9,385,217,24,399,227,626
NEDeKalb,SClayton,369,69,1,98,215,3,467,284,4,439,316,755
NEDeKalb,NWCobb,324,57,3,81,99,5,405,156,8,384,185,569
NEDeKalb,NECobb,702,115,3,232,473,3,934,588,6,820,708,1528
NEDeKalb,SWCobb,132,26,3,40,36,3,172,62,6,161,79,240
NEDeKalb,Marietta,337,52,8,103,97,7,440,149,15,397,207,604
NEDeKalb,Cumberland,1687,268,78,263,556,17,1950,824,95,2033,836,2869
NEDeKalb,SCobb,481,86,18,122,164,9,603,250,27,585,295,880
NEDeKalb,Chamblee,9475,1693,204,12103,23729,207,21578,25422,411,11372,36039,47411
NEDeKalb,NWDeKalb,9788,1703,403,12282,25723,697,22070,27426,1100,11894,38702,50596
NEDeKalb,NEDeKalb,44285,7886,1139,86251,149657,2662,130536,157543,3801,53310,238570,291880
NEDeKalb,Atlanta-DeKalb,870,153,49,787,1399,73,1657,1552,122,1072,2259,3331
NEDeKalb,Decatur,1554,268,100,1891,4228,217,3445,4496,317,1922,6336,8258
NEDeKalb,SWDeKalb,4615,919,210,6673,15093,509,11288,16012,719,5744,22275,28019
NEDeKalb,SEDeKalb,6332,1289,112,8259,22447,368,14591,23736,480,7733,31074,38807
NEDeKalb,SDeKalb,2865,521,37,1818,4321,54,4683,4842,91,3423,6193,9616
NEDeKalb,WDouglas,105,28,0,32,96,0,137,124,0,133,128,261
NEDeKalb,EDouglas,200,28,5,52,79,5,252,107,10,233,136,369
NEDeKalb,WFayette,84,19,0,42,38,1,126,57,1,103,81,184
NEDeKalb,EFayette,139,22,1,45,57,1,184,79,2,162,103,265
NEDeKalb,NGwinnett,2478,428,2,575,1280,8,3053,1708,10,2908,1863,4771
NEDeKalb,CentGwinnett,5647,1020,17,2792,6797,57,8439,7817,74,6684,9646,16330
NEDeKalb,EGwinnett,1571,280,1,355,998,1,1926,1278,2,1852,1354,3206
NEDeKalb,Norcross,9887,1893,83,12579,28141,123,22466,30034,206,11863,40843,52706
NEDeKalb,Lilburn,9393,1606,78,10593,25999,79,19986,27605,157,11077,36671,47748
NEDeKalb,Snellville,4969,954,26,2727,8367,53,7696,9321,79,5949,11147,17096
NEDeKalb,NHenry,904,154,8,364,703,2,1268,857,10,1066,1069,2135
NEDeKalb,EHenry,503,78,0,125,346,1,628,424,1,581,472,1053
NEDeKalb,SHenry,417,73,2,119,167,4,536,240,6,492,290,782
NEDeKalb,SRockdale,763,122,5,259,773,5,1022,895,10,890,1037,1927
NEDeKalb,NRockdale,956,157,2,307,757,7,1263,914,9,1115,1071,2186
NEDeKalb,NBarrow,329,56,0,50,160,0,379,216,0,385,210,595
NEDeKalb,SBarrow,284,57,0,50,145,0,334,202,0,341,195,536
NEDeKalb,NWBartow,7,2,0,0,6,0,7,8,0,9,6,15
NEDeKalb,NEBartow,10,2,0,7,14,0,17,16,0,12,21,33
NEDeKalb,SWBartow,22,2,0,9,29,0,31,31,0,24,38,62
NEDeKalb,Cartersville,39,9,0,25,46,0,64,55,0,48,71,119
NEDeKalb,NECarroll,24,9,0,9,10,0,33,19,0,33,19,52
NEDeKalb,WCarroll,0,0,0,1,1,0,1,1,0,0,2,2
NEDeKalb,CentralCarroll,10,1,0,8,4,0,18,5,0,11,12,23
NEDeKalb,SECarroll,3,0,0,2,0,0,5,0,0,3,2,5
NEDeKalb,WCoweta,13,5,0,10,17,0,23,22,0,18,27,45
NEDeKalb,NCoweta,129,28,0,54,130,2,183,158,2,157,186,343
NEDeKalb,SCoweta,7,3,0,3,13,1,10,16,1,10,17,27
NEDeKalb,SECoweta,24,6,0,10,10,0,34,16,0,30,20,50
NEDeKalb,NForsyth,105,21,0,45,113,0,150,134,0,126,158,284
NEDeKalb,Cumming,325,58,0,98,177,1,423,235,1,383,276,659
NEDeKalb,SForsyth,408,60,0,119,290,2,527,350,2,468,411,879
NEDeKalb,NHall,72,9,0,13,52,0,85,61,0,81,65,146
NEDeKalb,Gainesville,201,30,0,39,169,0,240,199,0,231,208,439
NEDeKalb,SHall,535,67,0,81,271,0,616,338,0,602,352,954
NEDeKalb,WNewton,954,175,2,174,457,2,1128,632,4,1131,633,1764
NEDeKalb,ENewton,120,14,0,31,38,0,151,52,0,134,69,203
NEDeKalb,NPaulding,44,4,0,13,14,0,57,18,0,48,27,75
NEDeKalb,WPaulding,15,2,0,6,4,0,21,6,0,17,10,27
NEDeKalb,EPaulding,137,16,1,37,149,0,174,165,1,154,186,340
NEDeKalb,NSpalding,54,8,0,19,10,0,73,18,0,62,29,91
NEDeKalb,SSpalding,28,3,0,12,12,0,40,15,0,31,24,55
NEDeKalb,WWalton,835,141,0,210,584,1,1045,725,1,976,795,1771
NEDeKalb,EWalton,297,51,0,75,192,0,372,243,0,348,267,615
Atlanta-DeKalb,NFulton,151,18,24,31,51,3,182,69,27,193,85,278
Atlanta-DeKalb,Roswell,81,18,11,18,62,3,99,80,14,110,83,193
Atlanta-DeKalb,SandySprings,597,100,208,103,295,52,700,395,260,905,450,1355
Atlanta-DeKalb,Buckhead,1105,195,207,731,1204,103,1836,1399,310,1507,2038,3545
Atlanta-DeKalb,NWAtlanta,518,96,97,409,860,88,927,956,185,711,1357,2068
Atlanta-DeKalb,NEAtlanta,3059,496,333,5421,7575,460,8480,8071,793,3888,13456,17344
Atlanta-DeKalb,SWAtlanta,607,117,126,512,1046,107,1119,1163,233,850,1665,2515
Atlanta-DeKalb,CBDAtlanta,2345,334,701,2564,4326,643,4909,4660,1344,3380,7533,10913
Atlanta-DeKalb,SEAtlanta,1084,238,77,2218,4395,132,3302,4633,209,1399,6745,8144
Atlanta-DeKalb,SFulton,127,16,2,54,130,1,181,146,3,145,185,330
Atlanta-DeKalb,Tri-Cities,563,100,98,264,453,56,827,553,154,761,773,1534
Atlanta-DeKalb,Shannon,203,40,21,62,118,3,265,158,24,264,183,447
Atlanta-DeKalb,WCherokee,1,0,0,4,1,0,5,1,0,1,5,6
Atlanta-DeKalb,NCherokee,3,1,0,2,3,0,5,4,0,4,5,9
Atlanta-DeKalb,ECentCherokee,16,2,0,11,10,0,27,12,0,18,21,39
Atlanta-DeKalb,Woodstock,32,6,1,11,44,1,43,50,2,39,56,95
Atlanta-DeKalb,Airport,327,47,165,57,81,10,384,128,175,539,148,687
Atlanta-DeKalb,NEClayton,431,72,8,362,840,12,793,912,20,511,1214,1725
Atlanta-DeKalb,Riverdale,162,38,8,50,119,5,212,157,13,208,174,382
Atlanta-DeKalb,SClayton,148,22,0,37,125,1,185,147,1,170,163,333
Atlanta-DeKalb,NWCobb,78,24,0,26,52,4,104,76,4,102,82,184
Atlanta-DeKalb,NECobb,76,26,5,26,155,3,102,181,8,107,184,291
Atlanta-DeKalb,SWCobb,39,8,2,18,25,0,57,33,2,49,43,92
Atlanta-DeKalb,Marietta,96,19,4,25,45,11,121,64,15,119,81,200
Atlanta-DeKalb,Cumberland,474,101,61,123,235,19,597,336,80,636,377,1013
Atlanta-DeKalb,SCobb,225,32,13,54,245,3,279,277,16,270,302,572
Atlanta-DeKalb,Chamblee,786,147,176,352,479,61,1138,626,237,1109,892,2001
Atlanta-DeKalb,NWDeKalb,1928,311,99,3541,5218,157,5469,5529,256,2338,8916,11254
Atlanta-DeKalb,NEDeKalb,918,161,68,702,1646,56,1620,1807,124,1147,2404,3551
Atlanta-DeKalb,Atlanta-DeKalb,1565,288,81,5863,11037,209,7428,11325,290,1934,17109,19043
Atlanta-DeKalb,Decatur,863,131,45,2169,3476,105,3032,3607,150,1039,5750,6789
Atlanta-DeKalb,SWDeKalb,1746,393,109,3809,8430,300,5555,8823,409,2248,12539,14787
Atlanta-DeKalb,SEDeKalb,612,143,59,470,1210,45,1082,1353,104,814,1725,2539
Atlanta-DeKalb,SDeKalb,1007,205,33,1044,2985,59,2051,3190,92,1245,4088,5333
Atlanta-DeKalb,WDouglas,65,14,3,32,28,0,97,42,3,82,60,142
Atlanta-DeKalb,EDouglas,116,22,8,37,93,0,153,115,8,146,130,276
Atlanta-DeKalb,WFayette,22,11,0,19,18,0,41,29,0,33,37,70
Atlanta-DeKalb,EFayette,54,5,0,20,42,0,74,47,0,59,62,121
Atlanta-DeKalb,NGwinnett,82,16,1,26,55,4,108,71,5,99,85,184
Atlanta-DeKalb,CentGwinnett,196,35,4,51,98,4,247,133,8,235,153,388
Atlanta-DeKalb,EGwinnett,46,4,0,12,30,2,58,34,2,50,44,94
Atlanta-DeKalb,Norcross,305,41,17,89,326,14,394,367,31,363,429,792
Atlanta-DeKalb,Lilburn,179,24,1,115,228,1,294,252,2,204,344,548
Atlanta-DeKalb,Snellville,174,29,1,58,255,1,232,284,2,204,314,518
Atlanta-DeKalb,NHenry,289,44,0,152,464,3,441,508,3,333,619,952
Atlanta-DeKalb,EHenry,85,16,1,28,85,0,113,101,1,102,113,215
Atlanta-DeKalb,SHenry,142,33,3,54,99,0,196,132,3,178,153,331
Atlanta-DeKalb,SRockdale,113,14,1,42,123,0,155,137,1,128,165,293
Atlanta-DeKalb,NRockdale,135,15,0,32,131,0,167,146,0,150,163,313
Atlanta-DeKalb,NBarrow,5,2,0,3,14,0,8,16,0,7,17,24
Atlanta-DeKalb,SBarrow,7,1,0,4,16,0,11,17,0,8,20,28
Atlanta-DeKalb,NWBartow,3,0,0,0,2,0,3,2,0,3,2,5
Atlanta-DeKalb,NEBartow,2,0,0,2,6,0,4,6,0,2,8,10
Atlanta-DeKalb,SWBartow,0,1,0,2,7,0,2,8,0,1,9,10
Atlanta-DeKalb,Cartersville,4,1,0,9,25,0,13,26,0,5,34,39
Atlanta-DeKalb,NECarroll,8,3,0,5,8,0,13,11,0,11,13,24
Atlanta-DeKalb,WCarroll,0,0,0,0,0,0,0,0,0,0,0,0
Atlanta-DeKalb,CentralCarroll,5,1,0,5,3,0,10,4,0,6,8,14
Atlanta-DeKalb,SECarroll,0,0,0,2,2,0,2,2,0,0,4,4
Atlanta-DeKalb,WCoweta,3,2,0,2,30,0,5,32,0,5,32,37
Atlanta-DeKalb,NCoweta,66,14,2,27,60,1,93,74,3,82,88,170
Atlanta-DeKalb,SCoweta,2,0,0,4,6,0,6,6,0,2,10,12
Atlanta-DeKalb,SECoweta,7,1,0,3,3,0,10,4,0,8,6,14
Atlanta-DeKalb,NForsyth,13,4,0,6,22,0,19,26,0,17,28,45
Atlanta-DeKalb,Cumming,17,2,1,12,36,1,29,38,2,20,49,69
Atlanta-DeKalb,SForsyth,13,0,0,10,27,1,23,27,1,13,38,51
Atlanta-DeKalb,NHall,0,0,0,0,3,0,0,3,0,0,3,3
Atlanta-DeKalb,Gainesville,1,1,1,2,1,0,3,2,1,3,3,6
Atlanta-DeKalb,SHall,9,3,0,9,20,0,18,23,0,12,29,41
Atlanta-DeKalb,WNewton,144,32,0,29,96,1,173,128,1,176,126,302
Atlanta-DeKalb,ENewton,24,5,0,12,39,0,36,44,0,29,51,80
Atlanta-DeKalb,NPaulding,10,1,0,8,2,0,18,3,0,11,10,21
Atlanta-DeKalb,WPaulding,7,0,0,3,12,0,10,12,0,7,15,22
Atlanta-DeKalb,EPaulding,57,8,0,25,86,0,82,94,0,65,111,176
Atlanta-DeKalb,NSpalding,24,2,0,2,9,0,26,11,0,26,11,37
Atlanta-DeKalb,SSpalding,7,1,0,6,3,0,13,4,0,8,9,17
Atlanta-DeKalb,WWalton,35,3,0,22,38,0,57,41,0,38,60,98
Atlanta-DeKalb,EWalton,17,2,0,7,10,0,24,12,0,19,17,36
Decatur,NFulton,136,32,27,32,43,13,168,75,40,195,88,283
Decatur,Roswell,85,16,16,21,38,9,106,54,25,117,68,185
Decatur,SandySprings,554,69,142,138,188,33,692,257,175,765,359,1124
Decatur,Buckhead,925,135,210,519,731,123,1444,866,333,1270,1373,2643
Decatur,NWAtlanta,408,68,139,204,311,94,612,379,233,615,609,1224
Decatur,NEAtlanta,1716,273,316,1691,2469,251,3407,2742,567,2305,4411,6716
Decatur,SWAtlanta,419,73,160,156,480,96,575,553,256,652,732,1384
Decatur,CBDAtlanta,1225,212,798,667,1053,337,1892,1265,1135,2235,2057,4292
Decatur,SEAtlanta,518,96,101,422,725,98,940,821,199,715,1245,1960
Decatur,SFulton,87,13,9,32,59,2,119,72,11,109,93,202
Decatur,Tri-Cities,408,74,104,85,132,120,493,206,224,586,337,923
Decatur,Shannon,159,22,30,31,44,14,190,66,44,211,89,300
Decatur,WCherokee,3,1,0,1,1,0,4,2,0,4,2,6
Decatur,NCherokee,1,0,0,0,10,0,1,10,0,1,10,11
Decatur,ECentCherokee,18,6,0,10,17,0,28,23,0,24,27,51
Decatur,Woodstock,29,6,0,12,36,1,41,42,1,35,49,84
Decatur,Airport,180,17,125,22,16,9,202,33,134,322,47,369
Decatur,NEClayton,317,63,7,150,326,12,467,389,19,387,488,875
Decatur,Riverdale,127,14,17,32,77,20,159,91,37,158,129,287
Decatur,SClayton,93,12,7,38,61,7,131,73,14,112,106,218
Decatur,NWCobb,58,16,5,24,20,3,82,36,8,79,47,126
Decatur,NECobb,69,16,3,25,30,7,94,46,10,88,62,150
Decatur,SWCobb,40,11,4,16,20,7,56,31,11,55,43,98
Decatur,Marietta,73,11,3,9,9,3,82,20,6,87,21,108
Decatur,Cumberland,368,73,42,70,123,12,438,196,54,483,205,688
Decatur,SCobb,150,20,33,46,150,11,196,170,44,203,207,410
Decatur,Chamblee,920,138,132,556,1154,78,1476,1292,210,1190,1788,2978
Decatur,NWDeKalb,3585,528,261,7764,9766,460,11349,10294,721,4374,17990,22364
Decatur,NEDeKalb,1645,301,101,1850,4144,215,3495,4445,316,2047,6209,8256
Decatur,Atlanta-DeKalb,836,143,64,2132,3425,97,2968,3568,161,1043,5654,6697
Decatur,Decatur,2804,446,232,7811,11638,437,10615,12084,669,3482,19886,23368
Decatur,SWDeKalb,2250,448,235,4686,10586,575,6936,11034,810,2933,15847,18780
Decatur,SEDeKalb,1156,213,126,898,3149,225,2054,3362,351,1495,4272,5767
Decatur,SDeKalb,1106,195,58,977,2614,117,2083,2809,175,1359,3708,5067
Decatur,WDouglas,59,9,4,20,22,2,79,31,6,72,44,116
Decatur,EDouglas,89,9,13,28,94,12,117,103,25,111,134,245
Decatur,WFayette,32,4,1,14,41,0,46,45,1,37,55,92
Decatur,EFayette,28,2,2,14,23,1,42,25,3,32,38,70
Decatur,NGwinnett,175,29,1,47,113,3,222,142,4,205,163,368
Decatur,CentGwinnett,295,43,15,86,189,17,381,232,32,353,292,645
Decatur,EGwinnett,79,11,0,30,76,3,109,87,3,90,109,199
Decatur,Norcross,390,58,26,219,497,37,609,555,63,474,753,1227
Decatur,Lilburn,342,47,8,214,558,26,556,605,34,397,798,1195
Decatur,Snellville,323,54,6,140,387,16,463,441,22,383,543,926
Decatur,NHenry,282,40,5,169,368,14,451,408,19,327,551,878
Decatur,EHenry,90,14,1,40,113,0,130,127,1,105,153,258
Decatur,SHenry,99,16,2,52,83,4,151,99,6,117,139,256
Decatur,SRockdale,137,23,3,57,117,10,194,140,13,163,184,347
Decatur,NRockdale,128,23,1,51,109,6,179,132,7,152,166,318
Decatur,NBarrow,14,1,0,4,15,0,18,16,0,15,19,34
Decatur,SBarrow,6,2,0,5,11,0,11,13,0,8,16,24
Decatur,NWBartow,0,2,0,0,0,0,0,2,0,2,0,2
Decatur,NEBartow,1,0,0,0,1,0,1,1,0,1,1,2
Decatur,SWBartow,2,0,0,1,1,0,3,1,0,2,2,4
Decatur,Cartersville,4,0,0,5,13,0,9,13,0,4,18,22
Decatur,NECarroll,12,1,0,3,7,0,15,8,0,13,10,23
Decatur,WCarroll,3,0,0,1,1,0,4,1,0,3,2,5
Decatur,CentralCarroll,3,1,0,5,1,0,8,2,0,4,6,10
Decatur,SECarroll,2,0,0,0,0,0,2,0,0,2,0,2
Decatur,WCoweta,8,1,1,4,3,0,12,4,1,10,7,17
Decatur,NCoweta,41,8,2,15,49,0,56,57,2,51,64,115
Decatur,SCoweta,2,1,0,2,2,0,4,3,0,3,4,7
Decatur,SECoweta,11,0,0,5,0,0,16,0,0,11,5,16
Decatur,NForsyth,5,0,1,8,9,0,13,9,1,6,17,23
Decatur,Cumming,27,3,1,7,25,0,34,28,1,31,32,63
Decatur,SForsyth,32,6,1,10,25,0,42,31,1,39,35,74
Decatur,NHall,0,0,0,2,3,0,2,3,0,0,5,5
Decatur,Gainesville,10,0,0,2,31,0,12,31,0,10,33,43
Decatur,SHall,20,3,0,16,15,0,36,18,0,23,31,54
Decatur,WNewton,146,21,3,28,87,1,174,108,4,170,116,286
Decatur,ENewton,16,1,0,7,14,0,23,15,0,17,21,38
Decatur,NPaulding,6,2,0,6,7,0,12,9,0,8,13,21
Decatur,WPaulding,10,1,0,1,4,0,11,5,0,11,5,16
Decatur,EPaulding,45,9,1,9,18,2,54,27,3,55,29,84
Decatur,NSpalding,21,3,0,5,2,0,26,5,0,24,7,31
Decatur,SSpalding,4,0,0,3,1,0,7,1,0,4,4,8
Decatur,WWalton,62,10,1,22,41,0,84,51,1,73,63,136
Decatur,EWalton,20,2,0,15,11,0,35,13,0,22,26,48
SWDeKalb,NFulton,290,67,46,54,166,16,344,233,62,403,236,639
SWDeKalb,Roswell,205,27,12,28,152,2,233,179,14,244,182,426
SWDeKalb,SandySprings,1343,247,311,163,420,53,1506,667,364,1901,636,2537
SWDeKalb,Buckhead,2163,429,555,627,1393,188,2790,1822,743,3147,2208,5355
SWDeKalb,NWAtlanta,1019,221,231,398,974,184,1417,1195,415,1471,1556,3027
SWDeKalb,NEAtlanta,3787,712,839,2293,5134,475,6080,5846,1314,5338,7902,13240
SWDeKalb,SWAtlanta,1195,245,200,646,1216,124,1841,1461,324,1640,1986,3626
SWDeKalb,CBDAtlanta,3893,773,2164,1848,4123,1252,5741,4896,3416,6830,7223,14053
SWDeKalb,SEAtlanta,2028,492,200,2565,5960,178,4593,6452,378,2720,8703,11423
SWDeKalb,SFulton,262,47,18,80,180,3,342,227,21,327,263,590
SWDeKalb,Tri-Cities,1210,237,151,355,764,47,1565,1001,198,1598,1166,2764
SWDeKalb,Shannon,392,84,30,145,295,10,537,379,40,506,450,956
SWDeKalb,WCherokee,7,1,0,5,8,0,12,9,0,8,13,21
SWDeKalb,NCherokee,2,0,0,3,6,0,5,6,0,2,9,11
SWDeKalb,ECentCherokee,28,11,1,19,49,0,47,60,1,40,68,108
SWDeKalb,Woodstock,54,10,0,18,46,0,72,56,0,64,64,128
SWDeKalb,Airport,891,172,289,131,244,16,1022,416,305,1352,391,1743
SWDeKalb,NEClayton,1433,250,24,959,2367,18,2392,2617,42,1707,3344,5051
SWDeKalb,Riverdale,432,88,17,163,369,7,595,457,24,537,539,1076
SWDeKalb,SClayton,425,83,5,137,320,1,562,403,6,513,458,971
SWDeKalb,NWCobb,108,34,1,40,72,3,148,106,4,143,115,258
SWDeKalb,NECobb,153,46,3,47,152,0,200,198,3,202,199,401
SWDeKalb,SWCobb,96,10,1,23,38,0,119,48,1,107,61,168
SWDeKalb,Marietta,119,42,8,41,56,4,160,98,12,169,101,270
SWDeKalb,Cumberland,876,224,91,126,304,21,1002,528,112,1191,451,1642
SWDeKalb,SCobb,394,59,33,117,297,3,511,356,36,486,417,903
SWDeKalb,Chamblee,1944,372,290,683,1513,111,2627,1885,401,2606,2307,4913
SWDeKalb,NWDeKalb,4248,850,291,6751,12873,500,10999,13723,791,5389,20124,25513
SWDeKalb,NEDeKalb,4686,950,223,6636,15295,511,11322,16245,734,5859,22442,28301
SWDeKalb,Atlanta-DeKalb,1604,306,101,3734,8362,240,5338,8668,341,2011,12336,14347
SWDeKalb,Decatur,2032,372,184,4656,10374,581,6688,10746,765,2588,15611,18199
SWDeKalb,SWDeKalb,9853,2185,502,29460,65675,1447,39313,67860,1949,12540,96582,109122
SWDeKalb,SEDeKalb,4338,864,207,7289,19472,469,11627,20336,676,5409,27230,32639
SWDeKalb,SDeKalb,5208,1069,110,8509,24133,371,13717,25202,481,6387,33013,39400
SWDeKalb,WDouglas,78,21,5,34,129,0,112,150,5,104,163,267
SWDeKalb,EDouglas,222,33,7,76,179,2,298,212,9,262,257,519
SWDeKalb,WFayette,100,12,2,29,57,0,129,69,2,114,86,200
SWDeKalb,EFayette,159,32,2,53,128,0,212,160,2,193,181,374
SWDeKalb,NGwinnett,291,55,3,60,179,0,351,234,3,349,239,588
SWDeKalb,CentGwinnett,589,109,10,197,545,6,786,654,16,708,748,1456
SWDeKalb,EGwinnett,193,43,0,61,236,1,254,279,1,236,298,534
SWDeKalb,Norcross,851,205,21,440,1118,22,1291,1323,43,1077,1580,2657
SWDeKalb,Lilburn,754,145,10,585,1580,5,1339,1725,15,909,2170,3079
SWDeKalb,Snellville,843,157,9,379,1274,12,1222,1431,21,1009,1665,2674
SWDeKalb,NHenry,1141,200,10,645,2128,8,1786,2328,18,1351,2781,4132
SWDeKalb,EHenry,400,71,1,143,391,0,543,462,1,472,534,1006
SWDeKalb,SHenry,488,87,2,140,295,2,628,382,4,577,437,1014
SWDeKalb,SRockdale,522,82,2,238,771,6,760,853,8,606,1015,1621
SWDeKalb,NRockdale,538,108,6,200,679,8,738,787,14,652,887,1539
SWDeKalb,NBarrow,27,8,0,14,31,0,41,39,0,35,45,80
SWDeKalb,SBarrow,32,8,0,14,33,0,46,41,0,40,47,87
SWDeKalb,NWBartow,1,0,0,0,1,0,1,1,0,1,1,2
SWDeKalb,NEBartow,3,0,0,1,4,0,4,4,0,3,5,8
SWDeKalb,SWBartow,3,0,0,5,13,0,8,13,0,3,18,21
SWDeKalb,Cartersville,15,4,0,8,21,0,23,25,0,19,29,48
SWDeKalb,NECarroll,26,2,0,9,6,0,35,8,0,28,15,43
SWDeKalb,WCarroll,0,1,0,0,0,0,0,1,0,1,0,1
SWDeKalb,CentralCarroll,13,1,0,8,9,0,21,10,0,14,17,31
SWDeKalb,SECarroll,4,0,0,1,2,0,5,2,0,4,3,7
SWDeKalb,WCoweta,41,4,0,10,6,0,51,10,0,45,16,61
SWDeKalb,NCoweta,151,25,1,41,81,0,192,106,1,177,122,299
SWDeKalb,SCoweta,7,0,0,2,10,0,9,10,0,7,12,19
SWDeKalb,SECoweta,24,6,0,8,12,0,32,18,0,30,20,50
SWDeKalb,NForsyth,12,1,0,6,29,0,18,30,0,13,35,48
SWDeKalb,Cumming,49,10,1,17,79,0,66,89,1,60,96,156
SWDeKalb,SForsyth,50,16,2,32,69,0,82,85,2,68,101,169
SWDeKalb,NHall,7,1,0,0,7,0,7,8,0,8,7,15
SWDeKalb,Gainesville,23,4,0,8,23,0,31,27,0,27,31,58
SWDeKalb,SHall,50,9,1,14,33,0,64,42,1,60,47,107
SWDeKalb,WNewton,608,118,8,140,403,0,748,521,8,734,543,1277
SWDeKalb,ENewton,62,12,0,19,54,0,81,66,0,74,73,147
SWDeKalb,NPaulding,10,5,0,9,12,0,19,17,0,15,21,36
SWDeKalb,WPaulding,9,1,0,5,8,0,14,9,0,10,13,23
SWDeKalb,EPaulding,113,17,2,19,86,0,132,103,2,132,105,237
SWDeKalb,NSpalding,48,9,0,14,11,0,62,20,0,57,25,82
SWDeKalb,SSpalding,31,3,0,8,27,0,39,30,0,34,35,69
SWDeKalb,WWalton,209,38,0,67,245,0,276,283,0,247,312,559
SWDeKalb,EWalton,52,13,0,27,53,1,79,66,1,65,81,146
SEDeKalb,NFulton,322,47,18,64,145,4,386,192,22,387,213,600
SEDeKalb,Roswell,191,29,8,56,128,5,247,157,13,228,189,417
SEDeKalb,SandySprings,1476,263,228,165,417,36,1641,680,264,1967,618,2585
SEDeKalb,Buckhead,2006,371,464,280,982,88,2286,1353,552,2841,1350,4191
SEDeKalb,NWAtlanta,768,144,135,117,260,40,885,404,175,1047,417,1464
SEDeKalb,NEAtlanta,2954,618,765,676,1446,281,3630,2064,1046,4337,2403,6740
SEDeKalb,SWAtlanta,707,181,102,204,358,67,911,539,169,990,629,1619
SEDeKalb,CBDAtlanta,2958,608,2344,522,1225,669,3480,1833,3013,5910,2416,8326
SEDeKalb,SEAtlanta,989,202,66,341,625,42,1330,827,108,1257,1008,2265
SEDeKalb,SFulton,141,26,5,24,44,0,165,70,5,172,68,240
SEDeKalb,Tri-Cities,900,170,64,115,315,22,1015,485,86,1134,452,1586
SEDeKalb,Shannon,243,44,11,60,107,4,303,151,15,298,171,469
SEDeKalb,WCherokee,0,0,0,1,1,0,1,1,0,0,2,2
SEDeKalb,NCherokee,0,0,0,0,0,0,0,0,0,0,0,0
SEDeKalb,ECentCherokee,14,3,0,8,15,0,22,18,0,17,23,40
SEDeKalb,Woodstock,18,2,0,19,31,0,37,33,0,20,50,70
SEDeKalb,Airport,778,117,234,48,157,5,826,274,239,1129,210,1339
SEDeKalb,NEClayton,784,147,7,278,766,7,1062,913,14,938,1051,1989
SEDeKalb,Riverdale,186,36,2,66,180,4,252,216,6,224,250,474
SEDeKalb,SClayton,178,38,0,61,140,0,239,178,0,216,201,417
SEDeKalb,NWCobb,56,11,2,29,85,5,85,96,7,69,119,188
SEDeKalb,NECobb,99,30,1,47,58,1,146,88,2,130,106,236
SEDeKalb,SWCobb,36,6,0,9,19,0,45,25,0,42,28,70
SEDeKalb,Marietta,137,36,2,47,46,6,184,82,8,175,99,274
SEDeKalb,Cumberland,695,227,40,78,229,8,773,456,48,962,315,1277
SEDeKalb,SCobb,221,48,10,60,183,6,281,231,16,279,249,528
SEDeKalb,Chamblee,2061,361,148,467,1145,36,2528,1506,184,2570,1648,4218
SEDeKalb,NWDeKalb,3378,598,136,2525,7533,387,5903,8131,523,4112,10445,14557
SEDeKalb,NEDeKalb,5954,1176,100,8269,22057,346,14223,23233,446,7230,30672,37902
SEDeKalb,Atlanta-DeKalb,567,113,51,435,1072,40,1002,1185,91,731,1547,2278
SEDeKalb,Decatur,1086,200,119,883,3054,249,1969,3254,368,1405,4186,5591
SEDeKalb,SWDeKalb,3621,749,150,7118,19295,453,10739,20044,603,4520,26866,31386
SEDeKalb,SEDeKalb,18960,3623,363,44493,97929,1201,63453,101552,1564,22946,143623,166569
SEDeKalb,SDeKalb,6294,1212,93,11537,28260,299,17831,29472,392,7599,40096,47695
SEDeKalb,WDouglas,44,3,0,14,19,0,58,22,0,47,33,80
SEDeKalb,EDouglas,106,23,1,37,115,0,143,138,1,130,152,282
SEDeKalb,WFayette,55,8,0,18,75,0,73,83,0,63,93,156
SEDeKalb,EFayette,78,12,0,25,57,0,103,69,0,90,82,172
SEDeKalb,NGwinnett,307,65,1,121,239,0,428,304,1,373,360,733
SEDeKalb,CentGwinnett,1039,182,4,580,1561,3,1619,1743,7,1225,2144,3369
SEDeKalb,EGwinnett,421,72,0,150,533,0,571,605,0,493,683,1176
SEDeKalb,Norcross,1314,277,6,517,1706,7,1831,1983,13,1597,2230,3827
SEDeKalb,Lilburn,1834,359,6,2684,7635,5,4518,7994,11,2199,10324,12523
SEDeKalb,Snellville,2767,526,4,2884,9655,13,5651,10181,17,3297,12552,15849
SEDeKalb,NHenry,1009,184,3,780,1985,5,1789,2169,8,1196,2770,3966
SEDeKalb,EHenry,595,124,1,289,708,0,884,832,1,720,997,1717
SEDeKalb,SHenry,440,88,0,126,311,1,566,399,1,528,438,966
SEDeKalb,SRockdale,1850,323,7,1642,4341,7,3492,4664,14,2180,5990,8170
SEDeKalb,NRockdale,2728,512,14,2231,5658,15,4959,6170,29,3254,7904,11158
SEDeKalb,NBarrow,86,10,0,14,60,0,100,70,0,96,74,170
SEDeKalb,SBarrow,98,14,0,33,87,0,131,101,0,112,120,232
SEDeKalb,NWBartow,0,0,0,0,0,0,0,0,0,0,0,0
SEDeKalb,NEBartow,0,0,0,0,1,0,0,1,0,0,1,1
SEDeKalb,SWBartow,0,0,0,0,5,0,0,5,0,0,5,5
SEDeKalb,Cartersville,1,1,0,4,2,0,5,3,0,2,6,8
SEDeKalb,NECarroll,5,0,0,9,3,0,14,3,0,5,12,17
SEDeKalb,WCarroll,0,1,0,0,1,0,0,2,0,1,1,2
SEDeKalb,CentralCarroll,4,1,0,3,0,0,7,1,0,5,3,8
SEDeKalb,SECarroll,1,0,0,1,1,0,2,1,0,1,2,3
SEDeKalb,WCoweta,4,1,0,1,1,0,5,2,0,5,2,7
SEDeKalb,NCoweta,49,12,0,22,65,0,71,77,0,61,87,148
SEDeKalb,SCoweta,2,0,0,2,2,0,4,2,0,2,4,6
SEDeKalb,SECoweta,7,1,0,3,19,0,10,20,0,8,22,30
SEDeKalb,NForsyth,8,0,0,4,9,0,12,9,0,8,13,21
SEDeKalb,Cumming,31,3,0,10,18,0,41,21,0,34,28,62
SEDeKalb,SForsyth,58,7,1,23,69,0,81,76,1,66,92,158
SEDeKalb,NHall,3,1,0,1,6,0,4,7,0,4,7,11
SEDeKalb,Gainesville,22,6,0,10,34,0,32,40,0,28,44,72
SEDeKalb,SHall,37,5,0,18,37,0,55,42,0,42,55,97
SEDeKalb,WNewton,1541,281,5,443,1162,1,1984,1443,6,1827,1606,3433
SEDeKalb,ENewton,177,25,0,48,138,0,225,163,0,202,186,388
SEDeKalb,NPaulding,5,2,0,3,6,0,8,8,0,7,9,16
SEDeKalb,WPaulding,1,0,0,2,6,0,3,6,0,1,8,9
SEDeKalb,EPaulding,28,3,0,14,30,1,42,33,1,31,45,76
SEDeKalb,NSpalding,46,7,0,13,12,0,59,19,0,53,25,78
SEDeKalb,SSpalding,16,1,0,9,15,0,25,16,0,17,24,41
SEDeKalb,WWalton,658,115,0,304,931,0,962,1046,0,773,1235,2008
SEDeKalb,EWalton,202,41,0,67,183,0,269,224,0,243,250,493
SDeKalb,NFulton,212,53,18,54,112,2,266,165,20,283,168,451
SDeKalb,Roswell,161,33,0,34,79,1,195,112,1,194,114,308
SDeKalb,SandySprings,994,191,122,131,322,21,1125,513,143,1307,474,1781
SDeKalb,Buckhead,1650,384,187,311,970,30,1961,1354,217,2221,1311,3532
SDeKalb,NWAtlanta,896,203,62,269,862,25,1165,1065,87,1161,1156,2317
SDeKalb,NEAtlanta,3018,697,298,1370,2848,182,4388,3545,480,4013,4400,8413
SDeKalb,SWAtlanta,919,210,49,534,906,72,1453,1116,121,1178,1512,2690
SDeKalb,CBDAtlanta,3972,852,1111,1303,3146,481,5275,3998,1592,5935,4930,10865
SDeKalb,SEAtlanta,1931,387,42,1742,4191,48,3673,4578,90,2360,5981,8341
SDeKalb,SFulton,298,45,1,87,126,2,385,171,3,344,215,559
SDeKalb,Tri-Cities,1413,311,34,560,1383,24,1973,1694,58,1758,1967,3725
SDeKalb,Shannon,544,105,4,219,512,1,763,617,5,653,732,1385
SDeKalb,WCherokee,1,2,0,0,1,0,1,3,0,3,1,4
SDeKalb,NCherokee,0,0,0,0,2,0,0,2,0,0,2,2
SDeKalb,ECentCherokee,24,4,0,16,8,0,40,12,0,28,24,52
SDeKalb,Woodstock,41,16,0,15,46,1,56,62,1,57,62,119
SDeKalb,Airport,1163,230,96,268,455,9,1431,685,105,1489,732,2221
SDeKalb,NEClayton,3302,697,17,3293,8589,31,6595,9286,48,4016,11913,15929
SDeKalb,Riverdale,556,120,2,313,753,5,869,873,7,678,1071,1749
SDeKalb,SClayton,877,149,1,411,964,4,1288,1113,5,1027,1379,2406
SDeKalb,NWCobb,106,34,0,45,78,1,151,112,1,140,124,264
SDeKalb,NECobb,155,38,0,52,117,0,207,155,0,193,169,362
SDeKalb,SWCobb,74,18,0,28,47,1,102,65,1,92,76,168
SDeKalb,Marietta,163,53,2,34,76,2,197,129,4,218,112,330
SDeKalb,Cumberland,909,247,20,102,263,3,1011,510,23,1176,368,1544
SDeKalb,SCobb,321,82,3,99,247,4,420,329,7,406,350,756
SDeKalb,Chamblee,1518,304,86,333,830,24,1851,1134,110,1908,1187,3095
SDeKalb,NWDeKalb,2590,505,61,1534,3700,114,4124,4205,175,3156,5348,8504
SDeKalb,NEDeKalb,2847,522,31,1781,4343,57,4628,4865,88,3400,6181,9581
SDeKalb,Atlanta-DeKalb,867,175,26,1044,2690,40,1911,2865,66,1068,3774,4842
SDeKalb,Decatur,1018,196,53,938,2687,130,1956,2883,183,1267,3755,5022
SDeKalb,SWDeKalb,4685,940,96,8404,23825,388,13089,24765,484,5721,32617,38338
SDeKalb,SEDeKalb,6303,1131,98,11459,28782,303,17762,29913,401,7532,40544,48076
SDeKalb,SDeKalb,17705,3431,201,46461,118260,747,64166,121691,948,21337,165468,186805
SDeKalb,WDouglas,103,19,0,29,65,0,132,84,0,122,94,216
SDeKalb,EDouglas,224,42,1,72,172,1,296,214,2,267,245,512
SDeKalb,WFayette,194,32,0,64,160,3,258,192,3,226,227,453
SDeKalb,EFayette,283,46,0,101,249,2,384,295,2,329,352,681
SDeKalb,NGwinnett,231,43,0,82,177,2,313,220,2,274,261,535
SDeKalb,CentGwinnett,538,113,0,202,547,7,740,660,7,651,756,1407
SDeKalb,EGwinnett,218,37,0,61,143,0,279,180,0,255,204,459
SDeKalb,Norcross,851,180,7,235,556,1,1086,736,8,1038,792,1830
SDeKalb,Lilburn,681,118,2,410,1097,3,1091,1215,5,801,1510,2311
SDeKalb,Snellville,1009,180,5,637,1607,11,1646,1787,16,1194,2255,3449
SDeKalb,NHenry,3111,586,13,4100,12320,31,7211,12906,44,3710,16451,20161
SDeKalb,EHenry,1028,201,1,797,1955,7,1825,2156,8,1230,2759,3989
SDeKalb,SHenry,1174,196,1,394,877,1,1568,1073,2,1371,1272,2643
SDeKalb,SRockdale,1969,385,10,2446,7290,14,4415,7675,24,2364,9750,12114
SDeKalb,NRockdale,2173,435,15,1899,4991,13,4072,5426,28,2623,6903,9526
SDeKalb,NBarrow,29,9,0,20,21,0,49,30,0,38,41,79
SDeKalb,SBarrow,55,6,0,9,47,0,64,53,0,61,56,117
SDeKalb,NWBartow,0,0,0,1,0,0,1,0,0,0,1,1
SDeKalb,NEBartow,0,1,0,0,8,0,0,9,0,1,8,9
SDeKalb,SWBartow,3,0,0,1,3,0,4,3,0,3,4,7
SDeKalb,Cartersville,13,1,0,2,33,0,15,34,0,14,35,49
SDeKalb,NECarroll,18,2,0,8,8,0,26,10,0,20,16,36
SDeKalb,WCarroll,0,0,0,0,1,0,0,1,0,0,1,1
SDeKalb,CentralCarroll,19,2,0,8,5,0,27,7,0,21,13,34
SDeKalb,SECarroll,1,1,0,0,2,0,1,3,0,2,2,4
SDeKalb,WCoweta,36,6,0,13,22,0,49,28,0,42,35,77
SDeKalb,NCoweta,227,40,2,65,118,0,292,158,2,269,183,452
SDeKalb,SCoweta,14,2,0,11,8,0,25,10,0,16,19,35
SDeKalb,SECoweta,30,7,0,13,18,0,43,25,0,37,31,68
SDeKalb,NForsyth,10,2,0,9,26,0,19,28,0,12,35,47
SDeKalb,Cumming,25,4,0,16,25,1,41,29,1,29,42,71
SDeKalb,SForsyth,32,3,0,27,52,0,59,55,0,35,79,114
SDeKalb,NHall,1,0,0,1,5,0,2,5,0,1,6,7
SDeKalb,Gainesville,14,3,0,7,32,0,21,35,0,17,39,56
SDeKalb,SHall,43,5,0,14,18,0,57,23,0,48,32,80
SDeKalb,WNewton,1305,269,2,592,1527,7,1897,1796,9,1576,2126,3702
SDeKalb,ENewton,139,26,0,55,99,0,194,125,0,165,154,319
SDeKalb,NPaulding,14,5,0,6,8,0,20,13,0,19,14,33
SDeKalb,WPaulding,9,2,0,2,9,0,11,11,0,11,11,22
SDeKalb,EPaulding,68,23,0,33,108,0,101,131,0,91,141,232
SDeKalb,NSpalding,88,15,0,39,61,0,127,76,0,103,100,203
SDeKalb,SSpalding,63,10,0,20,91,0,83,101,0,73,111,184
SDeKalb,WWalton,306,57,0,162,332,2,468,389,2,363,496,859
SDeKalb,EWalton,162,32,0,44,104,0,206,136,0,194,148,342
WDouglas,NFulton,64,6,1,17,33,1,81,39,2,71,51,122
WDouglas,Roswell,47,13,0,16,58,0,63,71,0,60,74,134
WDouglas,SandySprings,386,59,9,56,127,3,442,186,12,454,186,640
WDouglas,Buckhead,547,75,27,108,255,4,655,330,31,649,367,1016
WDouglas,NWAtlanta,663,115,7,133,364,2,796,479,9,785,499,1284
WDouglas,NEAtlanta,644,93,34,210,473,32,854,566,66,771,715,1486
WDouglas,SWAtlanta,863,161,7,309,897,14,1172,1058,21,1031,1220,2251
WDouglas,CBDAtlanta,729,114,133,179,579,41,908,693,174,976,799,1775
WDouglas,SEAtlanta,308,53,4,85,265,1,393,318,5,365,351,716
WDouglas,SFulton,1658,294,1,1023,2768,0,2681,3062,1,1953,3791,5744
WDouglas,Tri-Cities,600,104,2,153,434,0,753,538,2,706,587,1293
WDouglas,Shannon,774,127,0,306,807,1,1080,934,1,901,1114,2015
WDouglas,WCherokee,8,2,0,0,5,0,8,7,0,10,5,15
WDouglas,NCherokee,0,0,0,1,0,0,1,0,0,0,1,1
WDouglas,ECentCherokee,29,3,0,23,38,0,52,41,0,32,61,93
WDouglas,Woodstock,100,15,0,23,37,0,123,52,0,115,60,175
WDouglas,Airport,331,58,15,38,83,0,369,141,15,404,121,525
WDouglas,NEClayton,255,42,0,55,75,0,310,117,0,297,130,427
WDouglas,Riverdale,133,19,0,61,147,0,194,166,0,152,208,360
WDouglas,SClayton,104,14,0,29,63,0,133,77,0,118,92,210
WDouglas,NWCobb,516,94,0,149,337,1,665,431,1,610,487,1097
WDouglas,NECobb,307,36,0,55,112,0,362,148,0,343,167,510
WDouglas,SWCobb,922,166,1,473,1115,0,1395,1281,1,1089,1588,2677
WDouglas,Marietta,528,89,0,134,310,2,662,399,2,617,446,1063
WDouglas,Cumberland,1191,223,0,170,453,0,1361,676,0,1414,623,2037
WDouglas,SCobb,1588,286,0,637,1702,0,2225,1988,0,1874,2339,4213
WDouglas,Chamblee,249,43,7,49,169,1,298,212,8,299,219,518
WDouglas,NWDeKalb,232,42,2,67,229,4,299,271,6,276,300,576
WDouglas,NEDeKalb,108,22,0,32,86,0,140,108,0,130,118,248
WDouglas,Atlanta-DeKalb,59,9,2,28,41,0,87,50,2,70,69,139
WDouglas,Decatur,56,14,4,22,26,2,78,40,6,74,50,124
WDouglas,SWDeKalb,91,16,6,44,90,0,135,106,6,113,134,247
WDouglas,SEDeKalb,41,8,0,13,18,0,54,26,0,49,31,80
WDouglas,SDeKalb,113,15,0,29,62,0,142,77,0,128,91,219
WDouglas,WDouglas,22314,4144,0,45901,106680,2,68215,110824,2,26458,152583,179041
WDouglas,EDouglas,8995,1805,9,13742,33139,10,22737,34944,19,10809,46891,57700
WDouglas,WFayette,416,76,0,107,167,0,523,243,0,492,274,766
WDouglas,EFayette,241,36,0,55,140,0,296,176,0,277,195,472
WDouglas,NGwinnett,5,1,0,3,12,0,8,13,0,6,15,21
WDouglas,CentGwinnett,27,7,0,23,69,0,50,76,0,34,92,126
WDouglas,EGwinnett,3,1,0,0,0,0,3,1,0,4,0,4
WDouglas,Norcross,96,19,2,21,74,0,117,93,2,117,95,212
WDouglas,Lilburn,22,6,0,9,13,0,31,19,0,28,22,50
WDouglas,Snellville,10,4,0,8,21,0,18,25,0,14,29,43
WDouglas,NHenry,63,5,0,18,24,0,81,29,0,68,42,110
WDouglas,EHenry,14,3,0,5,10,0,19,13,0,17,15,32
WDouglas,SHenry,39,9,0,14,45,0,53,54,0,48,59,107
WDouglas,SRockdale,12,2,0,4,16,0,16,18,0,14,20,34
WDouglas,NRockdale,21,3,0,7,7,0,28,10,0,24,14,38
WDouglas,NBarrow,0,1,0,0,0,0,0,1,0,1,0,1
WDouglas,SBarrow,0,0,0,0,0,0,0,0,0,0,0,0
WDouglas,NWBartow,16,4,0,3,2,0,19,6,0,20,5,25
WDouglas,NEBartow,11,2,0,5,6,0,16,8,0,13,11,24
WDouglas,SWBartow,32,4,0,15,23,0,47,27,0,36,38,74
WDouglas,Cartersville,103,10,0,23,45,0,126,55,0,113,68,181
WDouglas,NECarroll,3281,587,0,3289,9054,0,6570,9641,0,3868,12343,16211
WDouglas,WCarroll,284,44,0,72,198,0,356,242,0,328,270,598
WDouglas,CentralCarroll,2291,377,0,1357,2666,0,3648,3043,0,2668,4023,6691
WDouglas,SECarroll,318,75,0,173,607,1,491,682,1,393,781,1174
WDouglas,WCoweta,378,53,0,136,230,0,514,283,0,431,366,797
WDouglas,NCoweta,965,144,0,281,666,0,1246,810,0,1109,947,2056
WDouglas,SCoweta,54,8,0,25,38,0,79,46,0,62,63,125
WDouglas,SECoweta,39,9,0,16,23,0,55,32,0,48,39,87
WDouglas,NForsyth,2,0,0,0,0,0,2,0,0,2,0,2
WDouglas,Cumming,1,0,0,8,23,0,9,23,0,1,31,32
WDouglas,SForsyth,10,4,0,0,6,0,10,10,0,14,6,20
WDouglas,NHall,0,0,0,0,0,0,0,0,0,0,0,0
WDouglas,Gainesville,0,0,0,0,0,0,0,0,0,0,0,0
WDouglas,SHall,4,0,0,0,1,0,4,1,0,4,1,5
WDouglas,WNewton,11,2,0,2,3,0,13,5,0,13,5,18
WDouglas,ENewton,1,0,0,0,0,0,1,0,0,1,0,1
WDouglas,NPaulding,220,49,0,66,125,0,286,174,0,269,191,460
WDouglas,WPaulding,541,97,0,290,822,0,831,919,0,638,1112,1750
WDouglas,EPaulding,3629,643,0,3096,8702,0,6725,9345,0,4272,11798,16070
WDouglas,NSpalding,9,4,0,6,2,0,15,6,0,13,8,21
WDouglas,SSpalding,10,2,0,5,28,0,15,30,0,12,33,45
WDouglas,WWalton,6,1,0,0,0,0,6,1,0,7,0,7
WDouglas,EWalton,0,1,0,0,1,0,0,2,0,1,1,2
EDouglas,NFulton,154,23,3,30,85,2,184,108,5,180,117,297
EDouglas,Roswell,104,17,0,31,32,0,135,49,0,121,63,184
EDouglas,SandySprings,658,136,38,130,159,24,788,295,62,832,313,1145
EDouglas,Buckhead,999,152,63,257,495,14,1256,647,77,1214,766,1980
EDouglas,NWAtlanta,1252,229,23,595,1447,13,1847,1676,36,1504,2055,3559
EDouglas,NEAtlanta,1208,219,73,382,1012,76,1590,1231,149,1500,1470,2970
EDouglas,SWAtlanta,2044,374,25,1615,3815,49,3659,4189,74,2443,5479,7922
EDouglas,CBDAtlanta,1466,230,303,472,1177,135,1938,1407,438,1999,1784,3783
EDouglas,SEAtlanta,486,117,4,223,558,15,709,675,19,607,796,1403
EDouglas,SFulton,3156,548,8,3059,6983,2,6215,7531,10,3712,10044,13756
EDouglas,Tri-Cities,946,180,11,370,884,3,1316,1064,14,1137,1257,2394
EDouglas,Shannon,917,189,0,449,1477,1,1366,1666,1,1106,1927,3033
EDouglas,WCherokee,26,6,0,6,13,0,32,19,0,32,19,51
EDouglas,NCherokee,8,1,0,4,6,0,12,7,0,9,10,19
EDouglas,ECentCherokee,113,16,0,38,54,0,151,70,0,129,92,221
EDouglas,Woodstock,207,43,0,38,98,0,245,141,0,250,136,386
EDouglas,Airport,489,66,51,54,117,1,543,183,52,606,172,778
EDouglas,NEClayton,351,62,0,64,211,0,415,273,0,413,275,688
EDouglas,Riverdale,212,38,0,59,149,0,271,187,0,250,208,458
EDouglas,SClayton,140,31,0,34,88,0,174,119,0,171,122,293
EDouglas,NWCobb,1376,229,0,356,964,3,1732,1193,3,1605,1323,2928
EDouglas,NECobb,623,105,0,155,343,2,778,448,2,728,500,1228
EDouglas,SWCobb,4231,836,4,4729,10961,7,8960,11797,11,5071,15697,20768
EDouglas,Marietta,1257,226,8,480,1210,9,1737,1436,17,1491,1699,3190
EDouglas,Cumberland,2355,415,7,650,1330,0,3005,1745,7,2777,1980,4757
EDouglas,SCobb,5940,1064,16,7961,16686,25,13901,17750,41,7020,24672,31692
EDouglas,Chamblee,473,88,23,77,196,5,550,284,28,584,278,862
EDouglas,NWDeKalb,415,62,12,112,218,5,527,280,17,489,335,824
EDouglas,NEDeKalb,225,38,5,59,129,5,284,167,10,268,193,461
EDouglas,Atlanta-DeKalb,97,22,7,48,112,0,145,134,7,126,160,286
EDouglas,Decatur,107,13,13,29,83,8,136,96,21,133,120,253
EDouglas,SWDeKalb,197,38,8,60,241,1,257,279,9,243,302,545
EDouglas,SEDeKalb,101,25,1,36,105,0,137,130,1,127,141,268
EDouglas,SDeKalb,222,42,0,76,144,1,298,186,1,264,221,485
EDouglas,WDouglas,9447,1834,9,13891,33683,10,23338,35517,19,11290,47584,58874
EDouglas,EDouglas,29175,5621,16,58000,113302,32,87175,118923,48,34812,171334,206146
EDouglas,WFayette,397,70,0,99,228,0,496,298,0,467,327,794
EDouglas,EFayette,285,35,0,71,150,0,356,185,0,320,221,541
EDouglas,NGwinnett,39,10,0,11,18,0,50,28,0,49,29,78
EDouglas,CentGwinnett,88,25,0,24,83,0,112,108,0,113,107,220
EDouglas,EGwinnett,14,5,0,10,16,0,24,21,0,19,26,45
EDouglas,Norcross,195,53,1,48,66,0,243,119,1,249,114,363
EDouglas,Lilburn,55,9,0,21,23,0,76,32,0,64,44,108
EDouglas,Snellville,50,10,0,23,80,0,73,90,0,60,103,163
EDouglas,NHenry,106,19,1,23,60,0,129,79,1,126,83,209
EDouglas,EHenry,27,8,0,8,40,0,35,48,0,35,48,83
EDouglas,SHenry,108,14,0,43,45,0,151,59,0,122,88,210
EDouglas,SRockdale,30,10,0,6,3,0,36,13,0,40,9,49
EDouglas,NRockdale,54,14,0,21,46,0,75,60,0,68,67,135
EDouglas,NBarrow,3,1,0,0,1,1,3,2,1,4,2,6
EDouglas,SBarrow,1,1,0,0,0,0,1,1,0,2,0,2
EDouglas,NWBartow,33,5,0,7,17,0,40,22,0,38,24,62
EDouglas,NEBartow,17,4,0,13,10,0,30,14,0,21,23,44
EDouglas,SWBartow,63,7,0,32,67,0,95,74,0,70,99,169
EDouglas,Cartersville,165,24,0,49,77,0,214,101,0,189,126,315
EDouglas,NECarroll,1383,272,1,499,1212,0,1882,1484,1,1656,1711,3367
EDouglas,WCarroll,117,18,0,42,36,0,159,54,0,135,78,213
EDouglas,CentralCarroll,798,142,0,261,375,0,1059,517,0,940,636,1576
EDouglas,SECarroll,146,27,0,48,43,0,194,70,0,173,91,264
EDouglas,WCoweta,232,31,0,52,87,0,284,118,0,263,139,402
EDouglas,NCoweta,828,130,0,200,429,0,1028,559,0,958,629,1587
EDouglas,SCoweta,46,10,0,17,10,0,63,20,0,56,27,83
EDouglas,SECoweta,73,5,0,22,30,0,95,35,0,78,52,130
EDouglas,NForsyth,10,3,0,2,2,0,12,5,0,13,4,17
EDouglas,Cumming,36,1,0,10,16,0,46,17,0,37,26,63
EDouglas,SForsyth,30,5,0,11,16,0,41,21,0,35,27,62
EDouglas,NHall,0,0,0,0,0,0,0,0,0,0,0,0
EDouglas,Gainesville,1,0,0,0,0,0,1,0,0,1,0,1
EDouglas,SHall,5,0,0,2,10,0,7,10,0,5,12,17
EDouglas,WNewton,50,12,1,14,11,1,64,23,2,63,26,89
EDouglas,ENewton,5,3,0,1,1,0,6,4,0,8,2,10
EDouglas,NPaulding,482,89,0,124,313,0,606,402,0,571,437,1008
EDouglas,WPaulding,527,98,0,196,478,0,723,576,0,625,674,1299
EDouglas,EPaulding,5708,1055,13,4358,12282,8,10066,13337,21,6776,16648,23424
EDouglas,NSpalding,28,4,0,9,2,0,37,6,0,32,11,43
EDouglas,SSpalding,16,0,0,5,3,0,21,3,0,16,8,24
EDouglas,WWalton,13,4,0,5,6,0,18,10,0,17,11,28
EDouglas,EWalton,6,0,0,0,2,0,6,2,0,6,2,8
WFayette,NFulton,19,3,0,12,8,0,31,11,0,22,20,42
WFayette,Roswell,15,1,0,13,18,0,28,19,0,16,31,47
WFayette,SandySprings,96,27,2,32,29,4,128,56,6,125,65,190
WFayette,Buckhead,202,39,16,42,114,2,244,153,18,257,158,415
WFayette,NWAtlanta,207,26,4,48,117,2,255,143,6,237,167,404
WFayette,NEAtlanta,303,62,20,110,245,10,413,307,30,385,365,750
WFayette,SWAtlanta,329,54,1,127,269,3,456,323,4,384,399,783
WFayette,CBDAtlanta,270,51,49,104,206,26,374,257,75,370,336,706
WFayette,SEAtlanta,311,56,3,92,195,4,403,251,7,370,291,661
WFayette,SFulton,1144,191,1,721,1734,1,1865,1925,2,1336,2456,3792
WFayette,Tri-Cities,985,164,5,272,625,2,1257,789,7,1154,899,2053
WFayette,Shannon,2741,472,8,2448,6084,7,5189,6556,15,3221,8539,11760
WFayette,WCherokee,0,0,0,0,0,0,0,0,0,0,0,0
WFayette,NCherokee,0,0,0,0,0,0,0,0,0,0,0,0
WFayette,ECentCherokee,8,0,0,2,0,0,10,0,0,8,2,10
WFayette,Woodstock,8,3,0,6,5,0,14,8,0,11,11,22
WFayette,Airport,495,103,13,111,304,1,606,407,14,611,416,1027
WFayette,NEClayton,776,117,0,210,402,4,986,519,4,893,616,1509
WFayette,Riverdale,869,177,0,513,1247,0,1382,1424,0,1046,1760,2806
WFayette,SClayton,1457,306,1,720,1560,2,2177,1866,3,1764,2282,4046
WFayette,NWCobb,55,9,0,21,21,0,76,30,0,64,42,106
WFayette,NECobb,56,10,0,22,53,0,78,63,0,66,75,141
WFayette,SWCobb,72,11,0,20,23,0,92,34,0,83,43,126
WFayette,Marietta,71,14,1,26,34,1,97,48,2,86,61,147
WFayette,Cumberland,438,61,0,76,97,0,514,158,0,499,173,672
WFayette,SCobb,229,37,0,53,84,1,282,121,1,266,138,404
WFayette,Chamblee,104,39,5,32,85,0,136,124,5,148,117,265
WFayette,NWDeKalb,150,27,6,48,110,3,198,137,9,183,161,344
WFayette,NEDeKalb,101,21,0,48,51,1,149,72,1,122,100,222
WFayette,Atlanta-DeKalb,29,10,0,16,16,0,45,26,0,39,32,71
WFayette,Decatur,24,2,1,16,37,0,40,39,1,27,53,80
WFayette,SWDeKalb,93,15,2,41,42,0,134,57,2,110,83,193
WFayette,SEDeKalb,59,13,0,25,38,0,84,51,0,72,63,135
WFayette,SDeKalb,198,31,0,58,112,3,256,143,3,229,173,402
WFayette,WDouglas,398,69,0,100,226,0,498,295,0,467,326,793
WFayette,EDouglas,420,68,0,104,210,0,524,278,0,488,314,802
WFayette,WFayette,30262,4965,0,55595,108961,0,85857,113926,0,35227,164556,199783
WFayette,EFayette,5966,1046,0,5980,14276,0,11946,15322,0,7012,20256,27268
WFayette,NGwinnett,4,1,0,2,5,0,6,6,0,5,7,12
WFayette,CentGwinnett,25,10,0,13,17,0,38,27,0,35,30,65
WFayette,EGwinnett,1,1,0,1,1,0,2,2,0,2,2,4
WFayette,Norcross,57,25,0,15,37,1,72,62,1,82,53,135
WFayette,Lilburn,16,3,0,6,14,0,22,17,0,19,20,39
WFayette,Snellville,11,1,0,6,10,0,17,11,0,12,16,28
WFayette,NHenry,381,59,0,81,323,0,462,382,0,440,404,844
WFayette,EHenry,225,36,0,32,171,0,257,207,0,261,203,464
WFayette,SHenry,1145,188,0,252,529,1,1397,717,1,1333,782,2115
WFayette,SRockdale,57,7,0,9,8,0,66,15,0,64,17,81
WFayette,NRockdale,28,4,0,16,21,0,44,25,0,32,37,69
WFayette,NBarrow,0,0,0,0,0,0,0,0,0,0,0,0
WFayette,SBarrow,0,0,0,0,0,0,0,0,0,0,0,0
WFayette,NWBartow,0,0,0,0,0,0,0,0,0,0,0,0
WFayette,NEBartow,1,0,0,0,0,0,1,0,0,1,0,1
WFayette,SWBartow,0,0,0,0,0,0,0,0,0,0,0,0
WFayette,Cartersville,2,1,0,2,0,0,4,1,0,3,2,5
WFayette,NECarroll,74,12,0,21,30,0,95,42,0,86,51,137
WFayette,WCarroll,28,1,0,12,53,0,40,54,0,29,65,94
WFayette,CentralCarroll,176,26,0,105,68,0,281,94,0,202,173,375
WFayette,SECarroll,59,12,0,25,10,0,84,22,0,71,35,106
WFayette,WCoweta,749,129,0,170,415,0,919,544,0,878,585,1463
WFayette,NCoweta,7097,1301,0,5453,14797,0,12550,16098,0,8398,20250,28648
WFayette,SCoweta,599,102,0,195,501,0,794,603,0,701,696,1397
WFayette,SECoweta,3252,561,0,3313,8340,0,6565,8901,0,3813,11653,15466
WFayette,NForsyth,0,0,0,0,0,0,0,0,0,0,0,0
WFayette,Cumming,1,0,0,2,2,0,3,2,0,1,4,5
WFayette,SForsyth,1,1,0,0,1,0,1,2,0,2,1,3
WFayette,NHall,0,0,0,0,0,0,0,0,0,0,0,0
WFayette,Gainesville,0,0,0,0,0,0,0,0,0,0,0,0
WFayette,SHall,1,0,0,0,1,0,1,1,0,1,1,2
WFayette,WNewton,72,11,0,14,15,0,86,26,0,83,29,112
WFayette,ENewton,1,0,0,0,0,0,1,0,0,1,0,1
WFayette,NPaulding,8,1,0,7,5,0,15,6,0,9,12,21
WFayette,WPaulding,13,3,0,4,27,0,17,30,0,16,31,47
WFayette,EPaulding,109,17,0,37,26,0,146,43,0,126,63,189
WFayette,NSpalding,827,137,0,228,410,0,1055,547,0,964,638,1602
WFayette,SSpalding,818,115,0,208,445,0,1026,560,0,933,653,1586
WFayette,WWalton,7,2,0,2,4,0,9,6,0,9,6,15
WFayette,EWalton,1,0,0,0,1,0,1,1,0,1,1,2
EFayette,NFulton,44,10,0,12,27,0,56,37,0,54,39,93
EFayette,Roswell,24,7,0,11,16,0,35,23,0,31,27,58
EFayette,SandySprings,165,41,11,39,87,2,204,128,13,217,128,345
EFayette,Buckhead,370,77,22,65,158,2,435,235,24,469,225,694
EFayette,NWAtlanta,288,47,7,57,113,0,345,160,7,342,170,512
EFayette,NEAtlanta,561,129,39,193,474,22,754,603,61,729,689,1418
EFayette,SWAtlanta,399,66,4,189,373,9,588,439,13,469,571,1040
EFayette,CBDAtlanta,582,110,170,197,407,63,779,517,233,862,667,1529
EFayette,SEAtlanta,474,104,0,213,383,4,687,487,4,578,600,1178
EFayette,SFulton,672,103,0,268,739,0,940,842,0,775,1007,1782
EFayette,Tri-Cities,1229,203,9,516,1117,2,1745,1320,11,1441,1635,3076
EFayette,Shannon,2561,454,7,2887,7016,11,5448,7470,18,3022,9914,12936
EFayette,WCherokee,2,0,0,1,0,0,3,0,0,2,1,3
EFayette,NCherokee,0,0,0,0,0,0,0,0,0,0,0,0
EFayette,ECentCherokee,3,1,0,3,7,0,6,8,0,4,10,14
EFayette,Woodstock,14,2,0,7,17,0,21,19,0,16,24,40
EFayette,Airport,927,157,10,459,956,1,1386,1113,11,1094,1416,2510
EFayette,NEClayton,1637,278,1,936,2080,6,2573,2358,7,1916,3022,4938
EFayette,Riverdale,2669,529,3,4107,9887,9,6776,10416,12,3201,14003,17204
EFayette,SClayton,4216,764,4,4616,11609,8,8832,12373,12,4984,16233,21217
EFayette,NWCobb,50,9,0,20,31,1,70,40,1,59,52,111
EFayette,NECobb,83,14,0,25,70,0,108,84,0,97,95,192
EFayette,SWCobb,62,12,0,15,53,0,77,65,0,74,68,142
EFayette,Marietta,83,20,0,30,13,1,113,33,1,103,44,147
EFayette,Cumberland,461,76,5,74,159,0,535,235,5,542,233,775
EFayette,SCobb,220,39,0,56,86,0,276,125,0,259,142,401
EFayette,Chamblee,180,61,9,50,59,0,230,120,9,250,109,359
EFayette,NWDeKalb,182,60,3,70,113,2,252,173,5,245,185,430
EFayette,NEDeKalb,148,22,1,50,76,1,198,98,2,171,127,298
EFayette,Atlanta-DeKalb,49,10,0,14,53,0,63,63,0,59,67,126
EFayette,Decatur,23,4,2,17,15,1,40,19,3,29,33,62
EFayette,SWDeKalb,157,29,2,56,153,0,213,182,2,188,209,397
EFayette,SEDeKalb,85,14,0,28,45,0,113,59,0,99,73,172
EFayette,SDeKalb,264,63,0,106,257,2,370,320,2,327,365,692
EFayette,WDouglas,217,37,0,48,173,0,265,210,0,254,221,475
EFayette,EDouglas,266,33,0,69,140,0,335,173,0,299,209,508
EFayette,WFayette,6092,1079,0,6085,13961,0,12177,15040,0,7171,20046,27217
EFayette,EFayette,20403,3433,0,39519,76743,0,59922,80176,0,23836,116262,140098
EFayette,NGwinnett,6,4,0,6,21,0,12,25,0,10,27,37
EFayette,CentGwinnett,35,11,0,23,53,0,58,64,0,46,76,122
EFayette,EGwinnett,9,1,0,3,0,0,12,1,0,10,3,13
EFayette,Norcross,83,25,0,15,49,0,98,74,0,108,64,172
EFayette,Lilburn,39,4,0,12,34,0,51,38,0,43,46,89
EFayette,Snellville,35,4,0,13,38,0,48,42,0,39,51,90
EFayette,NHenry,842,162,0,395,869,0,1237,1031,0,1004,1264,2268
EFayette,EHenry,449,71,0,92,217,0,541,288,0,520,309,829
EFayette,SHenry,2234,453,0,907,2135,0,3141,2588,0,2687,3042,5729
EFayette,SRockdale,96,23,0,20,34,0,116,57,0,119,54,173
EFayette,NRockdale,61,7,0,23,40,0,84,47,0,68,63,131
EFayette,NBarrow,3,0,0,0,1,0,3,1,0,3,1,4
EFayette,SBarrow,2,0,0,0,1,0,2,1,0,2,1,3
EFayette,NWBartow,0,0,0,0,0,0,0,0,0,0,0,0
EFayette,NEBartow,0,0,0,0,0,0,0,0,0,0,0,0
EFayette,SWBartow,0,0,0,1,2,0,1,2,0,0,3,3
EFayette,Cartersville,3,0,0,1,2,0,4,2,0,3,3,6
EFayette,NECarroll,32,6,0,5,37,0,37,43,0,38,42,80
EFayette,WCarroll,3,0,0,3,16,0,6,16,0,3,19,22
EFayette,CentralCarroll,62,18,0,41,54,0,103,72,0,80,95,175
EFayette,SECarroll,20,5,0,6,18,0,26,23,0,25,24,49
EFayette,WCoweta,242,24,0,31,79,0,273,103,0,266,110,376
EFayette,NCoweta,1881,313,0,700,1719,0,2581,2032,0,2194,2419,4613
EFayette,SCoweta,188,25,0,41,192,0,229,217,0,213,233,446
EFayette,SECoweta,1104,194,0,768,1910,0,1872,2104,0,1298,2678,3976
EFayette,NForsyth,0,0,0,1,2,0,1,2,0,0,3,3
EFayette,Cumming,3,2,0,3,0,0,6,2,0,5,3,8
EFayette,SForsyth,4,3,0,3,6,0,7,9,0,7,9,16
EFayette,NHall,0,0,0,1,0,0,1,0,0,0,1,1
EFayette,Gainesville,0,1,0,1,0,0,1,1,0,1,1,2
EFayette,SHall,0,0,0,0,0,0,0,0,0,0,0,0
EFayette,WNewton,153,28,0,33,94,0,186,122,0,181,127,308
EFayette,ENewton,9,0,0,2,0,0,11,0,0,9,2,11
EFayette,NPaulding,6,2,0,4,2,0,10,4,0,8,6,14
EFayette,WPaulding,7,0,0,5,11,0,12,11,0,7,16,23
EFayette,EPaulding,54,7,0,24,133,0,78,140,0,61,157,218
EFayette,NSpalding,1199,236,0,717,1360,0,1916,1596,0,1435,2077,3512
EFayette,SSpalding,1003,169,0,454,1049,0,1457,1218,0,1172,1503,2675
EFayette,WWalton,9,4,0,4,21,0,13,25,0,13,25,38
EFayette,EWalton,5,2,0,2,0,0,7,2,0,7,2,9
NGwinnett,NFulton,5417,961,3,2608,7128,14,8025,8089,17,6381,9750,16131
NGwinnett,Roswell,1181,231,0,305,765,0,1486,996,0,1412,1070,2482
NGwinnett,SandySprings,2211,379,20,289,598,15,2500,977,35,2610,902,3512
NGwinnett,Buckhead,1670,297,27,193,601,8,1863,898,35,1994,802,2796
NGwinnett,NWAtlanta,446,86,9,48,159,5,494,245,14,541,212,753
NGwinnett,NEAtlanta,1347,238,46,227,647,39,1574,885,85,1631,913,2544
NGwinnett,SWAtlanta,167,50,0,38,204,8,205,254,8,217,250,467
NGwinnett,CBDAtlanta,883,207,212,138,543,51,1021,750,263,1302,732,2034
NGwinnett,SEAtlanta,219,66,6,48,124,3,267,190,9,291,175,466
NGwinnett,SFulton,32,12,0,7,8,0,39,20,0,44,15,59
NGwinnett,Tri-Cities,246,73,4,27,114,0,273,187,4,323,141,464
NGwinnett,Shannon,27,11,0,6,79,0,33,90,0,38,85,123
NGwinnett,WCherokee,19,4,0,12,33,0,31,37,0,23,45,68
NGwinnett,NCherokee,36,9,0,17,43,0,53,52,0,45,60,105
NGwinnett,ECentCherokee,340,66,0,135,341,0,475,407,0,406,476,882
NGwinnett,Woodstock,125,23,0,54,81,0,179,104,0,148,135,283
NGwinnett,Airport,122,27,17,7,18,0,129,45,17,166,25,191
NGwinnett,NEClayton,113,30,0,18,45,0,131,75,0,143,63,206
NGwinnett,Riverdale,21,5,0,11,16,1,32,21,1,26,28,54
NGwinnett,SClayton,31,4,0,4,16,0,35,20,0,35,20,55
NGwinnett,NWCobb,166,22,0,48,98,0,214,120,0,188,146,334
NGwinnett,NECobb,454,78,0,110,250,0,564,328,0,532,360,892
NGwinnett,SWCobb,33,4,0,14,34,0,47,38,0,37,48,85
NGwinnett,Marietta,281,43,0,70,96,1,351,139,1,324,167,491
NGwinnett,Cumberland,1176,194,4,116,265,2,1292,459,6,1374,383,1757
NGwinnett,SCobb,174,24,0,35,78,0,209,102,0,198,113,311
NGwinnett,Chamblee,3487,608,16,577,1091,8,4064,1699,24,4111,1676,5787
NGwinnett,NWDeKalb,1321,235,4,284,958,29,1605,1193,33,1560,1271,2831
NGwinnett,NEDeKalb,2588,391,2,585,1337,7,3173,1728,9,2981,1929,4910
NGwinnett,Atlanta-DeKalb,72,10,1,32,42,5,104,52,6,83,79,162
NGwinnett,Decatur,199,20,2,53,131,3,252,151,5,221,187,408
NGwinnett,SWDeKalb,314,58,3,61,186,0,375,244,3,375,247,622
NGwinnett,SEDeKalb,307,69,0,104,193,0,411,262,0,376,297,673
NGwinnett,SDeKalb,247,46,0,65,172,2,312,218,2,293,239,532
NGwinnett,WDouglas,4,0,0,4,9,0,8,9,0,4,13,17
NGwinnett,EDouglas,36,11,0,14,26,0,50,37,0,47,40,87
NGwinnett,WFayette,4,1,0,2,2,0,6,3,0,5,4,9
NGwinnett,EFayette,9,1,0,4,22,0,13,23,0,10,26,36
NGwinnett,NGwinnett,102428,19318,2,189720,447479,12,292148,466797,14,121748,637211,758959
NGwinnett,CentGwinnett,33054,6113,35,33624,86618,64,66678,92731,99,39202,120306,159508
NGwinnett,EGwinnett,9619,1763,2,10196,28677,3,19815,30440,5,11384,38876,50260
NGwinnett,Norcross,8796,1447,9,2030,5225,3,10826,6672,12,10252,7258,17510
NGwinnett,Lilburn,1563,259,0,765,1785,1,2328,2044,1,1822,2551,4373
NGwinnett,Snellville,2865,537,0,1550,4555,2,4415,5092,2,3402,6107,9509
NGwinnett,NHenry,60,8,0,28,42,0,88,50,0,68,70,138
NGwinnett,EHenry,42,5,0,16,59,0,58,64,0,47,75,122
NGwinnett,SHenry,23,5,0,9,34,0,32,39,0,28,43,71
NGwinnett,SRockdale,76,12,0,27,64,0,103,76,0,88,91,179
NGwinnett,NRockdale,377,64,0,69,171,0,446,235,0,441,240,681
NGwinnett,NBarrow,4775,920,0,3809,11474,0,8584,12394,0,5695,15283,20978
NGwinnett,SBarrow,2325,450,0,1115,3351,0,3440,3801,0,2775,4466,7241
NGwinnett,NWBartow,1,0,0,1,2,0,2,2,0,1,3,4
NGwinnett,NEBartow,2,1,0,3,0,0,5,1,0,3,3,6
NGwinnett,SWBartow,0,1,0,1,0,0,1,1,0,1,1,2
NGwinnett,Cartersville,8,3,0,5,29,0,13,32,0,11,34,45
NGwinnett,NECarroll,1,0,0,2,1,0,3,1,0,1,3,4
NGwinnett,WCarroll,0,0,0,0,0,0,0,0,0,0,0,0
NGwinnett,CentralCarroll,2,0,0,0,0,0,2,0,0,2,0,2
NGwinnett,SECarroll,0,0,0,0,0,0,0,0,0,0,0,0
NGwinnett,WCoweta,0,0,0,0,0,0,0,0,0,0,0,0
NGwinnett,NCoweta,4,0,0,2,1,0,6,1,0,4,3,7
NGwinnett,SCoweta,0,0,0,0,0,0,0,0,0,0,0,0
NGwinnett,SECoweta,1,0,0,0,0,0,1,0,0,1,0,1
NGwinnett,NForsyth,1147,187,0,380,971,0,1527,1158,0,1334,1351,2685
NGwinnett,Cumming,4626,780,0,3705,10099,0,8331,10879,0,5406,13804,19210
NGwinnett,SForsyth,4676,851,0,3578,10292,0,8254,11143,0,5527,13870,19397
NGwinnett,NHall,790,121,0,180,470,0,970,591,0,911,650,1561
NGwinnett,Gainesville,4659,899,0,1081,3347,0,5740,4246,0,5558,4428,9986
NGwinnett,SHall,11595,2082,0,11585,29818,0,23180,31900,0,13677,41403,55080
NGwinnett,WNewton,298,54,0,90,154,0,388,208,0,352,244,596
NGwinnett,ENewton,55,7,0,16,29,0,71,36,0,62,45,107
NGwinnett,NPaulding,4,1,0,4,2,0,8,3,0,5,6,11
NGwinnett,WPaulding,0,0,0,0,0,0,0,0,0,0,0,0
NGwinnett,EPaulding,20,1,0,8,28,0,28,29,0,21,36,57
NGwinnett,NSpalding,2,0,0,1,16,0,3,16,0,2,17,19
NGwinnett,SSpalding,1,0,0,1,0,0,2,0,0,1,1,2
NGwinnett,WWalton,869,196,0,350,849,0,1219,1045,0,1065,1199,2264
NGwinnett,EWalton,760,121,0,207,492,0,967,613,0,881,699,1580
CentGwinnett,NFulton,8745,1699,12,8864,20649,24,17609,22348,36,10456,29537,39993
CentGwinnett,Roswell,2233,381,3,1346,3371,4,3579,3752,7,2617,4721,7338
CentGwinnett,SandySprings,3521,560,74,792,1576,72,4313,2136,146,4155,2440,6595
CentGwinnett,Buckhead,2880,509,118,410,1121,39,3290,1630,157,3507,1570,5077
CentGwinnett,NWAtlanta,702,155,27,113,278,6,815,433,33,884,397,1281
CentGwinnett,NEAtlanta,2336,456,184,417,1359,117,2753,1815,301,2976,1893,4869
CentGwinnett,SWAtlanta,360,85,24,101,244,19,461,329,43,469,364,833
CentGwinnett,CBDAtlanta,1504,388,610,199,552,103,1703,940,713,2502,854,3356
CentGwinnett,SEAtlanta,317,106,7,83,198,20,400,304,27,430,301,731
CentGwinnett,SFulton,86,17,0,31,52,0,117,69,0,103,83,186
CentGwinnett,Tri-Cities,379,139,19,38,177,2,417,316,21,537,217,754
CentGwinnett,Shannon,79,24,3,28,39,0,107,63,3,106,67,173
CentGwinnett,WCherokee,50,14,0,20,33,0,70,47,0,64,53,117
CentGwinnett,NCherokee,48,11,0,29,23,0,77,34,0,59,52,111
CentGwinnett,ECentCherokee,508,94,0,195,469,0,703,563,0,602,664,1266
CentGwinnett,Woodstock,332,49,0,93,194,0,425,243,0,381,287,668
CentGwinnett,Airport,156,67,67,13,35,0,169,102,67,290,48,338
CentGwinnett,NEClayton,271,61,5,60,95,3,331,156,8,337,158,495
CentGwinnett,Riverdale,73,17,0,21,77,0,94,94,0,90,98,188
CentGwinnett,SClayton,75,16,0,31,59,0,106,75,0,91,90,181
CentGwinnett,NWCobb,260,37,0,109,158,0,369,195,0,297,267,564
CentGwinnett,NECobb,682,107,0,226,416,0,908,523,0,789,642,1431
CentGwinnett,SWCobb,84,17,0,41,48,0,125,65,0,101,89,190
CentGwinnett,Marietta,379,77,1,92,118,3,471,195,4,457,213,670
CentGwinnett,Cumberland,1730,253,12,191,277,2,1921,530,14,1995,470,2465
CentGwinnett,SCobb,284,52,0,65,128,0,349,180,0,336,193,529
CentGwinnett,Chamblee,6570,1045,82,2075,4668,67,8645,5713,149,7697,6810,14507
CentGwinnett,NWDeKalb,2128,380,12,711,3636,105,2839,4016,117,2520,4452,6972
CentGwinnett,NEDeKalb,5358,936,17,2732,6660,49,8090,7596,66,6311,9441,15752
CentGwinnett,Atlanta-DeKalb,201,27,6,45,118,2,246,145,8,234,165,399
CentGwinnett,Decatur,321,49,16,93,222,15,414,271,31,386,330,716
CentGwinnett,SWDeKalb,568,123,11,209,563,3,777,686,14,702,775,1477
CentGwinnett,SEDeKalb,1062,192,3,560,1534,5,1622,1726,8,1257,2099,3356
CentGwinnett,SDeKalb,571,105,0,193,541,7,764,646,7,676,741,1417
CentGwinnett,WDouglas,24,10,0,15,41,0,39,51,0,34,56,90
CentGwinnett,EDouglas,91,28,0,17,51,0,108,79,0,119,68,187
CentGwinnett,WFayette,21,12,0,13,13,0,34,25,0,33,26,59
CentGwinnett,EFayette,28,14,0,22,56,0,50,70,0,42,78,120
CentGwinnett,NGwinnett,34740,6555,38,33948,87378,60,68688,93933,98,41333,121386,162719
CentGwinnett,CentGwinnett,149226,27297,814,237747,491261,1307,386973,518558,2121,177337,730315,907652
CentGwinnett,EGwinnett,16215,3113,14,16722,47489,46,32937,50602,60,19342,64257,83599
CentGwinnett,Norcross,26593,4592,173,22290,51097,235,48883,55689,408,31358,73622,104980
CentGwinnett,Lilburn,8423,1598,18,10246,26914,54,18669,28512,72,10039,37214,47253
CentGwinnett,Snellville,12353,2325,14,14177,39654,31,26530,41979,45,14692,53862,68554
CentGwinnett,NHenry,184,31,0,75,153,0,259,184,0,215,228,443
CentGwinnett,EHenry,128,24,0,50,91,0,178,115,0,152,141,293
CentGwinnett,SHenry,101,13,0,43,79,0,144,92,0,114,122,236
CentGwinnett,SRockdale,340,54,0,98,262,0,438,316,0,394,360,754
CentGwinnett,NRockdale,855,170,0,265,530,0,1120,700,0,1025,795,1820
CentGwinnett,NBarrow,2474,441,0,703,1870,0,3177,2311,0,2915,2573,5488
CentGwinnett,SBarrow,2251,406,0,735,1760,0,2986,2166,0,2657,2495,5152
CentGwinnett,NWBartow,2,0,0,1,11,0,3,11,0,2,12,14
CentGwinnett,NEBartow,6,0,0,2,7,0,8,7,0,6,9,15
CentGwinnett,SWBartow,4,2,0,1,5,0,5,7,0,6,6,12
CentGwinnett,Cartersville,35,3,0,11,11,0,46,14,0,38,22,60
CentGwinnett,NECarroll,3,1,0,7,8,0,10,9,0,4,15,19
CentGwinnett,WCarroll,0,0,0,0,0,0,0,0,0,0,0,0
CentGwinnett,CentralCarroll,2,0,0,0,0,0,2,0,0,2,0,2
CentGwinnett,SECarroll,1,0,0,0,0,0,1,0,0,1,0,1
CentGwinnett,WCoweta,2,0,0,2,0,0,4,0,0,2,2,4
CentGwinnett,NCoweta,16,5,0,15,10,0,31,15,0,21,25,46
CentGwinnett,SCoweta,0,0,0,0,0,0,0,0,0,0,0,0
CentGwinnett,SECoweta,3,1,0,1,5,0,4,6,0,4,6,10
CentGwinnett,NForsyth,871,130,0,246,655,0,1117,785,0,1001,901,1902
CentGwinnett,Cumming,2501,426,0,971,2635,1,3472,3061,1,2927,3607,6534
CentGwinnett,SForsyth,3984,724,0,3031,8169,2,7015,8893,2,4708,11202,15910
CentGwinnett,NHall,448,77,0,100,297,0,548,374,0,525,397,922
CentGwinnett,Gainesville,1452,258,0,292,733,0,1744,991,0,1710,1025,2735
CentGwinnett,SHall,3449,577,0,1026,2537,0,4475,3114,0,4026,3563,7589
CentGwinnett,WNewton,750,127,1,181,501,0,931,628,1,878,682,1560
CentGwinnett,ENewton,134,16,0,53,152,0,187,168,0,150,205,355
CentGwinnett,NPaulding,27,3,0,12,5,0,39,8,0,30,17,47
CentGwinnett,WPaulding,5,1,0,2,4,0,7,5,0,6,6,12
CentGwinnett,EPaulding,64,11,0,43,56,0,107,67,0,75,99,174
CentGwinnett,NSpalding,5,1,0,4,2,0,9,3,0,6,6,12
CentGwinnett,SSpalding,4,1,0,4,1,0,8,2,0,5,5,10
CentGwinnett,WWalton,2384,426,0,1053,2970,0,3437,3396,0,2810,4023,6833
CentGwinnett,EWalton,1151,184,0,360,844,0,1511,1028,0,1335,1204,2539
EGwinnett,NFulton,891,163,1,177,411,3,1068,574,4,1055,591,1646
EGwinnett,Roswell,366,53,0,57,137,0,423,190,0,419,194,613
EGwinnett,SandySprings,885,110,3,99,233,2,984,343,5,998,334,1332
EGwinnett,Buckhead,650,135,2,95,217,1,745,352,3,787,313,1100
EGwinnett,NWAtlanta,200,36,2,18,85,2,218,121,4,238,105,343
EGwinnett,NEAtlanta,527,97,7,121,425,13,648,522,20,631,559,1190
EGwinnett,SWAtlanta,89,21,1,24,76,2,113,97,3,111,102,213
EGwinnett,CBDAtlanta,372,88,50,65,233,9,437,321,59,510,307,817
EGwinnett,SEAtlanta,111,22,1,27,91,1,138,113,2,134,119,253
EGwinnett,SFulton,17,4,0,4,1,0,21,5,0,21,5,26
EGwinnett,Tri-Cities,130,34,0,12,36,0,142,70,0,164,48,212
EGwinnett,Shannon,20,6,0,6,38,0,26,44,0,26,44,70
EGwinnett,WCherokee,1,0,0,1,2,0,2,2,0,1,3,4
EGwinnett,NCherokee,2,1,0,4,1,0,6,2,0,3,5,8
EGwinnett,ECentCherokee,23,7,0,17,25,0,40,32,0,30,42,72
EGwinnett,Woodstock,35,4,0,9,29,0,44,33,0,39,38,77
EGwinnett,Airport,61,19,2,5,22,0,66,41,2,82,27,109
EGwinnett,NEClayton,80,17,0,15,61,0,95,78,0,97,76,173
EGwinnett,Riverdale,14,4,0,3,44,0,17,48,0,18,47,65
EGwinnett,SClayton,22,5,0,7,8,0,29,13,0,27,15,42
EGwinnett,NWCobb,41,6,0,12,52,0,53,58,0,47,64,111
EGwinnett,NECobb,149,14,0,27,111,0,176,125,0,163,138,301
EGwinnett,SWCobb,14,2,0,7,6,0,21,8,0,16,13,29
EGwinnett,Marietta,118,12,0,30,20,0,148,32,0,130,50,180
EGwinnett,Cumberland,482,86,1,44,94,0,526,180,1,569,138,707
EGwinnett,SCobb,78,19,0,10,27,0,88,46,0,97,37,134
EGwinnett,Chamblee,1410,230,2,220,488,3,1630,718,5,1642,711,2353
EGwinnett,NWDeKalb,578,129,0,171,625,14,749,754,14,707,810,1517
EGwinnett,NEDeKalb,1576,278,1,362,1021,0,1938,1299,1,1855,1383,3238
EGwinnett,Atlanta-DeKalb,40,10,0,19,39,1,59,49,1,50,59,109
EGwinnett,Decatur,81,13,0,27,81,3,108,94,3,94,111,205
EGwinnett,SWDeKalb,199,44,0,57,210,1,256,254,1,243,268,511
EGwinnett,SEDeKalb,418,76,0,152,412,0,570,488,0,494,564,1058
EGwinnett,SDeKalb,228,52,0,68,208,0,296,260,0,280,276,556
EGwinnett,WDouglas,5,1,0,0,0,0,5,1,0,6,0,6
EGwinnett,EDouglas,23,4,0,5,7,0,28,11,0,27,12,39
EGwinnett,WFayette,3,1,0,0,5,0,3,6,0,4,5,9
EGwinnett,EFayette,14,0,0,3,0,0,17,0,0,14,3,17
EGwinnett,NGwinnett,9486,1723,2,10156,28330,1,19642,30053,3,11211,38487,49698
EGwinnett,CentGwinnett,15329,2852,14,16687,47226,44,32016,50078,58,18195,63957,82152
EGwinnett,EGwinnett,19823,3702,0,44761,113522,7,64584,117224,7,23525,158290,181815
EGwinnett,Norcross,3336,534,0,600,1751,0,3936,2285,0,3870,2351,6221
EGwinnett,Lilburn,1350,279,0,744,2259,0,2094,2538,0,1629,3003,4632
EGwinnett,Snellville,5555,1066,0,9184,25754,0,14739,26820,0,6621,34938,41559
EGwinnett,NHenry,76,13,0,16,41,0,92,54,0,89,57,146
EGwinnett,EHenry,30,7,0,9,17,0,39,24,0,37,26,63
EGwinnett,SHenry,57,8,0,13,13,0,70,21,0,65,26,91
EGwinnett,SRockdale,142,20,0,35,75,0,177,95,0,162,110,272
EGwinnett,NRockdale,729,132,0,155,448,0,884,580,0,861,603,1464
EGwinnett,NBarrow,2258,442,0,1983,6076,0,4241,6518,0,2700,8059,10759
EGwinnett,SBarrow,2264,437,0,2197,6234,0,4461,6671,0,2701,8431,11132
EGwinnett,NWBartow,0,0,0,0,0,0,0,0,0,0,0,0
EGwinnett,NEBartow,0,0,0,0,0,0,0,0,0,0,0,0
EGwinnett,SWBartow,0,0,0,0,1,0,0,1,0,0,1,1
EGwinnett,Cartersville,1,2,0,0,1,0,1,3,0,3,1,4
EGwinnett,NECarroll,1,0,0,0,0,0,1,0,0,1,0,1
EGwinnett,WCarroll,0,0,0,0,0,0,0,0,0,0,0,0
EGwinnett,CentralCarroll,0,0,0,1,0,0,1,0,0,0,1,1
EGwinnett,SECarroll,0,0,0,0,0,0,0,0,0,0,0,0
EGwinnett,WCoweta,0,0,0,0,0,0,0,0,0,0,0,0
EGwinnett,NCoweta,1,0,0,0,11,0,1,11,0,1,11,12
EGwinnett,SCoweta,0,0,0,0,0,0,0,0,0,0,0,0
EGwinnett,SECoweta,0,0,0,0,0,0,0,0,0,0,0,0
EGwinnett,NForsyth,60,7,0,22,54,0,82,61,0,67,76,143
EGwinnett,Cumming,273,42,0,83,180,0,356,222,0,315,263,578
EGwinnett,SForsyth,400,75,0,83,288,0,483,363,0,475,371,846
EGwinnett,NHall,49,9,0,14,30,0,63,39,0,58,44,102
EGwinnett,Gainesville,365,89,0,77,236,0,442,325,0,454,313,767
EGwinnett,SHall,690,123,0,415,737,0,1105,860,0,813,1152,1965
EGwinnett,WNewton,517,96,0,142,331,0,659,427,0,613,473,1086
EGwinnett,ENewton,70,9,0,41,75,0,111,84,0,79,116,195
EGwinnett,NPaulding,4,0,0,0,1,0,4,1,0,4,1,5
EGwinnett,WPaulding,0,0,0,0,1,0,0,1,0,0,1,1
EGwinnett,EPaulding,6,0,0,3,2,0,9,2,0,6,5,11
EGwinnett,NSpalding,1,0,0,3,0,0,4,0,0,1,3,4
EGwinnett,SSpalding,3,0,0,0,5,0,3,5,0,3,5,8
EGwinnett,WWalton,2176,409,0,2420,7392,0,4596,7801,0,2585,9812,12397
EGwinnett,EWalton,1362,224,0,660,1648,0,2022,1872,0,1586,2308,3894
Norcross,NFulton,7305,1404,23,4978,12138,34,12283,13542,57,8732,17150,25882
Norcross,Roswell,5121,948,15,4964,11731,10,10085,12679,25,6084,16705,22789
Norcross,SandySprings,5938,1097,131,4709,9491,113,10647,10588,244,7166,14313,21479
Norcross,Buckhead,4082,669,285,1052,3009,132,5134,3678,417,5036,4193,9229
Norcross,NWAtlanta,816,166,88,159,394,13,975,560,101,1070,566,1636
Norcross,NEAtlanta,2924,547,444,884,1996,328,3808,2543,772,3915,3208,7123
Norcross,SWAtlanta,488,110,62,131,246,45,619,356,107,660,422,1082
Norcross,CBDAtlanta,1623,446,956,324,1092,250,1947,1538,1206,3025,1666,4691
Norcross,SEAtlanta,477,160,61,101,270,47,578,430,108,698,418,1116
Norcross,SFulton,156,38,4,38,57,1,194,95,5,198,96,294
Norcross,Tri-Cities,451,143,42,61,209,8,512,352,50,636,278,914
Norcross,Shannon,186,62,7,28,88,1,214,150,8,255,117,372
Norcross,WCherokee,72,16,0,20,20,0,92,36,0,88,40,128
Norcross,NCherokee,65,9,0,13,36,0,78,45,0,74,49,123
Norcross,ECentCherokee,841,131,0,177,389,0,1018,520,0,972,566,1538
Norcross,Woodstock,770,114,0,156,326,0,926,440,0,884,482,1366
Norcross,Airport,177,56,78,16,49,0,193,105,78,311,65,376
Norcross,NEClayton,379,80,10,61,132,4,440,212,14,469,197,666
Norcross,Riverdale,128,43,6,20,83,0,148,126,6,177,103,280
Norcross,SClayton,169,45,2,32,97,0,201,142,2,216,129,345
Norcross,NWCobb,570,110,2,137,217,4,707,327,6,682,358,1040
Norcross,NECobb,1486,250,0,490,1189,1,1976,1439,1,1736,1680,3416
Norcross,SWCobb,190,41,0,43,98,0,233,139,0,231,141,372
Norcross,Marietta,473,80,5,141,277,14,614,357,19,558,432,990
Norcross,Cumberland,2134,348,34,443,973,9,2577,1321,43,2516,1425,3941
Norcross,SCobb,475,84,3,99,227,0,574,311,3,562,326,888
Norcross,Chamblee,13096,2420,176,15114,31735,332,28210,34155,508,15692,47181,62873
Norcross,NWDeKalb,2906,505,59,1776,6958,311,4682,7463,370,3470,9045,12515
Norcross,NEDeKalb,9655,1828,83,12544,27996,108,22199,29824,191,11566,40648,52214
Norcross,Atlanta-DeKalb,263,52,15,89,227,6,352,279,21,330,322,652
Norcross,Decatur,392,50,22,210,418,30,602,468,52,464,658,1122
Norcross,SWDeKalb,915,199,19,433,1044,11,1348,1243,30,1133,1488,2621
Norcross,SEDeKalb,1355,242,7,560,1609,2,1915,1851,9,1604,2171,3775
Norcross,SDeKalb,826,170,4,213,613,2,1039,783,6,1000,828,1828
Norcross,WDouglas,94,21,2,16,69,0,110,90,2,117,85,202
Norcross,EDouglas,187,47,1,46,78,0,233,125,1,235,124,359
Norcross,WFayette,54,16,0,15,33,1,69,49,1,70,49,119
Norcross,EFayette,82,23,0,20,42,0,102,65,0,105,62,167
Norcross,NGwinnett,8954,1498,9,2119,5379,4,11073,6877,13,10461,7502,17963
Norcross,CentGwinnett,28000,5033,177,22466,52084,228,50466,57117,405,33210,74778,107988
Norcross,EGwinnett,3160,561,0,588,1773,0,3748,2334,0,3721,2361,6082
Norcross,Norcross,83820,15483,689,122306,230098,879,206126,245581,1568,99992,353283,453275
Norcross,Lilburn,11765,2170,72,12847,35503,92,24612,37673,164,14007,48442,62449
Norcross,Snellville,4277,790,6,1406,4272,3,5683,5062,9,5073,5681,10754
Norcross,NHenry,321,77,0,74,150,0,395,227,0,398,224,622
Norcross,EHenry,221,31,0,30,64,0,251,95,0,252,94,346
Norcross,SHenry,215,33,0,45,107,0,260,140,0,248,152,400
Norcross,SRockdale,304,49,1,51,131,0,355,180,1,354,182,536
Norcross,NRockdale,403,83,0,97,199,0,500,282,0,486,296,782
Norcross,NBarrow,829,143,0,93,218,0,922,361,0,972,311,1283
Norcross,SBarrow,701,118,0,103,276,0,804,394,0,819,379,1198
Norcross,NWBartow,10,0,0,1,0,0,11,0,0,10,1,11
Norcross,NEBartow,15,1,0,7,12,0,22,13,0,16,19,35
Norcross,SWBartow,23,4,0,7,16,0,30,20,0,27,23,50
Norcross,Cartersville,64,12,0,23,53,0,87,65,0,76,76,152
Norcross,NECarroll,12,3,0,5,11,0,17,14,0,15,16,31
Norcross,WCarroll,1,0,0,0,0,0,1,0,0,1,0,1
Norcross,CentralCarroll,6,0,0,1,5,0,7,5,0,6,6,12
Norcross,SECarroll,1,0,0,0,4,0,1,4,0,1,4,5
Norcross,WCoweta,9,2,0,3,1,0,12,3,0,11,4,15
Norcross,NCoweta,60,19,0,10,73,0,70,92,0,79,83,162
Norcross,SCoweta,4,1,0,1,1,0,5,2,0,5,2,7
Norcross,SECoweta,8,2,0,2,10,0,10,12,0,10,12,22
Norcross,NForsyth,712,116,0,105,348,0,817,464,0,828,453,1281
Norcross,Cumming,1901,328,0,329,1097,0,2230,1425,0,2229,1426,3655
Norcross,SForsyth,2423,450,1,980,2809,4,3403,3259,5,2874,3793,6667
Norcross,NHall,257,44,0,32,72,0,289,116,0,301,104,405
Norcross,Gainesville,633,112,0,83,190,0,716,302,0,745,273,1018
Norcross,SHall,1384,241,1,188,481,0,1572,722,1,1626,669,2295
Norcross,WNewton,474,93,0,71,178,1,545,271,1,567,250,817
Norcross,ENewton,57,12,0,15,8,0,72,20,0,69,23,92
Norcross,NPaulding,55,10,0,17,42,0,72,52,0,65,59,124
Norcross,WPaulding,20,2,0,10,16,0,30,18,0,22,26,48
Norcross,EPaulding,191,30,0,41,103,0,232,133,0,221,144,365
Norcross,NSpalding,24,2,0,3,9,0,27,11,0,26,12,38
Norcross,SSpalding,2,4,0,8,5,0,10,9,0,6,13,19
Norcross,WWalton,736,140,0,124,361,0,860,501,0,876,485,1361
Norcross,EWalton,340,51,0,69,100,0,409,151,0,391,169,560
Lilburn,NFulton,911,163,3,379,931,11,1290,1094,14,1077,1321,2398
Lilburn,Roswell,522,82,0,237,492,0,759,574,0,604,729,1333
Lilburn,SandySprings,1269,217,29,357,656,21,1626,873,50,1515,1034,2549
Lilburn,Buckhead,1195,208,49,325,919,7,1520,1127,56,1452,1251,2703
Lilburn,NWAtlanta,318,59,18,62,124,8,380,183,26,395,194,589
Lilburn,NEAtlanta,1126,204,108,422,907,69,1548,1111,177,1438,1398,2836
Lilburn,SWAtlanta,205,35,10,68,151,11,273,186,21,250,230,480
Lilburn,CBDAtlanta,827,157,334,217,600,93,1044,757,427,1318,910,2228
Lilburn,SEAtlanta,243,40,8,92,156,4,335,196,12,291,252,543
Lilburn,SFulton,61,13,0,23,17,0,84,30,0,74,40,114
Lilburn,Tri-Cities,203,47,8,26,71,0,229,118,8,258,97,355
Lilburn,Shannon,70,9,0,13,16,0,83,25,0,79,29,108
Lilburn,WCherokee,6,3,0,3,7,0,9,10,0,9,10,19
Lilburn,NCherokee,1,0,0,3,0,0,4,0,0,1,3,4
Lilburn,ECentCherokee,48,8,0,21,54,0,69,62,0,56,75,131
Lilburn,Woodstock,68,15,0,28,36,0,96,51,0,83,64,147
Lilburn,Airport,150,30,30,13,36,0,163,66,30,210,49,259
Lilburn,NEClayton,235,38,0,51,123,1,286,161,1,273,175,448
Lilburn,Riverdale,53,9,0,22,26,0,75,35,0,62,48,110
Lilburn,SClayton,79,13,1,21,52,0,100,65,1,93,73,166
Lilburn,NWCobb,84,13,0,32,34,0,116,47,0,97,66,163
Lilburn,NECobb,244,41,0,60,196,0,304,237,0,285,256,541
Lilburn,SWCobb,27,4,0,5,39,0,32,43,0,31,44,75
Lilburn,Marietta,174,30,0,39,65,2,213,95,2,204,106,310
Lilburn,Cumberland,743,135,8,93,126,1,836,261,9,886,220,1106
Lilburn,SCobb,112,18,1,33,70,0,145,88,1,131,103,234
Lilburn,Chamblee,2569,393,21,1250,2858,15,3819,3251,36,2983,4123,7106
Lilburn,NWDeKalb,1926,341,17,1202,5363,103,3128,5704,120,2284,6668,8952
Lilburn,NEDeKalb,8731,1571,77,10528,24986,71,19259,26557,148,10379,35585,45964
Lilburn,Atlanta-DeKalb,168,31,1,106,270,1,274,301,2,200,377,577
Lilburn,Decatur,299,44,8,201,544,25,500,588,33,351,770,1121
Lilburn,SWDeKalb,776,126,10,582,1487,3,1358,1613,13,912,2072,2984
Lilburn,SEDeKalb,1968,383,6,2666,7816,4,4634,8199,10,2357,10486,12843
Lilburn,SDeKalb,711,134,2,424,1126,3,1135,1260,5,847,1553,2400
Lilburn,WDouglas,22,2,0,11,9,0,33,11,0,24,20,44
Lilburn,EDouglas,54,12,0,14,32,0,68,44,0,66,46,112
Lilburn,WFayette,18,2,0,11,17,0,29,19,0,20,28,48
Lilburn,EFayette,33,6,0,11,22,0,44,28,0,39,33,72
Lilburn,NGwinnett,1673,263,0,759,1736,1,2432,1999,1,1936,2496,4432
Lilburn,CentGwinnett,8735,1671,19,10334,26704,61,19069,28375,80,10425,37099,47524
Lilburn,EGwinnett,1437,305,0,801,2282,0,2238,2587,0,1742,3083,4825
Lilburn,Norcross,11155,1982,73,12625,35844,87,23780,37826,160,13210,48556,61766
Lilburn,Lilburn,22088,3805,44,48958,109692,121,71046,113497,165,25937,158771,184708
Lilburn,Snellville,6237,1150,1,8820,26413,1,15057,27563,2,7388,35234,42622
Lilburn,NHenry,205,42,0,78,211,0,283,253,0,247,289,536
Lilburn,EHenry,146,15,0,45,91,0,191,106,0,161,136,297
Lilburn,SHenry,132,21,0,30,61,0,162,82,0,153,91,244
Lilburn,SRockdale,348,67,0,166,428,0,514,495,0,415,594,1009
Lilburn,NRockdale,769,131,0,349,1023,0,1118,1154,0,900,1372,2272
Lilburn,NBarrow,227,41,0,58,150,0,285,191,0,268,208,476
Lilburn,SBarrow,243,50,0,56,126,0,299,176,0,293,182,475
Lilburn,NWBartow,1,0,0,1,0,0,2,0,0,1,1,2
Lilburn,NEBartow,2,0,0,1,0,0,3,0,0,2,1,3
Lilburn,SWBartow,2,0,0,1,0,0,3,0,0,2,1,3
Lilburn,Cartersville,4,2,0,4,18,0,8,20,0,6,22,28
Lilburn,NECarroll,2,1,0,2,0,0,4,1,0,3,2,5
Lilburn,WCarroll,0,0,0,0,0,0,0,0,0,0,0,0
Lilburn,CentralCarroll,0,0,0,2,1,0,2,1,0,0,3,3
Lilburn,SECarroll,0,0,0,0,0,0,0,0,0,0,0,0
Lilburn,WCoweta,2,0,0,2,0,0,4,0,0,2,2,4
Lilburn,NCoweta,16,4,0,6,3,0,22,7,0,20,9,29
Lilburn,SCoweta,0,0,0,0,0,0,0,0,0,0,0,0
Lilburn,SECoweta,2,0,0,0,1,0,2,1,0,2,1,3
Lilburn,NForsyth,51,10,0,15,34,0,66,44,0,61,49,110
Lilburn,Cumming,157,19,0,59,101,0,216,120,0,176,160,336
Lilburn,SForsyth,284,46,0,120,290,0,404,336,0,330,410,740
Lilburn,NHall,37,3,0,6,56,0,43,59,0,40,62,102
Lilburn,Gainesville,118,28,0,39,66,0,157,94,0,146,105,251
Lilburn,SHall,241,31,0,99,145,0,340,176,0,272,244,516
Lilburn,WNewton,519,79,0,118,269,0,637,348,0,598,387,985
Lilburn,ENewton,60,9,0,15,61,0,75,70,0,69,76,145
Lilburn,NPaulding,4,0,0,4,8,0,8,8,0,4,12,16
Lilburn,WPaulding,0,0,0,1,0,0,1,0,0,0,1,1
Lilburn,EPaulding,33,4,0,16,2,0,49,6,0,37,18,55
Lilburn,NSpalding,9,1,0,6,1,0,15,2,0,10,7,17
Lilburn,SSpalding,2,0,0,1,0,0,3,0,0,2,1,3
Lilburn,WWalton,679,124,0,279,822,0,958,946,0,803,1101,1904
Lilburn,EWalton,254,41,0,66,201,0,320,242,0,295,267,562
Snellville,NFulton,904,167,3,228,459,4,1132,626,7,1074,691,1765
Snellville,Roswell,371,54,0,67,246,0,438,300,0,425,313,738
Snellville,SandySprings,1001,166,14,171,298,8,1172,464,22,1181,477,1658
Snellville,Buckhead,977,169,24,176,672,8,1153,841,32,1170,856,2026
Snellville,NWAtlanta,339,64,8,60,71,3,399,135,11,411,134,545
Snellville,NEAtlanta,1082,191,50,352,730,59,1434,921,109,1323,1141,2464
Snellville,SWAtlanta,221,44,3,71,103,7,292,147,10,268,181,449
Snellville,CBDAtlanta,910,143,241,193,488,111,1103,631,352,1294,792,2086
Snellville,SEAtlanta,279,55,2,85,205,3,364,260,5,336,293,629
Snellville,SFulton,57,10,0,12,20,0,69,30,0,67,32,99
Snellville,Tri-Cities,283,48,4,26,105,0,309,153,4,335,131,466
Snellville,Shannon,75,8,0,25,40,0,100,48,0,83,65,148
Snellville,WCherokee,1,0,0,1,1,0,2,1,0,1,2,3
Snellville,NCherokee,0,0,0,1,1,0,1,1,0,0,2,2
Snellville,ECentCherokee,48,7,0,27,43,0,75,50,0,55,70,125
Snellville,Woodstock,35,6,0,13,14,0,48,20,0,41,27,68
Snellville,Airport,211,36,21,16,16,0,227,52,21,268,32,300
Snellville,NEClayton,347,78,0,54,124,2,401,202,2,425,180,605
Snellville,Riverdale,52,9,0,27,19,0,79,28,0,61,46,107
Snellville,SClayton,95,14,0,27,57,0,122,71,0,109,84,193
Snellville,NWCobb,78,7,0,33,44,0,111,51,0,85,77,162
Snellville,NECobb,185,33,0,49,56,0,234,89,0,218,105,323
Snellville,SWCobb,16,3,0,7,13,0,23,16,0,19,20,39
Snellville,Marietta,146,23,0,40,44,6,186,67,6,169,90,259
Snellville,Cumberland,585,121,5,51,165,4,636,286,9,711,220,931
Snellville,SCobb,140,24,0,23,59,0,163,83,0,164,82,246
Snellville,Chamblee,1652,272,14,309,678,9,1961,950,23,1938,996,2934
Snellville,NWDeKalb,1723,321,9,727,4447,84,2450,4768,93,2053,5258,7311
Snellville,NEDeKalb,4570,872,26,2744,8255,53,7314,9127,79,5468,11052,16520
Snellville,Atlanta-DeKalb,160,31,1,57,249,2,217,280,3,192,308,500
Snellville,Decatur,285,62,6,139,392,16,424,454,22,353,547,900
Snellville,SWDeKalb,788,138,9,339,1208,10,1127,1346,19,935,1557,2492
Snellville,SEDeKalb,2516,498,4,2874,9569,13,5390,10067,17,3018,12456,15474
Snellville,SDeKalb,957,193,5,604,1609,11,1561,1802,16,1155,2224,3379
Snellville,WDouglas,11,3,0,6,24,0,17,27,0,14,30,44
Snellville,EDouglas,59,11,0,24,71,0,83,82,0,70,95,165
Snellville,WFayette,19,1,0,5,2,0,24,3,0,20,7,27
Snellville,EFayette,36,11,0,13,77,0,49,88,0,47,90,137
Snellville,NGwinnett,2903,516,0,1568,4549,2,4471,5065,2,3419,6119,9538
Snellville,CentGwinnett,12141,2251,14,14114,39874,33,26255,42125,47,14406,54021,68427
Snellville,EGwinnett,5795,1042,0,9144,25842,0,14939,26884,0,6837,34986,41823
Snellville,Norcross,4335,777,6,1375,4315,3,5710,5092,9,5118,5693,10811
Snellville,Lilburn,5653,1056,1,8746,25508,1,14399,26564,2,6710,34255,40965
Snellville,Snellville,35665,6694,4,90584,216950,6,126249,223644,10,42363,307540,349903
Snellville,NHenry,267,59,0,95,254,0,362,313,0,326,349,675
Snellville,EHenry,202,40,0,66,212,0,268,252,0,242,278,520
Snellville,SHenry,215,42,0,63,91,0,278,133,0,257,154,411
Snellville,SRockdale,628,110,0,339,1015,0,967,1125,0,738,1354,2092
Snellville,NRockdale,3022,560,0,1876,5470,0,4898,6030,0,3582,7346,10928
Snellville,NBarrow,548,95,0,151,341,0,699,436,0,643,492,1135
Snellville,SBarrow,608,100,0,243,571,0,851,671,0,708,814,1522
Snellville,NWBartow,0,0,0,0,0,0,0,0,0,0,0,0
Snellville,NEBartow,0,0,0,0,0,0,0,0,0,0,0,0
Snellville,SWBartow,0,0,0,1,17,0,1,17,0,0,18,18
Snellville,Cartersville,4,1,0,5,1,0,9,2,0,5,6,11
Snellville,NECarroll,3,0,0,1,4,0,4,4,0,3,5,8
Snellville,WCarroll,1,0,0,0,0,0,1,0,0,1,0,1
Snellville,CentralCarroll,0,0,0,0,0,0,0,0,0,0,0,0
Snellville,SECarroll,0,0,0,0,0,0,0,0,0,0,0,0
Snellville,WCoweta,1,0,0,0,0,0,1,0,0,1,0,1
Snellville,NCoweta,10,1,0,4,6,0,14,7,0,11,10,21
Snellville,SCoweta,1,0,0,0,0,0,1,0,0,1,0,1
Snellville,SECoweta,1,0,0,1,0,0,2,0,0,1,1,2
Snellville,NForsyth,42,6,0,17,32,0,59,38,0,48,49,97
Snellville,Cumming,151,28,0,53,139,0,204,167,0,179,192,371
Snellville,SForsyth,275,62,0,79,167,0,354,229,0,337,246,583
Snellville,NHall,27,6,0,12,28,0,39,34,0,33,40,73
Snellville,Gainesville,183,27,0,38,93,0,221,120,0,210,131,341
Snellville,SHall,248,59,0,163,230,0,411,289,0,307,393,700
Snellville,WNewton,1363,263,0,568,1209,1,1931,1472,1,1626,1778,3404
Snellville,ENewton,145,20,0,70,185,0,215,205,0,165,255,420
Snellville,NPaulding,1,0,0,3,20,0,4,20,0,1,23,24
Snellville,WPaulding,0,0,0,0,1,0,0,1,0,0,1,1
Snellville,EPaulding,10,2,0,8,48,0,18,50,0,12,56,68
Snellville,NSpalding,15,3,0,8,5,0,23,8,0,18,13,31
Snellville,SSpalding,6,2,0,3,2,0,9,4,0,8,5,13
Snellville,WWalton,3671,692,0,4676,13595,0,8347,14287,0,4363,18271,22634
Snellville,EWalton,1039,186,0,361,1157,0,1400,1343,0,1225,1518,2743
NHenry,NFulton,96,22,1,24,39,0,120,61,1,119,63,182
NHenry,Roswell,50,16,0,16,24,0,66,40,0,66,40,106
NHenry,SandySprings,405,98,26,61,70,5,466,168,31,529,136,665
NHenry,Buckhead,638,143,43,112,314,7,750,457,50,824,433,1257
NHenry,NWAtlanta,403,76,8,81,216,3,484,292,11,487,300,787
NHenry,NEAtlanta,1140,231,59,374,768,47,1514,999,106,1430,1189,2619
NHenry,SWAtlanta,400,96,6,210,442,13,610,538,19,502,665,1167
NHenry,CBDAtlanta,1305,255,279,366,968,91,1671,1223,370,1839,1425,3264
NHenry,SEAtlanta,1064,201,6,501,1155,10,1565,1356,16,1271,1666,2937
NHenry,SFulton,240,33,0,66,73,0,306,106,0,273,139,412
NHenry,Tri-Cities,1443,275,11,310,674,4,1753,949,15,1729,988,2717
NHenry,Shannon,515,79,1,200,386,0,715,465,1,595,586,1181
NHenry,WCherokee,0,0,0,2,0,0,2,0,0,0,2,2
NHenry,NCherokee,0,0,0,0,0,0,0,0,0,0,0,0
NHenry,ECentCherokee,7,2,0,3,40,0,10,42,0,9,43,52
NHenry,Woodstock,20,5,0,9,14,0,29,19,0,25,23,48
NHenry,Airport,1099,189,35,208,402,8,1307,591,43,1323,618,1941
NHenry,NEClayton,6121,1132,20,7237,18761,23,13358,19893,43,7273,26021,33294
NHenry,Riverdale,998,203,2,933,2305,5,1931,2508,7,1203,3243,4446
NHenry,SClayton,4152,849,3,6702,15469,7,10854,16318,10,5004,22178,27182
NHenry,NWCobb,55,10,0,22,25,0,77,35,0,65,47,112
NHenry,NECobb,111,32,0,20,48,0,131,80,0,143,68,211
NHenry,SWCobb,35,6,0,16,29,0,51,35,0,41,45,86
NHenry,Marietta,100,29,0,17,55,2,117,84,2,129,74,203
NHenry,Cumberland,528,121,6,44,170,1,572,291,7,655,215,870
NHenry,SCobb,193,37,0,33,67,0,226,104,0,230,100,330
NHenry,Chamblee,500,89,13,104,217,3,604,306,16,602,324,926
NHenry,NWDeKalb,839,161,10,359,754,26,1198,915,36,1010,1139,2149
NHenry,NEDeKalb,903,152,7,385,633,2,1288,785,9,1062,1020,2082
NHenry,Atlanta-DeKalb,236,53,0,137,419,2,373,472,2,289,558,847
NHenry,Decatur,255,41,5,151,297,16,406,338,21,301,464,765
NHenry,SWDeKalb,1041,172,10,683,2002,6,1724,2174,16,1223,2691,3914
NHenry,SEDeKalb,953,165,3,781,2015,5,1734,2180,8,1121,2801,3922
NHenry,SDeKalb,2891,522,11,4033,12337,32,6924,12859,43,3424,16402,19826
NHenry,WDouglas,52,8,0,22,23,0,74,31,0,60,45,105
NHenry,EDouglas,129,24,1,32,32,0,161,56,1,154,64,218
NHenry,WFayette,378,54,0,82,323,0,460,377,0,432,405,837
NHenry,EFayette,874,137,0,391,881,0,1265,1018,0,1011,1272,2283
NHenry,NGwinnett,58,9,0,24,46,0,82,55,0,67,70,137
NHenry,CentGwinnett,197,33,0,61,118,0,258,151,0,230,179,409
NHenry,EGwinnett,65,16,0,16,47,0,81,63,0,81,63,144
NHenry,Norcross,384,67,0,67,199,0,451,266,0,451,266,717
NHenry,Lilburn,200,23,0,67,182,0,267,205,0,223,249,472
NHenry,Snellville,279,52,0,101,236,0,380,288,0,331,337,668
NHenry,NHenry,20393,3782,0,50375,103182,2,70768,106964,2,24175,153559,177734
NHenry,EHenry,4039,793,0,4788,13196,0,8827,13989,0,4832,17984,22816
NHenry,SHenry,6747,1261,0,7244,18144,0,13991,19405,0,8008,25388,33396
NHenry,SRockdale,1227,241,0,1030,3302,1,2257,3543,1,1468,4333,5801
NHenry,NRockdale,898,182,0,393,1037,0,1291,1219,0,1080,1430,2510
NHenry,NBarrow,12,3,0,3,28,0,15,31,0,15,31,46
NHenry,SBarrow,18,4,0,4,23,0,22,27,0,22,27,49
NHenry,NWBartow,1,0,0,0,0,0,1,0,0,1,0,1
NHenry,NEBartow,0,0,0,0,0,0,0,0,0,0,0,0
NHenry,SWBartow,0,0,0,0,1,0,0,1,0,0,1,1
NHenry,Cartersville,1,2,0,2,1,0,3,3,0,3,3,6
NHenry,NECarroll,3,1,0,2,4,0,5,5,0,4,6,10
NHenry,WCarroll,3,0,0,1,0,0,4,0,0,3,1,4
NHenry,CentralCarroll,6,1,0,8,29,0,14,30,0,7,37,44
NHenry,SECarroll,1,0,0,5,8,0,6,8,0,1,13,14
NHenry,WCoweta,12,1,0,6,20,0,18,21,0,13,26,39
NHenry,NCoweta,156,31,0,48,111,0,204,142,0,187,159,346
NHenry,SCoweta,5,1,0,3,10,0,8,11,0,6,13,19
NHenry,SECoweta,49,12,0,27,60,0,76,72,0,61,87,148
NHenry,NForsyth,0,0,0,0,0,0,0,0,0,0,0,0
NHenry,Cumming,9,1,0,3,8,0,12,9,0,10,11,21
NHenry,SForsyth,18,4,0,3,19,0,21,23,0,22,22,44
NHenry,NHall,1,0,0,0,0,0,1,0,0,1,0,1
NHenry,Gainesville,2,0,0,2,2,0,4,2,0,2,4,6
NHenry,SHall,6,2,0,3,19,0,9,21,0,8,22,30
NHenry,WNewton,1163,239,0,387,1098,0,1550,1337,0,1402,1485,2887
NHenry,ENewton,81,14,0,26,62,0,107,76,0,95,88,183
NHenry,NPaulding,0,1,0,2,1,0,2,2,0,1,3,4
NHenry,WPaulding,1,0,0,0,5,0,1,5,0,1,5,6
NHenry,EPaulding,27,6,0,13,20,0,40,26,0,33,33,66
NHenry,NSpalding,413,92,0,174,284,0,587,376,0,505,458,963
NHenry,SSpalding,210,42,0,51,117,0,261,159,0,252,168,420
NHenry,WWalton,142,24,0,39,70,0,181,94,0,166,109,275
NHenry,EWalton,81,14,0,28,69,0,109,83,0,95,97,192
EHenry,NFulton,58,6,1,10,17,0,68,23,1,65,27,92
EHenry,Roswell,32,14,0,3,21,0,35,35,0,46,24,70
EHenry,SandySprings,197,39,1,32,79,4,229,118,5,237,115,352
EHenry,Buckhead,244,77,11,58,135,2,302,212,13,332,195,527
EHenry,NWAtlanta,209,45,2,22,60,1,231,105,3,256,83,339
EHenry,NEAtlanta,445,99,4,103,303,6,548,402,10,548,412,960
EHenry,SWAtlanta,180,29,0,62,86,4,242,115,4,209,152,361
EHenry,CBDAtlanta,453,68,50,111,329,10,564,397,60,571,450,1021
EHenry,SEAtlanta,381,76,1,90,196,2,471,272,3,458,288,746
EHenry,SFulton,86,14,0,12,81,0,98,95,0,100,93,193
EHenry,Tri-Cities,656,122,0,96,169,2,752,291,2,778,267,1045
EHenry,Shannon,239,44,0,43,121,0,282,165,0,283,164,447
EHenry,WCherokee,0,0,0,0,0,0,0,0,0,0,0,0
EHenry,NCherokee,0,0,0,0,0,0,0,0,0,0,0,0
EHenry,ECentCherokee,0,1,0,2,0,0,2,1,0,1,2,3
EHenry,Woodstock,4,2,0,3,3,0,7,5,0,6,6,12
EHenry,Airport,472,80,3,31,73,0,503,153,3,555,104,659
EHenry,NEClayton,1662,298,0,661,1589,0,2323,1887,0,1960,2250,4210
EHenry,Riverdale,328,63,0,151,351,0,479,414,0,391,502,893
EHenry,SClayton,1134,231,0,606,1472,1,1740,1703,1,1365,2079,3444
EHenry,NWCobb,24,4,0,7,8,1,31,12,1,28,16,44
EHenry,NECobb,52,16,0,10,45,0,62,61,0,68,55,123
EHenry,SWCobb,10,1,0,2,1,0,12,2,0,11,3,14
EHenry,Marietta,50,17,0,10,20,1,60,37,1,67,31,98
EHenry,Cumberland,258,52,0,23,75,0,281,127,0,310,98,408
EHenry,SCobb,83,15,0,19,29,0,102,44,0,98,48,146
EHenry,Chamblee,301,60,3,70,106,0,371,166,3,364,176,540
EHenry,NWDeKalb,336,54,0,123,211,3,459,265,3,390,337,727
EHenry,NEDeKalb,561,91,0,117,357,1,678,448,1,652,475,1127
EHenry,Atlanta-DeKalb,78,14,1,18,79,0,96,93,1,93,97,190
EHenry,Decatur,113,21,1,43,98,0,156,119,1,135,141,276
EHenry,SWDeKalb,399,72,1,146,420,0,545,492,1,472,566,1038
EHenry,SEDeKalb,580,99,1,274,715,0,854,814,1,680,989,1669
EHenry,SDeKalb,990,188,1,775,1958,7,1765,2146,8,1179,2740,3919
EHenry,WDouglas,10,6,0,5,12,0,15,18,0,16,17,33
EHenry,EDouglas,50,6,0,9,39,0,59,45,0,56,48,104
EHenry,WFayette,242,35,0,37,140,0,279,175,0,277,177,454
EHenry,EFayette,494,69,0,81,263,0,575,332,0,563,344,907
EHenry,NGwinnett,49,5,0,13,33,0,62,38,0,54,46,100
EHenry,CentGwinnett,152,25,0,58,75,0,210,100,0,177,133,310
EHenry,EGwinnett,44,3,0,8,25,0,52,28,0,47,33,80
EHenry,Norcross,247,38,0,28,105,0,275,143,0,285,133,418
EHenry,Lilburn,151,28,0,43,129,0,194,157,0,179,172,351
EHenry,Snellville,194,31,0,64,241,0,258,272,0,225,305,530
EHenry,NHenry,3729,676,0,4805,13100,0,8534,13776,0,4405,17905,22310
EHenry,EHenry,9182,1612,0,20924,49541,0,30106,51153,0,10794,70465,81259
EHenry,SHenry,8425,1614,0,11717,29711,0,20142,31325,0,10039,41428,51467
EHenry,SRockdale,1141,215,0,1255,3763,0,2396,3978,0,1356,5018,6374
EHenry,NRockdale,1448,250,0,710,1991,0,2158,2241,0,1698,2701,4399
EHenry,NBarrow,11,0,0,7,9,0,18,9,0,11,16,27
EHenry,SBarrow,12,4,0,4,13,0,16,17,0,16,17,33
EHenry,NWBartow,0,0,0,0,0,0,0,0,0,0,0,0
EHenry,NEBartow,0,0,0,0,0,0,0,0,0,0,0,0
EHenry,SWBartow,0,0,0,0,0,0,0,0,0,0,0,0
EHenry,Cartersville,0,0,0,1,0,0,1,0,0,0,1,1
EHenry,NECarroll,0,0,0,0,0,0,0,0,0,0,0,0
EHenry,WCarroll,0,0,0,0,1,0,0,1,0,0,1,1
EHenry,CentralCarroll,3,0,0,2,0,0,5,0,0,3,2,5
EHenry,SECarroll,0,0,0,0,0,0,0,0,0,0,0,0
EHenry,WCoweta,4,1,0,1,5,0,5,6,0,5,6,11
EHenry,NCoweta,42,8,0,13,47,0,55,55,0,50,60,110
EHenry,SCoweta,2,0,0,2,6,0,4,6,0,2,8,10
EHenry,SECoweta,21,3,0,12,34,0,33,37,0,24,46,70
EHenry,NForsyth,0,0,0,0,1,0,0,1,0,0,1,1
EHenry,Cumming,3,1,0,2,9,0,5,10,0,4,11,15
EHenry,SForsyth,11,1,0,1,5,0,12,6,0,12,6,18
EHenry,NHall,0,0,0,0,0,0,0,0,0,0,0,0
EHenry,Gainesville,1,0,0,0,9,0,1,9,0,1,9,10
EHenry,SHall,3,0,0,4,0,0,7,0,0,3,4,7
EHenry,WNewton,2290,407,0,1935,5559,0,4225,5966,0,2697,7494,10191
EHenry,ENewton,145,21,0,109,156,0,254,177,0,166,265,431
EHenry,NPaulding,1,0,0,1,0,0,2,0,0,1,1,2
EHenry,WPaulding,0,0,0,0,0,0,0,0,0,0,0,0
EHenry,EPaulding,7,0,0,3,3,0,10,3,0,7,6,13
EHenry,NSpalding,519,103,0,216,300,0,735,403,0,622,516,1138
EHenry,SSpalding,333,57,0,69,124,0,402,181,0,390,193,583
EHenry,WWalton,90,16,0,26,53,0,116,69,0,106,79,185
EHenry,EWalton,107,17,0,36,42,0,143,59,0,124,78,202
SHenry,NFulton,52,9,1,14,29,0,66,38,1,62,43,105
SHenry,Roswell,44,7,1,16,37,0,60,44,1,52,53,105
SHenry,SandySprings,280,79,8,42,89,3,322,168,11,367,134,501
SHenry,Buckhead,451,132,20,101,249,0,552,381,20,603,350,953
SHenry,NWAtlanta,384,53,2,57,169,1,441,222,3,439,227,666
SHenry,NEAtlanta,849,191,24,225,422,13,1074,613,37,1064,660,1724
SHenry,SWAtlanta,395,60,3,123,198,8,518,258,11,458,329,787
SHenry,CBDAtlanta,1030,220,146,249,427,44,1279,647,190,1396,720,2116
SHenry,SEAtlanta,776,156,6,211,378,2,987,534,8,938,591,1529
SHenry,SFulton,268,35,0,47,110,0,315,145,0,303,157,460
SHenry,Tri-Cities,1254,250,5,154,353,1,1408,603,6,1509,508,2017
SHenry,Shannon,549,100,0,125,329,0,674,429,0,649,454,1103
SHenry,WCherokee,0,0,0,0,0,0,0,0,0,0,0,0
SHenry,NCherokee,0,0,0,0,0,0,0,0,0,0,0,0
SHenry,ECentCherokee,6,0,0,1,16,0,7,16,0,6,17,23
SHenry,Woodstock,14,4,0,5,9,0,19,13,0,18,14,32
SHenry,Airport,1029,165,16,102,203,1,1131,368,17,1210,306,1516
SHenry,NEClayton,3400,605,5,1234,3108,9,4634,3713,14,4010,4351,8361
SHenry,Riverdale,1001,217,0,498,1336,0,1499,1553,0,1218,1834,3052
SHenry,SClayton,4780,956,7,4369,11291,22,9149,12247,29,5743,15682,21425
SHenry,NWCobb,34,11,0,12,62,0,46,73,0,45,74,119
SHenry,NECobb,82,19,0,24,62,0,106,81,0,101,86,187
SHenry,SWCobb,21,4,0,10,23,0,31,27,0,25,33,58
SHenry,Marietta,79,23,0,27,58,0,106,81,0,102,85,187
SHenry,Cumberland,435,129,2,57,201,0,492,330,2,566,258,824
SHenry,SCobb,176,29,0,47,111,0,223,140,0,205,158,363
SHenry,Chamblee,348,85,10,79,180,1,427,265,11,443,260,703
SHenry,NWDeKalb,519,92,4,140,261,4,659,353,8,615,405,1020
SHenry,NEDeKalb,478,69,2,133,234,4,611,303,6,549,371,920
SHenry,Atlanta-DeKalb,149,28,3,50,98,0,199,126,3,180,148,328
SHenry,Decatur,136,16,2,48,60,4,184,76,6,154,112,266
SHenry,SWDeKalb,460,89,2,133,325,3,593,414,5,551,461,1012
SHenry,SEDeKalb,437,82,0,122,316,1,559,398,1,519,439,958
SHenry,SDeKalb,1129,197,1,366,891,1,1495,1088,2,1327,1258,2585
SHenry,WDouglas,50,6,0,13,47,0,63,53,0,56,60,116
SHenry,EDouglas,122,15,0,39,44,0,161,59,0,137,83,220
SHenry,WFayette,1175,188,0,249,620,1,1424,808,1,1363,870,2233
SHenry,EFayette,2202,417,0,919,2050,0,3121,2467,0,2619,2969,5588
SHenry,NGwinnett,23,7,0,13,48,0,36,55,0,30,61,91
SHenry,CentGwinnett,112,15,0,43,75,0,155,90,0,127,118,245
SHenry,EGwinnett,49,8,0,11,8,0,60,16,0,57,19,76
SHenry,Norcross,253,37,0,49,78,0,302,115,0,290,127,417
SHenry,Lilburn,104,23,0,42,60,0,146,83,0,127,102,229
SHenry,Snellville,217,40,0,61,81,0,278,121,0,257,142,399
SHenry,NHenry,6426,1208,0,7164,17871,0,13590,19079,0,7634,25035,32669
SHenry,EHenry,8673,1625,0,11754,29802,0,20427,31427,0,10298,41556,51854
SHenry,SHenry,57178,10516,0,103126,220809,4,160304,231325,4,67694,323939,391633
SHenry,SRockdale,991,181,0,450,1148,0,1441,1329,0,1172,1598,2770
SHenry,NRockdale,854,150,0,221,468,0,1075,618,0,1004,689,1693
SHenry,NBarrow,5,0,0,7,1,0,12,1,0,5,8,13
SHenry,SBarrow,12,1,0,5,5,0,17,6,0,13,10,23
SHenry,NWBartow,0,0,0,0,0,0,0,0,0,0,0,0
SHenry,NEBartow,0,0,0,0,0,0,0,0,0,0,0,0
SHenry,SWBartow,0,0,0,0,0,0,0,0,0,0,0,0
SHenry,Cartersville,0,0,0,3,1,0,3,1,0,0,4,4
SHenry,NECarroll,4,0,0,0,4,0,4,4,0,4,4,8
SHenry,WCarroll,1,0,0,1,0,0,2,0,0,1,1,2
SHenry,CentralCarroll,13,0,0,5,28,0,18,28,0,13,33,46
SHenry,SECarroll,0,0,0,0,9,0,0,9,0,0,9,9
SHenry,WCoweta,38,3,0,13,24,0,51,27,0,41,37,78
SHenry,NCoweta,350,57,0,100,167,0,450,224,0,407,267,674
SHenry,SCoweta,38,6,0,13,30,0,51,36,0,44,43,87
SHenry,SECoweta,218,35,0,88,141,0,306,176,0,253,229,482
SHenry,NForsyth,1,1,0,0,1,0,1,2,0,2,1,3
SHenry,Cumming,2,2,0,3,1,0,5,3,0,4,4,8
SHenry,SForsyth,8,1,0,3,9,0,11,10,0,9,12,21
SHenry,NHall,0,0,0,0,0,0,0,0,0,0,0,0
SHenry,Gainesville,0,0,0,0,0,0,0,0,0,0,0,0
SHenry,SHall,2,0,0,0,4,0,2,4,0,2,4,6
SHenry,WNewton,2464,486,0,997,2229,1,3461,2715,1,2950,3227,6177
SHenry,ENewton,194,37,0,69,109,0,263,146,0,231,178,409
SHenry,NPaulding,0,0,0,1,0,0,1,0,0,0,1,1
SHenry,WPaulding,0,0,0,1,1,0,1,1,0,0,2,2
SHenry,EPaulding,6,1,0,12,26,0,18,27,0,7,38,45
SHenry,NSpalding,4298,845,0,3577,8840,1,7875,9685,1,5143,12418,17561
SHenry,SSpalding,2054,386,0,782,1874,0,2836,2260,0,2440,2656,5096
SHenry,WWalton,106,22,0,34,69,0,140,91,0,128,103,231
SHenry,EWalton,102,17,0,35,65,0,137,82,0,119,100,219
SRockdale,NFulton,61,13,0,21,40,0,82,53,0,74,61,135
SRockdale,Roswell,50,9,0,11,8,0,61,17,0,59,19,78
SRockdale,SandySprings,216,33,9,45,39,1,261,72,10,258,85,343
SRockdale,Buckhead,274,76,10,48,110,2,322,186,12,360,160,520
SRockdale,NWAtlanta,187,27,2,30,102,1,217,129,3,216,133,349
SRockdale,NEAtlanta,492,114,18,121,290,15,613,404,33,624,426,1050
SRockdale,SWAtlanta,143,29,5,43,108,5,186,137,10,177,156,333
SRockdale,CBDAtlanta,525,118,106,125,337,34,650,455,140,749,496,1245
SRockdale,SEAtlanta,271,39,2,69,148,2,340,187,4,312,219,531
SRockdale,SFulton,43,8,0,5,37,0,48,45,0,51,42,93
SRockdale,Tri-Cities,339,62,1,49,49,0,388,111,1,402,98,500
SRockdale,Shannon,112,14,0,21,51,0,133,65,0,126,72,198
SRockdale,WCherokee,1,0,0,0,0,0,1,0,0,1,0,1
SRockdale,NCherokee,0,0,0,0,0,0,0,0,0,0,0,0
SRockdale,ECentCherokee,2,0,0,2,0,0,4,0,0,2,2,4
SRockdale,Woodstock,8,1,0,0,13,0,8,14,0,9,13,22
SRockdale,Airport,236,40,10,29,25,0,265,65,10,286,54,340
SRockdale,NEClayton,724,152,0,240,627,2,964,779,2,876,869,1745
SRockdale,Riverdale,117,27,0,49,140,0,166,167,0,144,189,333
SRockdale,SClayton,314,58,0,95,251,0,409,309,0,372,346,718
SRockdale,NWCobb,23,8,0,9,21,0,32,29,0,31,30,61
SRockdale,NECobb,41,13,0,14,43,0,55,56,0,54,57,111
SRockdale,SWCobb,12,5,0,1,9,0,13,14,0,17,10,27
SRockdale,Marietta,58,17,0,11,40,0,69,57,0,75,51,126
SRockdale,Cumberland,257,66,0,21,46,0,278,112,0,323,67,390
SRockdale,SCobb,92,24,0,16,35,0,108,59,0,116,51,167
SRockdale,Chamblee,353,57,5,49,126,0,402,183,5,415,175,590
SRockdale,NWDeKalb,493,101,3,136,356,9,629,457,12,597,501,1098
SRockdale,NEDeKalb,786,153,5,253,691,5,1039,844,10,944,949,1893
SRockdale,Atlanta-DeKalb,105,29,1,40,128,0,145,157,1,135,168,303
SRockdale,Decatur,137,19,2,52,102,10,189,121,12,158,164,322
SRockdale,SWDeKalb,455,88,2,255,774,6,710,862,8,545,1035,1580
SRockdale,SEDeKalb,1703,323,7,1560,4363,7,3263,4686,14,2033,5930,7963
SRockdale,SDeKalb,1808,327,10,2380,7219,13,4188,7546,23,2145,9612,11757
SRockdale,WDouglas,11,0,0,3,15,0,14,15,0,11,18,29
SRockdale,EDouglas,31,8,0,9,4,0,40,12,0,39,13,52
SRockdale,WFayette,55,9,0,14,15,0,69,24,0,64,29,93
SRockdale,EFayette,119,16,0,17,46,0,136,62,0,135,63,198
SRockdale,NGwinnett,92,10,0,25,85,0,117,95,0,102,110,212
SRockdale,CentGwinnett,353,58,0,84,296,0,437,354,0,411,380,791
SRockdale,EGwinnett,131,21,0,35,60,0,166,81,0,152,95,247
SRockdale,Norcross,348,53,1,58,146,0,406,199,1,402,204,606
SRockdale,Lilburn,330,51,0,156,467,0,486,518,0,381,623,1004
SRockdale,Snellville,624,94,0,363,992,0,987,1086,0,718,1355,2073
SRockdale,NHenry,1107,214,0,1038,3184,1,2145,3398,1,1321,4223,5544
SRockdale,EHenry,1149,216,0,1209,3760,0,2358,3976,0,1365,4969,6334
SRockdale,SHenry,1001,186,0,474,1240,0,1475,1426,0,1187,1714,2901
SRockdale,SRockdale,5403,1079,2,13942,32219,0,19345,33298,2,6484,46161,52645
SRockdale,NRockdale,5385,1089,0,8853,22674,0,14238,23763,0,6474,31527,38001
SRockdale,NBarrow,36,7,0,4,18,0,40,25,0,43,22,65
SRockdale,SBarrow,44,5,0,12,19,0,56,24,0,49,31,80
SRockdale,NWBartow,1,0,0,0,0,0,1,0,0,1,0,1
SRockdale,NEBartow,0,0,0,0,0,0,0,0,0,0,0,0
SRockdale,SWBartow,1,0,0,0,0,0,1,0,0,1,0,1
SRockdale,Cartersville,0,0,0,1,1,0,1,1,0,0,2,2
SRockdale,NECarroll,0,1,0,1,1,0,1,2,0,1,2,3
SRockdale,WCarroll,0,0,0,0,0,0,0,0,0,0,0,0
SRockdale,CentralCarroll,0,0,0,1,0,0,1,0,0,0,1,1
SRockdale,SECarroll,0,0,0,0,0,0,0,0,0,0,0,0
SRockdale,WCoweta,1,0,0,0,1,0,1,1,0,1,1,2
SRockdale,NCoweta,24,4,0,4,2,0,28,6,0,28,6,34
SRockdale,SCoweta,1,0,0,0,1,0,1,1,0,1,1,2
SRockdale,SECoweta,3,2,0,0,5,0,3,7,0,5,5,10
SRockdale,NForsyth,0,1,0,0,0,0,0,1,0,1,0,1
SRockdale,Cumming,3,0,0,2,0,0,5,0,0,3,2,5
SRockdale,SForsyth,20,2,0,5,9,0,25,11,0,22,14,36
SRockdale,NHall,1,1,0,0,0,0,1,1,0,2,0,2
SRockdale,Gainesville,5,1,0,3,29,0,8,30,0,6,32,38
SRockdale,SHall,12,2,0,4,2,0,16,4,0,14,6,20
SRockdale,WNewton,2782,533,0,3410,9401,0,6192,9934,0,3315,12811,16126
SRockdale,ENewton,156,22,0,76,167,0,232,189,0,178,243,421
SRockdale,NPaulding,1,0,0,0,0,0,1,0,0,1,0,1
SRockdale,WPaulding,0,0,0,0,9,0,0,9,0,0,9,9
SRockdale,EPaulding,5,1,0,3,5,0,8,6,0,6,8,14
SRockdale,NSpalding,92,12,0,21,31,0,113,43,0,104,52,156
SRockdale,SSpalding,46,15,0,8,6,0,54,21,0,61,14,75
SRockdale,WWalton,302,61,0,123,509,0,425,570,0,363,632,995
SRockdale,EWalton,213,26,0,50,67,0,263,93,0,239,117,356
NRockdale,NFulton,88,12,0,28,53,1,116,65,1,100,82,182
NRockdale,Roswell,42,8,0,14,51,0,56,59,0,50,65,115
NRockdale,SandySprings,233,52,13,47,54,1,280,106,14,298,102,400
NRockdale,Buckhead,265,61,23,42,117,1,307,178,24,349,160,509
NRockdale,NWAtlanta,178,35,5,32,48,3,210,83,8,218,83,301
NRockdale,NEAtlanta,471,101,28,130,275,15,601,376,43,600,420,1020
NRockdale,SWAtlanta,130,24,3,43,94,5,173,118,8,157,142,299
NRockdale,CBDAtlanta,471,113,124,117,298,34,588,411,158,708,449,1157
NRockdale,SEAtlanta,218,46,2,66,101,3,284,147,5,266,170,436
NRockdale,SFulton,62,7,0,21,7,0,83,14,0,69,28,97
NRockdale,Tri-Cities,215,38,2,18,117,1,233,155,3,255,136,391
NRockdale,Shannon,87,11,0,21,30,0,108,41,0,98,51,149
NRockdale,WCherokee,0,0,0,0,0,0,0,0,0,0,0,0
NRockdale,NCherokee,0,0,0,1,0,0,1,0,0,0,1,1
NRockdale,ECentCherokee,2,1,0,5,14,0,7,15,0,3,19,22
NRockdale,Woodstock,7,4,0,3,4,0,10,8,0,11,7,18
NRockdale,Airport,184,25,18,16,9,0,200,34,18,227,25,252
NRockdale,NEClayton,413,62,0,72,187,2,485,249,2,475,261,736
NRockdale,Riverdale,59,8,0,23,64,0,82,72,0,67,87,154
NRockdale,SClayton,201,43,0,49,76,0,250,119,0,244,125,369
NRockdale,NWCobb,18,7,0,7,4,0,25,11,0,25,11,36
NRockdale,NECobb,46,9,0,20,37,0,66,46,0,55,57,112
NRockdale,SWCobb,10,1,0,10,8,0,20,9,0,11,18,29
NRockdale,Marietta,43,12,0,14,8,2,57,20,2,55,24,79
NRockdale,Cumberland,208,63,2,27,100,0,235,163,2,273,127,400
NRockdale,SCobb,84,14,0,25,48,0,109,62,0,98,73,171
NRockdale,Chamblee,368,67,13,65,100,1,433,167,14,448,166,614
NRockdale,NWDeKalb,472,92,2,115,502,19,587,594,21,566,636,1202
NRockdale,NEDeKalb,902,161,2,327,801,6,1229,962,8,1065,1134,2199
NRockdale,Atlanta-DeKalb,118,19,0,36,119,0,154,138,0,137,155,292
NRockdale,Decatur,113,18,1,46,84,5,159,102,6,132,135,267
NRockdale,SWDeKalb,466,95,6,202,626,6,668,721,12,567,834,1401
NRockdale,SEDeKalb,2607,521,14,2188,5596,14,4795,6117,28,3142,7798,10940
NRockdale,SDeKalb,1972,413,15,1900,4979,12,3872,5392,27,2400,6891,9291
NRockdale,WDouglas,17,1,0,8,16,0,25,17,0,18,24,42
NRockdale,EDouglas,43,13,0,19,56,0,62,69,0,56,75,131
NRockdale,WFayette,27,4,0,18,27,0,45,31,0,31,45,76
NRockdale,EFayette,58,8,0,19,32,0,77,40,0,66,51,117
NRockdale,NGwinnett,356,67,0,77,191,0,433,258,0,423,268,691
NRockdale,CentGwinnett,857,158,0,247,570,0,1104,728,0,1015,817,1832
NRockdale,EGwinnett,677,128,0,161,434,0,838,562,0,805,595,1400
NRockdale,Norcross,457,80,0,100,157,0,557,237,0,537,257,794
NRockdale,Lilburn,672,127,0,318,1001,0,990,1128,0,799,1319,2118
NRockdale,Snellville,2940,557,0,1838,5274,0,4778,5831,0,3497,7112,10609
NRockdale,NHenry,837,176,0,382,1007,0,1219,1183,0,1013,1389,2402
NRockdale,EHenry,1410,226,0,709,2019,0,2119,2245,0,1636,2728,4364
NRockdale,SHenry,844,155,0,198,463,0,1042,618,0,999,661,1660
NRockdale,SRockdale,5525,1078,0,8856,22820,0,14381,23898,0,6603,31676,38279
NRockdale,NRockdale,26299,5571,0,51410,95761,2,77709,101332,2,31870,147173,179043
NRockdale,NBarrow,156,23,0,25,32,0,181,55,0,179,57,236
NRockdale,SBarrow,214,36,0,45,107,0,259,143,0,250,152,402
NRockdale,NWBartow,0,0,0,0,0,0,0,0,0,0,0,0
NRockdale,NEBartow,0,0,0,0,0,0,0,0,0,0,0,0
NRockdale,SWBartow,0,0,0,0,0,0,0,0,0,0,0,0
NRockdale,Cartersville,2,0,0,1,0,0,3,0,0,2,1,3
NRockdale,NECarroll,1,0,0,1,9,0,2,9,0,1,10,11
NRockdale,WCarroll,0,0,0,0,0,0,0,0,0,0,0,0
NRockdale,CentralCarroll,0,0,0,1,0,0,1,0,0,0,1,1
NRockdale,SECarroll,1,0,0,0,0,0,1,0,0,1,0,1
NRockdale,WCoweta,4,0,0,1,9,0,5,9,0,4,10,14
NRockdale,NCoweta,26,1,0,11,11,0,37,12,0,27,22,49
NRockdale,SCoweta,0,0,0,2,0,0,2,0,0,0,2,2
NRockdale,SECoweta,5,0,0,2,0,0,7,0,0,5,2,7
NRockdale,NForsyth,0,2,0,2,2,0,2,4,0,2,4,6
NRockdale,Cumming,14,4,0,5,7,0,19,11,0,18,12,30
NRockdale,SForsyth,21,7,0,8,2,0,29,9,0,28,10,38
NRockdale,NHall,4,1,0,3,0,0,7,1,0,5,3,8
NRockdale,Gainesville,15,2,0,6,13,0,21,15,0,17,19,36
NRockdale,SHall,43,4,0,21,13,0,64,17,0,47,34,81
NRockdale,WNewton,9614,1758,0,8379,20777,0,17993,22535,0,11372,29156,40528
NRockdale,ENewton,847,140,0,314,684,0,1161,824,0,987,998,1985
NRockdale,NPaulding,2,0,0,0,0,0,2,0,0,2,0,2
NRockdale,WPaulding,1,0,0,0,0,0,1,0,0,1,0,1
NRockdale,EPaulding,13,1,0,12,9,0,25,10,0,14,21,35
NRockdale,NSpalding,75,18,0,24,55,0,99,73,0,93,79,172
NRockdale,SSpalding,42,14,0,9,23,0,51,37,0,56,32,88
NRockdale,WWalton,2109,352,0,1054,3108,0,3163,3460,0,2461,4162,6623
NRockdale,EWalton,966,174,0,187,634,0,1153,808,0,1140,821,1961
NBarrow,NFulton,290,60,0,60,85,0,350,145,0,350,145,495
NBarrow,Roswell,116,15,0,24,51,0,140,66,0,131,75,206
NBarrow,SandySprings,225,38,0,33,74,0,258,112,0,263,107,370
NBarrow,Buckhead,165,28,0,21,76,0,186,104,0,193,97,290
NBarrow,NWAtlanta,56,13,0,9,4,0,65,17,0,69,13,82
NBarrow,NEAtlanta,109,20,0,39,92,1,148,112,1,129,132,261
NBarrow,SWAtlanta,18,3,1,9,30,1,27,33,2,22,40,62
NBarrow,CBDAtlanta,57,20,2,21,86,3,78,106,5,79,110,189
NBarrow,SEAtlanta,17,10,0,5,30,1,22,40,1,27,36,63
NBarrow,SFulton,7,0,0,1,0,0,8,0,0,7,1,8
NBarrow,Tri-Cities,30,9,0,3,38,0,33,47,0,39,41,80
NBarrow,Shannon,4,1,0,3,2,0,7,3,0,5,5,10
NBarrow,WCherokee,1,0,0,1,0,0,2,0,0,1,1,2
NBarrow,NCherokee,0,1,0,1,4,0,1,5,0,1,5,6
NBarrow,ECentCherokee,16,2,0,11,12,0,27,14,0,18,23,41
NBarrow,Woodstock,8,2,0,1,1,0,9,3,0,10,2,12
NBarrow,Airport,14,4,0,2,1,0,16,5,0,18,3,21
NBarrow,NEClayton,14,4,0,3,1,0,17,5,0,18,4,22
NBarrow,Riverdale,4,1,0,1,0,0,5,1,0,5,1,6
NBarrow,SClayton,0,0,0,0,0,0,0,0,0,0,0,0
NBarrow,NWCobb,10,2,0,4,2,0,14,4,0,12,6,18
NBarrow,NECobb,60,8,0,10,6,0,70,14,0,68,16,84
NBarrow,SWCobb,4,0,0,4,1,0,8,1,0,4,5,9
NBarrow,Marietta,37,3,0,6,9,0,43,12,0,40,15,55
NBarrow,Cumberland,148,24,0,16,21,0,164,45,0,172,37,209
NBarrow,SCobb,14,7,0,6,30,0,20,37,0,21,36,57
NBarrow,Chamblee,421,66,1,63,85,1,484,151,2,488,149,637
NBarrow,NWDeKalb,158,27,0,29,159,5,187,186,5,185,193,378
NBarrow,NEDeKalb,361,60,0,51,175,0,412,235,0,421,226,647
NBarrow,Atlanta-DeKalb,10,2,0,2,14,0,12,16,0,12,16,28
NBarrow,Decatur,11,2,0,5,6,0,16,8,0,13,11,24
NBarrow,SWDeKalb,30,5,0,16,42,0,46,47,0,35,58,93
NBarrow,SEDeKalb,85,15,0,21,63,0,106,78,0,100,84,184
NBarrow,SDeKalb,39,9,0,15,23,0,54,32,0,48,38,86
NBarrow,WDouglas,1,0,0,0,0,0,1,0,0,1,0,1
NBarrow,EDouglas,3,0,0,0,0,1,3,0,1,3,1,4
NBarrow,WFayette,0,0,0,0,0,0,0,0,0,0,0,0
NBarrow,EFayette,2,0,0,0,0,0,2,0,0,2,0,2
NBarrow,NGwinnett,4490,859,0,3700,11017,0,8190,11876,0,5349,14717,20066
NBarrow,CentGwinnett,2441,472,0,747,1875,0,3188,2347,0,2913,2622,5535
NBarrow,EGwinnett,2167,392,0,1954,6030,0,4121,6422,0,2559,7984,10543
NBarrow,Norcross,924,135,0,108,187,0,1032,322,0,1059,295,1354
NBarrow,Lilburn,227,45,0,53,159,0,280,204,0,272,212,484
NBarrow,Snellville,522,103,0,153,373,0,675,476,0,625,526,1151
NBarrow,NHenry,14,1,0,2,13,0,16,14,0,15,15,30
NBarrow,EHenry,7,0,0,6,11,0,13,11,0,7,17,24
NBarrow,SHenry,9,1,0,6,1,0,15,2,0,10,7,17
NBarrow,SRockdale,36,5,0,5,12,0,41,17,0,41,17,58
NBarrow,NRockdale,163,22,0,25,33,0,188,55,0,185,58,243
NBarrow,NBarrow,21086,3989,0,40668,95429,0,61754,99418,0,25075,136097,161172
NBarrow,SBarrow,5075,1037,0,7516,21339,0,12591,22376,0,6112,28855,34967
NBarrow,NWBartow,0,0,0,0,0,0,0,0,0,0,0,0
NBarrow,NEBartow,0,1,0,0,0,0,0,1,0,1,0,1
NBarrow,SWBartow,0,0,0,0,0,0,0,0,0,0,0,0
NBarrow,Cartersville,1,0,0,2,0,0,3,0,0,1,2,3
NBarrow,NECarroll,0,0,0,0,0,0,0,0,0,0,0,0
NBarrow,WCarroll,0,0,0,0,0,0,0,0,0,0,0,0
NBarrow,CentralCarroll,0,0,0,0,0,0,0,0,0,0,0,0
NBarrow,SECarroll,0,0,0,0,0,0,0,0,0,0,0,0
NBarrow,WCoweta,0,0,0,0,0,0,0,0,0,0,0,0
NBarrow,NCoweta,0,1,0,0,0,0,0,1,0,1,0,1
NBarrow,SCoweta,0,0,0,0,0,0,0,0,0,0,0,0
NBarrow,SECoweta,0,0,0,0,0,0,0,0,0,0,0,0
NBarrow,NForsyth,59,11,0,23,84,0,82,95,0,70,107,177
NBarrow,Cumming,181,28,0,52,101,0,233,129,0,209,153,362
NBarrow,SForsyth,224,30,0,47,119,0,271,149,0,254,166,420
NBarrow,NHall,78,16,0,24,106,0,102,122,0,94,130,224
NBarrow,Gainesville,858,165,0,270,707,0,1128,872,0,1023,977,2000
NBarrow,SHall,1482,274,0,1496,3753,0,2978,4027,0,1756,5249,7005
NBarrow,WNewton,171,21,0,38,78,0,209,99,0,192,116,308
NBarrow,ENewton,27,2,0,8,25,0,35,27,0,29,33,62
NBarrow,NPaulding,0,0,0,0,0,0,0,0,0,0,0,0
NBarrow,WPaulding,0,0,0,0,0,0,0,0,0,0,0,0
NBarrow,EPaulding,1,0,0,0,9,0,1,9,0,1,9,10
NBarrow,NSpalding,1,0,0,0,1,0,1,1,0,1,1,2
NBarrow,SSpalding,0,0,0,0,0,0,0,0,0,0,0,0
NBarrow,WWalton,527,107,0,243,592,0,770,699,0,634,835,1469
NBarrow,EWalton,1116,190,0,544,1471,0,1660,1661,0,1306,2015,3321
SBarrow,NFulton,230,47,0,48,124,0,278,171,0,277,172,449
SBarrow,Roswell,80,11,0,21,45,0,101,56,0,91,66,157
SBarrow,SandySprings,202,42,0,31,28,0,233,70,0,244,59,303
SBarrow,Buckhead,143,18,0,34,91,0,177,109,0,161,125,286
SBarrow,NWAtlanta,32,11,0,6,38,0,38,49,0,43,44,87
SBarrow,NEAtlanta,108,23,0,31,128,0,139,151,0,131,159,290
SBarrow,SWAtlanta,10,5,0,5,16,0,15,21,0,15,21,36
SBarrow,CBDAtlanta,57,13,1,20,71,0,77,84,1,71,91,162
SBarrow,SEAtlanta,19,1,0,7,13,0,26,14,0,20,20,40
SBarrow,SFulton,4,2,0,1,2,0,5,4,0,6,3,9
SBarrow,Tri-Cities,19,3,0,4,33,0,23,36,0,22,37,59
SBarrow,Shannon,4,0,0,0,1,0,4,1,0,4,1,5
SBarrow,WCherokee,0,0,0,0,0,0,0,0,0,0,0,0
SBarrow,NCherokee,1,0,0,1,1,0,2,1,0,1,2,3
SBarrow,ECentCherokee,6,0,0,2,6,0,8,6,0,6,8,14
SBarrow,Woodstock,8,2,0,7,3,0,15,5,0,10,10,20
SBarrow,Airport,8,3,1,2,2,0,10,5,1,12,4,16
SBarrow,NEClayton,20,1,0,5,6,0,25,7,0,21,11,32
SBarrow,Riverdale,7,2,0,0,1,0,7,3,0,9,1,10
SBarrow,SClayton,10,2,0,0,3,0,10,5,0,12,3,15
SBarrow,NWCobb,16,2,0,2,2,0,18,4,0,18,4,22
SBarrow,NECobb,47,10,0,9,13,0,56,23,0,57,22,79
SBarrow,SWCobb,2,1,0,0,0,0,2,1,0,3,0,3
SBarrow,Marietta,29,3,0,5,8,0,34,11,0,32,13,45
SBarrow,Cumberland,105,18,0,21,34,0,126,52,0,123,55,178
SBarrow,SCobb,8,6,0,4,31,0,12,37,0,14,35,49
SBarrow,Chamblee,340,64,1,67,129,0,407,193,1,405,196,601
SBarrow,NWDeKalb,123,16,0,40,184,3,163,200,3,139,227,366
SBarrow,NEDeKalb,314,51,0,68,138,0,382,189,0,365,206,571
SBarrow,Atlanta-DeKalb,6,2,0,7,13,0,13,15,0,8,20,28
SBarrow,Decatur,9,2,0,8,18,0,17,20,0,11,26,37
SBarrow,SWDeKalb,32,8,0,16,31,0,48,39,0,40,47,87
SBarrow,SEDeKalb,114,16,0,30,75,0,144,91,0,130,105,235
SBarrow,SDeKalb,54,9,0,9,41,0,63,50,0,63,50,113
SBarrow,WDouglas,1,0,0,0,0,0,1,0,0,1,0,1
SBarrow,EDouglas,2,0,0,1,2,0,3,2,0,2,3,5
SBarrow,WFayette,0,0,0,0,0,0,0,0,0,0,0,0
SBarrow,EFayette,3,0,0,0,5,0,3,5,0,3,5,8
SBarrow,NGwinnett,2268,407,0,1087,3388,0,3355,3795,0,2675,4475,7150
SBarrow,CentGwinnett,2141,383,0,757,1868,0,2898,2251,0,2524,2625,5149
SBarrow,EGwinnett,2112,414,0,2186,6023,0,4298,6437,0,2526,8209,10735
SBarrow,Norcross,757,120,0,98,291,0,855,411,0,877,389,1266
SBarrow,Lilburn,239,50,0,55,96,0,294,146,0,289,151,440
SBarrow,Snellville,606,112,0,224,586,0,830,698,0,718,810,1528
SBarrow,NHenry,23,2,0,4,29,0,27,31,0,25,33,58
SBarrow,EHenry,13,3,0,4,11,0,17,14,0,16,15,31
SBarrow,SHenry,15,1,0,3,3,0,18,4,0,16,6,22
SBarrow,SRockdale,49,6,0,8,19,0,57,25,0,55,27,82
SBarrow,NRockdale,237,44,0,49,97,0,286,141,0,281,146,427
SBarrow,NBarrow,5064,986,0,7463,21263,0,12527,22249,0,6050,28726,34776
SBarrow,SBarrow,11366,2129,0,20985,50668,0,32351,52797,0,13495,71653,85148
SBarrow,NWBartow,0,0,0,0,0,0,0,0,0,0,0,0
SBarrow,NEBartow,0,0,0,0,0,0,0,0,0,0,0,0
SBarrow,SWBartow,0,0,0,0,0,0,0,0,0,0,0,0
SBarrow,Cartersville,1,0,0,0,0,0,1,0,0,1,0,1
SBarrow,NECarroll,0,0,0,0,0,0,0,0,0,0,0,0
SBarrow,WCarroll,0,0,0,0,0,0,0,0,0,0,0,0
SBarrow,CentralCarroll,0,0,0,0,0,0,0,0,0,0,0,0
SBarrow,SECarroll,0,0,0,0,0,0,0,0,0,0,0,0
SBarrow,WCoweta,0,0,0,0,0,0,0,0,0,0,0,0
SBarrow,NCoweta,0,0,0,0,0,0,0,0,0,0,0,0
SBarrow,SCoweta,0,0,0,0,0,0,0,0,0,0,0,0
SBarrow,SECoweta,0,0,0,0,0,0,0,0,0,0,0,0
SBarrow,NForsyth,20,3,0,10,4,0,30,7,0,23,14,37
SBarrow,Cumming,92,13,0,35,90,0,127,103,0,105,125,230
SBarrow,SForsyth,135,15,0,24,23,0,159,38,0,150,47,197
SBarrow,NHall,27,4,0,12,11,0,39,15,0,31,23,54
SBarrow,Gainesville,306,60,0,76,134,0,382,194,0,366,210,576
SBarrow,SHall,478,81,0,236,301,0,714,382,0,559,537,1096
SBarrow,WNewton,232,37,0,51,135,0,283,172,0,269,186,455
SBarrow,ENewton,42,12,0,26,31,0,68,43,0,54,57,111
SBarrow,NPaulding,0,0,0,0,0,0,0,0,0,0,0,0
SBarrow,WPaulding,0,0,0,0,0,0,0,0,0,0,0,0
SBarrow,EPaulding,0,2,0,0,4,0,0,6,0,2,4,6
SBarrow,NSpalding,0,0,0,0,1,0,0,1,0,0,1,1
SBarrow,SSpalding,1,0,0,0,0,0,1,0,0,1,0,1
SBarrow,WWalton,700,113,0,360,1488,0,1060,1601,0,813,1848,2661
SBarrow,EWalton,1567,259,0,986,2803,0,2553,3062,0,1826,3789,5615
NWBartow,NFulton,64,7,0,21,21,0,85,28,0,71,42,113
NWBartow,Roswell,47,11,0,8,13,0,55,24,0,58,21,79
NWBartow,SandySprings,78,14,0,21,21,0,99,35,0,92,42,134
NWBartow,Buckhead,51,8,0,17,38,0,68,46,0,59,55,114
NWBartow,NWAtlanta,30,5,0,7,7,0,37,12,0,35,14,49
NWBartow,NEAtlanta,27,4,0,18,46,0,45,50,0,31,64,95
NWBartow,SWAtlanta,7,1,0,4,10,0,11,11,0,8,14,22
NWBartow,CBDAtlanta,13,4,0,7,25,0,20,29,0,17,32,49
NWBartow,SEAtlanta,6,0,0,2,5,0,8,5,0,6,7,13
NWBartow,SFulton,6,2,0,1,2,0,7,4,0,8,3,11
NWBartow,Tri-Cities,7,0,0,2,0,0,9,0,0,7,2,9
NWBartow,Shannon,0,0,0,0,0,0,0,0,0,0,0,0
NWBartow,WCherokee,120,12,0,62,96,0,182,108,0,132,158,290
NWBartow,NCherokee,18,8,0,1,22,0,19,30,0,26,23,49
NWBartow,ECentCherokee,283,45,0,62,163,0,345,208,0,328,225,553
NWBartow,Woodstock,255,44,0,59,105,0,314,149,0,299,164,463
NWBartow,Airport,4,0,0,0,0,0,4,0,0,4,0,4
NWBartow,NEClayton,2,0,0,0,0,0,2,0,0,2,0,2
NWBartow,Riverdale,1,0,0,0,0,0,1,0,0,1,0,1
NWBartow,SClayton,0,0,0,0,0,0,0,0,0,0,0,0
NWBartow,NWCobb,810,136,0,189,374,0,999,510,0,946,563,1509
NWBartow,NECobb,267,40,0,46,83,0,313,123,0,307,129,436
NWBartow,SWCobb,66,19,0,15,33,0,81,52,0,85,48,133
NWBartow,Marietta,220,32,0,41,114,0,261,146,0,252,155,407
NWBartow,Cumberland,242,43,0,31,58,0,273,101,0,285,89,374
NWBartow,SCobb,57,11,0,20,28,0,77,39,0,68,48,116
NWBartow,Chamblee,27,6,0,6,19,0,33,25,0,33,25,58
NWBartow,NWDeKalb,11,1,0,6,17,0,17,18,0,12,23,35
NWBartow,NEDeKalb,7,2,0,2,34,0,9,36,0,9,36,45
NWBartow,Atlanta-DeKalb,2,1,0,0,2,0,2,3,0,3,2,5
NWBartow,Decatur,1,0,0,0,0,0,1,0,0,1,0,1
NWBartow,SWDeKalb,3,0,0,4,0,0,7,0,0,3,4,7
NWBartow,SEDeKalb,0,0,0,0,0,0,0,0,0,0,0,0
NWBartow,SDeKalb,0,0,0,0,0,0,0,0,0,0,0,0
NWBartow,WDouglas,12,5,0,3,3,0,15,8,0,17,6,23
NWBartow,EDouglas,42,7,0,10,15,0,52,22,0,49,25,74
NWBartow,WFayette,0,0,0,0,0,0,0,0,0,0,0,0
NWBartow,EFayette,0,0,0,1,0,0,1,0,0,0,1,1
NWBartow,NGwinnett,1,0,0,2,0,0,3,0,0,1,2,3
NWBartow,CentGwinnett,1,0,0,1,1,0,2,1,0,1,2,3
NWBartow,EGwinnett,0,0,0,0,0,0,0,0,0,0,0,0
NWBartow,Norcross,11,0,0,1,0,0,12,0,0,11,1,12
NWBartow,Lilburn,1,0,0,0,0,0,1,0,0,1,0,1
NWBartow,Snellville,0,0,0,0,0,0,0,0,0,0,0,0
NWBartow,NHenry,0,0,0,0,0,0,0,0,0,0,0,0
NWBartow,EHenry,0,0,0,0,0,0,0,0,0,0,0,0
NWBartow,SHenry,0,0,0,0,0,0,0,0,0,0,0,0
NWBartow,SRockdale,1,0,0,0,0,0,1,0,0,1,0,1
NWBartow,NRockdale,0,0,0,0,0,0,0,0,0,0,0,0
NWBartow,NBarrow,0,0,0,0,0,0,0,0,0,0,0,0
NWBartow,SBarrow,0,0,0,0,0,0,0,0,0,0,0,0
NWBartow,NWBartow,7114,1256,0,13977,30253,0,21091,31509,0,8370,44230,52600
NWBartow,NEBartow,615,119,0,642,1553,0,1257,1672,0,734,2195,2929
NWBartow,SWBartow,467,108,0,431,1009,0,898,1117,0,575,1440,2015
NWBartow,Cartersville,3717,741,0,3156,8529,0,6873,9270,0,4458,11685,16143
NWBartow,NECarroll,11,2,0,1,2,0,12,4,0,13,3,16
NWBartow,WCarroll,0,0,0,1,0,0,1,0,0,0,1,1
NWBartow,CentralCarroll,10,0,0,2,2,0,12,2,0,10,4,14
NWBartow,SECarroll,0,0,0,0,0,0,0,0,0,0,0,0
NWBartow,WCoweta,0,0,0,0,0,0,0,0,0,0,0,0
NWBartow,NCoweta,0,0,0,0,0,0,0,0,0,0,0,0
NWBartow,SCoweta,0,0,0,0,0,0,0,0,0,0,0,0
NWBartow,SECoweta,0,0,0,0,0,0,0,0,0,0,0,0
NWBartow,NForsyth,1,0,0,3,0,0,4,0,0,1,3,4
NWBartow,Cumming,14,1,0,13,7,0,27,8,0,15,20,35
NWBartow,SForsyth,18,1,0,3,35,0,21,36,0,19,38,57
NWBartow,NHall,0,0,0,0,0,0,0,0,0,0,0,0
NWBartow,Gainesville,0,0,0,0,0,0,0,0,0,0,0,0
NWBartow,SHall,0,0,0,1,0,0,1,0,0,0,1,1
NWBartow,WNewton,0,0,0,0,0,0,0,0,0,0,0,0
NWBartow,ENewton,0,0,0,0,0,0,0,0,0,0,0,0
NWBartow,NPaulding,165,22,0,29,77,0,194,99,0,187,106,293
NWBartow,WPaulding,16,1,0,5,4,0,21,5,0,17,9,26
NWBartow,EPaulding,159,25,0,43,196,0,202,221,0,184,239,423
NWBartow,NSpalding,0,0,0,0,0,0,0,0,0,0,0,0
NWBartow,SSpalding,0,0,0,0,0,0,0,0,0,0,0,0
NWBartow,WWalton,0,0,0,0,0,0,0,0,0,0,0,0
NWBartow,EWalton,0,0,0,0,0,0,0,0,0,0,0,0
NEBartow,NFulton,104,16,0,32,55,0,136,71,0,120,87,207
NEBartow,Roswell,44,6,0,21,37,0,65,43,0,50,58,108
NEBartow,SandySprings,55,12,0,33,26,0,88,38,0,67,59,126
NEBartow,Buckhead,51,6,1,22,37,0,73,43,1,58,59,117
NEBartow,NWAtlanta,16,6,0,5,15,0,21,21,0,22,20,42
NEBartow,NEAtlanta,18,2,0,13,93,0,31,95,0,20,106,126
NEBartow,SWAtlanta,8,1,0,2,31,0,10,32,0,9,33,42
NEBartow,CBDAtlanta,18,4,0,17,69,1,35,73,1,22,87,109
NEBartow,SEAtlanta,5,1,0,2,13,0,7,14,0,6,15,21
NEBartow,SFulton,3,2,0,1,1,0,4,3,0,5,2,7
NEBartow,Tri-Cities,5,0,0,1,5,0,6,5,0,5,6,11
NEBartow,Shannon,1,0,0,0,1,0,1,1,0,1,1,2
NEBartow,WCherokee,403,66,0,278,860,0,681,926,0,469,1138,1607
NEBartow,NCherokee,42,5,0,13,27,0,55,32,0,47,40,87
NEBartow,ECentCherokee,442,88,0,254,622,0,696,710,0,530,876,1406
NEBartow,Woodstock,225,38,0,95,182,0,320,220,0,263,277,540
NEBartow,Airport,3,0,0,1,0,0,4,0,0,3,1,4
NEBartow,NEClayton,3,0,0,0,1,0,3,1,0,3,1,4
NEBartow,Riverdale,0,0,0,0,0,0,0,0,0,0,0,0
NEBartow,SClayton,1,0,0,0,1,0,1,1,0,1,1,2
NEBartow,NWCobb,666,104,0,257,536,0,923,640,0,770,793,1563
NEBartow,NECobb,229,37,0,68,101,0,297,138,0,266,169,435
NEBartow,SWCobb,50,7,0,22,18,0,72,25,0,57,40,97
NEBartow,Marietta,175,37,0,58,104,0,233,141,0,212,162,374
NEBartow,Cumberland,180,36,0,40,100,0,220,136,0,216,140,356
NEBartow,SCobb,31,9,0,20,66,0,51,75,0,40,86,126
NEBartow,Chamblee,34,6,1,19,24,0,53,30,1,41,43,84
NEBartow,NWDeKalb,15,0,0,6,88,0,21,88,0,15,94,109
NEBartow,NEDeKalb,9,1,0,5,15,0,14,16,0,10,20,30
NEBartow,Atlanta-DeKalb,2,1,0,1,4,0,3,5,0,3,5,8
NEBartow,Decatur,1,0,0,0,3,0,1,3,0,1,3,4
NEBartow,SWDeKalb,0,1,0,1,7,0,1,8,0,1,8,9
NEBartow,SEDeKalb,0,0,0,0,3,0,0,3,0,0,3,3
NEBartow,SDeKalb,2,1,0,1,3,0,3,4,0,3,4,7
NEBartow,WDouglas,10,1,0,7,8,0,17,9,0,11,15,26
NEBartow,EDouglas,17,11,0,14,9,0,31,20,0,28,23,51
NEBartow,WFayette,1,0,0,0,0,0,1,0,0,1,0,1
NEBartow,EFayette,1,0,0,0,0,0,1,0,0,1,0,1
NEBartow,NGwinnett,4,0,0,2,2,0,6,2,0,4,4,8
NEBartow,CentGwinnett,3,0,0,3,3,0,6,3,0,3,6,9
NEBartow,EGwinnett,0,0,0,0,0,0,0,0,0,0,0,0
NEBartow,Norcross,9,6,0,5,12,0,14,18,0,15,17,32
NEBartow,Lilburn,2,1,0,0,0,0,2,1,0,3,0,3
NEBartow,Snellville,0,0,0,0,1,0,0,1,0,0,1,1
NEBartow,NHenry,1,0,0,0,0,0,1,0,0,1,0,1
NEBartow,EHenry,0,0,0,0,0,0,0,0,0,0,0,0
NEBartow,SHenry,0,0,0,0,0,0,0,0,0,0,0,0
NEBartow,SRockdale,0,0,0,0,0,0,0,0,0,0,0,0
NEBartow,NRockdale,0,0,0,0,0,0,0,0,0,0,0,0
NEBartow,NBarrow,0,1,0,0,0,0,0,1,0,1,0,1
NEBartow,SBarrow,0,0,0,0,0,0,0,0,0,0,0,0
NEBartow,NWBartow,636,124,0,679,1469,0,1315,1593,0,760,2148,2908
NEBartow,NEBartow,3097,555,0,5048,10768,0,8145,11323,0,3652,15816,19468
NEBartow,SWBartow,165,21,0,90,276,0,255,297,0,186,366,552
NEBartow,Cartersville,2864,510,0,3184,7890,0,6048,8400,0,3374,11074,14448
NEBartow,NECarroll,2,0,0,0,0,0,2,0,0,2,0,2
NEBartow,WCarroll,1,0,0,0,0,0,1,0,0,1,0,1
NEBartow,CentralCarroll,1,1,0,2,1,0,3,2,0,2,3,5
NEBartow,SECarroll,0,0,0,0,0,0,0,0,0,0,0,0
NEBartow,WCoweta,0,0,0,0,0,0,0,0,0,0,0,0
NEBartow,NCoweta,0,0,0,0,0,0,0,0,0,0,0,0
NEBartow,SCoweta,0,0,0,0,0,0,0,0,0,0,0,0
NEBartow,SECoweta,0,0,0,0,0,0,0,0,0,0,0,0
NEBartow,NForsyth,12,2,0,9,4,0,21,6,0,14,13,27
NEBartow,Cumming,41,4,0,23,39,0,64,43,0,45,62,107
NEBartow,SForsyth,27,5,0,6,3,0,33,8,0,32,9,41
NEBartow,NHall,0,0,0,1,0,0,1,0,0,0,1,1
NEBartow,Gainesville,1,0,0,2,1,0,3,1,0,1,3,4
NEBartow,SHall,1,0,0,0,2,0,1,2,0,1,2,3
NEBartow,WNewton,0,0,0,0,0,0,0,0,0,0,0,0
NEBartow,ENewton,0,0,0,0,0,0,0,0,0,0,0,0
NEBartow,NPaulding,94,12,0,36,133,0,130,145,0,106,169,275
NEBartow,WPaulding,8,1,0,1,0,0,9,1,0,9,1,10
NEBartow,EPaulding,93,14,0,36,65,0,129,79,0,107,101,208
NEBartow,NSpalding,0,0,0,0,0,0,0,0,0,0,0,0
NEBartow,SSpalding,0,0,0,0,0,0,0,0,0,0,0,0
NEBartow,WWalton,0,0,0,0,0,0,0,0,0,0,0,0
NEBartow,EWalton,0,0,0,0,0,0,0,0,0,0,0,0
SWBartow,NFulton,91,14,0,18,48,0,109,62,0,105,66,171
SWBartow,Roswell,65,16,0,21,79,0,86,95,0,81,100,181
SWBartow,SandySprings,111,26,0,42,56,0,153,82,0,137,98,235
SWBartow,Buckhead,71,19,0,41,133,0,112,152,0,90,174,264
SWBartow,NWAtlanta,24,2,0,9,40,0,33,42,0,26,49,75
SWBartow,NEAtlanta,39,7,0,31,217,0,70,224,0,46,248,294
SWBartow,SWAtlanta,23,5,0,6,61,0,29,66,0,28,67,95
SWBartow,CBDAtlanta,34,6,0,14,156,0,48,162,0,40,170,210
SWBartow,SEAtlanta,6,0,0,7,23,0,13,23,0,6,30,36
SWBartow,SFulton,11,4,0,4,14,0,15,18,0,15,18,33
SWBartow,Tri-Cities,12,1,0,2,8,0,14,9,0,13,10,23
SWBartow,Shannon,2,1,0,2,1,0,4,2,0,3,3,6
SWBartow,WCherokee,50,8,0,15,44,0,65,52,0,58,59,117
SWBartow,NCherokee,9,1,0,1,2,0,10,3,0,10,3,13
SWBartow,ECentCherokee,153,28,0,43,101,0,196,129,0,181,144,325
SWBartow,Woodstock,375,57,0,114,360,0,489,417,0,432,474,906
SWBartow,Airport,6,0,0,0,5,0,6,5,0,6,5,11
SWBartow,NEClayton,2,1,0,1,1,0,3,2,0,3,2,5
SWBartow,Riverdale,2,0,0,2,10,0,4,10,0,2,12,14
SWBartow,SClayton,0,0,0,0,0,0,0,0,0,0,0,0
SWBartow,NWCobb,1197,219,0,488,1160,1,1685,1379,1,1416,1649,3065
SWBartow,NECobb,380,66,0,92,182,0,472,248,0,446,274,720
SWBartow,SWCobb,116,23,0,41,54,0,157,77,0,139,95,234
SWBartow,Marietta,324,54,0,96,236,0,420,290,0,378,332,710
SWBartow,Cumberland,312,53,0,64,180,0,376,233,0,365,244,609
SWBartow,SCobb,95,8,0,38,72,0,133,80,0,103,110,213
SWBartow,Chamblee,52,9,0,15,67,0,67,76,0,61,82,143
SWBartow,NWDeKalb,15,4,0,8,139,0,23,143,0,19,147,166
SWBartow,NEDeKalb,20,3,0,6,28,0,26,31,0,23,34,57
SWBartow,Atlanta-DeKalb,1,1,0,3,16,0,4,17,0,2,19,21
SWBartow,Decatur,4,0,0,1,3,0,5,3,0,4,4,8
SWBartow,SWDeKalb,3,1,0,3,9,0,6,10,0,4,12,16
SWBartow,SEDeKalb,0,0,0,0,4,0,0,4,0,0,4,4
SWBartow,SDeKalb,2,1,0,0,13,0,2,14,0,3,13,16
SWBartow,WDouglas,33,9,0,12,18,0,45,27,0,42,30,72
SWBartow,EDouglas,77,6,0,23,39,0,100,45,0,83,62,145
SWBartow,WFayette,0,0,0,0,0,0,0,0,0,0,0,0
SWBartow,EFayette,1,0,0,1,2,0,2,2,0,1,3,4
SWBartow,NGwinnett,1,0,0,2,0,0,3,0,0,1,2,3
SWBartow,CentGwinnett,1,1,0,4,14,0,5,15,0,2,18,20
SWBartow,EGwinnett,0,0,0,1,0,0,1,0,0,0,1,1
SWBartow,Norcross,35,4,0,7,10,0,42,14,0,39,17,56
SWBartow,Lilburn,0,0,0,2,1,0,2,1,0,0,3,3
SWBartow,Snellville,1,0,0,1,16,0,2,16,0,1,17,18
SWBartow,NHenry,1,0,0,1,0,0,2,0,0,1,1,2
SWBartow,EHenry,0,0,0,0,0,0,0,0,0,0,0,0
SWBartow,SHenry,0,0,0,0,0,0,0,0,0,0,0,0
SWBartow,SRockdale,0,0,0,0,0,0,0,0,0,0,0,0
SWBartow,NRockdale,0,0,0,1,0,0,1,0,0,0,1,1
SWBartow,NBarrow,0,0,0,0,0,0,0,0,0,0,0,0
SWBartow,SBarrow,0,0,0,0,0,0,0,0,0,0,0,0
SWBartow,NWBartow,517,94,0,434,1028,0,951,1122,0,611,1462,2073
SWBartow,NEBartow,173,29,0,88,247,0,261,276,0,202,335,537
SWBartow,SWBartow,4797,827,0,8053,19849,0,12850,20676,0,5624,27902,33526
SWBartow,Cartersville,4447,865,0,5583,15300,0,10030,16165,0,5312,20883,26195
SWBartow,NECarroll,20,2,0,13,39,0,33,41,0,22,52,74
SWBartow,WCarroll,2,2,0,0,1,0,2,3,0,4,1,5
SWBartow,CentralCarroll,23,3,0,8,13,0,31,16,0,26,21,47
SWBartow,SECarroll,1,0,0,0,0,0,1,0,0,1,0,1
SWBartow,WCoweta,0,0,0,0,0,0,0,0,0,0,0,0
SWBartow,NCoweta,2,0,0,0,0,0,2,0,0,2,0,2
SWBartow,SCoweta,0,0,0,0,0,0,0,0,0,0,0,0
SWBartow,SECoweta,0,0,0,1,0,0,1,0,0,0,1,1
SWBartow,NForsyth,2,0,0,2,0,0,4,0,0,2,2,4
SWBartow,Cumming,8,2,0,7,7,0,15,9,0,10,14,24
SWBartow,SForsyth,17,1,0,3,6,0,20,7,0,18,9,27
SWBartow,NHall,0,0,0,0,0,0,0,0,0,0,0,0
SWBartow,Gainesville,1,0,0,0,1,0,1,1,0,1,1,2
SWBartow,SHall,0,0,0,0,0,0,0,0,0,0,0,0
SWBartow,WNewton,0,0,0,0,0,0,0,0,0,0,0,0
SWBartow,ENewton,0,0,0,0,0,0,0,0,0,0,0,0
SWBartow,NPaulding,477,69,0,281,746,0,758,815,0,546,1027,1573
SWBartow,WPaulding,44,7,0,12,10,0,56,17,0,51,22,73
SWBartow,EPaulding,423,59,0,172,549,0,595,608,0,482,721,1203
SWBartow,NSpalding,0,0,0,0,0,0,0,0,0,0,0,0
SWBartow,SSpalding,0,0,0,0,0,0,0,0,0,0,0,0
SWBartow,WWalton,0,0,0,0,0,0,0,0,0,0,0,0
SWBartow,EWalton,0,0,0,0,0,0,0,0,0,0,0,0
Cartersville,NFulton,237,51,0,61,145,0,298,196,0,288,206,494
Cartersville,Roswell,198,37,0,48,80,0,246,117,0,235,128,363
Cartersville,SandySprings,302,52,1,78,126,0,380,178,1,355,204,559
Cartersville,Buckhead,240,42,1,45,92,0,285,134,1,283,137,420
Cartersville,NWAtlanta,91,17,0,25,85,0,116,102,0,108,110,218
Cartersville,NEAtlanta,140,22,3,72,280,2,212,302,5,165,354,519
Cartersville,SWAtlanta,46,10,0,24,51,0,70,61,0,56,75,131
Cartersville,CBDAtlanta,82,18,8,47,143,1,129,161,9,108,191,299
Cartersville,SEAtlanta,24,7,0,15,25,0,39,32,0,31,40,71
Cartersville,SFulton,45,9,0,15,12,0,60,21,0,54,27,81
Cartersville,Tri-Cities,36,14,0,13,21,0,49,35,0,50,34,84
Cartersville,Shannon,5,1,0,7,26,0,12,27,0,6,33,39
Cartersville,WCherokee,1186,202,0,526,1333,0,1712,1535,0,1388,1859,3247
Cartersville,NCherokee,118,23,0,27,72,0,145,95,0,141,99,240
Cartersville,ECentCherokee,1091,170,0,362,656,0,1453,826,0,1261,1018,2279
Cartersville,Woodstock,1998,342,0,1157,2417,0,3155,2759,0,2340,3574,5914
Cartersville,Airport,12,2,2,3,4,0,15,6,2,16,7,23
Cartersville,NEClayton,10,2,0,9,12,0,19,14,0,12,21,33
Cartersville,Riverdale,4,2,0,3,30,0,7,32,0,6,33,39
Cartersville,SClayton,2,2,0,4,2,0,6,4,0,4,6,10
Cartersville,NWCobb,5855,1008,2,4570,9973,0,10425,10981,2,6865,14543,21408
Cartersville,NECobb,1184,218,0,351,582,0,1535,800,0,1402,933,2335
Cartersville,SWCobb,461,85,0,160,365,0,621,450,0,546,525,1071
Cartersville,Marietta,1021,168,0,254,694,0,1275,862,0,1189,948,2137
Cartersville,Cumberland,904,154,0,156,406,0,1060,560,0,1058,562,1620
Cartersville,SCobb,252,44,0,71,151,0,323,195,0,296,222,518
Cartersville,Chamblee,153,31,1,54,65,0,207,96,1,185,119,304
Cartersville,NWDeKalb,40,10,1,25,135,1,65,145,2,51,161,212
Cartersville,NEDeKalb,43,16,0,21,45,0,64,61,0,59,66,125
Cartersville,Atlanta-DeKalb,7,2,0,6,13,0,13,15,0,9,19,28
Cartersville,Decatur,7,0,0,4,24,0,11,24,0,7,28,35
Cartersville,SWDeKalb,18,2,0,2,14,0,20,16,0,20,16,36
Cartersville,SEDeKalb,1,0,0,1,8,0,2,8,0,1,9,10
Cartersville,SDeKalb,10,3,0,5,21,0,15,24,0,13,26,39
Cartersville,WDouglas,91,9,0,25,44,0,116,53,0,100,69,169
Cartersville,EDouglas,166,44,0,43,98,0,209,142,0,210,141,351
Cartersville,WFayette,0,0,0,2,0,0,2,0,0,0,2,2
Cartersville,EFayette,1,0,0,0,0,0,1,0,0,1,0,1
Cartersville,NGwinnett,4,2,0,3,28,0,7,30,0,6,31,37
Cartersville,CentGwinnett,30,3,0,15,34,0,45,37,0,33,49,82
Cartersville,EGwinnett,2,1,0,0,1,0,2,2,0,3,1,4
Cartersville,Norcross,66,16,0,19,44,0,85,60,0,82,63,145
Cartersville,Lilburn,5,2,0,6,2,0,11,4,0,7,8,15
Cartersville,Snellville,2,0,0,5,1,0,7,1,0,2,6,8
Cartersville,NHenry,2,1,0,3,5,0,5,6,0,3,8,11
Cartersville,EHenry,1,0,0,0,1,0,1,1,0,1,1,2
Cartersville,SHenry,1,0,0,3,5,0,4,5,0,1,8,9
Cartersville,SRockdale,0,0,0,0,1,0,0,1,0,0,1,1
Cartersville,NRockdale,1,0,0,1,1,0,2,1,0,1,2,3
Cartersville,NBarrow,0,0,0,1,0,0,1,0,0,0,1,1
Cartersville,SBarrow,0,0,0,0,0,0,0,0,0,0,0,0
Cartersville,NWBartow,3912,725,0,3169,8542,0,7081,9267,0,4637,11711,16348
Cartersville,NEBartow,2940,510,0,3261,7944,0,6201,8454,0,3450,11205,14655
Cartersville,SWBartow,4675,918,0,5609,15518,0,10284,16436,0,5593,21127,26720
Cartersville,Cartersville,44488,8132,0,72189,139314,0,116677,147446,0,52620,211503,264123
Cartersville,NECarroll,62,12,0,16,7,0,78,19,0,74,23,97
Cartersville,WCarroll,4,1,0,1,4,0,5,5,0,5,5,10
Cartersville,CentralCarroll,38,5,0,19,14,0,57,19,0,43,33,76
Cartersville,SECarroll,1,1,0,1,1,0,2,2,0,2,2,4
Cartersville,WCoweta,0,0,0,1,2,0,1,2,0,0,3,3
Cartersville,NCoweta,3,1,0,1,0,0,4,1,0,4,1,5
Cartersville,SCoweta,0,0,0,0,0,0,0,0,0,0,0,0
Cartersville,SECoweta,0,0,0,0,1,0,0,1,0,0,1,1
Cartersville,NForsyth,67,3,0,22,28,0,89,31,0,70,50,120
Cartersville,Cumming,96,18,0,49,76,0,145,94,0,114,125,239
Cartersville,SForsyth,61,14,0,18,50,0,79,64,0,75,68,143
Cartersville,NHall,3,0,0,0,1,0,3,1,0,3,1,4
Cartersville,Gainesville,4,0,0,1,2,0,5,2,0,4,3,7
Cartersville,SHall,1,0,0,0,1,0,1,1,0,1,1,2
Cartersville,WNewton,0,0,0,2,0,0,2,0,0,0,2,2
Cartersville,ENewton,0,0,0,0,0,0,0,0,0,0,0,0
Cartersville,NPaulding,1946,340,0,1625,4115,0,3571,4455,0,2286,5740,8026
Cartersville,WPaulding,177,21,0,62,124,0,239,145,0,198,186,384
Cartersville,EPaulding,1114,212,0,376,987,0,1490,1199,0,1326,1363,2689
Cartersville,NSpalding,1,0,0,0,0,0,1,0,0,1,0,1
Cartersville,SSpalding,0,0,0,0,0,0,0,0,0,0,0,0
Cartersville,WWalton,0,0,0,0,0,0,0,0,0,0,0,0
Cartersville,EWalton,0,0,0,0,0,0,0,0,0,0,0,0
NECarroll,NFulton,10,1,0,6,3,0,16,4,0,11,9,20
NECarroll,Roswell,8,2,0,3,5,0,11,7,0,10,8,18
NECarroll,SandySprings,72,13,0,20,43,0,92,56,0,85,63,148
NECarroll,Buckhead,91,14,3,44,116,0,135,130,3,108,160,268
NECarroll,NWAtlanta,164,25,1,31,50,0,195,75,1,190,81,271
NECarroll,NEAtlanta,152,25,0,34,118,0,186,143,0,177,152,329
NECarroll,SWAtlanta,160,38,0,41,70,0,201,108,0,198,111,309
NECarroll,CBDAtlanta,100,13,5,40,107,0,140,120,5,118,147,265
NECarroll,SEAtlanta,52,13,0,18,60,0,70,73,0,65,78,143
NECarroll,SFulton,239,43,0,59,141,0,298,184,0,282,200,482
NECarroll,Tri-Cities,97,15,0,22,99,1,119,114,1,112,122,234
NECarroll,Shannon,114,26,0,23,55,0,137,81,0,140,78,218
NECarroll,WCherokee,0,0,0,0,0,0,0,0,0,0,0,0
NECarroll,NCherokee,0,0,0,0,0,0,0,0,0,0,0,0
NECarroll,ECentCherokee,7,1,0,6,12,0,13,13,0,8,18,26
NECarroll,Woodstock,41,6,0,11,56,0,52,62,0,47,67,114
NECarroll,Airport,39,2,0,11,3,0,50,5,0,41,14,55
NECarroll,NEClayton,36,8,0,9,13,0,45,21,0,44,22,66
NECarroll,Riverdale,8,3,0,2,6,0,10,9,0,11,8,19
NECarroll,SClayton,16,1,0,6,7,0,22,8,0,17,13,30
NECarroll,NWCobb,260,48,0,65,107,0,325,155,0,308,172,480
NECarroll,NECobb,93,22,0,16,24,0,109,46,0,115,40,155
NECarroll,SWCobb,224,53,0,62,95,0,286,148,0,277,157,434
NECarroll,Marietta,190,30,0,39,30,1,229,60,1,220,70,290
NECarroll,Cumberland,344,63,0,42,97,0,386,160,0,407,139,546
NECarroll,SCobb,408,69,0,67,288,0,475,357,0,477,355,832
NECarroll,Chamblee,54,13,1,13,51,0,67,64,1,68,64,132
NECarroll,NWDeKalb,49,11,0,17,43,0,66,54,0,60,60,120
NECarroll,NEDeKalb,30,4,0,10,6,0,40,10,0,34,16,50
NECarroll,Atlanta-DeKalb,7,4,0,4,5,0,11,9,0,11,9,20
NECarroll,Decatur,11,2,0,7,13,0,18,15,0,13,20,33
NECarroll,SWDeKalb,22,5,0,13,20,0,35,25,0,27,33,60
NECarroll,SEDeKalb,7,1,0,7,5,0,14,6,0,8,12,20
NECarroll,SDeKalb,19,3,0,8,8,0,27,11,0,22,16,38
NECarroll,WDouglas,3176,573,0,3358,8563,0,6534,9136,0,3749,11921,15670
NECarroll,EDouglas,1332,273,1,480,1292,0,1812,1565,1,1606,1772,3378
NECarroll,WFayette,84,13,0,14,45,0,98,58,0,97,59,156
NECarroll,EFayette,32,7,0,8,55,0,40,62,0,39,63,102
NECarroll,NGwinnett,2,0,0,1,2,0,3,2,0,2,3,5
NECarroll,CentGwinnett,3,1,0,5,3,0,8,4,0,4,8,12
NECarroll,EGwinnett,1,0,0,0,0,0,1,0,0,1,0,1
NECarroll,Norcross,19,1,0,4,10,0,23,11,0,20,14,34
NECarroll,Lilburn,5,1,0,1,18,0,6,19,0,6,19,25
NECarroll,Snellville,1,0,0,1,4,0,2,4,0,1,5,6
NECarroll,NHenry,4,1,0,3,3,0,7,4,0,5,6,11
NECarroll,EHenry,0,0,0,0,0,0,0,0,0,0,0,0
NECarroll,SHenry,3,0,0,0,3,0,3,3,0,3,3,6
NECarroll,SRockdale,0,0,0,1,1,0,1,1,0,0,2,2
NECarroll,NRockdale,1,0,0,1,2,0,2,2,0,1,3,4
NECarroll,NBarrow,0,0,0,0,0,0,0,0,0,0,0,0
NECarroll,SBarrow,0,0,0,0,0,0,0,0,0,0,0,0
NECarroll,NWBartow,10,2,0,1,2,0,11,4,0,12,3,15
NECarroll,NEBartow,3,1,0,1,0,0,4,1,0,4,1,5
NECarroll,SWBartow,22,6,0,12,30,0,34,36,0,28,42,70
NECarroll,Cartersville,66,7,0,20,9,0,86,16,0,73,29,102
NECarroll,NECarroll,14382,2750,0,27309,59553,0,41691,62303,0,17132,86862,103994
NECarroll,WCarroll,705,110,0,272,634,0,977,744,0,815,906,1721
NECarroll,CentralCarroll,4008,744,2,3134,8339,7,7142,9083,9,4754,11480,16234
NECarroll,SECarroll,192,37,0,79,208,0,271,245,0,229,287,516
NECarroll,WCoweta,136,22,0,26,63,0,162,85,0,158,89,247
NECarroll,NCoweta,244,28,0,66,69,0,310,97,0,272,135,407
NECarroll,SCoweta,16,4,0,5,3,0,21,7,0,20,8,28
NECarroll,SECoweta,4,4,0,4,7,0,8,11,0,8,11,19
NECarroll,NForsyth,0,0,0,0,0,0,0,0,0,0,0,0
NECarroll,Cumming,0,0,0,0,0,0,0,0,0,0,0,0
NECarroll,SForsyth,0,0,0,0,0,0,0,0,0,0,0,0
NECarroll,NHall,0,0,0,0,0,0,0,0,0,0,0,0
NECarroll,Gainesville,0,0,0,0,0,0,0,0,0,0,0,0
NECarroll,SHall,0,0,0,0,0,0,0,0,0,0,0,0
NECarroll,WNewton,0,0,0,0,0,0,0,0,0,0,0,0
NECarroll,ENewton,0,0,0,0,0,0,0,0,0,0,0,0
NECarroll,NPaulding,178,29,0,47,79,0,225,108,0,207,126,333
NECarroll,WPaulding,1204,226,0,1228,3370,0,2432,3596,0,1430,4598,6028
NECarroll,EPaulding,1949,376,0,1133,3174,0,3082,3550,0,2325,4307,6632
NECarroll,NSpalding,2,0,0,0,2,0,2,2,0,2,2,4
NECarroll,SSpalding,2,0,0,0,0,0,2,0,0,2,0,2
NECarroll,WWalton,0,0,0,0,0,0,0,0,0,0,0,0
NECarroll,EWalton,0,0,0,0,0,0,0,0,0,0,0,0
WCarroll,NFulton,0,0,0,1,0,0,1,0,0,0,1,1
WCarroll,Roswell,0,0,0,0,0,0,0,0,0,0,0,0
WCarroll,SandySprings,2,0,0,3,4,0,5,4,0,2,7,9
WCarroll,Buckhead,10,4,0,7,50,0,17,54,0,14,57,71
WCarroll,NWAtlanta,13,2,0,3,7,0,16,9,0,15,10,25
WCarroll,NEAtlanta,7,1,0,14,40,0,21,41,0,8,54,62
WCarroll,SWAtlanta,9,3,0,9,3,0,18,6,0,12,12,24
WCarroll,CBDAtlanta,17,0,0,12,9,0,29,9,0,17,21,38
WCarroll,SEAtlanta,6,1,0,3,3,0,9,4,0,7,6,13
WCarroll,SFulton,54,8,0,13,11,0,67,19,0,62,24,86
WCarroll,Tri-Cities,11,3,0,3,13,0,14,16,0,14,16,30
WCarroll,Shannon,24,2,0,9,8,0,33,10,0,26,17,43
WCarroll,WCherokee,0,0,0,0,0,0,0,0,0,0,0,0
WCarroll,NCherokee,0,0,0,0,0,0,0,0,0,0,0,0
WCarroll,ECentCherokee,1,0,0,1,0,0,2,0,0,1,1,2
WCarroll,Woodstock,4,0,0,0,0,0,4,0,0,4,0,4
WCarroll,Airport,7,2,0,1,4,0,8,6,0,9,5,14
WCarroll,NEClayton,3,2,0,3,4,0,6,6,0,5,7,12
WCarroll,Riverdale,3,0,0,1,1,0,4,1,0,3,2,5
WCarroll,SClayton,3,0,0,4,4,0,7,4,0,3,8,11
WCarroll,NWCobb,17,3,0,11,14,0,28,17,0,20,25,45
WCarroll,NECobb,7,1,0,5,1,0,12,2,0,8,6,14
WCarroll,SWCobb,24,3,0,7,42,0,31,45,0,27,49,76
WCarroll,Marietta,7,2,0,3,13,0,10,15,0,9,16,25
WCarroll,Cumberland,30,4,0,7,5,0,37,9,0,34,12,46
WCarroll,SCobb,44,10,0,19,28,0,63,38,0,54,47,101
WCarroll,Chamblee,5,0,0,0,2,0,5,2,0,5,2,7
WCarroll,NWDeKalb,2,0,0,0,2,0,2,2,0,2,2,4
WCarroll,NEDeKalb,0,0,0,0,1,0,0,1,0,0,1,1
WCarroll,Atlanta-DeKalb,0,0,0,0,1,0,0,1,0,0,1,1
WCarroll,Decatur,0,0,0,1,1,0,1,1,0,0,2,2
WCarroll,SWDeKalb,2,1,0,4,1,0,6,2,0,3,5,8
WCarroll,SEDeKalb,1,0,0,1,0,0,2,0,0,1,1,2
WCarroll,SDeKalb,1,0,0,1,1,0,2,1,0,1,2,3
WCarroll,WDouglas,257,45,0,69,173,0,326,218,0,302,242,544
WCarroll,EDouglas,139,25,0,31,113,0,170,138,0,164,144,308
WCarroll,WFayette,33,1,0,14,12,0,47,13,0,34,26,60
WCarroll,EFayette,5,1,0,4,12,0,9,13,0,6,16,22
WCarroll,NGwinnett,0,0,0,0,0,0,0,0,0,0,0,0
WCarroll,CentGwinnett,0,0,0,0,0,0,0,0,0,0,0,0
WCarroll,EGwinnett,0,0,0,0,0,0,0,0,0,0,0,0
WCarroll,Norcross,1,1,0,0,0,0,1,1,0,2,0,2
WCarroll,Lilburn,0,0,0,0,0,0,0,0,0,0,0,0
WCarroll,Snellville,1,0,0,0,0,0,1,0,0,1,0,1
WCarroll,NHenry,2,0,0,0,0,0,2,0,0,2,0,2
WCarroll,EHenry,0,0,0,0,1,0,0,1,0,0,1,1
WCarroll,SHenry,1,0,0,1,1,0,2,1,0,1,2,3
WCarroll,SRockdale,0,0,0,0,0,0,0,0,0,0,0,0
WCarroll,NRockdale,0,0,0,0,0,0,0,0,0,0,0,0
WCarroll,NBarrow,0,0,0,0,0,0,0,0,0,0,0,0
WCarroll,SBarrow,0,0,0,0,0,0,0,0,0,0,0,0
WCarroll,NWBartow,0,0,0,0,0,0,0,0,0,0,0,0
WCarroll,NEBartow,1,0,0,0,0,0,1,0,0,1,0,1
WCarroll,SWBartow,1,1,0,1,0,0,2,1,0,2,1,3
WCarroll,Cartersville,6,0,0,2,0,0,8,0,0,6,2,8
WCarroll,NECarroll,692,106,0,259,602,0,951,708,0,798,861,1659
WCarroll,WCarroll,5872,1211,0,9436,17578,0,15308,18789,0,7083,27014,34097
WCarroll,CentralCarroll,4436,800,19,3180,7773,33,7616,8573,52,5255,10986,16241
WCarroll,SECarroll,291,57,0,258,570,0,549,627,0,348,828,1176
WCarroll,WCoweta,63,24,0,35,23,0,98,47,0,87,58,145
WCarroll,NCoweta,136,19,0,43,136,0,179,155,0,155,179,334
WCarroll,SCoweta,12,5,0,5,3,0,17,8,0,17,8,25
WCarroll,SECoweta,9,1,0,2,0,0,11,1,0,10,2,12
WCarroll,NForsyth,0,0,0,0,0,0,0,0,0,0,0,0
WCarroll,Cumming,0,0,0,0,0,0,0,0,0,0,0,0
WCarroll,SForsyth,0,0,0,0,0,0,0,0,0,0,0,0
WCarroll,NHall,0,0,0,0,0,0,0,0,0,0,0,0
WCarroll,Gainesville,0,0,0,0,0,0,0,0,0,0,0,0
WCarroll,SHall,0,0,0,0,0,0,0,0,0,0,0,0
WCarroll,WNewton,0,0,0,0,0,0,0,0,0,0,0,0
WCarroll,ENewton,0,0,0,0,0,0,0,0,0,0,0,0
WCarroll,NPaulding,24,3,0,4,10,0,28,13,0,27,14,41
WCarroll,WPaulding,123,14,0,18,36,0,141,50,0,137,54,191
WCarroll,EPaulding,166,30,0,27,80,0,193,110,0,196,107,303
WCarroll,NSpalding,0,0,0,0,4,0,0,4,0,0,4,4
WCarroll,SSpalding,1,0,0,0,0,0,1,0,0,1,0,1
WCarroll,WWalton,0,0,0,0,0,0,0,0,0,0,0,0
WCarroll,EWalton,0,0,0,0,0,0,0,0,0,0,0,0
CentralCarroll,NFulton,4,1,0,0,6,0,4,7,0,5,6,11
CentralCarroll,Roswell,4,0,0,3,0,0,7,0,0,4,3,7
CentralCarroll,SandySprings,38,6,0,10,10,0,48,16,0,44,20,64
CentralCarroll,Buckhead,67,10,1,22,57,0,89,67,1,78,79,157
CentralCarroll,NWAtlanta,88,14,0,20,94,0,108,108,0,102,114,216
CentralCarroll,NEAtlanta,59,17,0,36,27,0,95,44,0,76,63,139
CentralCarroll,SWAtlanta,97,9,0,31,73,0,128,82,0,106,104,210
CentralCarroll,CBDAtlanta,51,9,3,43,53,1,94,62,4,63,97,160
CentralCarroll,SEAtlanta,42,4,0,22,71,0,64,75,0,46,93,139
CentralCarroll,SFulton,347,78,0,172,201,0,519,279,0,425,373,798
CentralCarroll,Tri-Cities,114,11,0,20,61,0,134,72,0,125,81,206
CentralCarroll,Shannon,222,25,0,52,95,0,274,120,0,247,147,394
CentralCarroll,WCherokee,3,0,0,0,1,0,3,1,0,3,1,4
CentralCarroll,NCherokee,0,0,0,0,0,0,0,0,0,0,0,0
CentralCarroll,ECentCherokee,1,0,0,8,1,0,9,1,0,1,9,10
CentralCarroll,Woodstock,9,3,0,8,9,0,17,12,0,12,17,29
CentralCarroll,Airport,69,8,0,5,5,0,74,13,0,77,10,87
CentralCarroll,NEClayton,46,6,0,16,11,0,62,17,0,52,27,79
CentralCarroll,Riverdale,31,5,0,14,18,0,45,23,0,36,32,68
CentralCarroll,SClayton,21,3,0,19,11,0,40,14,0,24,30,54
CentralCarroll,NWCobb,122,11,0,29,78,0,151,89,0,133,107,240
CentralCarroll,NECobb,43,7,0,14,27,0,57,34,0,50,41,91
CentralCarroll,SWCobb,131,16,0,56,71,0,187,87,0,147,127,274
CentralCarroll,Marietta,106,9,0,33,49,0,139,58,0,115,82,197
CentralCarroll,Cumberland,177,23,0,42,92,0,219,115,0,200,134,334
CentralCarroll,SCobb,262,42,0,60,127,0,322,169,0,304,187,491
CentralCarroll,Chamblee,19,4,0,10,22,0,29,26,0,23,32,55
CentralCarroll,NWDeKalb,17,4,0,17,31,0,34,35,0,21,48,69
CentralCarroll,NEDeKalb,12,2,0,6,5,0,18,7,0,14,11,25
CentralCarroll,Atlanta-DeKalb,7,1,0,2,5,0,9,6,0,8,7,15
CentralCarroll,Decatur,5,2,0,6,1,0,11,3,0,7,7,14
CentralCarroll,SWDeKalb,10,3,0,9,25,0,19,28,0,13,34,47
CentralCarroll,SEDeKalb,5,1,0,5,0,0,10,1,0,6,5,11
CentralCarroll,SDeKalb,22,2,0,4,8,0,26,10,0,24,12,36
CentralCarroll,WDouglas,2252,390,0,1338,2703,0,3590,3093,0,2642,4041,6683
CentralCarroll,EDouglas,773,149,0,260,463,0,1033,612,0,922,723,1645
CentralCarroll,WFayette,169,27,0,103,100,0,272,127,0,196,203,399
CentralCarroll,EFayette,70,14,0,35,56,0,105,70,0,84,91,175
CentralCarroll,NGwinnett,2,0,0,0,0,0,2,0,0,2,0,2
CentralCarroll,CentGwinnett,1,0,0,0,0,0,1,0,0,1,0,1
CentralCarroll,EGwinnett,0,0,0,1,1,0,1,1,0,0,2,2
CentralCarroll,Norcross,4,2,0,2,1,0,6,3,0,6,3,9
CentralCarroll,Lilburn,1,0,0,2,5,0,3,5,0,1,7,8
CentralCarroll,Snellville,0,0,0,2,0,0,2,0,0,0,2,2
CentralCarroll,NHenry,6,3,0,7,29,0,13,32,0,9,36,45
CentralCarroll,EHenry,2,0,0,0,0,0,2,0,0,2,0,2
CentralCarroll,SHenry,8,5,0,5,13,0,13,18,0,13,18,31
CentralCarroll,SRockdale,2,0,0,0,0,0,2,0,0,2,0,2
CentralCarroll,NRockdale,1,0,0,0,0,0,1,0,0,1,0,1
CentralCarroll,NBarrow,0,0,0,0,0,0,0,0,0,0,0,0
CentralCarroll,SBarrow,0,0,0,0,0,0,0,0,0,0,0,0
CentralCarroll,NWBartow,6,0,0,4,6,0,10,6,0,6,10,16
CentralCarroll,NEBartow,2,1,0,0,16,0,2,17,0,3,16,19
CentralCarroll,SWBartow,16,4,0,7,6,0,23,10,0,20,13,33
CentralCarroll,Cartersville,35,6,0,21,37,0,56,43,0,41,58,99
CentralCarroll,NECarroll,3982,791,2,3120,8204,7,7102,8995,9,4775,11331,16106
CentralCarroll,WCarroll,4393,824,19,3159,7775,33,7552,8599,52,5236,10967,16203
CentralCarroll,CentralCarroll,47614,8897,210,63185,122049,671,110799,130946,881,56721,185905,242626
CentralCarroll,SECarroll,2504,486,3,2414,5997,3,4918,6483,6,2993,8414,11407
CentralCarroll,WCoweta,1054,189,0,524,914,6,1578,1103,6,1243,1444,2687
CentralCarroll,NCoweta,1195,208,0,538,587,4,1733,795,4,1403,1129,2532
CentralCarroll,SCoweta,140,31,0,98,151,0,238,182,0,171,249,420
CentralCarroll,SECoweta,66,12,0,48,43,0,114,55,0,78,91,169
CentralCarroll,NForsyth,0,0,0,0,0,0,0,0,0,0,0,0
CentralCarroll,Cumming,0,0,0,0,0,0,0,0,0,0,0,0
CentralCarroll,SForsyth,1,0,0,0,0,0,1,0,0,1,0,1
CentralCarroll,NHall,0,0,0,0,0,0,0,0,0,0,0,0
CentralCarroll,Gainesville,0,0,0,0,0,0,0,0,0,0,0,0
CentralCarroll,SHall,0,0,0,0,0,0,0,0,0,0,0,0
CentralCarroll,WNewton,2,0,0,0,0,0,2,0,0,2,0,2
CentralCarroll,ENewton,0,0,0,0,0,0,0,0,0,0,0,0
CentralCarroll,NPaulding,112,17,0,60,35,0,172,52,0,129,95,224
CentralCarroll,WPaulding,530,94,0,264,379,0,794,473,0,624,643,1267
CentralCarroll,EPaulding,942,157,0,407,535,0,1349,692,0,1099,942,2041
CentralCarroll,NSpalding,6,2,0,4,1,0,10,3,0,8,5,13
CentralCarroll,SSpalding,5,2,0,9,24,0,14,26,0,7,33,40
CentralCarroll,WWalton,0,0,0,0,0,0,0,0,0,0,0,0
CentralCarroll,EWalton,0,0,0,0,0,0,0,0,0,0,0,0
SECarroll,NFulton,2,0,0,0,0,0,2,0,0,2,0,2
SECarroll,Roswell,0,0,0,0,0,0,0,0,0,0,0,0
SECarroll,SandySprings,6,1,0,7,5,0,13,6,0,7,12,19
SECarroll,Buckhead,5,1,0,5,3,0,10,4,0,6,8,14
SECarroll,NWAtlanta,18,3,0,2,3,0,20,6,0,21,5,26
SECarroll,NEAtlanta,10,3,0,18,20,0,28,23,0,13,38,51
SECarroll,SWAtlanta,22,4,0,15,19,0,37,23,0,26,34,60
SECarroll,CBDAtlanta,11,7,0,9,22,0,20,29,0,18,31,49
SECarroll,SEAtlanta,10,4,0,8,18,0,18,22,0,14,26,40
SECarroll,SFulton,98,13,0,20,37,0,118,50,0,111,57,168
SECarroll,Tri-Cities,27,4,0,10,14,0,37,18,0,31,24,55
SECarroll,Shannon,47,6,0,14,27,0,61,33,0,53,41,94
SECarroll,WCherokee,0,0,0,0,0,0,0,0,0,0,0,0
SECarroll,NCherokee,0,0,0,0,0,0,0,0,0,0,0,0
SECarroll,ECentCherokee,0,0,0,0,0,0,0,0,0,0,0,0
SECarroll,Woodstock,2,1,0,1,1,0,3,2,0,3,2,5
SECarroll,Airport,9,2,0,1,1,0,10,3,0,11,2,13
SECarroll,NEClayton,14,1,0,2,7,0,16,8,0,15,9,24
SECarroll,Riverdale,2,1,0,4,3,0,6,4,0,3,7,10
SECarroll,SClayton,9,0,0,5,2,0,14,2,0,9,7,16
SECarroll,NWCobb,11,1,0,8,31,0,19,32,0,12,39,51
SECarroll,NECobb,12,3,0,3,1,0,15,4,0,15,4,19
SECarroll,SWCobb,12,0,0,6,12,0,18,12,0,12,18,30
SECarroll,Marietta,16,1,0,7,6,0,23,7,0,17,13,30
SECarroll,Cumberland,30,5,0,12,5,0,42,10,0,35,17,52
SECarroll,SCobb,34,5,0,10,67,0,44,72,0,39,77,116
SECarroll,Chamblee,12,0,0,4,3,0,16,3,0,12,7,19
SECarroll,NWDeKalb,4,1,0,1,19,0,5,20,0,5,20,25
SECarroll,NEDeKalb,4,0,0,2,1,0,6,1,0,4,3,7
SECarroll,Atlanta-DeKalb,1,0,0,2,0,0,3,0,0,1,2,3
SECarroll,Decatur,3,0,0,0,0,0,3,0,0,3,0,3
SECarroll,SWDeKalb,4,0,0,2,5,0,6,5,0,4,7,11
SECarroll,SEDeKalb,0,0,0,2,1,0,2,1,0,0,3,3
SECarroll,SDeKalb,2,0,0,3,1,0,5,1,0,2,4,6
SECarroll,WDouglas,312,74,0,172,537,1,484,611,1,386,710,1096
SECarroll,EDouglas,152,25,0,52,114,0,204,139,0,177,166,343
SECarroll,WFayette,59,10,0,16,37,0,75,47,0,69,53,122
SECarroll,EFayette,20,2,0,7,11,0,27,13,0,22,18,40
SECarroll,NGwinnett,0,0,0,0,0,0,0,0,0,0,0,0
SECarroll,CentGwinnett,1,0,0,0,0,0,1,0,0,1,0,1
SECarroll,EGwinnett,0,0,0,0,0,0,0,0,0,0,0,0
SECarroll,Norcross,1,0,0,1,4,0,2,4,0,1,5,6
SECarroll,Lilburn,1,0,0,0,0,0,1,0,0,1,0,1
SECarroll,Snellville,1,0,0,0,0,0,1,0,0,1,0,1
SECarroll,NHenry,1,0,0,5,4,0,6,4,0,1,9,10
SECarroll,EHenry,0,0,0,0,0,0,0,0,0,0,0,0
SECarroll,SHenry,2,0,0,1,9,0,3,9,0,2,10,12
SECarroll,SRockdale,0,0,0,0,0,0,0,0,0,0,0,0
SECarroll,NRockdale,1,0,0,0,0,0,1,0,0,1,0,1
SECarroll,NBarrow,0,0,0,0,0,0,0,0,0,0,0,0
SECarroll,SBarrow,0,0,0,0,0,0,0,0,0,0,0,0
SECarroll,NWBartow,0,0,0,0,1,0,0,1,0,0,1,1
SECarroll,NEBartow,0,0,0,1,0,0,1,0,0,0,1,1
SECarroll,SWBartow,2,0,0,0,1,0,2,1,0,2,1,3
SECarroll,Cartersville,1,1,0,1,1,0,2,2,0,2,2,4
SECarroll,NECarroll,184,39,0,88,219,0,272,258,0,223,307,530
SECarroll,WCarroll,291,60,0,261,557,0,552,617,0,351,818,1169
SECarroll,CentralCarroll,2477,479,3,2364,5962,3,4841,6441,6,2959,8329,11288
SECarroll,SECarroll,1581,319,0,3433,7795,0,5014,8114,0,1900,11228,13128
SECarroll,WCoweta,291,50,0,300,914,0,591,964,0,341,1214,1555
SECarroll,NCoweta,384,76,0,245,778,0,629,854,0,460,1023,1483
SECarroll,SCoweta,32,8,0,12,24,0,44,32,0,40,36,76
SECarroll,SECoweta,13,2,0,6,6,0,19,8,0,15,12,27
SECarroll,NForsyth,0,0,0,0,0,0,0,0,0,0,0,0
SECarroll,Cumming,0,0,0,0,0,0,0,0,0,0,0,0
SECarroll,SForsyth,0,0,0,0,0,0,0,0,0,0,0,0
SECarroll,NHall,0,0,0,0,0,0,0,0,0,0,0,0
SECarroll,Gainesville,0,0,0,0,0,0,0,0,0,0,0,0
SECarroll,SHall,0,0,0,0,0,0,0,0,0,0,0,0
SECarroll,WNewton,1,0,0,0,0,0,1,0,0,1,0,1
SECarroll,ENewton,0,0,0,0,0,0,0,0,0,0,0,0
SECarroll,NPaulding,10,0,0,1,9,0,11,9,0,10,10,20
SECarroll,WPaulding,24,3,0,5,13,0,29,16,0,27,18,45
SECarroll,EPaulding,75,12,0,31,19,0,106,31,0,87,50,137
SECarroll,NSpalding,1,0,0,0,14,0,1,14,0,1,14,15
SECarroll,SSpalding,4,0,0,0,2,0,4,2,0,4,2,6
SECarroll,WWalton,0,0,0,0,0,0,0,0,0,0,0,0
SECarroll,EWalton,0,0,0,0,0,0,0,0,0,0,0,0
WCoweta,NFulton,8,0,0,2,0,0,10,0,0,8,2,10
WCoweta,Roswell,3,1,0,0,0,0,3,1,0,4,0,4
WCoweta,SandySprings,33,7,0,7,23,0,40,30,0,40,30,70
WCoweta,Buckhead,59,12,1,18,54,1,77,66,2,72,73,145
WCoweta,NWAtlanta,98,14,0,11,50,0,109,64,0,112,61,173
WCoweta,NEAtlanta,109,21,1,38,97,1,147,118,2,131,136,267
WCoweta,SWAtlanta,142,21,0,31,56,1,173,77,1,163,88,251
WCoweta,CBDAtlanta,102,16,8,29,96,1,131,112,9,126,126,252
WCoweta,SEAtlanta,71,16,0,23,49,0,94,65,0,87,72,159
WCoweta,SFulton,416,66,0,120,375,0,536,441,0,482,495,977
WCoweta,Tri-Cities,319,63,0,55,139,0,374,202,0,382,194,576
WCoweta,Shannon,490,74,0,98,226,0,588,300,0,564,324,888
WCoweta,WCherokee,0,0,0,0,0,0,0,0,0,0,0,0
WCoweta,NCherokee,0,0,0,0,0,0,0,0,0,0,0,0
WCoweta,ECentCherokee,0,0,0,0,9,0,0,9,0,0,9,9
WCoweta,Woodstock,4,0,0,1,0,0,5,0,0,4,1,5
WCoweta,Airport,187,24,1,17,37,0,204,61,1,212,54,266
WCoweta,NEClayton,147,24,0,24,29,0,171,53,0,171,53,224
WCoweta,Riverdale,92,17,0,30,47,0,122,64,0,109,77,186
WCoweta,SClayton,73,17,0,21,31,0,94,48,0,90,52,142
WCoweta,NWCobb,21,2,0,11,4,0,32,6,0,23,15,38
WCoweta,NECobb,16,3,0,3,4,0,19,7,0,19,7,26
WCoweta,SWCobb,31,6,0,6,36,0,37,42,0,37,42,79
WCoweta,Marietta,23,7,0,6,18,0,29,25,0,30,24,54
WCoweta,Cumberland,144,24,0,18,49,0,162,73,0,168,67,235
WCoweta,SCobb,133,20,0,26,47,0,159,67,0,153,73,226
WCoweta,Chamblee,29,7,0,6,22,0,35,29,0,36,28,64
WCoweta,NWDeKalb,41,8,0,11,69,1,52,77,1,49,81,130
WCoweta,NEDeKalb,14,2,0,7,11,0,21,13,0,16,18,34
WCoweta,Atlanta-DeKalb,7,3,0,4,27,0,11,30,0,10,31,41
WCoweta,Decatur,3,3,1,2,2,0,5,5,1,7,4,11
WCoweta,SWDeKalb,34,5,0,7,14,0,41,19,0,39,21,60
WCoweta,SEDeKalb,5,0,0,5,2,0,10,2,0,5,7,12
WCoweta,SDeKalb,36,8,0,15,28,0,51,36,0,44,43,87
WCoweta,WDouglas,364,53,0,126,273,0,490,326,0,417,399,816
WCoweta,EDouglas,233,39,0,55,64,0,288,103,0,272,119,391
WCoweta,WFayette,759,118,0,203,481,0,962,599,0,877,684,1561
WCoweta,EFayette,247,32,0,38,83,0,285,115,0,279,121,400
WCoweta,NGwinnett,0,0,0,0,0,0,0,0,0,0,0,0
WCoweta,CentGwinnett,3,0,0,4,2,0,7,2,0,3,6,9
WCoweta,EGwinnett,1,0,0,1,0,0,2,0,0,1,1,2
WCoweta,Norcross,11,2,0,2,18,0,13,20,0,13,20,33
WCoweta,Lilburn,1,0,0,1,4,0,2,4,0,1,5,6
WCoweta,Snellville,4,0,0,1,0,0,5,0,0,4,1,5
WCoweta,NHenry,17,1,0,3,27,0,20,28,0,18,30,48
WCoweta,EHenry,4,0,0,2,0,0,6,0,0,4,2,6
WCoweta,SHenry,32,6,0,10,18,0,42,24,0,38,28,66
WCoweta,SRockdale,2,1,0,1,5,0,3,6,0,3,6,9
WCoweta,NRockdale,5,0,0,1,1,0,6,1,0,5,2,7
WCoweta,NBarrow,0,0,0,0,0,0,0,0,0,0,0,0
WCoweta,SBarrow,0,0,0,0,0,0,0,0,0,0,0,0
WCoweta,NWBartow,1,0,0,0,0,0,1,0,0,1,0,1
WCoweta,NEBartow,0,0,0,0,0,0,0,0,0,0,0,0
WCoweta,SWBartow,0,0,0,0,0,0,0,0,0,0,0,0
WCoweta,Cartersville,1,0,0,3,1,0,4,1,0,1,4,5
WCoweta,NECarroll,146,18,0,28,48,0,174,66,0,164,76,240
WCoweta,WCarroll,89,17,0,34,24,0,123,41,0,106,58,164
WCoweta,CentralCarroll,1047,186,0,529,964,4,1576,1150,4,1233,1497,2730
WCoweta,SECarroll,315,38,0,289,902,0,604,940,0,353,1191,1544
WCoweta,WCoweta,9032,1587,0,17652,39799,0,26684,41386,0,10619,57451,68070
WCoweta,NCoweta,8347,1521,0,11852,27479,0,20199,29000,0,9868,39331,49199
WCoweta,SCoweta,859,164,0,781,2098,0,1640,2262,0,1023,2879,3902
WCoweta,SECoweta,244,39,0,163,326,0,407,365,0,283,489,772
WCoweta,NForsyth,0,0,0,0,0,0,0,0,0,0,0,0
WCoweta,Cumming,0,0,0,0,0,0,0,0,0,0,0,0
WCoweta,SForsyth,0,0,0,1,0,0,1,0,0,0,1,1
WCoweta,NHall,0,0,0,0,0,0,0,0,0,0,0,0
WCoweta,Gainesville,0,0,0,0,0,0,0,0,0,0,0,0
WCoweta,SHall,0,0,0,0,0,0,0,0,0,0,0,0
WCoweta,WNewton,0,0,0,1,0,0,1,0,0,0,1,1
WCoweta,ENewton,0,0,0,1,0,0,1,0,0,0,1,1
WCoweta,NPaulding,3,0,0,3,1,0,6,1,0,3,4,7
WCoweta,WPaulding,19,1,0,6,1,0,25,2,0,20,7,27
WCoweta,EPaulding,58,14,0,35,47,0,93,61,0,72,82,154
WCoweta,NSpalding,37,2,0,12,7,0,49,9,0,39,19,58
WCoweta,SSpalding,60,10,0,13,26,0,73,36,0,70,39,109
WCoweta,WWalton,0,0,0,0,0,0,0,0,0,0,0,0
WCoweta,EWalton,0,0,0,0,0,0,0,0,0,0,0,0
NCoweta,NFulton,19,4,1,10,35,0,29,39,1,24,45,69
NCoweta,Roswell,21,2,0,14,14,0,35,16,0,23,28,51
NCoweta,SandySprings,193,32,12,37,77,5,230,109,17,237,119,356
NCoweta,Buckhead,375,78,32,58,227,1,433,305,33,485,286,771
NCoweta,NWAtlanta,413,64,11,68,160,2,481,224,13,488,230,718
NCoweta,NEAtlanta,614,115,50,179,445,31,793,560,81,779,655,1434
NCoweta,SWAtlanta,611,96,6,165,330,5,776,426,11,713,500,1213
NCoweta,CBDAtlanta,597,104,148,164,332,40,761,436,188,849,536,1385
NCoweta,SEAtlanta,524,83,1,154,240,8,678,323,9,608,402,1010
NCoweta,SFulton,2129,407,0,2098,5088,2,4227,5495,2,2536,7188,9724
NCoweta,Tri-Cities,1560,279,6,274,596,2,1834,875,8,1845,872,2717
NCoweta,Shannon,3130,562,4,1512,4019,9,4642,4581,13,3696,5540,9236
NCoweta,WCherokee,0,0,0,0,0,0,0,0,0,0,0,0
NCoweta,NCherokee,0,0,0,0,0,0,0,0,0,0,0,0
NCoweta,ECentCherokee,5,0,0,1,10,0,6,10,0,5,11,16
NCoweta,Woodstock,4,1,0,4,5,0,8,6,0,5,9,14
NCoweta,Airport,959,145,39,84,222,1,1043,367,40,1143,307,1450
NCoweta,NEClayton,752,134,1,117,318,0,869,452,1,887,435,1322
NCoweta,Riverdale,530,94,2,168,358,0,698,452,2,626,526,1152
NCoweta,SClayton,538,97,0,166,378,1,704,475,1,635,545,1180
NCoweta,NWCobb,69,10,0,34,32,0,103,42,0,79,66,145
NCoweta,NECobb,75,12,0,28,57,0,103,69,0,87,85,172
NCoweta,SWCobb,128,22,0,48,104,0,176,126,0,150,152,302
NCoweta,Marietta,152,26,0,42,57,2,194,83,2,178,101,279
NCoweta,Cumberland,682,95,3,79,149,2,761,244,5,780,230,1010
NCoweta,SCobb,424,77,0,89,144,0,513,221,0,501,233,734
NCoweta,Chamblee,157,40,20,42,69,3,199,109,23,217,114,331
NCoweta,NWDeKalb,229,62,5,89,266,12,318,328,17,296,367,663
NCoweta,NEDeKalb,141,38,0,50,117,2,191,155,2,179,169,348
NCoweta,Atlanta-DeKalb,49,11,2,19,60,1,68,71,3,62,80,142
NCoweta,Decatur,38,8,2,13,71,0,51,79,2,48,84,132
NCoweta,SWDeKalb,155,19,1,39,70,0,194,89,1,175,109,284
NCoweta,SEDeKalb,62,6,0,19,52,0,81,58,0,68,71,139
NCoweta,SDeKalb,224,45,2,77,109,0,301,154,2,271,186,457
NCoweta,WDouglas,933,148,0,279,673,0,1212,821,0,1081,952,2033
NCoweta,EDouglas,847,151,0,205,434,0,1052,585,0,998,639,1637
NCoweta,WFayette,6867,1231,0,5458,14778,0,12325,16009,0,8098,20236,28334
NCoweta,EFayette,1894,328,0,686,1677,0,2580,2005,0,2222,2363,4585
NCoweta,NGwinnett,6,0,0,1,0,0,7,0,0,6,1,7
NCoweta,CentGwinnett,24,4,0,21,15,0,45,19,0,28,36,64
NCoweta,EGwinnett,0,1,0,2,1,0,2,2,0,1,3,4
NCoweta,Norcross,55,21,0,8,68,0,63,89,0,76,76,152
NCoweta,Lilburn,20,2,0,6,6,0,26,8,0,22,12,34
NCoweta,Snellville,10,1,0,9,6,0,19,7,0,11,15,26
NCoweta,NHenry,162,39,0,53,106,0,215,145,0,201,159,360
NCoweta,EHenry,47,5,0,13,47,0,60,52,0,52,60,112
NCoweta,SHenry,351,64,0,99,148,0,450,212,0,415,247,662
NCoweta,SRockdale,17,2,0,4,11,0,21,13,0,19,15,34
NCoweta,NRockdale,24,2,0,12,15,0,36,17,0,26,27,53
NCoweta,NBarrow,0,0,0,0,0,0,0,0,0,0,0,0
NCoweta,SBarrow,0,0,0,0,0,0,0,0,0,0,0,0
NCoweta,NWBartow,0,0,0,0,0,0,0,0,0,0,0,0
NCoweta,NEBartow,0,0,0,0,0,0,0,0,0,0,0,0
NCoweta,SWBartow,1,0,0,0,4,0,1,4,0,1,4,5
NCoweta,Cartersville,2,0,0,2,0,0,4,0,0,2,2,4
NCoweta,NECarroll,245,30,0,61,82,0,306,112,0,275,143,418
NCoweta,WCarroll,125,20,0,47,112,0,172,132,0,145,159,304
NCoweta,CentralCarroll,1225,185,0,528,538,3,1753,723,3,1410,1069,2479
NCoweta,SECarroll,374,78,0,244,734,0,618,812,0,452,978,1430
NCoweta,WCoweta,8491,1618,0,11850,27662,0,20341,29280,0,10109,39512,49621
NCoweta,NCoweta,50668,9264,0,90133,191828,0,140801,201092,0,59932,281961,341893
NCoweta,SCoweta,2781,503,0,2826,7284,0,5607,7787,0,3284,10110,13394
NCoweta,SECoweta,2589,455,0,3318,7927,0,5907,8382,0,3044,11245,14289
NCoweta,NForsyth,0,0,0,0,1,0,0,1,0,0,1,1
NCoweta,Cumming,0,0,0,1,0,0,1,0,0,0,1,1
NCoweta,SForsyth,0,1,0,0,1,0,0,2,0,1,1,2
NCoweta,NHall,0,0,0,0,0,0,0,0,0,0,0,0
NCoweta,Gainesville,0,0,0,0,0,0,0,0,0,0,0,0
NCoweta,SHall,0,0,0,1,0,0,1,0,0,0,1,1
NCoweta,WNewton,13,1,0,7,25,0,20,26,0,14,32,46
NCoweta,ENewton,2,0,0,0,0,0,2,0,0,2,0,2
NCoweta,NPaulding,13,3,0,8,11,0,21,14,0,16,19,35
NCoweta,WPaulding,34,4,0,14,46,0,48,50,0,38,60,98
NCoweta,EPaulding,215,31,0,61,146,0,276,177,0,246,207,453
NCoweta,NSpalding,284,49,0,73,146,0,357,195,0,333,219,552
NCoweta,SSpalding,371,55,0,86,140,0,457,195,0,426,226,652
NCoweta,WWalton,6,0,0,1,2,0,7,2,0,6,3,9
NCoweta,EWalton,0,0,0,0,0,0,0,0,0,0,0,0
SCoweta,NFulton,1,0,0,2,0,0,3,0,0,1,2,3
SCoweta,Roswell,0,0,0,0,0,0,0,0,0,0,0,0
SCoweta,SandySprings,7,1,0,3,2,0,10,3,0,8,5,13
SCoweta,Buckhead,26,4,0,9,57,0,35,61,0,30,66,96
SCoweta,NWAtlanta,39,6,0,7,16,0,46,22,0,45,23,68
SCoweta,NEAtlanta,36,9,0,28,77,0,64,86,0,45,105,150
SCoweta,SWAtlanta,41,4,0,19,31,0,60,35,0,45,50,95
SCoweta,CBDAtlanta,35,6,3,27,68,1,62,74,4,44,96,140
SCoweta,SEAtlanta,40,7,0,22,42,0,62,49,0,47,64,111
SCoweta,SFulton,99,17,0,27,85,0,126,102,0,116,112,228
SCoweta,Tri-Cities,145,24,0,26,101,0,171,125,0,169,127,296
SCoweta,Shannon,251,40,0,36,96,0,287,136,0,291,132,423
SCoweta,WCherokee,0,0,0,0,0,0,0,0,0,0,0,0
SCoweta,NCherokee,0,0,0,0,0,0,0,0,0,0,0,0
SCoweta,ECentCherokee,0,0,0,0,0,0,0,0,0,0,0,0
SCoweta,Woodstock,0,0,0,0,0,0,0,0,0,0,0,0
SCoweta,Airport,73,10,0,8,35,0,81,45,0,83,43,126
SCoweta,NEClayton,77,9,0,17,33,0,94,42,0,86,50,136
SCoweta,Riverdale,37,8,0,15,28,0,52,36,0,45,43,88
SCoweta,SClayton,44,8,0,16,15,0,60,23,0,52,31,83
SCoweta,NWCobb,8,1,0,1,2,0,9,3,0,9,3,12
SCoweta,NECobb,7,1,0,1,1,0,8,2,0,8,2,10
SCoweta,SWCobb,7,0,0,2,17,0,9,17,0,7,19,26
SCoweta,Marietta,8,0,0,8,6,0,16,6,0,8,14,22
SCoweta,Cumberland,52,6,0,12,36,0,64,42,0,58,48,106
SCoweta,SCobb,34,5,0,10,22,0,44,27,0,39,32,71
SCoweta,Chamblee,4,2,0,7,2,0,11,4,0,6,9,15
SCoweta,NWDeKalb,13,3,0,11,75,0,24,78,0,16,86,102
SCoweta,NEDeKalb,8,2,0,4,6,1,12,8,1,10,11,21
SCoweta,Atlanta-DeKalb,2,3,0,2,6,0,4,9,0,5,8,13
SCoweta,Decatur,2,0,0,3,5,0,5,5,0,2,8,10
SCoweta,SWDeKalb,5,1,0,4,14,0,9,15,0,6,18,24
SCoweta,SEDeKalb,7,0,0,2,1,0,9,1,0,7,3,10
SCoweta,SDeKalb,15,2,0,10,6,0,25,8,0,17,16,33
SCoweta,WDouglas,61,8,0,22,31,0,83,39,0,69,53,122
SCoweta,EDouglas,54,8,0,15,13,0,69,21,0,62,28,90
SCoweta,WFayette,633,99,0,216,536,0,849,635,0,732,752,1484
SCoweta,EFayette,204,32,0,40,180,0,244,212,0,236,220,456
SCoweta,NGwinnett,0,0,0,0,0,0,0,0,0,0,0,0
SCoweta,CentGwinnett,0,0,0,0,0,0,0,0,0,0,0,0
SCoweta,EGwinnett,0,0,0,0,0,0,0,0,0,0,0,0
SCoweta,Norcross,6,1,0,0,1,0,6,2,0,7,1,8
SCoweta,Lilburn,0,0,0,0,0,0,0,0,0,0,0,0
SCoweta,Snellville,1,0,0,0,0,0,1,0,0,1,0,1
SCoweta,NHenry,3,0,0,4,13,0,7,13,0,3,17,20
SCoweta,EHenry,2,0,0,1,15,0,3,15,0,2,16,18
SCoweta,SHenry,41,2,0,15,19,0,56,21,0,43,34,77
SCoweta,SRockdale,0,0,0,0,0,0,0,0,0,0,0,0
SCoweta,NRockdale,0,0,0,0,0,0,0,0,0,0,0,0
SCoweta,NBarrow,0,0,0,0,0,0,0,0,0,0,0,0
SCoweta,SBarrow,0,0,0,0,0,0,0,0,0,0,0,0
SCoweta,NWBartow,0,0,0,0,0,0,0,0,0,0,0,0
SCoweta,NEBartow,0,0,0,0,0,0,0,0,0,0,0,0
SCoweta,SWBartow,0,0,0,0,0,0,0,0,0,0,0,0
SCoweta,Cartersville,0,0,0,0,0,0,0,0,0,0,0,0
SCoweta,NECarroll,16,4,0,7,19,0,23,23,0,20,26,46
SCoweta,WCarroll,14,3,0,4,2,0,18,5,0,17,6,23
SCoweta,CentralCarroll,137,36,0,105,167,0,242,203,0,173,272,445
SCoweta,SECarroll,27,6,0,10,31,0,37,37,0,33,41,74
SCoweta,WCoweta,793,160,0,773,2067,0,1566,2227,0,953,2840,3793
SCoweta,NCoweta,2715,500,0,2789,7146,0,5504,7646,0,3215,9935,13150
SCoweta,SCoweta,3349,676,0,5898,13562,0,9247,14238,0,4025,19460,23485
SCoweta,SECoweta,402,67,0,413,831,0,815,898,0,469,1244,1713
SCoweta,NForsyth,0,0,0,0,0,0,0,0,0,0,0,0
SCoweta,Cumming,1,0,0,0,0,0,1,0,0,1,0,1
SCoweta,SForsyth,0,0,0,0,0,0,0,0,0,0,0,0
SCoweta,NHall,0,0,0,0,0,0,0,0,0,0,0,0
SCoweta,Gainesville,0,0,0,0,0,0,0,0,0,0,0,0
SCoweta,SHall,0,0,0,0,0,0,0,0,0,0,0,0
SCoweta,WNewton,0,0,0,0,4,0,0,4,0,0,4,4
SCoweta,ENewton,0,0,0,0,0,0,0,0,0,0,0,0
SCoweta,NPaulding,2,0,0,1,0,0,3,0,0,2,1,3
SCoweta,WPaulding,2,2,0,0,1,0,2,3,0,4,1,5
SCoweta,EPaulding,7,0,0,2,15,0,9,15,0,7,17,24
SCoweta,NSpalding,51,12,0,27,18,0,78,30,0,63,45,108
SCoweta,SSpalding,64,9,0,17,71,0,81,80,0,73,88,161
SCoweta,WWalton,0,0,0,0,0,0,0,0,0,0,0,0
SCoweta,EWalton,0,0,0,0,0,0,0,0,0,0,0,0
SECoweta,NFulton,3,1,0,0,0,0,3,1,0,4,0,4
SECoweta,Roswell,2,1,0,1,0,0,3,1,0,3,1,4
SECoweta,SandySprings,14,4,1,2,9,1,16,13,2,19,12,31
SECoweta,Buckhead,39,8,1,15,58,1,54,66,2,48,74,122
SECoweta,NWAtlanta,62,8,0,10,34,0,72,42,0,70,44,114
SECoweta,NEAtlanta,57,7,6,26,66,2,83,73,8,70,94,164
SECoweta,SWAtlanta,96,17,0,19,101,1,115,118,1,113,121,234
SECoweta,CBDAtlanta,76,15,4,32,101,4,108,116,8,95,137,232
SECoweta,SEAtlanta,80,14,0,26,34,0,106,48,0,94,60,154
SECoweta,SFulton,141,29,0,45,77,0,186,106,0,170,122,292
SECoweta,Tri-Cities,215,35,0,47,91,0,262,126,0,250,138,388
SECoweta,Shannon,346,64,0,97,230,0,443,294,0,410,327,737
SECoweta,WCherokee,0,0,0,0,0,0,0,0,0,0,0,0
SECoweta,NCherokee,0,0,0,0,0,0,0,0,0,0,0,0
SECoweta,ECentCherokee,0,0,0,0,0,0,0,0,0,0,0,0
SECoweta,Woodstock,2,0,0,0,0,0,2,0,0,2,0,2
SECoweta,Airport,143,19,0,14,49,0,157,68,0,162,63,225
SECoweta,NEClayton,178,29,0,41,68,0,219,97,0,207,109,316
SECoweta,Riverdale,157,22,0,60,163,0,217,185,0,179,223,402
SECoweta,SClayton,221,40,0,100,209,0,321,249,0,261,309,570
SECoweta,NWCobb,8,1,0,1,8,0,9,9,0,9,9,18
SECoweta,NECobb,11,4,0,1,20,0,12,24,0,15,21,36
SECoweta,SWCobb,13,0,0,7,7,0,20,7,0,13,14,27
SECoweta,Marietta,23,4,0,3,14,0,26,18,0,27,17,44
SECoweta,Cumberland,88,15,0,11,40,1,99,55,1,103,52,155
SECoweta,SCobb,54,7,0,7,15,0,61,22,0,61,22,83
SECoweta,Chamblee,25,5,0,5,27,0,30,32,0,30,32,62
SECoweta,NWDeKalb,23,4,0,12,51,0,35,55,0,27,63,90
SECoweta,NEDeKalb,29,6,0,9,12,0,38,18,0,35,21,56
SECoweta,Atlanta-DeKalb,9,3,0,6,1,0,15,4,0,12,7,19
SECoweta,Decatur,4,0,0,5,0,0,9,0,0,4,5,9
SECoweta,SWDeKalb,21,4,0,7,18,0,28,22,0,25,25,50
SECoweta,SEDeKalb,9,1,0,6,26,0,15,27,0,10,32,42
SECoweta,SDeKalb,33,4,0,13,29,0,46,33,0,37,42,79
SECoweta,WDouglas,53,6,0,15,30,0,68,36,0,59,45,104
SECoweta,EDouglas,85,6,0,22,41,0,107,47,0,91,63,154
SECoweta,WFayette,3081,500,0,3278,8274,0,6359,8774,0,3581,11552,15133
SECoweta,EFayette,1104,195,0,721,1986,0,1825,2181,0,1299,2707,4006
SECoweta,NGwinnett,1,0,0,1,9,0,2,9,0,1,10,11
SECoweta,CentGwinnett,3,1,0,3,0,0,6,1,0,4,3,7
SECoweta,EGwinnett,0,0,0,0,0,0,0,0,0,0,0,0
SECoweta,Norcross,10,4,0,3,1,0,13,5,0,14,4,18
SECoweta,Lilburn,3,0,0,0,1,0,3,1,0,3,1,4
SECoweta,Snellville,1,0,0,1,1,0,2,1,0,1,2,3
SECoweta,NHenry,53,10,0,24,89,0,77,99,0,63,113,176
SECoweta,EHenry,18,2,0,9,16,0,27,18,0,20,25,45
SECoweta,SHenry,231,39,0,83,130,0,314,169,0,270,213,483
SECoweta,SRockdale,6,0,0,3,14,0,9,14,0,6,17,23
SECoweta,NRockdale,4,1,0,2,4,0,6,5,0,5,6,11
SECoweta,NBarrow,0,0,0,0,0,0,0,0,0,0,0,0
SECoweta,SBarrow,0,0,0,0,0,0,0,0,0,0,0,0
SECoweta,NWBartow,0,0,0,0,0,0,0,0,0,0,0,0
SECoweta,NEBartow,0,0,0,0,0,0,0,0,0,0,0,0
SECoweta,SWBartow,0,0,0,1,0,0,1,0,0,0,1,1
SECoweta,Cartersville,0,0,0,0,1,0,0,1,0,0,1,1
SECoweta,NECarroll,8,2,0,5,10,0,13,12,0,10,15,25
SECoweta,WCarroll,7,4,0,4,1,0,11,5,0,11,5,16
SECoweta,CentralCarroll,79,13,0,61,33,0,140,46,0,92,94,186
SECoweta,SECarroll,13,1,0,4,6,0,17,7,0,14,10,24
SECoweta,WCoweta,267,42,0,180,301,0,447,343,0,309,481,790
SECoweta,NCoweta,2565,440,0,3298,8015,0,5863,8455,0,3005,11313,14318
SECoweta,SCoweta,402,71,0,409,787,0,811,858,0,473,1196,1669
SECoweta,SECoweta,2958,523,0,7004,16024,0,9962,16547,0,3481,23028,26509
SECoweta,NForsyth,0,0,0,0,0,0,0,0,0,0,0,0
SECoweta,Cumming,0,0,0,0,0,0,0,0,0,0,0,0
SECoweta,SForsyth,1,0,0,0,0,0,1,0,0,1,0,1
SECoweta,NHall,0,0,0,0,0,0,0,0,0,0,0,0
SECoweta,Gainesville,0,0,0,0,0,0,0,0,0,0,0,0
SECoweta,SHall,0,0,0,0,0,0,0,0,0,0,0,0
SECoweta,WNewton,5,0,0,5,0,0,10,0,0,5,5,10
SECoweta,ENewton,2,0,0,0,0,0,2,0,0,2,0,2
SECoweta,NPaulding,0,0,0,0,1,0,0,1,0,0,1,1
SECoweta,WPaulding,1,0,0,0,2,0,1,2,0,1,2,3
SECoweta,EPaulding,19,1,0,3,7,0,22,8,0,20,10,30
SECoweta,NSpalding,365,75,0,247,335,0,612,410,0,440,582,1022
SECoweta,SSpalding,460,75,0,241,447,0,701,522,0,535,688,1223
SECoweta,WWalton,2,1,0,0,0,0,2,1,0,3,0,3
SECoweta,EWalton,0,0,0,0,0,0,0,0,0,0,0,0
NForsyth,NFulton,4079,683,1,716,2066,1,4795,2749,2,4763,2783,7546
NForsyth,Roswell,1159,183,1,182,468,0,1341,651,1,1343,650,1993
NForsyth,SandySprings,902,162,1,163,350,1,1065,512,2,1065,514,1579
NForsyth,Buckhead,319,51,2,78,272,1,397,323,3,372,351,723
NForsyth,NWAtlanta,63,9,0,16,76,0,79,85,0,72,92,164
NForsyth,NEAtlanta,145,22,0,57,343,2,202,365,2,167,402,569
NForsyth,SWAtlanta,39,4,0,15,61,0,54,65,0,43,76,119
NForsyth,CBDAtlanta,69,12,2,33,211,3,102,223,5,83,247,330
NForsyth,SEAtlanta,25,6,0,8,58,0,33,64,0,31,66,97
NForsyth,SFulton,16,3,0,0,0,0,16,3,0,19,0,19
NForsyth,Tri-Cities,41,4,1,6,18,0,47,22,1,46,24,70
NForsyth,Shannon,1,2,0,0,25,0,1,27,0,3,25,28
NForsyth,WCherokee,72,13,0,49,74,0,121,87,0,85,123,208
NForsyth,NCherokee,166,33,0,108,311,0,274,344,0,199,419,618
NForsyth,ECentCherokee,1781,299,0,1026,2959,0,2807,3258,0,2080,3985,6065
NForsyth,Woodstock,431,82,0,101,274,0,532,356,0,513,375,888
NForsyth,Airport,6,2,0,2,5,0,8,7,0,8,7,15
NForsyth,NEClayton,17,3,0,1,13,0,18,16,0,20,14,34
NForsyth,Riverdale,3,0,0,1,6,0,4,6,0,3,7,10
NForsyth,SClayton,2,2,0,0,1,0,2,3,0,4,1,5
NForsyth,NWCobb,294,45,0,114,177,0,408,222,0,339,291,630
NForsyth,NECobb,527,95,0,110,287,0,637,382,0,622,397,1019
NForsyth,SWCobb,20,7,0,4,17,0,24,24,0,27,21,48
NForsyth,Marietta,204,35,0,50,79,1,254,114,1,239,130,369
NForsyth,Cumberland,396,57,0,55,216,0,451,273,0,453,271,724
NForsyth,SCobb,58,7,0,11,37,0,69,44,0,65,48,113
NForsyth,Chamblee,576,94,0,110,279,1,686,373,1,670,390,1060
NForsyth,NWDeKalb,112,14,0,36,336,2,148,350,2,126,374,500
NForsyth,NEDeKalb,130,20,0,37,105,0,167,125,0,150,142,292
NForsyth,Atlanta-DeKalb,15,1,0,6,22,0,21,23,0,16,28,44
NForsyth,Decatur,6,0,1,6,19,0,12,19,1,7,25,32
NForsyth,SWDeKalb,13,3,0,9,34,0,22,37,0,16,43,59
NForsyth,SEDeKalb,7,1,0,4,11,0,11,12,0,8,15,23
NForsyth,SDeKalb,12,4,0,7,33,0,19,37,0,16,40,56
NForsyth,WDouglas,3,0,0,1,0,0,4,0,0,3,1,4
NForsyth,EDouglas,10,2,0,1,3,0,11,5,0,12,4,16
NForsyth,WFayette,0,0,0,0,0,0,0,0,0,0,0,0
NForsyth,EFayette,1,0,0,3,1,0,4,1,0,1,4,5
NForsyth,NGwinnett,1161,190,0,389,1029,0,1550,1219,0,1351,1418,2769
NForsyth,CentGwinnett,964,143,0,244,627,0,1208,770,0,1107,871,1978
NForsyth,EGwinnett,63,9,0,20,64,0,83,73,0,72,84,156
NForsyth,Norcross,827,127,0,114,363,0,941,490,0,954,477,1431
NForsyth,Lilburn,52,13,0,15,55,0,67,68,0,65,70,135
NForsyth,Snellville,34,4,0,17,42,0,51,46,0,38,59,97
NForsyth,NHenry,2,0,0,0,0,0,2,0,0,2,0,2
NForsyth,EHenry,0,0,0,0,0,0,0,0,0,0,0,0
NForsyth,SHenry,2,0,0,1,0,0,3,0,0,2,1,3
NForsyth,SRockdale,0,0,0,0,0,0,0,0,0,0,0,0
NForsyth,NRockdale,2,1,0,2,0,0,4,1,0,3,2,5
NForsyth,NBarrow,60,10,0,20,51,0,80,61,0,70,71,141
NForsyth,SBarrow,15,8,0,10,19,0,25,27,0,23,29,52
NForsyth,NWBartow,3,0,0,5,2,0,8,2,0,3,7,10
NForsyth,NEBartow,13,2,0,9,6,0,22,8,0,15,15,30
NForsyth,SWBartow,4,0,0,0,0,0,4,0,0,4,0,4
NForsyth,Cartersville,72,8,0,22,31,0,94,39,0,80,53,133
NForsyth,NECarroll,0,0,0,0,0,0,0,0,0,0,0,0
NForsyth,WCarroll,0,0,0,0,0,0,0,0,0,0,0,0
NForsyth,CentralCarroll,0,0,0,0,0,0,0,0,0,0,0,0
NForsyth,SECarroll,0,0,0,0,0,0,0,0,0,0,0,0
NForsyth,WCoweta,0,0,0,0,0,0,0,0,0,0,0,0
NForsyth,NCoweta,0,0,0,0,1,0,0,1,0,0,1,1
NForsyth,SCoweta,0,0,0,0,0,0,0,0,0,0,0,0
NForsyth,SECoweta,0,0,0,0,0,0,0,0,0,0,0,0
NForsyth,NForsyth,22573,3944,0,54959,133848,0,77532,137792,0,26517,188807,215324
NForsyth,Cumming,12576,2247,0,16280,45989,0,28856,48236,0,14823,62269,77092
NForsyth,SForsyth,2887,509,0,821,2283,0,3708,2792,0,3396,3104,6500
NForsyth,NHall,510,71,0,244,560,0,754,631,0,581,804,1385
NForsyth,Gainesville,3795,678,3,2638,6686,6,6433,7364,9,4476,9330,13806
NForsyth,SHall,1021,171,0,785,1113,0,1806,1284,0,1192,1898,3090
NForsyth,WNewton,1,0,0,2,0,0,3,0,0,1,2,3
NForsyth,ENewton,0,0,0,0,0,0,0,0,0,0,0,0
NForsyth,NPaulding,6,0,0,1,5,0,7,5,0,6,6,12
NForsyth,WPaulding,1,0,0,0,0,0,1,0,0,1,0,1
NForsyth,EPaulding,12,2,0,7,14,0,19,16,0,14,21,35
NForsyth,NSpalding,1,0,0,0,0,0,1,0,0,1,0,1
NForsyth,SSpalding,0,0,0,0,0,0,0,0,0,0,0,0
NForsyth,WWalton,11,1,0,5,10,0,16,11,0,12,15,27
NForsyth,EWalton,13,1,0,6,9,0,19,10,0,14,15,29
Cumming,NFulton,11751,2027,17,5034,14413,23,16785,16440,40,13795,19470,33265
Cumming,Roswell,2845,482,0,728,2208,1,3573,2690,1,3327,2937,6264
Cumming,SandySprings,2201,400,14,423,1052,23,2624,1452,37,2615,1498,4113
Cumming,Buckhead,811,158,20,148,513,6,959,671,26,989,667,1656
Cumming,NWAtlanta,162,32,2,26,163,2,188,195,4,196,191,387
Cumming,NEAtlanta,436,63,23,143,723,37,579,786,60,522,903,1425
Cumming,SWAtlanta,69,6,0,27,188,12,96,194,12,75,227,302
Cumming,CBDAtlanta,245,41,78,71,516,34,316,557,112,364,621,985
Cumming,SEAtlanta,65,13,2,28,186,4,93,199,6,80,218,298
Cumming,SFulton,22,3,0,8,12,0,30,15,0,25,20,45
Cumming,Tri-Cities,95,16,2,18,42,0,113,58,2,113,60,173
Cumming,Shannon,14,4,0,4,7,0,18,11,0,18,11,29
Cumming,WCherokee,184,40,0,112,231,0,296,271,0,224,343,567
Cumming,NCherokee,480,75,0,342,863,0,822,938,0,555,1205,1760
Cumming,ECentCherokee,4591,723,0,4311,11591,0,8902,12314,0,5314,15902,21216
Cumming,Woodstock,892,136,0,193,488,0,1085,624,0,1028,681,1709
Cumming,Airport,23,6,5,5,13,0,28,19,5,34,18,52
Cumming,NEClayton,42,12,1,16,41,0,58,53,1,55,57,112
Cumming,Riverdale,10,3,0,10,6,0,20,9,0,13,16,29
Cumming,SClayton,3,3,0,4,8,0,7,11,0,6,12,18
Cumming,NWCobb,542,76,0,196,214,1,738,290,1,618,411,1029
Cumming,NECobb,1296,226,0,286,653,0,1582,879,0,1522,939,2461
Cumming,SWCobb,46,10,0,12,31,0,58,41,0,56,43,99
Cumming,Marietta,375,61,0,99,197,5,474,258,5,436,301,737
Cumming,Cumberland,862,139,1,109,203,0,971,342,1,1002,312,1314
Cumming,SCobb,93,20,0,28,83,0,121,103,0,113,111,224
Cumming,Chamblee,1454,209,8,253,557,5,1707,766,13,1671,815,2486
Cumming,NWDeKalb,271,48,2,79,775,28,350,823,30,321,882,1203
Cumming,NEDeKalb,349,55,0,113,242,2,462,297,2,404,357,761
Cumming,Atlanta-DeKalb,22,2,1,16,46,1,38,48,2,25,63,88
Cumming,Decatur,22,5,1,8,31,0,30,36,1,28,39,67
Cumming,SWDeKalb,47,12,1,16,92,0,63,104,1,60,108,168
Cumming,SEDeKalb,27,7,0,10,45,0,37,52,0,34,55,89
Cumming,SDeKalb,30,5,0,16,37,1,46,42,1,35,54,89
Cumming,WDouglas,2,0,0,7,12,0,9,12,0,2,19,21
Cumming,EDouglas,30,2,0,9,43,0,39,45,0,32,52,84
Cumming,WFayette,2,0,0,2,0,0,4,0,0,2,2,4
Cumming,EFayette,2,2,0,1,1,0,3,3,0,4,2,6
Cumming,NGwinnett,4709,797,0,3662,10085,0,8371,10882,0,5506,13747,19253
Cumming,CentGwinnett,2566,418,0,1006,2463,1,3572,2881,1,2984,3470,6454
Cumming,EGwinnett,256,39,0,72,174,0,328,213,0,295,246,541
Cumming,Norcross,1965,326,0,332,962,0,2297,1288,0,2291,1294,3585
Cumming,Lilburn,162,23,0,53,119,0,215,142,0,185,172,357
Cumming,Snellville,147,29,0,55,116,0,202,145,0,176,171,347
Cumming,NHenry,6,2,0,3,10,0,9,12,0,8,13,21
Cumming,EHenry,1,0,0,1,0,0,2,0,0,1,1,2
Cumming,SHenry,1,0,0,4,4,0,5,4,0,1,8,9
Cumming,SRockdale,3,1,0,2,1,0,5,2,0,4,3,7
Cumming,NRockdale,12,1,0,5,5,0,17,6,0,13,10,23
Cumming,NBarrow,164,27,0,47,78,0,211,105,0,191,125,316
Cumming,SBarrow,95,19,0,31,98,0,126,117,0,114,129,243
Cumming,NWBartow,15,3,0,7,8,0,22,11,0,18,15,33
Cumming,NEBartow,35,9,0,18,23,0,53,32,0,44,41,85
Cumming,SWBartow,7,2,0,4,34,0,11,36,0,9,38,47
Cumming,Cartersville,119,13,0,56,58,0,175,71,0,132,114,246
Cumming,NECarroll,0,0,0,0,0,0,0,0,0,0,0,0
Cumming,WCarroll,0,0,0,0,0,0,0,0,0,0,0,0
Cumming,CentralCarroll,0,0,0,0,0,0,0,0,0,0,0,0
Cumming,SECarroll,0,0,0,0,0,0,0,0,0,0,0,0
Cumming,WCoweta,0,0,0,0,0,0,0,0,0,0,0,0
Cumming,NCoweta,0,0,0,2,2,0,2,2,0,0,4,4
Cumming,SCoweta,1,0,0,0,0,0,1,0,0,1,0,1
Cumming,SECoweta,0,0,0,0,0,0,0,0,0,0,0,0
Cumming,NForsyth,13472,2420,0,16353,46082,0,29825,48502,0,15892,62435,78327
Cumming,Cumming,67025,11665,0,127164,293261,0,194189,304926,0,78690,420425,499115
Cumming,SForsyth,11786,2119,0,11728,30251,0,23514,32370,0,13905,41979,55884
Cumming,NHall,476,52,0,124,308,0,600,360,0,528,432,960
Cumming,Gainesville,2330,394,0,1114,2425,1,3444,2819,1,2724,3540,6264
Cumming,SHall,1359,192,0,855,1333,0,2214,1525,0,1551,2188,3739
Cumming,WNewton,7,3,0,1,2,0,8,5,0,10,3,13
Cumming,ENewton,1,0,0,0,0,0,1,0,0,1,0,1
Cumming,NPaulding,11,3,0,9,9,0,20,12,0,14,18,32
Cumming,WPaulding,0,1,0,4,1,0,4,2,0,1,5,6
Cumming,EPaulding,39,4,0,16,34,0,55,38,0,43,50,93
Cumming,NSpalding,0,0,0,0,0,0,0,0,0,0,0,0
Cumming,SSpalding,0,0,0,2,1,0,2,1,0,0,3,3
Cumming,WWalton,22,7,0,20,42,0,42,49,0,29,62,91
Cumming,EWalton,30,4,0,14,29,0,44,33,0,34,43,77
SForsyth,NFulton,15647,2971,46,18432,40218,83,34079,43189,129,18664,58733,77397
SForsyth,Roswell,2355,421,2,1351,3734,6,3706,4155,8,2778,5091,7869
SForsyth,SandySprings,1596,268,35,394,1028,26,1990,1296,61,1899,1448,3347
SForsyth,Buckhead,630,94,44,103,224,12,733,318,56,768,339,1107
SForsyth,NWAtlanta,119,33,4,39,57,3,158,90,7,156,99,255
SForsyth,NEAtlanta,341,48,32,95,234,47,436,282,79,421,376,797
SForsyth,SWAtlanta,42,11,1,24,69,8,66,80,9,54,101,155
SForsyth,CBDAtlanta,194,49,58,48,231,40,242,280,98,301,319,620
SForsyth,SEAtlanta,48,5,2,23,65,2,71,70,4,55,90,145
SForsyth,SFulton,21,3,0,8,15,0,29,18,0,24,23,47
SForsyth,Tri-Cities,60,25,3,11,56,2,71,81,5,88,69,157
SForsyth,Shannon,14,4,0,5,5,0,19,9,0,18,10,28
SForsyth,WCherokee,173,16,0,29,82,0,202,98,0,189,111,300
SForsyth,NCherokee,171,25,0,57,176,0,228,201,0,196,233,429
SForsyth,ECentCherokee,2365,363,0,966,2404,1,3331,2767,1,2728,3371,6099
SForsyth,Woodstock,519,97,0,148,248,0,667,345,0,616,396,1012
SForsyth,Airport,23,8,7,4,6,1,27,14,8,38,11,49
SForsyth,NEClayton,26,13,0,18,10,0,44,23,0,39,28,67
SForsyth,Riverdale,13,1,0,5,6,0,18,7,0,14,11,25
SForsyth,SClayton,6,2,0,6,6,0,12,8,0,8,12,20
SForsyth,NWCobb,284,53,0,86,96,0,370,149,0,337,182,519
SForsyth,NECobb,740,141,0,227,577,0,967,718,0,881,804,1685
SForsyth,SWCobb,39,8,0,15,47,0,54,55,0,47,62,109
SForsyth,Marietta,196,35,0,68,80,0,264,115,0,231,148,379
SForsyth,Cumberland,453,95,1,75,240,0,528,335,1,549,315,864
SForsyth,SCobb,67,19,0,25,66,0,92,85,0,86,91,177
SForsyth,Chamblee,1156,197,9,356,819,9,1512,1016,18,1362,1184,2546
SForsyth,NWDeKalb,228,48,2,47,431,27,275,479,29,278,505,783
SForsyth,NEDeKalb,383,71,0,130,243,2,513,314,2,454,375,829
SForsyth,Atlanta-DeKalb,17,0,0,8,28,0,25,28,0,17,36,53
SForsyth,Decatur,37,5,1,13,43,0,50,48,1,43,56,99
SForsyth,SWDeKalb,50,11,2,26,74,0,76,85,2,63,100,163
SForsyth,SEDeKalb,56,10,0,22,63,0,78,73,0,66,85,151
SForsyth,SDeKalb,35,5,0,25,48,0,60,53,0,40,73,113
SForsyth,WDouglas,10,5,0,2,4,0,12,9,0,15,6,21
SForsyth,EDouglas,25,4,0,8,25,0,33,29,0,29,33,62
SForsyth,WFayette,0,0,0,0,2,0,0,2,0,0,2,2
SForsyth,EFayette,4,0,0,5,8,0,9,8,0,4,13,17
SForsyth,NGwinnett,4739,865,0,3476,10596,0,8215,11461,0,5604,14072,19676
SForsyth,CentGwinnett,3997,766,0,3019,8093,3,7016,8859,3,4763,11115,15878
SForsyth,EGwinnett,385,51,0,99,237,0,484,288,0,436,336,772
SForsyth,Norcross,2364,477,1,948,2910,4,3312,3387,5,2842,3862,6704
SForsyth,Lilburn,300,42,0,114,284,0,414,326,0,342,398,740
SForsyth,Snellville,258,51,0,77,158,0,335,209,0,309,235,544
SForsyth,NHenry,10,1,0,3,17,0,13,18,0,11,20,31
SForsyth,EHenry,6,0,0,3,5,0,9,5,0,6,8,14
SForsyth,SHenry,11,1,0,2,0,0,13,1,0,12,2,14
SForsyth,SRockdale,15,2,0,6,10,0,21,12,0,17,16,33
SForsyth,NRockdale,20,3,0,11,3,0,31,6,0,23,14,37
SForsyth,NBarrow,189,24,0,45,81,0,234,105,0,213,126,339
SForsyth,SBarrow,100,17,0,20,40,0,120,57,0,117,60,177
SForsyth,NWBartow,12,1,0,4,35,0,16,36,0,13,39,52
SForsyth,NEBartow,19,1,0,8,16,0,27,17,0,20,24,44
SForsyth,SWBartow,14,1,0,5,6,0,19,7,0,15,11,26
SForsyth,Cartersville,61,10,0,18,28,0,79,38,0,71,46,117
SForsyth,NECarroll,0,0,0,0,0,0,0,0,0,0,0,0
SForsyth,WCarroll,0,0,0,0,0,0,0,0,0,0,0,0
SForsyth,CentralCarroll,1,0,0,0,0,0,1,0,0,1,0,1
SForsyth,SECarroll,0,0,0,0,0,0,0,0,0,0,0,0
SForsyth,WCoweta,0,0,0,1,1,0,1,1,0,0,2,2
SForsyth,NCoweta,2,0,0,0,0,0,2,0,0,2,0,2
SForsyth,SCoweta,0,0,0,0,0,0,0,0,0,0,0,0
SForsyth,SECoweta,0,0,0,0,0,0,0,0,0,0,0,0
SForsyth,NForsyth,2871,467,0,850,2385,0,3721,2852,0,3338,3235,6573
SForsyth,Cumming,12591,2223,0,11734,30724,0,24325,32947,0,14814,42458,57272
SForsyth,SForsyth,27423,5020,6,48168,100187,7,75591,105207,13,32449,148362,180811
SForsyth,NHall,201,30,0,19,68,0,220,98,0,231,87,318
SForsyth,Gainesville,560,93,0,82,255,0,642,348,0,653,337,990
SForsyth,SHall,679,127,0,218,493,0,897,620,0,806,711,1517
SForsyth,WNewton,23,2,0,8,7,0,31,9,0,25,15,40
SForsyth,ENewton,1,0,0,2,0,0,3,0,0,1,2,3
SForsyth,NPaulding,22,5,0,9,20,0,31,25,0,27,29,56
SForsyth,WPaulding,3,0,0,1,1,0,4,1,0,3,2,5
SForsyth,EPaulding,43,4,0,17,13,0,60,17,0,47,30,77
SForsyth,NSpalding,1,0,0,1,1,0,2,1,0,1,2,3
SForsyth,SSpalding,1,0,0,1,0,0,2,0,0,1,1,2
SForsyth,WWalton,83,13,0,20,45,0,103,58,0,96,65,161
SForsyth,EWalton,41,8,0,19,15,0,60,23,0,49,34,83
NHall,NFulton,266,39,0,49,105,0,315,144,0,305,154,459
NHall,Roswell,83,13,0,19,40,0,102,53,0,96,59,155
NHall,SandySprings,69,9,0,15,30,0,84,39,0,78,45,123
NHall,Buckhead,37,10,0,9,31,0,46,41,0,47,40,87
NHall,NWAtlanta,11,2,0,1,0,0,12,2,0,13,1,14
NHall,NEAtlanta,32,4,0,12,47,0,44,51,0,36,59,95
NHall,SWAtlanta,0,0,0,1,3,0,1,3,0,0,4,4
NHall,CBDAtlanta,10,1,0,5,17,0,15,18,0,11,22,33
NHall,SEAtlanta,1,0,0,0,4,0,1,4,0,1,4,5
NHall,SFulton,0,0,0,0,2,0,0,2,0,0,2,2
NHall,Tri-Cities,3,0,0,0,0,0,3,0,0,3,0,3
NHall,Shannon,1,0,0,0,0,0,1,0,0,1,0,1
NHall,WCherokee,1,1,0,2,0,0,3,1,0,2,2,4
NHall,NCherokee,7,1,0,2,0,0,9,1,0,8,2,10
NHall,ECentCherokee,57,12,0,17,47,0,74,59,0,69,64,133
NHall,Woodstock,17,2,0,4,21,0,21,23,0,19,25,44
NHall,Airport,1,1,0,0,9,0,1,10,0,2,9,11
NHall,NEClayton,2,0,0,0,1,0,2,1,0,2,1,3
NHall,Riverdale,0,0,0,0,0,0,0,0,0,0,0,0
NHall,SClayton,0,0,0,0,2,0,0,2,0,0,2,2
NHall,NWCobb,14,0,0,3,11,0,17,11,0,14,14,28
NHall,NECobb,42,3,0,8,8,0,50,11,0,45,16,61
NHall,SWCobb,1,0,0,0,0,0,1,0,0,1,0,1
NHall,Marietta,11,4,0,1,2,0,12,6,0,15,3,18
NHall,Cumberland,33,3,0,4,2,0,37,5,0,36,6,42
NHall,SCobb,3,0,0,0,0,0,3,0,0,3,0,3
NHall,Chamblee,111,20,0,22,61,0,133,81,0,131,83,214
NHall,NWDeKalb,36,2,0,9,34,0,45,36,0,38,43,81
NHall,NEDeKalb,77,9,0,15,30,0,92,39,0,86,45,131
NHall,Atlanta-DeKalb,1,0,0,0,0,0,1,0,0,1,0,1
NHall,Decatur,1,0,0,0,1,0,1,1,0,1,1,2
NHall,SWDeKalb,5,0,0,2,8,0,7,8,0,5,10,15
NHall,SEDeKalb,5,0,0,2,0,0,7,0,0,5,2,7
NHall,SDeKalb,2,0,0,3,6,0,5,6,0,2,9,11
NHall,WDouglas,0,0,0,0,0,0,0,0,0,0,0,0
NHall,EDouglas,0,0,0,1,0,0,1,0,0,0,1,1
NHall,WFayette,0,0,0,0,0,0,0,0,0,0,0,0
NHall,EFayette,0,0,0,1,0,0,1,0,0,0,1,1
NHall,NGwinnett,792,137,0,168,485,0,960,622,0,929,653,1582
NHall,CentGwinnett,496,82,0,119,386,0,615,468,0,578,505,1083
NHall,EGwinnett,54,10,0,12,29,0,66,39,0,64,41,105
NHall,Norcross,308,46,0,35,59,0,343,105,0,354,94,448
NHall,Lilburn,37,2,0,3,37,0,40,39,0,39,40,79
NHall,Snellville,27,5,0,13,45,0,40,50,0,32,58,90
NHall,NHenry,0,0,0,0,0,0,0,0,0,0,0,0
NHall,EHenry,0,0,0,0,0,0,0,0,0,0,0,0
NHall,SHenry,0,0,0,0,0,0,0,0,0,0,0,0
NHall,SRockdale,1,0,0,0,0,0,1,0,0,1,0,1
NHall,NRockdale,4,2,0,1,5,0,5,7,0,6,6,12
NHall,NBarrow,76,19,0,23,74,0,99,93,0,95,97,192
NHall,SBarrow,24,6,0,12,25,0,36,31,0,30,37,67
NHall,NWBartow,0,0,0,0,0,0,0,0,0,0,0,0
NHall,NEBartow,0,0,0,1,0,0,1,0,0,0,1,1
NHall,SWBartow,0,0,0,0,0,0,0,0,0,0,0,0
NHall,Cartersville,7,1,0,0,1,0,7,2,0,8,1,9
NHall,NECarroll,0,0,0,0,0,0,0,0,0,0,0,0
NHall,WCarroll,0,0,0,0,0,0,0,0,0,0,0,0
NHall,CentralCarroll,0,0,0,0,0,0,0,0,0,0,0,0
NHall,SECarroll,0,0,0,0,0,0,0,0,0,0,0,0
NHall,WCoweta,0,0,0,0,0,0,0,0,0,0,0,0
NHall,NCoweta,0,0,0,0,0,0,0,0,0,0,0,0
NHall,SCoweta,0,0,0,0,0,0,0,0,0,0,0,0
NHall,SECoweta,0,0,0,0,0,0,0,0,0,0,0,0
NHall,NForsyth,475,68,0,244,630,0,719,698,0,543,874,1417
NHall,Cumming,475,70,0,128,316,0,603,386,0,545,444,989
NHall,SForsyth,227,34,0,19,60,0,246,94,0,261,79,340
NHall,NHall,9968,1842,0,19301,48901,0,29269,50743,0,11810,68202,80012
NHall,Gainesville,10979,1981,25,10389,28205,16,21368,30186,41,12985,38610,51595
NHall,SHall,1605,280,0,736,1330,0,2341,1610,0,1885,2066,3951
NHall,WNewton,2,1,0,1,8,0,3,9,0,3,9,12
NHall,ENewton,1,0,0,0,0,0,1,0,0,1,0,1
NHall,NPaulding,1,0,0,0,0,0,1,0,0,1,0,1
NHall,WPaulding,0,0,0,0,0,0,0,0,0,0,0,0
NHall,EPaulding,1,0,0,0,0,0,1,0,0,1,0,1
NHall,NSpalding,0,0,0,0,0,0,0,0,0,0,0,0
NHall,SSpalding,0,0,0,0,0,0,0,0,0,0,0,0
NHall,WWalton,9,0,0,2,7,0,11,7,0,9,9,18
NHall,EWalton,2,2,0,7,1,0,9,3,0,4,8,12
Gainesville,NFulton,602,117,0,109,253,0,711,370,0,719,362,1081
Gainesville,Roswell,175,36,0,23,70,0,198,106,0,211,93,304
Gainesville,SandySprings,168,25,0,51,128,0,219,153,0,193,179,372
Gainesville,Buckhead,120,21,0,30,58,0,150,79,0,141,88,229
Gainesville,NWAtlanta,41,2,0,9,13,0,50,15,0,43,22,65
Gainesville,NEAtlanta,45,11,0,29,117,0,74,128,0,56,146,202
Gainesville,SWAtlanta,8,0,0,1,18,0,9,18,0,8,19,27
Gainesville,CBDAtlanta,26,9,0,20,54,0,46,63,0,35,74,109
Gainesville,SEAtlanta,12,1,0,6,8,0,18,9,0,13,14,27
Gainesville,SFulton,3,0,0,0,0,0,3,0,0,3,0,3
Gainesville,Tri-Cities,11,2,0,4,14,0,15,16,0,13,18,31
Gainesville,Shannon,2,1,0,1,0,0,3,1,0,3,1,4
Gainesville,WCherokee,3,1,0,3,5,0,6,6,0,4,8,12
Gainesville,NCherokee,26,3,0,13,12,0,39,15,0,29,25,54
Gainesville,ECentCherokee,148,20,0,44,113,0,192,133,0,168,157,325
Gainesville,Woodstock,35,5,0,9,40,0,44,45,0,40,49,89
Gainesville,Airport,3,0,0,0,0,0,3,0,0,3,0,3
Gainesville,NEClayton,4,1,0,1,6,0,5,7,0,5,7,12
Gainesville,Riverdale,1,0,0,0,0,0,1,0,0,1,0,1
Gainesville,SClayton,0,0,0,0,0,0,0,0,0,0,0,0
Gainesville,NWCobb,23,3,0,10,11,0,33,14,0,26,21,47
Gainesville,NECobb,79,7,0,17,48,0,96,55,0,86,65,151
Gainesville,SWCobb,0,0,0,1,4,0,1,4,0,0,5,5
Gainesville,Marietta,22,5,0,6,21,0,28,26,0,27,27,54
Gainesville,Cumberland,72,8,0,17,13,0,89,21,0,80,30,110
Gainesville,SCobb,12,2,0,2,0,0,14,2,0,14,2,16
Gainesville,Chamblee,257,48,0,53,138,0,310,186,0,305,191,496
Gainesville,NWDeKalb,70,12,0,18,100,0,88,112,0,82,118,200
Gainesville,NEDeKalb,212,28,0,48,180,0,260,208,0,240,228,468
Gainesville,Atlanta-DeKalb,3,1,1,4,1,0,7,2,1,5,5,10
Gainesville,Decatur,6,1,0,3,22,0,9,23,0,7,25,32
Gainesville,SWDeKalb,22,3,0,9,17,0,31,20,0,25,26,51
Gainesville,SEDeKalb,24,1,0,7,29,0,31,30,0,25,36,61
Gainesville,SDeKalb,12,2,0,6,42,0,18,44,0,14,48,62
Gainesville,WDouglas,0,0,0,0,0,0,0,0,0,0,0,0
Gainesville,EDouglas,1,0,0,0,0,0,1,0,0,1,0,1
Gainesville,WFayette,0,0,0,0,0,0,0,0,0,0,0,0
Gainesville,EFayette,0,0,0,1,0,0,1,0,0,0,1,1
Gainesville,NGwinnett,4550,849,0,1069,3197,0,5619,4046,0,5399,4266,9665
Gainesville,CentGwinnett,1493,265,0,296,745,0,1789,1010,0,1758,1041,2799
Gainesville,EGwinnett,349,69,0,70,269,0,419,338,0,418,339,757
Gainesville,Norcross,691,93,0,91,228,0,782,321,0,784,319,1103
Gainesville,Lilburn,119,30,0,34,87,0,153,117,0,149,121,270
Gainesville,Snellville,181,33,0,40,91,0,221,124,0,214,131,345
Gainesville,NHenry,2,0,0,1,2,0,3,2,0,2,3,5
Gainesville,EHenry,0,1,0,0,0,0,0,1,0,1,0,1
Gainesville,SHenry,0,0,0,0,0,0,0,0,0,0,0,0
Gainesville,SRockdale,7,0,0,5,4,0,12,4,0,7,9,16
Gainesville,NRockdale,13,6,0,5,12,0,18,18,0,19,17,36
Gainesville,NBarrow,817,162,0,267,683,0,1084,845,0,979,950,1929
Gainesville,SBarrow,275,51,0,72,154,0,347,205,0,326,226,552
Gainesville,NWBartow,1,0,0,1,0,0,2,0,0,1,1,2
Gainesville,NEBartow,1,1,0,3,1,0,4,2,0,2,4,6
Gainesville,SWBartow,0,0,0,0,0,0,0,0,0,0,0,0
Gainesville,Cartersville,3,0,0,1,6,0,4,6,0,3,7,10
Gainesville,NECarroll,0,0,0,0,0,0,0,0,0,0,0,0
Gainesville,WCarroll,0,0,0,0,0,0,0,0,0,0,0,0
Gainesville,CentralCarroll,0,0,0,0,0,0,0,0,0,0,0,0
Gainesville,SECarroll,0,0,0,0,0,0,0,0,0,0,0,0
Gainesville,WCoweta,0,0,0,0,0,0,0,0,0,0,0,0
Gainesville,NCoweta,0,0,0,0,1,0,0,1,0,0,1,1
Gainesville,SCoweta,0,0,0,0,0,0,0,0,0,0,0,0
Gainesville,SECoweta,0,0,0,0,0,0,0,0,0,0,0,0
Gainesville,NForsyth,3780,685,3,2638,6658,6,6418,7343,9,4468,9302,13770
Gainesville,Cumming,2325,391,0,1110,2402,1,3435,2793,1,2716,3513,6229
Gainesville,SForsyth,584,76,0,77,260,0,661,336,0,660,337,997
Gainesville,NHall,11320,1967,25,10450,28311,16,21770,30278,41,13312,38777,52089
Gainesville,Gainesville,85495,16162,541,112482,270194,716,197977,286356,1257,102198,383392,485590
Gainesville,SHall,14045,2626,30,12026,30427,44,26071,33053,74,16701,42497,59198
Gainesville,WNewton,14,1,0,7,13,0,21,14,0,15,20,35
Gainesville,ENewton,1,0,0,2,1,0,3,1,0,1,3,4
Gainesville,NPaulding,0,0,0,0,0,0,0,0,0,0,0,0
Gainesville,WPaulding,0,0,0,0,0,0,0,0,0,0,0,0
Gainesville,EPaulding,1,0,0,2,1,0,3,1,0,1,3,4
Gainesville,NSpalding,0,0,0,0,0,0,0,0,0,0,0,0
Gainesville,SSpalding,0,0,0,0,0,0,0,0,0,0,0,0
Gainesville,WWalton,54,6,0,21,90,0,75,96,0,60,111,171
Gainesville,EWalton,56,14,0,27,61,0,83,75,0,70,88,158
SHall,NFulton,851,155,0,172,329,0,1023,484,0,1006,501,1507
SHall,Roswell,198,31,0,40,106,0,238,137,0,229,146,375
SHall,SandySprings,395,48,1,58,108,1,453,156,2,444,167,611
SHall,Buckhead,294,51,3,57,118,1,351,169,4,348,176,524
SHall,NWAtlanta,62,16,1,10,56,0,72,72,1,79,66,145
SHall,NEAtlanta,196,33,2,42,163,2,238,196,4,231,207,438
SHall,SWAtlanta,27,7,0,11,29,1,38,36,1,34,41,75
SHall,CBDAtlanta,108,19,15,21,114,1,129,133,16,142,136,278
SHall,SEAtlanta,32,9,0,7,42,0,39,51,0,41,49,90
SHall,SFulton,6,2,0,0,1,0,6,3,0,8,1,9
SHall,Tri-Cities,46,11,1,6,18,0,52,29,1,58,24,82
SHall,Shannon,6,1,0,1,0,0,7,1,0,7,1,8
SHall,WCherokee,2,1,0,3,9,0,5,10,0,3,12,15
SHall,NCherokee,11,3,0,12,15,0,23,18,0,14,27,41
SHall,ECentCherokee,86,8,0,55,58,0,141,66,0,94,113,207
SHall,Woodstock,30,3,0,12,24,0,42,27,0,33,36,69
SHall,Airport,15,2,0,1,8,0,16,10,0,17,9,26
SHall,NEClayton,12,4,0,3,12,0,15,16,0,16,15,31
SHall,Riverdale,3,0,0,1,2,0,4,2,0,3,3,6
SHall,SClayton,4,1,0,0,1,0,4,2,0,5,1,6
SHall,NWCobb,24,1,0,10,12,0,34,13,0,25,22,47
SHall,NECobb,85,11,0,23,25,0,108,36,0,96,48,144
SHall,SWCobb,8,1,0,4,4,0,12,5,0,9,8,17
SHall,Marietta,63,6,0,7,20,0,70,26,0,69,27,96
SHall,Cumberland,234,41,1,37,73,0,271,114,1,276,110,386
SHall,SCobb,31,6,0,9,8,0,40,14,0,37,17,54
SHall,Chamblee,702,105,2,102,276,0,804,381,2,809,378,1187
SHall,NWDeKalb,224,34,0,67,215,3,291,249,3,258,285,543
SHall,NEDeKalb,540,81,0,82,282,0,622,363,0,621,364,985
SHall,Atlanta-DeKalb,14,2,0,12,8,0,26,10,0,16,20,36
SHall,Decatur,27,3,0,12,13,0,39,16,0,30,25,55
SHall,SWDeKalb,57,5,1,19,29,0,76,34,1,63,48,111
SHall,SEDeKalb,43,10,0,22,40,0,65,50,0,53,62,115
SHall,SDeKalb,43,2,0,14,34,0,57,36,0,45,48,93
SHall,WDouglas,4,0,0,0,1,0,4,1,0,4,1,5
SHall,EDouglas,8,1,0,1,7,0,9,8,0,9,8,17
SHall,WFayette,1,0,0,0,0,0,1,0,0,1,0,1
SHall,EFayette,0,0,0,1,0,0,1,0,0,0,1,1
SHall,NGwinnett,11013,2001,0,11530,29773,0,22543,31774,0,13014,41303,54317
SHall,CentGwinnett,3474,575,0,1055,2621,0,4529,3196,0,4049,3676,7725
SHall,EGwinnett,702,107,0,384,782,0,1086,889,0,809,1166,1975
SHall,Norcross,1513,206,1,198,456,0,1711,662,1,1720,654,2374
SHall,Lilburn,239,32,0,96,123,0,335,155,0,271,219,490
SHall,Snellville,255,49,0,164,231,0,419,280,0,304,395,699
SHall,NHenry,6,2,0,3,26,0,9,28,0,8,29,37
SHall,EHenry,3,1,0,3,0,0,6,1,0,4,3,7
SHall,SHenry,1,0,0,1,0,0,2,0,0,1,1,2
SHall,SRockdale,5,3,0,5,3,0,10,6,0,8,8,16
SHall,NRockdale,46,5,0,29,15,0,75,20,0,51,44,95
SHall,NBarrow,1475,298,0,1454,3670,0,2929,3968,0,1773,5124,6897
SHall,SBarrow,441,81,0,235,286,0,676,367,0,522,521,1043
SHall,NWBartow,0,0,0,1,0,0,1,0,0,0,1,1
SHall,NEBartow,0,0,0,1,0,0,1,0,0,0,1,1
SHall,SWBartow,0,0,0,0,0,0,0,0,0,0,0,0
SHall,Cartersville,1,0,0,0,0,0,1,0,0,1,0,1
SHall,NECarroll,0,0,0,0,0,0,0,0,0,0,0,0
SHall,WCarroll,0,0,0,0,0,0,0,0,0,0,0,0
SHall,CentralCarroll,0,0,0,0,0,0,0,0,0,0,0,0
SHall,SECarroll,0,0,0,0,0,0,0,0,0,0,0,0
SHall,WCoweta,0,0,0,0,0,0,0,0,0,0,0,0
SHall,NCoweta,0,0,0,0,0,0,0,0,0,0,0,0
SHall,SCoweta,0,0,0,0,0,0,0,0,0,0,0,0
SHall,SECoweta,0,0,0,0,0,0,0,0,0,0,0,0
SHall,NForsyth,952,159,0,782,1117,0,1734,1276,0,1111,1899,3010
SHall,Cumming,1332,194,0,811,1215,0,2143,1409,0,1526,2026,3552
SHall,SForsyth,735,120,0,243,456,0,978,576,0,855,699,1554
SHall,NHall,1598,256,0,737,1316,0,2335,1572,0,1854,2053,3907
SHall,Gainesville,14260,2659,29,12079,30450,35,26339,33109,64,16948,42564,59512
SHall,SHall,28964,5399,8,57135,131104,30,86099,136503,38,34371,188269,222640
SHall,WNewton,37,2,0,16,25,0,53,27,0,39,41,80
SHall,ENewton,5,0,0,3,1,0,8,1,0,5,4,9
SHall,NPaulding,1,0,0,0,0,0,1,0,0,1,0,1
SHall,WPaulding,0,0,0,0,0,0,0,0,0,0,0,0
SHall,EPaulding,0,1,0,1,0,0,1,1,0,1,1,2
SHall,NSpalding,0,0,0,0,0,0,0,0,0,0,0,0
SHall,SSpalding,0,0,0,0,0,0,0,0,0,0,0,0
SHall,WWalton,87,18,0,38,67,0,125,85,0,105,105,210
SHall,EWalton,117,29,0,51,90,0,168,119,0,146,141,287
WNewton,NFulton,104,14,0,18,25,0,122,39,0,118,43,161
WNewton,Roswell,54,5,0,13,26,0,67,31,0,59,39,98
WNewton,SandySprings,305,75,11,59,93,2,364,168,13,391,154,545
WNewton,Buckhead,434,92,13,58,167,1,492,259,14,539,226,765
WNewton,NWAtlanta,268,47,3,46,118,2,314,165,5,318,166,484
WNewton,NEAtlanta,612,137,19,136,361,9,748,498,28,768,506,1274
WNewton,SWAtlanta,220,26,1,46,116,3,266,142,4,247,165,412
WNewton,CBDAtlanta,632,132,110,120,281,11,752,413,121,874,412,1286
WNewton,SEAtlanta,338,69,4,72,143,1,410,212,5,411,216,627
WNewton,SFulton,71,1,0,7,12,0,78,13,0,72,19,91
WNewton,Tri-Cities,386,78,1,39,105,0,425,183,1,465,144,609
WNewton,Shannon,92,22,0,29,13,0,121,35,0,114,42,156
WNewton,WCherokee,0,0,0,0,0,0,0,0,0,0,0,0
WNewton,NCherokee,0,0,0,0,0,0,0,0,0,0,0,0
WNewton,ECentCherokee,1,0,0,0,1,0,1,1,0,1,1,2
WNewton,Woodstock,7,1,0,0,6,0,7,7,0,8,6,14
WNewton,Airport,285,38,7,19,19,0,304,57,7,330,38,368
WNewton,NEClayton,810,144,1,137,297,1,947,441,2,955,435,1390
WNewton,Riverdale,152,25,0,37,91,0,189,116,0,177,128,305
WNewton,SClayton,452,66,0,90,178,0,542,244,0,518,268,786
WNewton,NWCobb,26,2,0,8,11,0,34,13,0,28,19,47
WNewton,NECobb,68,8,0,15,36,0,83,44,0,76,51,127
WNewton,SWCobb,18,2,0,4,6,0,22,8,0,20,10,30
WNewton,Marietta,57,18,0,9,44,0,66,62,0,75,53,128
WNewton,Cumberland,356,72,0,29,77,0,385,149,0,428,106,534
WNewton,SCobb,128,33,0,19,56,0,147,89,0,161,75,236
WNewton,Chamblee,565,84,5,78,136,1,643,220,6,654,215,869
WNewton,NWDeKalb,683,96,18,153,289,10,836,385,28,797,452,1249
WNewton,NEDeKalb,1041,163,2,174,418,2,1215,581,4,1206,594,1800
WNewton,Atlanta-DeKalb,123,26,0,25,90,1,148,116,1,149,116,265
WNewton,Decatur,157,22,3,32,89,1,189,111,4,182,122,304
WNewton,SWDeKalb,607,112,8,128,394,1,735,506,9,727,523,1250
WNewton,SEDeKalb,1486,265,5,437,1064,0,1923,1329,5,1756,1501,3257
WNewton,SDeKalb,1227,251,2,545,1549,7,1772,1800,9,1480,2101,3581
WNewton,WDouglas,10,1,0,3,6,0,13,7,0,11,9,20
WNewton,EDouglas,59,8,1,11,12,1,70,20,2,68,24,92
WNewton,WFayette,93,13,0,19,46,0,112,59,0,106,65,171
WNewton,EFayette,171,34,0,30,91,0,201,125,0,205,121,326
WNewton,NGwinnett,308,50,0,92,164,0,400,214,0,358,256,614
WNewton,CentGwinnett,843,137,1,209,454,0,1052,591,1,981,663,1644
WNewton,EGwinnett,502,96,0,127,336,0,629,432,0,598,463,1061
WNewton,Norcross,524,100,0,67,261,1,591,361,1,624,329,953
WNewton,Lilburn,515,91,0,125,289,0,640,380,0,606,414,1020
WNewton,Snellville,1290,249,0,550,1232,1,1840,1481,1,1539,1783,3322
WNewton,NHenry,1131,207,0,420,1092,0,1551,1299,0,1338,1512,2850
WNewton,EHenry,2180,378,0,1952,5468,0,4132,5846,0,2558,7420,9978
WNewton,SHenry,2482,497,0,956,2250,1,3438,2747,1,2979,3207,6186
WNewton,SRockdale,2662,495,0,3382,9254,0,6044,9749,0,3157,12636,15793
WNewton,NRockdale,9096,1619,0,8321,20656,0,17417,22275,0,10715,28977,39692
WNewton,NBarrow,178,21,0,43,91,0,221,112,0,199,134,333
WNewton,SBarrow,210,45,0,53,112,0,263,157,0,255,165,420
WNewton,NWBartow,0,0,0,0,0,0,0,0,0,0,0,0
WNewton,NEBartow,0,0,0,0,0,0,0,0,0,0,0,0
WNewton,SWBartow,0,0,0,0,0,0,0,0,0,0,0,0
WNewton,Cartersville,0,0,0,2,0,0,2,0,0,0,2,2
WNewton,NECarroll,2,0,0,0,0,0,2,0,0,2,0,2
WNewton,WCarroll,0,0,0,0,0,0,0,0,0,0,0,0
WNewton,CentralCarroll,0,0,0,0,0,0,0,0,0,0,0,0
WNewton,SECarroll,0,0,0,0,0,0,0,0,0,0,0,0
WNewton,WCoweta,1,0,0,0,0,0,1,0,0,1,0,1
WNewton,NCoweta,11,3,0,7,23,0,18,26,0,14,30,44
WNewton,SCoweta,0,0,0,0,4,0,0,4,0,0,4,4
WNewton,SECoweta,9,0,0,2,1,0,11,1,0,9,3,12
WNewton,NForsyth,1,0,0,3,16,0,4,16,0,1,19,20
WNewton,Cumming,9,2,0,1,5,0,10,7,0,11,6,17
WNewton,SForsyth,23,3,0,6,10,0,29,13,0,26,16,42
WNewton,NHall,1,0,0,0,4,0,1,4,0,1,4,5
WNewton,Gainesville,17,1,0,9,10,0,26,11,0,18,19,37
WNewton,SHall,38,3,0,18,23,0,56,26,0,41,41,82
WNewton,WNewton,43017,8343,0,80660,177539,2,123677,185882,2,51360,258201,309561
WNewton,ENewton,3259,584,0,3772,9624,0,7031,10208,0,3843,13396,17239
WNewton,NPaulding,2,0,0,0,0,0,2,0,0,2,0,2
WNewton,WPaulding,0,0,0,0,0,0,0,0,0,0,0,0
WNewton,EPaulding,7,1,0,5,6,0,12,7,0,8,11,19
WNewton,NSpalding,225,31,0,51,102,0,276,133,0,256,153,409
WNewton,SSpalding,138,28,0,29,64,0,167,92,0,166,93,259
WNewton,WWalton,2330,430,0,1622,3995,0,3952,4425,0,2760,5617,8377
WNewton,EWalton,2194,402,0,835,1964,0,3029,2366,0,2596,2799,5395
ENewton,NFulton,6,1,0,5,11,0,11,12,0,7,16,23
ENewton,Roswell,8,1,0,0,1,0,8,2,0,9,1,10
ENewton,SandySprings,28,7,0,6,19,0,34,26,0,35,25,60
ENewton,Buckhead,35,7,1,16,41,1,51,48,2,43,58,101
ENewton,NWAtlanta,29,7,0,9,16,0,38,23,0,36,25,61
ENewton,NEAtlanta,62,12,0,24,67,1,86,79,1,74,92,166
ENewton,SWAtlanta,23,3,0,8,13,0,31,16,0,26,21,47
ENewton,CBDAtlanta,46,16,2,21,56,0,67,72,2,64,77,141
ENewton,SEAtlanta,38,7,0,9,22,0,47,29,0,45,31,76
ENewton,SFulton,10,2,0,1,5,0,11,7,0,12,6,18
ENewton,Tri-Cities,35,9,0,4,35,0,39,44,0,44,39,83
ENewton,Shannon,10,3,0,4,1,0,14,4,0,13,5,18
ENewton,WCherokee,0,0,0,0,0,0,0,0,0,0,0,0
ENewton,NCherokee,0,0,0,0,0,0,0,0,0,0,0,0
ENewton,ECentCherokee,1,0,0,0,0,0,1,0,0,1,0,1
ENewton,Woodstock,1,0,0,0,1,0,1,1,0,1,1,2
ENewton,Airport,23,2,0,5,0,0,28,2,0,25,5,30
ENewton,NEClayton,79,6,0,8,27,0,87,33,0,85,35,120
ENewton,Riverdale,5,2,0,1,27,0,6,29,0,7,28,35
ENewton,SClayton,31,4,0,13,26,0,44,30,0,35,39,74
ENewton,NWCobb,4,0,0,0,0,0,4,0,0,4,0,4
ENewton,NECobb,7,1,0,2,4,0,9,5,0,8,6,14
ENewton,SWCobb,1,1,0,1,0,0,2,1,0,2,1,3
ENewton,Marietta,4,3,0,2,1,0,6,4,0,7,3,10
ENewton,Cumberland,25,6,0,5,12,0,30,18,0,31,17,48
ENewton,SCobb,13,4,0,7,3,0,20,7,0,17,10,27
ENewton,Chamblee,59,11,0,11,43,0,70,54,0,70,54,124
ENewton,NWDeKalb,84,22,0,28,84,0,112,106,0,106,112,218
ENewton,NEDeKalb,140,19,0,32,68,0,172,87,0,159,100,259
ENewton,Atlanta-DeKalb,24,1,0,7,10,0,31,11,0,25,17,42
ENewton,Decatur,19,1,0,3,23,0,22,24,0,20,26,46
ENewton,SWDeKalb,79,10,0,23,59,0,102,69,0,89,82,171
ENewton,SEDeKalb,159,27,0,55,84,0,214,111,0,186,139,325
ENewton,SDeKalb,136,27,0,49,111,0,185,138,0,163,160,323
ENewton,WDouglas,1,0,0,0,0,0,1,0,0,1,0,1
ENewton,EDouglas,7,0,0,1,0,0,8,0,0,7,1,8
ENewton,WFayette,4,1,0,0,0,0,4,1,0,5,0,5
ENewton,EFayette,8,1,0,4,0,0,12,1,0,9,4,13
ENewton,NGwinnett,50,8,0,16,29,0,66,37,0,58,45,103
ENewton,CentGwinnett,137,22,0,51,161,0,188,183,0,159,212,371
ENewton,EGwinnett,76,11,0,37,63,0,113,74,0,87,100,187
ENewton,Norcross,55,16,0,21,55,0,76,71,0,71,76,147
ENewton,Lilburn,59,5,0,6,43,0,65,48,0,64,49,113
ENewton,Snellville,144,26,0,77,200,0,221,226,0,170,277,447
ENewton,NHenry,98,13,0,21,76,0,119,89,0,111,97,208
ENewton,EHenry,136,21,0,107,136,0,243,157,0,157,243,400
ENewton,SHenry,208,43,0,76,89,0,284,132,0,251,165,416
ENewton,SRockdale,156,24,0,74,149,0,230,173,0,180,223,403
ENewton,NRockdale,820,131,0,312,693,0,1132,824,0,951,1005,1956
ENewton,NBarrow,34,6,0,12,35,0,46,41,0,40,47,87
ENewton,SBarrow,38,12,0,22,31,0,60,43,0,50,53,103
ENewton,NWBartow,0,0,0,0,0,0,0,0,0,0,0,0
ENewton,NEBartow,0,0,0,0,0,0,0,0,0,0,0,0
ENewton,SWBartow,0,0,0,0,0,0,0,0,0,0,0,0
ENewton,Cartersville,0,0,0,0,0,0,0,0,0,0,0,0
ENewton,NECarroll,0,0,0,1,0,0,1,0,0,0,1,1
ENewton,WCarroll,0,0,0,0,0,0,0,0,0,0,0,0
ENewton,CentralCarroll,0,0,0,0,0,0,0,0,0,0,0,0
ENewton,SECarroll,0,0,0,0,0,0,0,0,0,0,0,0
ENewton,WCoweta,0,0,0,1,0,0,1,0,0,0,1,1
ENewton,NCoweta,3,1,0,0,4,0,3,5,0,4,4,8
ENewton,SCoweta,0,0,0,0,0,0,0,0,0,0,0,0
ENewton,SECoweta,1,0,0,0,0,0,1,0,0,1,0,1
ENewton,NForsyth,0,0,0,0,0,0,0,0,0,0,0,0
ENewton,Cumming,2,0,0,0,0,0,2,0,0,2,0,2
ENewton,SForsyth,3,0,0,2,0,0,5,0,0,3,2,5
ENewton,NHall,0,0,0,0,0,0,0,0,0,0,0,0
ENewton,Gainesville,0,1,0,3,1,0,3,2,0,1,4,5
ENewton,SHall,2,2,0,4,1,0,6,3,0,4,5,9
ENewton,WNewton,3082,593,0,3793,9583,0,6875,10176,0,3675,13376,17051
ENewton,ENewton,3825,742,0,8135,16819,0,11960,17561,0,4567,24954,29521
ENewton,NPaulding,0,0,0,0,0,0,0,0,0,0,0,0
ENewton,WPaulding,0,0,0,0,0,0,0,0,0,0,0,0
ENewton,EPaulding,0,0,0,0,0,0,0,0,0,0,0,0
ENewton,NSpalding,13,0,0,10,21,0,23,21,0,13,31,44
ENewton,SSpalding,11,0,0,5,23,0,16,23,0,11,28,39
ENewton,WWalton,255,53,0,207,397,0,462,450,0,308,604,912
ENewton,EWalton,1072,194,0,991,2058,0,2063,2252,0,1266,3049,4315
NPaulding,NFulton,140,20,0,28,65,0,168,85,0,160,93,253
NPaulding,Roswell,138,18,0,46,66,0,184,84,0,156,112,268
NPaulding,SandySprings,284,38,0,63,98,0,347,136,0,322,161,483
NPaulding,Buckhead,216,41,0,59,162,1,275,203,1,257,222,479
NPaulding,NWAtlanta,145,41,0,28,104,0,173,145,0,186,132,318
NPaulding,NEAtlanta,152,27,2,60,165,3,212,192,5,181,228,409
NPaulding,SWAtlanta,120,18,0,43,85,0,163,103,0,138,128,266
NPaulding,CBDAtlanta,121,19,5,44,143,3,165,162,8,145,190,335
NPaulding,SEAtlanta,44,10,0,19,65,0,63,75,0,54,84,138
NPaulding,SFulton,79,17,0,20,30,0,99,47,0,96,50,146
NPaulding,Tri-Cities,59,16,0,18,36,0,77,52,0,75,54,129
NPaulding,Shannon,35,7,0,14,7,0,49,14,0,42,21,63
NPaulding,WCherokee,38,12,0,19,75,0,57,87,0,50,94,144
NPaulding,NCherokee,4,2,0,3,7,0,7,9,0,6,10,16
NPaulding,ECentCherokee,166,27,0,58,111,0,224,138,0,193,169,362
NPaulding,Woodstock,742,103,0,371,972,0,1113,1075,0,845,1343,2188
NPaulding,Airport,39,9,0,2,7,0,41,16,0,48,9,57
NPaulding,NEClayton,24,7,0,8,6,0,32,13,0,31,14,45
NPaulding,Riverdale,7,0,0,1,5,0,8,5,0,7,6,13
NPaulding,SClayton,7,0,0,2,2,0,9,2,0,7,4,11
NPaulding,NWCobb,4517,831,0,5295,14644,1,9812,15475,1,5348,19940,25288
NPaulding,NECobb,852,131,0,252,747,0,1104,878,0,983,999,1982
NPaulding,SWCobb,863,154,0,575,1712,0,1438,1866,0,1017,2287,3304
NPaulding,Marietta,1165,199,0,423,1344,0,1588,1543,0,1364,1767,3131
NPaulding,Cumberland,1005,157,1,171,407,0,1176,564,1,1163,578,1741
NPaulding,SCobb,563,99,0,170,401,0,733,500,0,662,571,1233
NPaulding,Chamblee,159,34,1,38,71,0,197,105,1,194,109,303
NPaulding,NWDeKalb,49,13,0,19,94,0,68,107,0,62,113,175
NPaulding,NEDeKalb,61,10,0,18,17,0,79,27,0,71,35,106
NPaulding,Atlanta-DeKalb,7,3,0,9,11,0,16,14,0,10,20,30
NPaulding,Decatur,7,3,0,4,6,0,11,9,0,10,10,20
NPaulding,SWDeKalb,15,5,0,6,24,0,21,29,0,20,30,50
NPaulding,SEDeKalb,9,1,0,2,5,0,11,6,0,10,7,17
NPaulding,SDeKalb,17,3,0,9,11,0,26,14,0,20,20,40
NPaulding,WDouglas,214,53,0,67,128,0,281,181,0,267,195,462
NPaulding,EDouglas,519,91,0,125,351,0,644,442,0,610,476,1086
NPaulding,WFayette,16,2,0,3,4,0,19,6,0,18,7,25
NPaulding,EFayette,5,1,0,5,5,0,10,6,0,6,10,16
NPaulding,NGwinnett,7,0,0,3,1,0,10,1,0,7,4,11
NPaulding,CentGwinnett,28,2,0,12,25,0,40,27,0,30,37,67
NPaulding,EGwinnett,3,0,0,0,0,0,3,0,0,3,0,3
NPaulding,Norcross,70,13,0,17,49,0,87,62,0,83,66,149
NPaulding,Lilburn,5,0,0,5,7,0,10,7,0,5,12,17
NPaulding,Snellville,2,0,0,1,5,0,3,5,0,2,6,8
NPaulding,NHenry,2,0,0,2,1,0,4,1,0,2,3,5
NPaulding,EHenry,1,0,0,0,1,0,1,1,0,1,1,2
NPaulding,SHenry,0,0,0,1,4,0,1,4,0,0,5,5
NPaulding,SRockdale,1,0,0,0,0,0,1,0,0,1,0,1
NPaulding,NRockdale,3,0,0,0,0,0,3,0,0,3,0,3
NPaulding,NBarrow,0,0,0,0,0,0,0,0,0,0,0,0
NPaulding,SBarrow,0,0,0,0,0,0,0,0,0,0,0,0
NPaulding,NWBartow,142,30,0,27,91,0,169,121,0,172,118,290
NPaulding,NEBartow,82,15,0,24,125,0,106,140,0,97,149,246
NPaulding,SWBartow,471,90,0,299,766,0,770,856,0,561,1065,1626
NPaulding,Cartersville,1942,349,0,1644,4043,0,3586,4392,0,2291,5687,7978
NPaulding,NECarroll,197,34,0,51,64,0,248,98,0,231,115,346
NPaulding,WCarroll,21,1,0,7,6,0,28,7,0,22,13,35
NPaulding,CentralCarroll,124,26,0,61,50,0,185,76,0,150,111,261
NPaulding,SECarroll,9,1,0,1,4,0,10,5,0,10,5,15
NPaulding,WCoweta,2,0,0,2,1,0,4,1,0,2,3,5
NPaulding,NCoweta,17,1,0,11,13,0,28,14,0,18,24,42
NPaulding,SCoweta,1,0,0,1,0,0,2,0,0,1,1,2
NPaulding,SECoweta,0,0,0,0,1,0,0,1,0,0,1,1
NPaulding,NForsyth,1,2,0,1,4,0,2,6,0,3,5,8
NPaulding,Cumming,12,4,0,9,10,0,21,14,0,16,19,35
NPaulding,SForsyth,24,5,0,7,27,0,31,32,0,29,34,63
NPaulding,NHall,0,0,0,0,0,0,0,0,0,0,0,0
NPaulding,Gainesville,1,0,0,1,0,0,2,0,0,1,1,2
NPaulding,SHall,1,1,0,0,0,0,1,1,0,2,0,2
NPaulding,WNewton,2,0,0,0,0,0,2,0,0,2,0,2
NPaulding,ENewton,0,0,0,0,0,0,0,0,0,0,0,0
NPaulding,NPaulding,6796,1147,0,13398,32007,0,20194,33154,0,7943,45405,53348
NPaulding,WPaulding,349,58,0,312,800,0,661,858,0,407,1112,1519
NPaulding,EPaulding,3814,707,0,5008,13011,0,8822,13718,0,4521,18019,22540
NPaulding,NSpalding,0,0,0,0,0,0,0,0,0,0,0,0
NPaulding,SSpalding,0,0,0,0,0,0,0,0,0,0,0,0
NPaulding,WWalton,0,0,0,0,0,0,0,0,0,0,0,0
NPaulding,EWalton,0,0,0,0,1,0,0,1,0,0,1,1
WPaulding,NFulton,32,1,0,11,49,0,43,50,0,33,60,93
WPaulding,Roswell,24,5,0,13,25,0,37,30,0,29,38,67
WPaulding,SandySprings,113,13,0,26,53,0,139,66,0,126,79,205
WPaulding,Buckhead,78,8,0,34,92,0,112,100,0,86,126,212
WPaulding,NWAtlanta,94,12,0,17,70,0,111,82,0,106,87,193
WPaulding,NEAtlanta,47,11,1,31,167,0,78,178,1,59,198,257
WPaulding,SWAtlanta,91,12,0,27,56,0,118,68,0,103,83,186
WPaulding,CBDAtlanta,78,7,0,33,101,0,111,108,0,85,134,219
WPaulding,SEAtlanta,32,7,0,13,33,1,45,40,1,39,47,86
WPaulding,SFulton,83,17,0,10,39,0,93,56,0,100,49,149
WPaulding,Tri-Cities,56,9,0,14,67,0,70,76,0,65,81,146
WPaulding,Shannon,47,6,0,10,49,0,57,55,0,53,59,112
WPaulding,WCherokee,4,0,0,1,1,0,5,1,0,4,2,6
WPaulding,NCherokee,0,0,0,0,0,0,0,0,0,0,0,0
WPaulding,ECentCherokee,18,1,0,10,36,0,28,37,0,19,46,65
WPaulding,Woodstock,75,18,0,25,76,0,100,94,0,93,101,194
WPaulding,Airport,21,0,0,1,1,0,22,1,0,21,2,23
WPaulding,NEClayton,13,5,0,3,17,0,16,22,0,18,20,38
WPaulding,Riverdale,9,2,0,4,9,0,13,11,0,11,13,24
WPaulding,SClayton,3,0,0,1,5,0,4,5,0,3,6,9
WPaulding,NWCobb,567,79,0,187,402,0,754,481,0,646,589,1235
WPaulding,NECobb,231,35,0,42,79,0,273,114,0,266,121,387
WPaulding,SWCobb,383,75,0,143,444,0,526,519,0,458,587,1045
WPaulding,Marietta,363,47,0,95,151,0,458,198,0,410,246,656
WPaulding,Cumberland,423,79,0,70,186,0,493,265,0,502,256,758
WPaulding,SCobb,352,57,0,112,210,0,464,267,0,409,322,731
WPaulding,Chamblee,52,4,0,15,14,0,67,18,0,56,29,85
WPaulding,NWDeKalb,24,1,0,16,65,0,40,66,0,25,81,106
WPaulding,NEDeKalb,18,0,0,11,9,0,29,9,0,18,20,38
WPaulding,Atlanta-DeKalb,10,0,0,2,4,0,12,4,0,10,6,16
WPaulding,Decatur,9,1,0,3,6,0,12,7,0,10,9,19
WPaulding,SWDeKalb,5,1,0,5,10,0,10,11,0,6,15,21
WPaulding,SEDeKalb,1,0,0,3,4,0,4,4,0,1,7,8
WPaulding,SDeKalb,8,1,0,4,22,0,12,23,0,9,26,35
WPaulding,WDouglas,539,92,0,268,869,0,807,961,0,631,1137,1768
WPaulding,EDouglas,525,106,0,213,433,0,738,539,0,631,646,1277
WPaulding,WFayette,20,6,0,8,23,0,28,29,0,26,31,57
WPaulding,EFayette,9,0,0,3,8,0,12,8,0,9,11,20
WPaulding,NGwinnett,1,0,0,1,4,0,2,4,0,1,5,6
WPaulding,CentGwinnett,4,2,0,3,5,0,7,7,0,6,8,14
WPaulding,EGwinnett,0,0,0,0,1,0,0,1,0,0,1,1
WPaulding,Norcross,22,8,0,14,17,0,36,25,0,30,31,61
WPaulding,Lilburn,0,0,0,1,1,0,1,1,0,0,2,2
WPaulding,Snellville,0,0,0,0,1,0,0,1,0,0,1,1
WPaulding,NHenry,1,0,0,0,4,0,1,4,0,1,4,5
WPaulding,EHenry,0,0,0,0,0,0,0,0,0,0,0,0
WPaulding,SHenry,0,0,0,0,5,0,0,5,0,0,5,5
WPaulding,SRockdale,0,0,0,0,9,0,0,9,0,0,9,9
WPaulding,NRockdale,0,0,0,0,0,0,0,0,0,0,0,0
WPaulding,NBarrow,0,0,0,0,0,0,0,0,0,0,0,0
WPaulding,SBarrow,0,0,0,0,0,0,0,0,0,0,0,0
WPaulding,NWBartow,14,1,0,4,1,0,18,2,0,15,5,20
WPaulding,NEBartow,7,2,0,1,5,0,8,7,0,9,6,15
WPaulding,SWBartow,40,10,0,8,24,0,48,34,0,50,32,82
WPaulding,Cartersville,195,25,0,63,138,0,258,163,0,220,201,421
WPaulding,NECarroll,1177,212,0,1248,3356,0,2425,3568,0,1389,4604,5993
WPaulding,WCarroll,141,17,0,17,30,0,158,47,0,158,47,205
WPaulding,CentralCarroll,565,95,0,274,434,0,839,529,0,660,708,1368
WPaulding,SECarroll,24,3,0,7,9,0,31,12,0,27,16,43
WPaulding,WCoweta,20,1,0,6,6,0,26,7,0,21,12,33
WPaulding,NCoweta,36,4,0,13,34,0,49,38,0,40,47,87
WPaulding,SCoweta,1,1,0,0,0,0,1,1,0,2,0,2
WPaulding,SECoweta,1,0,0,0,1,0,1,1,0,1,1,2
WPaulding,NForsyth,0,0,0,0,1,0,0,1,0,0,1,1
WPaulding,Cumming,3,1,0,5,2,0,8,3,0,4,7,11
WPaulding,SForsyth,3,0,0,3,1,0,6,1,0,3,4,7
WPaulding,NHall,0,0,0,0,0,0,0,0,0,0,0,0
WPaulding,Gainesville,0,0,0,0,0,0,0,0,0,0,0,0
WPaulding,SHall,0,0,0,0,0,0,0,0,0,0,0,0
WPaulding,WNewton,0,0,0,0,0,0,0,0,0,0,0,0
WPaulding,ENewton,0,0,0,0,0,0,0,0,0,0,0,0
WPaulding,NPaulding,362,61,0,318,823,0,680,884,0,423,1141,1564
WPaulding,WPaulding,3318,544,0,8015,17820,0,11333,18364,0,3862,25835,29697
WPaulding,EPaulding,2920,534,0,4036,10552,0,6956,11086,0,3454,14588,18042
WPaulding,NSpalding,0,0,0,0,0,0,0,0,0,0,0,0
WPaulding,SSpalding,0,0,0,0,0,0,0,0,0,0,0,0
WPaulding,WWalton,0,0,0,0,0,0,0,0,0,0,0,0
WPaulding,EWalton,0,0,0,0,0,0,0,0,0,0,0,0
EPaulding,NFulton,297,47,0,77,110,0,374,157,0,344,187,531
EPaulding,Roswell,271,36,0,42,121,0,313,157,0,307,163,470
EPaulding,SandySprings,831,110,6,116,235,5,947,345,11,947,356,1303
EPaulding,Buckhead,821,148,10,141,473,1,962,621,11,979,615,1594
EPaulding,NWAtlanta,735,124,2,118,411,0,853,535,2,861,529,1390
EPaulding,NEAtlanta,700,132,19,173,386,16,873,518,35,851,575,1426
EPaulding,SWAtlanta,716,137,0,210,547,3,926,684,3,853,760,1613
EPaulding,CBDAtlanta,811,103,63,179,377,9,990,480,72,977,565,1542
EPaulding,SEAtlanta,258,43,0,81,139,2,339,182,2,301,222,523
EPaulding,SFulton,784,133,0,166,365,0,950,498,0,917,531,1448
EPaulding,Tri-Cities,410,67,1,72,167,0,482,234,1,478,239,717
EPaulding,Shannon,292,48,1,69,120,0,361,168,1,341,189,530
EPaulding,WCherokee,46,6,0,20,61,0,66,67,0,52,81,133
EPaulding,NCherokee,8,3,0,9,16,0,17,19,0,11,25,36
EPaulding,ECentCherokee,200,43,0,62,164,0,262,207,0,243,226,469
EPaulding,Woodstock,695,111,0,202,442,0,897,553,0,806,644,1450
EPaulding,Airport,282,36,7,18,25,0,300,61,7,325,43,368
EPaulding,NEClayton,140,24,0,25,51,0,165,75,0,164,76,240
EPaulding,Riverdale,38,10,0,24,54,0,62,64,0,48,78,126
EPaulding,SClayton,45,6,0,13,25,0,58,31,0,51,38,89
EPaulding,NWCobb,6079,1107,0,4811,13183,4,10890,14290,4,7186,17998,25184
EPaulding,NECobb,1615,271,0,344,962,0,1959,1233,0,1886,1306,3192
EPaulding,SWCobb,5664,1083,1,6787,18835,1,12451,19918,2,6748,25623,32371
EPaulding,Marietta,2831,472,0,954,2617,3,3785,3089,3,3303,3574,6877
EPaulding,Cumberland,3187,535,3,539,1439,2,3726,1974,5,3725,1980,5705
EPaulding,SCobb,3060,560,2,1453,4689,2,4513,5249,4,3622,6144,9766
EPaulding,Chamblee,533,88,4,86,213,3,619,301,7,625,302,927
EPaulding,NWDeKalb,238,52,2,82,193,1,320,245,3,292,276,568
EPaulding,NEDeKalb,166,24,1,34,124,0,200,148,1,191,158,349
EPaulding,Atlanta-DeKalb,54,9,0,20,91,0,74,100,0,63,111,174
EPaulding,Decatur,44,10,2,10,22,2,54,32,4,56,34,90
EPaulding,SWDeKalb,102,24,2,25,92,0,127,116,2,128,117,245
EPaulding,SEDeKalb,29,11,0,11,19,1,40,30,1,40,31,71
EPaulding,SDeKalb,73,20,0,40,73,0,113,93,0,93,113,206
EPaulding,WDouglas,3489,639,0,3029,8825,0,6518,9464,0,4128,11854,15982
EPaulding,EDouglas,5474,1023,13,4306,12495,8,9780,13518,21,6510,16809,23319
EPaulding,WFayette,107,19,0,35,20,0,142,39,0,126,55,181
EPaulding,EFayette,60,10,0,23,131,0,83,141,0,70,154,224
EPaulding,NGwinnett,17,3,0,11,18,0,28,21,0,20,29,49
EPaulding,CentGwinnett,68,9,0,45,40,0,113,49,0,77,85,162
EPaulding,EGwinnett,7,0,0,7,2,0,14,2,0,7,9,16
EPaulding,Norcross,219,29,0,36,110,0,255,139,0,248,146,394
EPaulding,Lilburn,32,3,0,15,15,0,47,18,0,35,30,65
EPaulding,Snellville,11,0,0,8,20,0,19,20,0,11,28,39
EPaulding,NHenry,29,8,0,18,18,0,47,26,0,37,36,73
EPaulding,EHenry,7,0,0,3,8,0,10,8,0,7,11,18
EPaulding,SHenry,10,2,0,9,22,0,19,24,0,12,31,43
EPaulding,SRockdale,4,1,0,3,2,0,7,3,0,5,5,10
EPaulding,NRockdale,9,3,0,6,18,0,15,21,0,12,24,36
EPaulding,NBarrow,1,0,0,0,9,0,1,9,0,1,9,10
EPaulding,SBarrow,1,0,0,0,4,0,1,4,0,1,4,5
EPaulding,NWBartow,154,23,0,54,130,0,208,153,0,177,184,361
EPaulding,NEBartow,81,15,0,30,76,0,111,91,0,96,106,202
EPaulding,SWBartow,380,61,0,164,456,0,544,517,0,441,620,1061
EPaulding,Cartersville,1199,210,0,357,1073,0,1556,1283,0,1409,1430,2839
EPaulding,NECarroll,1965,385,0,1142,3106,0,3107,3491,0,2350,4248,6598
EPaulding,WCarroll,160,28,0,29,115,0,189,143,0,188,144,332
EPaulding,CentralCarroll,949,177,0,403,512,0,1352,689,0,1126,915,2041
EPaulding,SECarroll,72,9,0,28,29,0,100,38,0,81,57,138
EPaulding,WCoweta,69,9,0,34,27,0,103,36,0,78,61,139
EPaulding,NCoweta,199,41,0,67,144,0,266,185,0,240,211,451
EPaulding,SCoweta,6,0,0,1,17,0,7,17,0,6,18,24
EPaulding,SECoweta,15,3,0,5,8,0,20,11,0,18,13,31
EPaulding,NForsyth,15,3,0,6,15,0,21,18,0,18,21,39
EPaulding,Cumming,33,3,0,19,20,0,52,23,0,36,39,75
EPaulding,SForsyth,38,4,0,19,54,0,57,58,0,42,73,115
EPaulding,NHall,1,0,0,0,0,0,1,0,0,1,0,1
EPaulding,Gainesville,1,0,0,2,1,0,3,1,0,1,3,4
EPaulding,SHall,2,0,0,1,1,0,3,1,0,2,2,4
EPaulding,WNewton,6,0,0,3,6,0,9,6,0,6,9,15
EPaulding,ENewton,0,0,0,0,0,0,0,0,0,0,0,0
EPaulding,NPaulding,3980,732,0,5064,13009,0,9044,13741,0,4712,18073,22785
EPaulding,WPaulding,3185,590,0,4117,10623,0,7302,11213,0,3775,14740,18515
EPaulding,EPaulding,45605,8684,0,98917,217412,2,144522,226096,2,54289,316331,370620
EPaulding,NSpalding,4,0,0,2,0,0,6,0,0,4,2,6
EPaulding,SSpalding,0,1,0,1,1,0,1,2,0,1,2,3
EPaulding,WWalton,1,0,0,2,0,0,3,0,0,1,2,3
EPaulding,EWalton,0,0,0,1,0,0,1,0,0,0,1,1
NSpalding,NFulton,5,3,0,0,3,0,5,6,0,8,3,11
NSpalding,Roswell,7,3,0,2,1,0,9,4,0,10,3,13
NSpalding,SandySprings,45,11,2,6,5,0,51,16,2,58,11,69
NSpalding,Buckhead,81,31,2,16,18,0,97,49,2,114,34,148
NSpalding,NWAtlanta,80,9,1,11,28,0,91,37,1,90,39,129
NSpalding,NEAtlanta,134,33,2,33,87,0,167,120,2,169,120,289
NSpalding,SWAtlanta,62,12,1,16,61,0,78,73,1,75,77,152
NSpalding,CBDAtlanta,176,34,16,39,80,6,215,114,22,226,125,351
NSpalding,SEAtlanta,133,20,0,28,65,1,161,85,1,153,94,247
NSpalding,SFulton,61,11,0,11,19,0,72,30,0,72,30,102
NSpalding,Tri-Cities,271,38,0,29,30,0,300,68,0,309,59,368
NSpalding,Shannon,176,22,0,44,99,0,220,121,0,198,143,341
NSpalding,WCherokee,0,0,0,0,0,0,0,0,0,0,0,0
NSpalding,NCherokee,0,0,0,0,0,0,0,0,0,0,0,0
NSpalding,ECentCherokee,0,0,0,0,0,0,0,0,0,0,0,0
NSpalding,Woodstock,1,1,0,1,0,0,2,1,0,2,1,3
NSpalding,Airport,212,30,1,11,31,0,223,61,1,243,42,285
NSpalding,NEClayton,498,87,0,122,212,0,620,299,0,585,334,919
NSpalding,Riverdale,242,47,0,76,135,0,318,182,0,289,211,500
NSpalding,SClayton,1032,189,1,636,1460,1,1668,1649,2,1222,2097,3319
NSpalding,NWCobb,5,1,0,2,0,0,7,1,0,6,2,8
NSpalding,NECobb,14,2,0,2,10,0,16,12,0,16,12,28
NSpalding,SWCobb,2,1,0,2,3,0,4,4,0,3,5,8
NSpalding,Marietta,11,5,0,1,3,0,12,8,0,16,4,20
NSpalding,Cumberland,86,19,0,9,8,0,95,27,0,105,17,122
NSpalding,SCobb,29,6,0,6,11,0,35,17,0,35,17,52
NSpalding,Chamblee,39,16,1,10,8,0,49,24,1,56,18,74
NSpalding,NWDeKalb,65,13,0,20,59,0,85,72,0,78,79,157
NSpalding,NEDeKalb,51,9,0,17,10,0,68,19,0,60,27,87
NSpalding,Atlanta-DeKalb,14,2,0,6,16,0,20,18,0,16,22,38
NSpalding,Decatur,19,3,0,4,2,0,23,5,0,22,6,28
NSpalding,SWDeKalb,54,8,0,8,21,0,62,29,0,62,29,91
NSpalding,SEDeKalb,44,6,0,11,12,0,55,18,0,50,23,73
NSpalding,SDeKalb,106,16,0,34,56,0,140,72,0,122,90,212
NSpalding,WDouglas,11,3,0,5,0,0,16,3,0,14,5,19
NSpalding,EDouglas,32,3,0,9,10,0,41,13,0,35,19,54
NSpalding,WFayette,806,146,0,218,339,0,1024,485,0,952,557,1509
NSpalding,EFayette,1166,228,0,715,1305,0,1881,1533,0,1394,2020,3414
NSpalding,NGwinnett,0,0,0,0,16,0,0,16,0,0,16,16
NSpalding,CentGwinnett,4,1,0,5,2,0,9,3,0,5,7,12
NSpalding,EGwinnett,1,0,0,1,0,0,2,0,0,1,1,2
NSpalding,Norcross,21,7,0,4,11,0,25,18,0,28,15,43
NSpalding,Lilburn,9,1,0,6,0,0,15,1,0,10,6,16
NSpalding,Snellville,16,1,0,8,27,0,24,28,0,17,35,52
NSpalding,NHenry,399,94,0,164,307,0,563,401,0,493,471,964
NSpalding,EHenry,486,99,0,204,316,0,690,415,0,585,520,1105
NSpalding,SHenry,4271,848,0,3621,8731,1,7892,9579,1,5119,12353,17472
NSpalding,SRockdale,97,14,0,24,59,0,121,73,0,111,83,194
NSpalding,NRockdale,81,10,0,21,29,0,102,39,0,91,50,141
NSpalding,NBarrow,1,0,0,0,1,0,1,1,0,1,1,2
NSpalding,SBarrow,0,0,0,0,0,0,0,0,0,0,0,0
NSpalding,NWBartow,0,0,0,0,0,0,0,0,0,0,0,0
NSpalding,NEBartow,0,0,0,0,0,0,0,0,0,0,0,0
NSpalding,SWBartow,0,0,0,0,0,0,0,0,0,0,0,0
NSpalding,Cartersville,2,0,0,0,4,0,2,4,0,2,4,6
NSpalding,NECarroll,2,0,0,0,2,0,2,2,0,2,2,4
NSpalding,WCarroll,0,0,0,1,0,0,1,0,0,0,1,1
NSpalding,CentralCarroll,6,1,0,5,1,0,11,2,0,7,6,13
NSpalding,SECarroll,0,0,0,0,13,0,0,13,0,0,13,13
NSpalding,WCoweta,33,2,0,13,7,0,46,9,0,35,20,55
NSpalding,NCoweta,296,47,0,71,126,0,367,173,0,343,197,540
NSpalding,SCoweta,45,11,0,25,20,0,70,31,0,56,45,101
NSpalding,SECoweta,340,70,0,227,402,0,567,472,0,410,629,1039
NSpalding,NForsyth,1,0,0,0,1,0,1,1,0,1,1,2
NSpalding,Cumming,0,0,0,0,0,0,0,0,0,0,0,0
NSpalding,SForsyth,0,0,0,1,2,0,1,2,0,0,3,3
NSpalding,NHall,0,0,0,0,0,0,0,0,0,0,0,0
NSpalding,Gainesville,0,0,0,0,0,0,0,0,0,0,0,0
NSpalding,SHall,0,0,0,0,0,0,0,0,0,0,0,0
NSpalding,WNewton,226,29,0,55,115,0,281,144,0,255,170,425
NSpalding,ENewton,12,2,0,8,21,0,20,23,0,14,29,43
NSpalding,NPaulding,0,0,0,0,0,0,0,0,0,0,0,0
NSpalding,WPaulding,1,0,0,0,0,0,1,0,0,1,0,1
NSpalding,EPaulding,1,0,0,1,0,0,2,0,0,1,1,2
NSpalding,NSpalding,16770,3286,0,30641,68004,0,47411,71290,0,20056,98645,118701
NSpalding,SSpalding,7951,1396,0,11439,21636,0,19390,23032,0,9347,33075,42422
NSpalding,WWalton,13,2,0,2,5,0,15,7,0,15,7,22
NSpalding,EWalton,10,4,0,5,6,0,15,10,0,14,11,25
SSpalding,NFulton,1,1,0,2,0,0,3,1,0,2,2,4
SSpalding,Roswell,3,1,0,0,0,0,3,1,0,4,0,4
SSpalding,SandySprings,19,2,0,5,10,0,24,12,0,21,15,36
SSpalding,Buckhead,29,11,0,8,12,0,37,23,0,40,20,60
SSpalding,NWAtlanta,39,5,0,9,12,0,48,17,0,44,21,65
SSpalding,NEAtlanta,50,10,0,31,30,0,81,40,0,60,61,121
SSpalding,SWAtlanta,38,7,0,10,6,0,48,13,0,45,16,61
SSpalding,CBDAtlanta,64,8,1,23,44,0,87,52,1,73,67,140
SSpalding,SEAtlanta,56,22,0,23,48,0,79,70,0,78,71,149
SSpalding,SFulton,44,8,0,12,6,0,56,14,0,52,18,70
SSpalding,Tri-Cities,156,23,0,26,21,0,182,44,0,179,47,226
SSpalding,Shannon,137,23,0,38,60,0,175,83,0,160,98,258
SSpalding,WCherokee,0,0,0,0,0,0,0,0,0,0,0,0
SSpalding,NCherokee,0,0,0,0,0,0,0,0,0,0,0,0
SSpalding,ECentCherokee,0,0,0,1,0,0,1,0,0,0,1,1
SSpalding,Woodstock,1,0,0,0,0,0,1,0,0,1,0,1
SSpalding,Airport,101,11,0,5,37,0,106,48,0,112,42,154
SSpalding,NEClayton,256,59,0,57,72,0,313,131,0,315,129,444
SSpalding,Riverdale,157,21,0,44,104,0,201,125,0,178,148,326
SSpalding,SClayton,576,107,1,152,330,0,728,437,1,684,482,1166
SSpalding,NWCobb,5,1,0,1,9,0,6,10,0,6,10,16
SSpalding,NECobb,4,2,0,3,4,0,7,6,0,6,7,13
SSpalding,SWCobb,3,1,0,0,0,0,3,1,0,4,0,4
SSpalding,Marietta,7,3,0,5,4,0,12,7,0,10,9,19
SSpalding,Cumberland,61,7,0,13,27,0,74,34,0,68,40,108
SSpalding,SCobb,24,4,0,8,24,0,32,28,0,28,32,60
SSpalding,Chamblee,29,8,0,7,23,0,36,31,0,37,30,67
SSpalding,NWDeKalb,33,7,0,7,9,0,40,16,0,40,16,56
SSpalding,NEDeKalb,22,3,0,9,10,0,31,13,0,25,19,44
SSpalding,Atlanta-DeKalb,8,2,0,6,6,0,14,8,0,10,12,22
SSpalding,Decatur,3,0,0,2,1,0,5,1,0,3,3,6
SSpalding,SWDeKalb,34,4,0,12,26,0,46,30,0,38,38,76
SSpalding,SEDeKalb,23,2,0,4,20,0,27,22,0,25,24,49
SSpalding,SDeKalb,71,8,0,19,25,0,90,33,0,79,44,123
SSpalding,WDouglas,9,4,0,3,20,0,12,24,0,13,23,36
SSpalding,EDouglas,10,2,0,6,2,0,16,4,0,12,8,20
SSpalding,WFayette,794,128,0,215,510,0,1009,638,0,922,725,1647
SSpalding,EFayette,973,159,0,473,984,0,1446,1143,0,1132,1457,2589
SSpalding,NGwinnett,0,0,0,1,0,0,1,0,0,0,1,1
SSpalding,CentGwinnett,5,1,0,4,2,0,9,3,0,6,6,12
SSpalding,EGwinnett,1,0,0,0,5,0,1,5,0,1,5,6
SSpalding,Norcross,5,2,0,6,5,0,11,7,0,7,11,18
SSpalding,Lilburn,4,0,0,0,0,0,4,0,0,4,0,4
SSpalding,Snellville,4,2,0,1,41,0,5,43,0,6,42,48
SSpalding,NHenry,246,55,0,56,131,0,302,186,0,301,187,488
SSpalding,EHenry,311,57,0,63,110,0,374,167,0,368,173,541
SSpalding,SHenry,2012,394,0,806,1949,0,2818,2343,0,2406,2755,5161
SSpalding,SRockdale,48,9,0,8,3,0,56,12,0,57,11,68
SSpalding,NRockdale,48,9,0,8,21,0,56,30,0,57,29,86
SSpalding,NBarrow,0,0,0,0,0,0,0,0,0,0,0,0
SSpalding,SBarrow,0,0,0,0,0,0,0,0,0,0,0,0
SSpalding,NWBartow,0,0,0,0,0,0,0,0,0,0,0,0
SSpalding,NEBartow,0,0,0,0,0,0,0,0,0,0,0,0
SSpalding,SWBartow,0,0,0,0,0,0,0,0,0,0,0,0
SSpalding,Cartersville,0,0,0,0,0,0,0,0,0,0,0,0
SSpalding,NECarroll,1,0,0,0,0,0,1,0,0,1,0,1
SSpalding,WCarroll,1,2,0,0,0,0,1,2,0,3,0,3
SSpalding,CentralCarroll,6,3,0,7,15,0,13,18,0,9,22,31
SSpalding,SECarroll,2,1,0,1,1,0,3,2,0,3,2,5
SSpalding,WCoweta,57,8,0,13,31,0,70,39,0,65,44,109
SSpalding,NCoweta,376,65,0,83,147,0,459,212,0,441,230,671
SSpalding,SCoweta,63,14,0,18,64,0,81,78,0,77,82,159
SSpalding,SECoweta,458,64,0,225,387,0,683,451,0,522,612,1134
SSpalding,NForsyth,0,0,0,0,0,0,0,0,0,0,0,0
SSpalding,Cumming,0,0,0,2,2,0,2,2,0,0,4,4
SSpalding,SForsyth,1,0,0,1,0,0,2,0,0,1,1,2
SSpalding,NHall,0,0,0,0,0,0,0,0,0,0,0,0
SSpalding,Gainesville,0,0,0,0,0,0,0,0,0,0,0,0
SSpalding,SHall,0,0,0,0,0,0,0,0,0,0,0,0
SSpalding,WNewton,122,30,0,22,53,0,144,83,0,152,75,227
SSpalding,ENewton,10,0,0,4,1,0,14,1,0,10,5,15
SSpalding,NPaulding,0,0,0,1,0,0,1,0,0,0,1,1
SSpalding,WPaulding,0,0,0,0,0,0,0,0,0,0,0,0
SSpalding,EPaulding,3,0,0,1,1,0,4,1,0,3,2,5
SSpalding,NSpalding,7899,1404,0,11419,21598,0,19318,23002,0,9303,33017,42320
SSpalding,SSpalding,13654,2384,0,19411,35465,0,33065,37849,0,16038,54876,70914
SSpalding,WWalton,3,0,0,0,1,0,3,1,0,3,1,4
SSpalding,EWalton,0,0,0,1,0,0,1,0,0,0,1,1
WWalton,NFulton,225,38,0,46,83,1,271,121,1,263,130,393
WWalton,Roswell,85,13,0,22,39,0,107,52,0,98,61,159
WWalton,SandySprings,185,40,1,41,88,1,226,128,2,226,130,356
WWalton,Buckhead,183,28,1,32,110,0,215,138,1,212,142,354
WWalton,NWAtlanta,82,12,0,12,36,0,94,48,0,94,48,142
WWalton,NEAtlanta,200,35,0,58,305,6,258,340,6,235,369,604
WWalton,SWAtlanta,51,11,0,17,69,1,68,80,1,62,87,149
WWalton,CBDAtlanta,134,41,6,47,223,5,181,264,11,181,275,456
WWalton,SEAtlanta,85,16,0,25,68,0,110,84,0,101,93,194
WWalton,SFulton,20,0,0,1,0,0,21,0,0,20,1,21
WWalton,Tri-Cities,84,10,0,20,40,0,104,50,0,94,60,154
WWalton,Shannon,25,4,0,4,15,0,29,19,0,29,19,48
WWalton,WCherokee,1,0,0,0,0,0,1,0,0,1,0,1
WWalton,NCherokee,1,0,0,0,0,0,1,0,0,1,0,1
WWalton,ECentCherokee,5,0,0,5,4,0,10,4,0,5,9,14
WWalton,Woodstock,7,1,0,1,1,0,8,2,0,8,2,10
WWalton,Airport,62,6,1,4,22,0,66,28,1,69,26,95
WWalton,NEClayton,127,21,0,23,44,0,150,65,0,148,67,215
WWalton,Riverdale,15,1,0,8,10,0,23,11,0,16,18,34
WWalton,SClayton,53,16,0,9,20,0,62,36,0,69,29,98
WWalton,NWCobb,7,0,0,2,3,0,9,3,0,7,5,12
WWalton,NECobb,48,11,0,11,9,0,59,20,0,59,20,79
WWalton,SWCobb,6,0,0,4,0,0,10,0,0,6,4,10
WWalton,Marietta,27,6,0,6,14,0,33,20,0,33,20,53
WWalton,Cumberland,137,20,0,23,55,1,160,75,1,157,79,236
WWalton,SCobb,37,5,0,7,27,0,44,32,0,42,34,76
WWalton,Chamblee,327,53,0,54,193,0,381,246,0,380,247,627
WWalton,NWDeKalb,305,61,1,105,500,6,410,561,7,367,611,978
WWalton,NEDeKalb,864,151,0,205,576,1,1069,727,1,1015,782,1797
WWalton,Atlanta-DeKalb,37,5,0,22,36,0,59,41,0,42,58,100
WWalton,Decatur,61,11,1,22,38,0,83,49,1,73,60,133
WWalton,SWDeKalb,204,28,0,73,196,0,277,224,0,232,269,501
WWalton,SEDeKalb,614,112,0,298,1006,0,912,1118,0,726,1304,2030
WWalton,SDeKalb,321,62,0,157,428,2,478,490,2,383,587,970
WWalton,WDouglas,3,0,0,0,0,0,3,0,0,3,0,3
WWalton,EDouglas,12,3,0,6,6,0,18,9,0,15,12,27
WWalton,WFayette,9,2,0,3,4,0,12,6,0,11,7,18
WWalton,EFayette,15,5,0,5,20,0,20,25,0,20,25,45
WWalton,NGwinnett,957,168,0,332,876,0,1289,1044,0,1125,1208,2333
WWalton,CentGwinnett,2356,462,0,1061,3182,0,3417,3644,0,2818,4243,7061
WWalton,EGwinnett,2003,375,0,2380,7081,0,4383,7456,0,2378,9461,11839
WWalton,Norcross,846,145,0,127,352,0,973,497,0,991,479,1470
WWalton,Lilburn,623,123,0,282,837,0,905,960,0,746,1119,1865
WWalton,Snellville,3365,633,0,4620,13326,0,7985,13959,0,3998,17946,21944
WWalton,NHenry,153,23,0,51,61,0,204,84,0,176,112,288
WWalton,EHenry,97,20,0,28,56,0,125,76,0,117,84,201
WWalton,SHenry,126,18,0,31,70,0,157,88,0,144,101,245
WWalton,SRockdale,302,56,0,129,523,0,431,579,0,358,652,1010
WWalton,NRockdale,2077,364,0,1059,2882,0,3136,3246,0,2441,3941,6382
WWalton,NBarrow,525,121,0,252,607,0,777,728,0,646,859,1505
WWalton,SBarrow,668,141,0,363,1356,0,1031,1497,0,809,1719,2528
WWalton,NWBartow,0,0,0,0,0,0,0,0,0,0,0,0
WWalton,NEBartow,0,0,0,0,0,0,0,0,0,0,0,0
WWalton,SWBartow,0,0,0,0,0,0,0,0,0,0,0,0
WWalton,Cartersville,0,0,0,0,0,0,0,0,0,0,0,0
WWalton,NECarroll,0,0,0,0,0,0,0,0,0,0,0,0
WWalton,WCarroll,0,0,0,0,0,0,0,0,0,0,0,0
WWalton,CentralCarroll,0,0,0,0,0,0,0,0,0,0,0,0
WWalton,SECarroll,1,0,0,0,0,0,1,0,0,1,0,1
WWalton,WCoweta,0,0,0,0,0,0,0,0,0,0,0,0
WWalton,NCoweta,6,0,0,1,2,0,7,2,0,6,3,9
WWalton,SCoweta,0,0,0,0,0,0,0,0,0,0,0,0
WWalton,SECoweta,0,1,0,0,0,0,0,1,0,1,0,1
WWalton,NForsyth,7,0,0,2,10,0,9,10,0,7,12,19
WWalton,Cumming,19,7,0,25,42,0,44,49,0,26,67,93
WWalton,SForsyth,102,16,0,22,49,0,124,65,0,118,71,189
WWalton,NHall,6,0,0,2,8,0,8,8,0,6,10,16
WWalton,Gainesville,52,11,0,20,111,0,72,122,0,63,131,194
WWalton,SHall,98,17,0,44,66,0,142,83,0,115,110,225
WWalton,WNewton,2358,430,0,1660,4036,0,4018,4466,0,2788,5696,8484
WWalton,ENewton,258,47,0,222,388,0,480,435,0,305,610,915
WWalton,NPaulding,0,0,0,0,0,0,0,0,0,0,0,0
WWalton,WPaulding,0,0,0,0,0,0,0,0,0,0,0,0
WWalton,EPaulding,2,0,0,2,0,0,4,0,0,2,2,4
WWalton,NSpalding,11,1,0,1,5,0,12,6,0,12,6,18
WWalton,SSpalding,3,0,0,0,1,0,3,1,0,3,1,4
WWalton,WWalton,11516,2106,0,25032,64028,0,36548,66134,0,13622,89060,102682
WWalton,EWalton,3076,628,0,2994,8678,0,6070,9306,0,3704,11672,15376
EWalton,NFulton,135,25,0,33,108,0,168,133,0,160,141,301
EWalton,Roswell,52,11,0,14,32,0,66,43,0,63,46,109
EWalton,SandySprings,68,8,0,19,41,0,87,49,0,76,60,136
EWalton,Buckhead,60,13,0,25,44,0,85,57,0,73,69,142
EWalton,NWAtlanta,25,5,0,6,41,0,31,46,0,30,47,77
EWalton,NEAtlanta,67,22,0,36,114,0,103,136,0,89,150,239
EWalton,SWAtlanta,15,4,0,11,22,0,26,26,0,19,33,52
EWalton,CBDAtlanta,46,13,1,32,79,0,78,92,1,60,111,171
EWalton,SEAtlanta,36,6,0,16,42,0,52,48,0,42,58,100
EWalton,SFulton,3,0,0,1,2,0,4,2,0,3,3,6
EWalton,Tri-Cities,40,4,0,9,16,0,49,20,0,44,25,69
EWalton,Shannon,11,0,0,0,4,0,11,4,0,11,4,15
EWalton,WCherokee,0,0,0,0,0,0,0,0,0,0,0,0
EWalton,NCherokee,0,0,0,0,0,0,0,0,0,0,0,0
EWalton,ECentCherokee,4,0,0,1,5,0,5,5,0,4,6,10
EWalton,Woodstock,3,0,0,0,0,0,3,0,0,3,0,3
EWalton,Airport,25,3,0,4,10,0,29,13,0,28,14,42
EWalton,NEClayton,50,6,0,13,13,0,63,19,0,56,26,82
EWalton,Riverdale,7,0,0,2,7,0,9,7,0,7,9,16
EWalton,SClayton,29,2,0,7,44,0,36,46,0,31,51,82
EWalton,NWCobb,6,0,0,3,1,0,9,1,0,6,4,10
EWalton,NECobb,11,3,0,5,7,0,16,10,0,14,12,26
EWalton,SWCobb,1,2,0,0,0,0,1,2,0,3,0,3
EWalton,Marietta,12,1,0,2,6,0,14,7,0,13,8,21
EWalton,Cumberland,42,8,0,10,8,0,52,16,0,50,18,68
EWalton,SCobb,10,2,0,4,2,0,14,4,0,12,6,18
EWalton,Chamblee,138,26,0,42,72,0,180,98,0,164,114,278
EWalton,NWDeKalb,137,22,0,52,160,0,189,182,0,159,212,371
EWalton,NEDeKalb,299,50,0,74,204,0,373,254,0,349,278,627
EWalton,Atlanta-DeKalb,16,7,0,7,18,0,23,25,0,23,25,48
EWalton,Decatur,12,3,0,9,21,0,21,24,0,15,30,45
EWalton,SWDeKalb,62,17,0,25,32,1,87,49,1,79,58,137
EWalton,SEDeKalb,206,35,0,70,150,0,276,185,0,241,220,461
EWalton,SDeKalb,158,31,0,48,127,0,206,158,0,189,175,364
EWalton,WDouglas,0,1,0,1,1,0,1,2,0,1,2,3
EWalton,EDouglas,6,2,0,2,1,0,8,3,0,8,3,11
EWalton,WFayette,2,0,0,0,0,0,2,0,0,2,0,2
EWalton,EFayette,5,2,0,1,0,0,6,2,0,7,1,8
EWalton,NGwinnett,774,122,0,211,499,0,985,621,0,896,710,1606
EWalton,CentGwinnett,1205,211,0,349,800,0,1554,1011,0,1416,1149,2565
EWalton,EGwinnett,1234,229,0,602,1674,0,1836,1903,0,1463,2276,3739
EWalton,Norcross,394,53,0,64,115,0,458,168,0,447,179,626
EWalton,Lilburn,270,35,0,74,197,0,344,232,0,305,271,576
EWalton,Snellville,991,194,0,357,1226,0,1348,1420,0,1185,1583,2768
EWalton,NHenry,80,8,0,27,49,0,107,57,0,88,76,164
EWalton,EHenry,93,19,0,33,47,0,126,66,0,112,80,192
EWalton,SHenry,104,23,0,35,78,0,139,101,0,127,113,240
EWalton,SRockdale,183,30,0,51,90,0,234,120,0,213,141,354
EWalton,NRockdale,970,186,0,209,696,0,1179,882,0,1156,905,2061
EWalton,NBarrow,1121,193,0,537,1406,0,1658,1599,0,1314,1943,3257
EWalton,SBarrow,1595,278,0,1002,2870,0,2597,3148,0,1873,3872,5745
EWalton,NWBartow,0,0,0,0,0,0,0,0,0,0,0,0
EWalton,NEBartow,0,0,0,0,0,0,0,0,0,0,0,0
EWalton,SWBartow,0,0,0,0,0,0,0,0,0,0,0,0
EWalton,Cartersville,0,0,0,0,0,0,0,0,0,0,0,0
EWalton,NECarroll,0,0,0,0,0,0,0,0,0,0,0,0
EWalton,WCarroll,0,0,0,0,0,0,0,0,0,0,0,0
EWalton,CentralCarroll,0,0,0,0,0,0,0,0,0,0,0,0
EWalton,SECarroll,0,0,0,0,0,0,0,0,0,0,0,0
EWalton,WCoweta,0,0,0,0,0,0,0,0,0,0,0,0
EWalton,NCoweta,0,0,0,0,0,0,0,0,0,0,0,0
EWalton,SCoweta,0,0,0,0,0,0,0,0,0,0,0,0
EWalton,SECoweta,0,0,0,0,0,0,0,0,0,0,0,0
EWalton,NForsyth,11,0,0,4,7,0,15,7,0,11,11,22
EWalton,Cumming,33,3,0,11,21,0,44,24,0,36,32,68
EWalton,SForsyth,41,3,0,20,24,0,61,27,0,44,44,88
EWalton,NHall,4,0,0,2,3,0,6,3,0,4,5,9
EWalton,Gainesville,69,14,0,36,77,0,105,91,0,83,113,196
EWalton,SHall,137,21,0,49,91,0,186,112,0,158,140,298
EWalton,WNewton,2138,412,0,795,1797,0,2933,2209,0,2550,2592,5142
EWalton,ENewton,1009,205,0,990,2067,0,1999,2272,0,1214,3057,4271
EWalton,NPaulding,0,0,0,0,1,0,0,1,0,0,1,1
EWalton,WPaulding,0,0,0,0,0,0,0,0,0,0,0,0
EWalton,EPaulding,0,0,0,0,0,0,0,0,0,0,0,0
EWalton,NSpalding,9,1,0,5,6,0,14,7,0,10,11,21
EWalton,SSpalding,2,0,0,1,0,0,3,0,0,2,1,3
EWalton,WWalton,3045,558,0,3019,8509,0,6064,9067,0,3603,11528,15131
EWalton,EWalton,25108,4714,0,41178,90832,0,66286,95546,0,29822,132010,161832
