FROM,TO,Work trips SOV,Work trips HOV,Work trips Transit,Non-work SOV,Non-work HOV,Non-work Transit,All SOV,All HOV,All Transit,Work trips All,Non-work All,All Trips
NFulton,NFulton,66057,12388,380,104301,221854,582,170358,234242,962,78825,326737,405562
NFulton,Roswell,15044,2721,118,18417,47217,196,33461,49938,314,17883,65830,83713
NFulton,SandySprings,6259,1046,267,2609,6239,195,8868,7285,462,7572,9043,16615
NFulton,Buckhead,2362,312,170,405,954,38,2767,1266,208,2844,1397,4241
NFulton,NWAtlanta,359,68,34,60,147,5,419,215,39,461,212,673
NFulton,NEAtlanta,1017,163,120,202,479,68,1219,642,188,1300,749,2049
NFulton,SWAtlanta,284,47,40,61,132,15,345,179,55,371,208,579
NFulton,CBDAtlanta,499,89,208,86,209,42,585,298,250,796,337,1133
NFulton,SEAtlanta,184,40,22,51,101,4,235,141,26,246,156,402
NFulton,SFulton,79,21,2,19,49,0,98,70,2,102,68,170
NFulton,Tri-Cities,150,35,8,32,38,2,182,73,10,193,72,265
NFulton,Shannon,59,25,9,23,40,1,82,65,10,93,64,157
NFulton,WCherokee,347,54,0,100,388,1,447,442,1,401,489,890
NFulton,NCherokee,284,47,0,77,241,0,361,288,0,331,318,649
NFulton,ECentCherokee,4375,774,2,2441,8335,11,6816,9109,13,5151,10787,15938
NFulton,Woodstock,2649,477,2,1389,4449,3,4038,4926,5,3128,5841,8969
NFulton,Airport,49,14,3,9,20,0,58,34,3,66,29,95
NFulton,NEClayton,97,27,3,25,43,2,122,70,5,127,70,197
NFulton,Riverdale,37,10,2,14,25,4,51,35,6,49,43,92
NFulton,SClayton,41,17,1,18,14,0,59,31,1,59,32,91
NFulton,NWCobb,1572,271,1,463,1127,12,2035,1398,13,1844,1602,3446
NFulton,NECobb,4817,846,12,2925,8680,24,7742,9526,36,5675,11629,17304
NFulton,SWCobb,265,49,1,52,121,1,317,170,2,315,174,489
NFulton,Marietta,781,149,1,308,587,23,1089,736,24,931,918,1849
NFulton,Cumberland,1651,283,9,286,1056,5,1937,1339,14,1943,1347,3290
NFulton,SCobb,395,77,7,91,167,2,486,244,9,479,260,739
NFulton,Chamblee,3914,735,132,1521,4168,70,5435,4903,202,4781,5759,10540
NFulton,NWDeKalb,1050,154,26,211,557,23,1261,711,49,1230,791,2021
NFulton,NEDeKalb,1323,243,16,395,1042,20,1718,1285,36,1582,1457,3039
NFulton,Atlanta-DeKalb,88,20,11,11,29,1,99,49,12,119,41,160
NFulton,Decatur,126,14,10,22,77,5,148,91,15,150,104,254
NFulton,SWDeKalb,257,47,19,56,97,2,313,144,21,323,155,478
NFulton,SEDeKalb,326,53,13,53,88,0,379,141,13,392,141,533
NFulton,SDeKalb,228,54,15,46,81,1,274,135,16,297,128,425
NFulton,WDouglas,48,8,0,15,25,1,63,33,1,56,41,97
NFulton,EDouglas,105,14,1,36,93,0,141,107,1,120,129,249
NFulton,WFayette,14,4,0,5,32,0,19,36,0,18,37,55
NFulton,EFayette,22,7,2,10,10,0,32,17,2,31,20,51
NFulton,NGwinnett,4463,847,2,1964,6425,6,6427,7272,8,5312,8395,13707
NFulton,CentGwinnett,7676,1527,16,6855,17963,20,14531,19490,36,9219,24838,34057
NFulton,EGwinnett,653,119,0,119,359,0,772,478,0,772,478,1250
NFulton,Norcross,5914,1137,22,3629,10487,20,9543,11624,42,7073,14136,21209
NFulton,Lilburn,704,131,1,331,890,0,1035,1021,1,836,1221,2057
NFulton,Snellville,720,148,1,156,479,1,876,627,2,869,636,1505
NFulton,NHenry,65,9,0,13,59,0,78,68,0,74,72,146
NFulton,EHenry,31,5,0,13,17,1,44,22,1,36,31,67
NFulton,SHenry,24,6,0,10,21,0,34,27,0,30,31,61
NFulton,SRockdale,40,8,0,11,21,0,51,29,0,48,32,80
NFulton,NRockdale,71,18,0,20,40,1,91,58,1,89,61,150
NFulton,NBarrow,191,34,0,33,75,0,224,109,0,225,108,333
NFulton,SBarrow,140,19,0,29,67,0,169,86,0,159,96,255
NFulton,NWBartow,31,9,0,6,8,0,37,17,0,40,14,54
NFulton,NEBartow,76,14,0,29,70,0,105,84,0,90,99,189
NFulton,SWBartow,62,7,0,10,60,0,72,67,0,69,70,139
NFulton,Cartersville,246,35,0,72,78,1,318,113,1,281,151,432
NFulton,NECarroll,12,2,0,2,7,0,14,9,0,14,9,23
NFulton,WCarroll,0,0,0,0,0,0,0,0,0,0,0,0
NFulton,CentralCarroll,5,1,0,3,4,0,8,5,0,6,7,13
NFulton,SECarroll,2,0,0,0,0,0,2,0,0,2,0,2
NFulton,WCoweta,1,0,0,0,0,0,1,0,0,1,0,1
NFulton,NCoweta,24,8,0,5,11,0,29,19,0,32,16,48
NFulton,SCoweta,0,0,0,0,0,0,0,0,0,0,0,0
NFulton,SECoweta,1,1,0,1,1,0,2,2,0,2,2,4
NFulton,NForsyth,1391,256,1,325,1354,1,1716,1610,2,1648,1680,3328
NFulton,Cumming,6281,1208,10,3052,10136,6,9333,11344,16,7499,13194,20693
NFulton,SForsyth,10308,1999,20,11549,32600,20,21857,34599,40,12327,44169,56496
NFulton,NHall,188,29,0,42,169,0,230,198,0,217,211,428
NFulton,Gainesville,554,105,1,85,204,0,639,309,1,660,289,949
NFulton,SHall,639,121,0,156,277,0,795,398,0,760,433,1193
NFulton,WNewton,72,18,0,16,35,1,88,53,1,90,52,142
NFulton,ENewton,4,1,0,1,5,0,5,6,0,5,6,11
NFulton,NPaulding,111,22,0,24,67,0,135,89,0,133,91,224
NFulton,WPaulding,24,3,0,7,12,0,31,15,0,27,19,46
NFulton,EPaulding,193,35,0,28,98,0,221,133,0,228,126,354
NFulton,NSpalding,3,0,0,0,0,0,3,0,0,3,0,3
NFulton,SSpalding,3,1,0,2,1,0,5,2,0,4,3,7
NFulton,WWalton,190,42,0,45,67,0,235,109,0,232,112,344
NFulton,EWalton,110,17,0,33,44,0,143,61,0,127,77,204
Roswell,NFulton,15031,2779,111,18392,47443,191,33423,50222,302,17921,66026,83947
Roswell,Roswell,22961,4056,151,47468,104236,264,70429,108292,415,27168,151968,179136
Roswell,SandySprings,6297,1093,173,5636,13403,232,11933,14496,405,7563,19271,26834
Roswell,Buckhead,1978,321,159,403,1036,37,2381,1357,196,2458,1476,3934
Roswell,NWAtlanta,291,59,18,49,131,1,340,190,19,368,181,549
Roswell,NEAtlanta,809,135,145,172,321,49,981,456,194,1089,542,1631
Roswell,SWAtlanta,187,39,24,43,87,15,230,126,39,250,145,395
Roswell,CBDAtlanta,477,89,284,68,217,75,545,306,359,850,360,1210
Roswell,SEAtlanta,148,32,9,38,84,13,186,116,22,189,135,324
Roswell,SFulton,48,16,3,15,38,0,63,54,3,67,53,120
Roswell,Tri-Cities,126,29,21,21,30,2,147,59,23,176,53,229
Roswell,Shannon,55,14,1,18,29,1,73,43,2,70,48,118
Roswell,WCherokee,119,25,0,40,165,0,159,190,0,144,205,349
Roswell,NCherokee,70,9,0,24,88,0,94,97,0,79,112,191
Roswell,ECentCherokee,1637,299,0,839,2691,2,2476,2990,2,1936,3532,5468
Roswell,Woodstock,1898,331,3,1171,3645,2,3069,3976,5,2232,4818,7050
Roswell,Airport,56,10,11,4,10,0,60,20,11,77,14,91
Roswell,NEClayton,70,23,1,20,41,1,90,64,2,94,62,156
Roswell,Riverdale,29,8,1,8,38,0,37,46,1,38,46,84
Roswell,SClayton,25,4,1,15,23,0,40,27,1,30,38,68
Roswell,NWCobb,1288,262,0,481,1257,6,1769,1519,6,1550,1744,3294
Roswell,NECobb,5187,926,10,5653,16153,24,10840,17079,34,6123,21830,27953
Roswell,SWCobb,202,46,0,52,117,0,254,163,0,248,169,417
Roswell,Marietta,769,112,2,351,745,13,1120,857,15,883,1109,1992
Roswell,Cumberland,1413,247,12,425,1184,3,1838,1431,15,1672,1612,3284
Roswell,SCobb,261,46,1,91,219,0,352,265,1,308,310,618
Roswell,Chamblee,3401,624,90,2151,6197,86,5552,6821,176,4115,8434,12549
Roswell,NWDeKalb,785,137,23,185,596,19,970,733,42,945,800,1745
Roswell,NEDeKalb,936,139,7,396,1124,24,1332,1263,31,1082,1544,2626
Roswell,Atlanta-DeKalb,58,12,9,13,23,2,71,35,11,79,38,117
Roswell,Decatur,92,14,7,28,42,9,120,56,16,113,79,192
Roswell,SWDeKalb,154,15,11,39,108,2,193,123,13,180,149,329
Roswell,SEDeKalb,179,29,4,56,115,4,235,144,8,212,175,387
Roswell,SDeKalb,118,29,0,45,102,2,163,131,2,147,149,296
Roswell,WDouglas,40,6,0,13,13,0,53,19,0,46,26,72
Roswell,EDouglas,99,19,1,21,45,0,120,64,1,119,66,185
Roswell,WFayette,5,4,0,9,4,0,14,8,0,9,13,22
Roswell,EFayette,14,4,1,11,25,0,25,29,1,19,36,55
Roswell,NGwinnett,811,158,0,243,873,0,1054,1031,0,969,1116,2085
Roswell,CentGwinnett,1927,357,5,1093,3344,6,3020,3701,11,2289,4443,6732
Roswell,EGwinnett,196,36,0,36,116,0,232,152,0,232,152,384
Roswell,Norcross,4100,789,10,3359,9309,7,7459,10098,17,4899,12675,17574
Roswell,Lilburn,363,70,2,175,634,2,538,704,4,435,811,1246
Roswell,Snellville,215,37,0,68,147,0,283,184,0,252,215,467
Roswell,NHenry,33,8,0,12,30,0,45,38,0,41,42,83
Roswell,EHenry,14,4,0,5,24,0,19,28,0,18,29,47
Roswell,SHenry,12,2,0,6,17,0,18,19,0,14,23,37
Roswell,SRockdale,21,2,0,7,24,0,28,26,0,23,31,54
Roswell,NRockdale,36,8,0,10,11,0,46,19,0,44,21,65
Roswell,NBarrow,50,9,1,13,27,0,63,36,1,60,40,100
Roswell,SBarrow,34,6,0,15,34,1,49,40,1,40,50,90
Roswell,NWBartow,21,3,0,9,39,0,30,42,0,24,48,72
Roswell,NEBartow,30,10,0,22,34,0,52,44,0,40,56,96
Roswell,SWBartow,39,8,0,15,53,0,54,61,0,47,68,115
Roswell,Cartersville,146,23,0,25,77,0,171,100,0,169,102,271
Roswell,NECarroll,1,3,0,4,36,0,5,39,0,4,40,44
Roswell,WCarroll,1,0,0,0,0,0,1,0,0,1,0,1
Roswell,CentralCarroll,3,0,0,0,3,0,3,3,0,3,3,6
Roswell,SECarroll,0,0,0,0,0,0,0,0,0,0,0,0
Roswell,WCoweta,2,1,0,1,1,0,3,2,0,3,2,5
Roswell,NCoweta,7,3,0,4,13,0,11,16,0,10,17,27
Roswell,SCoweta,1,0,0,0,0,0,1,0,0,1,0,1
Roswell,SECoweta,1,0,0,1,4,0,2,4,0,1,5,6
Roswell,NForsyth,276,55,0,82,259,0,358,314,0,331,341,672
Roswell,Cumming,1330,250,0,432,1596,3,1762,1846,3,1580,2031,3611
Roswell,SForsyth,1495,275,3,851,2920,4,2346,3195,7,1773,3775,5548
Roswell,NHall,38,6,0,10,39,0,48,45,0,44,49,93
Roswell,Gainesville,144,31,0,18,52,0,162,83,0,175,70,245
Roswell,SHall,135,22,0,27,74,0,162,96,0,157,101,258
Roswell,WNewton,28,0,0,7,32,0,35,32,0,28,39,67
Roswell,ENewton,3,2,0,1,0,0,4,2,0,5,1,6
Roswell,NPaulding,95,19,0,17,53,0,112,72,0,114,70,184
Roswell,WPaulding,12,5,0,4,35,0,16,40,0,17,39,56
Roswell,EPaulding,157,33,0,31,62,0,188,95,0,190,93,283
Roswell,NSpalding,1,0,1,0,0,0,1,0,1,2,0,2
Roswell,SSpalding,0,0,0,2,0,0,2,0,0,0,2,2
Roswell,WWalton,66,12,0,14,68,0,80,80,0,78,82,160
Roswell,EWalton,28,5,0,9,4,0,37,9,0,33,13,46
SandySprings,NFulton,6352,1105,282,2607,6219,203,8959,7324,485,7739,9029,16768
SandySprings,Roswell,6393,1103,185,5616,13637,225,12009,14740,410,7681,19478,27159
SandySprings,SandySprings,36774,5944,1100,65276,91978,1475,102050,97922,2575,43818,158729,202547
SandySprings,Buckhead,9766,1310,651,7185,13711,579,16951,15021,1230,11727,21475,33202
SandySprings,NWAtlanta,1417,236,184,436,828,69,1853,1064,253,1837,1333,3170
SandySprings,NEAtlanta,4065,585,718,1260,2068,266,5325,2653,984,5368,3594,8962
SandySprings,SWAtlanta,1287,229,338,215,410,83,1502,639,421,1854,708,2562
SandySprings,CBDAtlanta,2077,321,1133,390,735,295,2467,1056,1428,3531,1420,4951
SandySprings,SEAtlanta,968,189,224,155,257,133,1123,446,357,1381,545,1926
SandySprings,SFulton,367,75,17,79,89,7,446,164,24,459,175,634
SandySprings,Tri-Cities,661,136,129,67,118,33,728,254,162,926,218,1144
SandySprings,Shannon,372,89,69,60,110,27,432,199,96,530,197,727
SandySprings,WCherokee,93,21,0,24,85,0,117,106,0,114,109,223
SandySprings,NCherokee,51,5,0,16,55,0,67,60,0,56,71,127
SandySprings,ECentCherokee,936,152,2,246,594,5,1182,746,7,1090,845,1935
SandySprings,Woodstock,1210,223,14,317,960,10,1527,1183,24,1447,1287,2734
SandySprings,Airport,235,35,95,15,27,4,250,62,99,365,46,411
SandySprings,NEClayton,375,91,30,68,127,7,443,218,37,496,202,698
SandySprings,Riverdale,274,74,39,37,119,8,311,193,47,387,164,551
SandySprings,SClayton,229,65,13,26,35,8,255,100,21,307,69,376
SandySprings,NWCobb,1929,356,27,374,849,14,2303,1205,41,2312,1237,3549
SandySprings,NECobb,6758,1134,65,5146,11977,73,11904,13111,138,7957,17196,25153
SandySprings,SWCobb,589,99,10,128,421,5,717,520,15,698,554,1252
SandySprings,Marietta,1383,288,19,662,1318,22,2045,1606,41,1690,2002,3692
SandySprings,Cumberland,6440,1061,92,4992,8051,72,11432,9112,164,7593,13115,20708
SandySprings,SCobb,1572,313,56,520,1669,12,2092,1982,68,1941,2201,4142
SandySprings,Chamblee,15648,2637,516,21875,35557,567,37523,38194,1083,18801,57999,76800
SandySprings,NWDeKalb,2987,436,166,1046,1863,82,4033,2299,248,3589,2991,6580
SandySprings,NEDeKalb,3219,529,163,1293,2793,92,4512,3322,255,3911,4178,8089
SandySprings,Atlanta-DeKalb,465,66,84,92,92,29,557,158,113,615,213,828
SandySprings,Decatur,443,63,102,80,173,28,523,236,130,608,281,889
SandySprings,SWDeKalb,989,155,165,120,269,34,1109,424,199,1309,423,1732
SandySprings,SEDeKalb,1049,210,116,149,336,34,1198,546,150,1375,519,1894
SandySprings,SDeKalb,761,176,79,109,219,10,870,395,89,1016,338,1354
SandySprings,WDouglas,284,48,7,32,81,1,316,129,8,339,114,453
SandySprings,EDouglas,458,76,26,100,138,6,558,214,32,560,244,804
SandySprings,WFayette,78,11,3,19,63,3,97,74,6,92,85,177
SandySprings,EFayette,109,20,6,29,102,3,138,122,9,135,134,269
SandySprings,NGwinnett,1027,202,12,250,498,23,1277,700,35,1241,771,2012
SandySprings,CentGwinnett,2197,431,51,701,1573,54,2898,2004,105,2679,2328,5007
SandySprings,EGwinnett,348,97,1,75,159,2,423,256,3,446,236,682
SandySprings,Norcross,4122,807,63,2932,6652,131,7054,7459,194,4992,9715,14707
SandySprings,Lilburn,745,124,17,293,579,27,1038,703,44,886,899,1785
SandySprings,Snellville,560,109,9,136,238,10,696,347,19,678,384,1062
SandySprings,NHenry,214,44,15,32,41,4,246,85,19,273,77,350
SandySprings,EHenry,120,25,5,30,43,0,150,68,5,150,73,223
SandySprings,SHenry,128,30,6,17,70,1,145,100,7,164,88,252
SandySprings,SRockdale,149,23,10,20,58,3,169,81,13,182,81,263
SandySprings,NRockdale,160,28,11,32,52,1,192,80,12,199,85,284
SandySprings,NBarrow,74,20,0,19,35,0,93,55,0,94,54,148
SandySprings,SBarrow,86,17,0,31,46,0,117,63,0,103,77,180
SandySprings,NWBartow,35,4,0,11,13,0,46,17,0,39,24,63
SandySprings,NEBartow,39,8,0,27,13,0,66,21,0,47,40,87
SandySprings,SWBartow,73,17,0,19,101,0,92,118,0,90,120,210
SandySprings,Cartersville,202,40,0,36,156,0,238,196,0,242,192,434
SandySprings,NECarroll,50,12,0,24,23,0,74,35,0,62,47,109
SandySprings,WCarroll,0,1,0,3,2,0,3,3,0,1,5,6
SandySprings,CentralCarroll,26,5,0,7,5,0,33,10,0,31,12,43
SandySprings,SECarroll,5,0,0,1,0,0,6,0,0,5,1,6
SandySprings,WCoweta,13,5,0,5,3,0,18,8,0,18,8,26
SandySprings,NCoweta,101,27,8,18,50,1,119,77,9,136,69,205
SandySprings,SCoweta,3,1,1,0,3,0,3,4,1,5,3,8
SandySprings,SECoweta,13,4,0,2,3,0,15,7,0,17,5,22
SandySprings,NForsyth,220,38,0,62,233,2,282,271,2,258,297,555
SandySprings,Cumming,942,174,14,280,651,13,1222,825,27,1130,944,2074
SandySprings,SForsyth,889,152,15,256,639,20,1145,791,35,1056,915,1971
SandySprings,NHall,27,4,0,10,24,0,37,28,0,31,34,65
SandySprings,Gainesville,64,13,0,28,46,0,92,59,0,77,74,151
SandySprings,SHall,150,30,0,37,105,0,187,135,0,180,142,322
SandySprings,WNewton,177,25,5,22,32,1,199,57,6,207,55,262
SandySprings,ENewton,6,1,0,3,17,1,9,18,1,7,21,28
SandySprings,NPaulding,194,38,0,32,120,0,226,158,0,232,152,384
SandySprings,WPaulding,64,11,0,16,23,0,80,34,0,75,39,114
SandySprings,EPaulding,493,103,4,66,155,1,559,258,5,600,222,822
SandySprings,NSpalding,19,8,0,6,8,0,25,16,0,27,14,41
SandySprings,SSpalding,15,2,0,4,6,0,19,8,0,17,10,27
SandySprings,WWalton,126,23,0,29,57,0,155,80,0,149,86,235
SandySprings,EWalton,37,11,0,14,37,0,51,48,0,48,51,99
Buckhead,NFulton,2329,290,168,395,850,38,2724,1140,206,2787,1283,4070
Buckhead,Roswell,1991,296,173,394,1027,38,2385,1323,211,2460,1459,3919
Buckhead,SandySprings,9769,1358,654,7260,13868,630,17029,15226,1284,11781,21758,33539
Buckhead,Buckhead,31336,4380,1567,57309,75799,2019,88645,80179,3586,37283,135127,172410
Buckhead,NWAtlanta,3859,651,289,5138,8448,249,8997,9099,538,4799,13835,18634
Buckhead,NEAtlanta,9648,1376,851,13100,15443,1030,22748,16819,1881,11875,29573,41448
Buckhead,SWAtlanta,2291,436,625,1072,2037,343,3363,2473,968,3352,3452,6804
Buckhead,CBDAtlanta,4533,708,1653,2527,3983,949,7060,4691,2602,6894,7459,14353
Buckhead,SEAtlanta,1748,394,404,805,1651,326,2553,2045,730,2546,2782,5328
Buckhead,SFulton,579,127,49,156,386,4,735,513,53,755,546,1301
Buckhead,Tri-Cities,1408,292,307,283,523,120,1691,815,427,2007,926,2933
Buckhead,Shannon,685,178,159,121,319,39,806,497,198,1022,479,1501
Buckhead,WCherokee,69,10,0,16,82,0,85,92,0,79,98,177
Buckhead,NCherokee,18,3,0,14,11,0,32,14,0,21,25,46
Buckhead,ECentCherokee,420,68,2,103,351,1,523,419,3,490,455,945
Buckhead,Woodstock,710,105,8,116,342,0,826,447,8,823,458,1281
Buckhead,Airport,523,110,280,39,76,23,562,186,303,913,138,1051
Buckhead,NEClayton,849,236,63,153,592,30,1002,828,93,1148,775,1923
Buckhead,Riverdale,607,182,82,89,313,19,696,495,101,871,421,1292
Buckhead,SClayton,481,147,39,74,323,5,555,470,44,667,402,1069
Buckhead,NWCobb,1685,286,28,359,1028,13,2044,1314,41,1999,1400,3399
Buckhead,NECobb,2633,439,54,1073,2508,13,3706,2947,67,3126,3594,6720
Buckhead,SWCobb,693,131,12,168,587,8,861,718,20,836,763,1599
Buckhead,Marietta,1274,229,26,613,1254,45,1887,1483,71,1529,1912,3441
Buckhead,Cumberland,7049,1114,111,6637,10938,120,13686,12052,231,8274,17695,25969
Buckhead,SCobb,2129,400,89,1017,3005,55,3146,3405,144,2618,4077,6695
Buckhead,Chamblee,10089,1458,832,9843,19223,757,19932,20681,1589,12379,29823,42202
Buckhead,NWDeKalb,5422,868,189,6122,10116,276,11544,10984,465,6479,16514,22993
Buckhead,NEDeKalb,3412,614,302,1594,3366,178,5006,3980,480,4328,5138,9466
Buckhead,Atlanta-DeKalb,858,148,113,597,1289,75,1455,1437,188,1119,1961,3080
Buckhead,Decatur,780,116,107,407,758,83,1187,874,190,1003,1248,2251
Buckhead,SWDeKalb,1476,272,291,446,984,138,1922,1256,429,2039,1568,3607
Buckhead,SEDeKalb,1335,279,214,253,655,77,1588,934,291,1828,985,2813
Buckhead,SDeKalb,1158,240,114,239,736,33,1397,976,147,1512,1008,2520
Buckhead,WDouglas,396,77,11,80,275,2,476,352,13,484,357,841
Buckhead,EDouglas,717,114,40,207,663,13,924,777,53,871,883,1754
Buckhead,WFayette,199,36,12,36,131,2,235,167,14,247,169,416
Buckhead,EFayette,223,44,17,44,98,4,267,142,21,284,146,430
Buckhead,NGwinnett,704,150,18,141,368,4,845,518,22,872,513,1385
Buckhead,CentGwinnett,1426,320,77,298,1053,40,1724,1373,117,1823,1391,3214
Buckhead,EGwinnett,258,67,6,56,384,1,314,451,7,331,441,772
Buckhead,Norcross,2395,495,160,753,2257,95,3148,2752,255,3050,3105,6155
Buckhead,Lilburn,606,124,22,168,583,13,774,707,35,752,764,1516
Buckhead,Snellville,542,99,10,131,437,9,673,536,19,651,577,1228
Buckhead,NHenry,332,82,23,63,184,3,395,266,26,437,250,687
Buckhead,EHenry,139,35,0,24,136,1,163,171,1,174,161,335
Buckhead,SHenry,283,88,6,50,229,1,333,317,7,377,280,657
Buckhead,SRockdale,187,37,10,36,47,4,223,84,14,234,87,321
Buckhead,NRockdale,218,32,15,27,50,3,245,82,18,265,80,345
Buckhead,NBarrow,48,10,0,25,42,0,73,52,0,58,67,125
Buckhead,SBarrow,53,15,0,15,87,0,68,102,0,68,102,170
Buckhead,NWBartow,29,4,0,12,67,0,41,71,0,33,79,112
Buckhead,NEBartow,35,7,0,16,44,0,51,51,0,42,60,102
Buckhead,SWBartow,63,10,0,19,124,0,82,134,0,73,143,216
Buckhead,Cartersville,178,28,4,47,101,0,225,129,4,210,148,358
Buckhead,NECarroll,99,13,2,21,97,0,120,110,2,114,118,232
Buckhead,WCarroll,6,0,0,3,10,0,9,10,0,6,13,19
Buckhead,CentralCarroll,45,11,0,15,46,1,60,57,1,56,62,118
Buckhead,SECarroll,2,2,0,5,8,0,7,10,0,4,13,17
Buckhead,WCoweta,23,9,3,9,7,0,32,16,3,35,16,51
Buckhead,NCoweta,212,48,14,49,167,1,261,215,15,274,217,491
Buckhead,SCoweta,10,3,0,8,15,0,18,18,0,13,23,36
Buckhead,SECoweta,22,7,0,11,33,0,33,40,0,29,44,73
Buckhead,NForsyth,75,11,1,21,113,0,96,124,1,87,134,221
Buckhead,Cumming,367,50,10,88,363,4,455,413,14,427,455,882
Buckhead,SForsyth,344,58,7,69,184,5,413,242,12,409,258,667
Buckhead,NHall,9,1,0,2,13,0,11,14,0,10,15,25
Buckhead,Gainesville,36,7,0,18,80,0,54,87,0,43,98,141
Buckhead,SHall,103,15,3,26,103,0,129,118,3,121,129,250
Buckhead,WNewton,209,54,8,46,115,1,255,169,9,271,162,433
Buckhead,ENewton,15,5,0,4,30,0,19,35,0,20,34,54
Buckhead,NPaulding,153,26,0,32,178,0,185,204,0,179,210,389
Buckhead,WPaulding,45,17,0,12,113,0,57,130,0,62,125,187
Buckhead,EPaulding,506,91,14,96,300,2,602,391,16,611,398,1009
Buckhead,NSpalding,55,15,1,11,47,0,66,62,1,71,58,129
Buckhead,SSpalding,28,8,0,6,16,0,34,24,0,36,22,58
Buckhead,WWalton,101,23,1,25,98,0,126,121,1,125,123,248
Buckhead,EWalton,37,12,0,14,56,0,51,68,0,49,70,119
NWAtlanta,NFulton,352,66,34,64,126,5,416,192,39,452,195,647
NWAtlanta,Roswell,305,43,15,47,135,3,352,178,18,363,185,548
NWAtlanta,SandySprings,1465,281,209,420,776,68,1885,1057,277,1955,1264,3219
NWAtlanta,Buckhead,3677,637,303,5156,8642,272,8833,9279,575,4617,14070,18687
NWAtlanta,NWAtlanta,6355,1455,221,12798,20948,522,19153,22403,743,8031,34268,42299
NWAtlanta,NEAtlanta,4637,827,393,6918,9644,743,11555,10471,1136,5857,17305,23162
NWAtlanta,SWAtlanta,2943,700,184,4329,10298,480,7272,10998,664,3827,15107,18934
NWAtlanta,CBDAtlanta,3685,657,1037,4321,6334,1395,8006,6991,2432,5379,12050,17429
NWAtlanta,SEAtlanta,1259,271,111,1233,2267,131,2492,2538,242,1641,3631,5272
NWAtlanta,SFulton,640,113,17,340,672,8,980,785,25,770,1020,1790
NWAtlanta,Tri-Cities,1071,242,112,507,935,77,1578,1177,189,1425,1519,2944
NWAtlanta,Shannon,601,132,35,158,368,29,759,500,64,768,555,1323
NWAtlanta,WCherokee,33,8,0,5,6,0,38,14,0,41,11,52
NWAtlanta,NCherokee,10,1,0,4,17,0,14,18,0,11,21,32
NWAtlanta,ECentCherokee,127,27,0,21,93,0,148,120,0,154,114,268
NWAtlanta,Woodstock,264,53,2,42,114,0,306,167,2,319,156,475
NWAtlanta,Airport,459,86,200,87,80,22,546,166,222,745,189,934
NWAtlanta,NEClayton,580,131,21,144,356,7,724,487,28,732,507,1239
NWAtlanta,Riverdale,435,102,28,86,220,16,521,322,44,565,322,887
NWAtlanta,SClayton,324,71,7,54,153,1,378,224,8,402,208,610
NWAtlanta,NWCobb,633,150,0,121,212,0,754,362,0,783,333,1116
NWAtlanta,NECobb,696,140,6,220,536,4,916,676,10,842,760,1602
NWAtlanta,SWCobb,575,117,4,145,636,7,720,753,11,696,788,1484
NWAtlanta,Marietta,600,107,12,263,411,14,863,518,26,719,688,1407
NWAtlanta,Cumberland,3732,677,62,3299,5229,38,7031,5906,100,4471,8566,13037
NWAtlanta,SCobb,2429,477,31,2017,5113,62,4446,5590,93,2937,7192,10129
NWAtlanta,Chamblee,1492,293,198,486,930,102,1978,1223,300,1983,1518,3501
NWAtlanta,NWDeKalb,1315,246,118,864,1236,89,2179,1482,207,1679,2189,3868
NWAtlanta,NEDeKalb,877,176,87,264,450,57,1141,626,144,1140,771,1911
NWAtlanta,Atlanta-DeKalb,428,70,31,276,533,90,704,603,121,529,899,1428
NWAtlanta,Decatur,320,44,48,130,188,55,450,232,103,412,373,785
NWAtlanta,SWDeKalb,706,142,100,259,565,48,965,707,148,948,872,1820
NWAtlanta,SEDeKalb,466,96,56,78,151,30,544,247,86,618,259,877
NWAtlanta,SDeKalb,666,146,36,181,446,24,847,592,60,848,651,1499
NWAtlanta,WDouglas,516,95,1,112,269,3,628,364,4,612,384,996
NWAtlanta,EDouglas,927,145,8,342,987,15,1269,1132,23,1080,1344,2424
NWAtlanta,WFayette,188,38,2,31,92,0,219,130,2,228,123,351
NWAtlanta,EFayette,201,35,1,28,119,1,229,154,2,237,148,385
NWAtlanta,NGwinnett,186,48,2,33,80,2,219,128,4,236,115,351
NWAtlanta,CentGwinnett,378,127,8,53,173,9,431,300,17,513,235,748
NWAtlanta,EGwinnett,90,22,0,11,52,1,101,74,1,112,64,176
NWAtlanta,Norcross,502,115,25,102,254,15,604,369,40,642,371,1013
NWAtlanta,Lilburn,154,36,5,32,173,0,186,209,5,195,205,400
NWAtlanta,Snellville,157,37,2,37,122,1,194,159,3,196,160,356
NWAtlanta,NHenry,207,30,5,28,132,2,235,162,7,242,162,404
NWAtlanta,EHenry,116,11,0,13,78,0,129,89,0,127,91,218
NWAtlanta,SHenry,199,49,1,31,67,2,230,116,3,249,100,349
NWAtlanta,SRockdale,83,27,2,11,84,1,94,111,3,112,96,208
NWAtlanta,NRockdale,112,27,1,19,26,2,131,53,3,140,47,187
NWAtlanta,NBarrow,21,2,0,2,5,0,23,7,0,23,7,30
NWAtlanta,SBarrow,19,4,0,7,9,0,26,13,0,23,16,39
NWAtlanta,NWBartow,18,4,0,3,12,0,21,16,0,22,15,37
NWAtlanta,NEBartow,13,2,0,8,13,0,21,15,0,15,21,36
NWAtlanta,SWBartow,26,3,0,13,39,0,39,42,0,29,52,81
NWAtlanta,Cartersville,90,13,1,17,52,0,107,65,1,104,69,173
NWAtlanta,NECarroll,157,29,1,24,64,1,181,93,2,187,89,276
NWAtlanta,WCarroll,13,1,0,1,6,0,14,7,0,14,7,21
NWAtlanta,CentralCarroll,90,23,0,16,53,0,106,76,0,113,69,182
NWAtlanta,SECarroll,16,2,0,3,1,0,19,3,0,18,4,22
NWAtlanta,WCoweta,22,8,1,4,11,0,26,19,1,31,15,46
NWAtlanta,NCoweta,263,39,3,37,34,2,300,73,5,305,73,378
NWAtlanta,SCoweta,21,3,1,4,26,0,25,29,1,25,30,55
NWAtlanta,SECoweta,34,11,0,5,16,0,39,27,0,45,21,66
NWAtlanta,NForsyth,9,2,0,5,6,0,14,8,0,11,11,22
NWAtlanta,Cumming,72,12,1,11,43,0,83,55,1,85,54,139
NWAtlanta,SForsyth,47,9,1,15,60,0,62,69,1,57,75,132
NWAtlanta,NHall,2,1,0,1,3,0,3,4,0,3,4,7
NWAtlanta,Gainesville,12,3,0,4,42,0,16,45,0,15,46,61
NWAtlanta,SHall,28,8,0,9,28,0,37,36,0,36,37,73
NWAtlanta,WNewton,135,30,0,14,40,1,149,70,1,165,55,220
NWAtlanta,ENewton,7,0,0,1,1,0,8,1,0,7,2,9
NWAtlanta,NPaulding,103,17,0,10,20,0,113,37,0,120,30,150
NWAtlanta,WPaulding,64,7,0,7,53,0,71,60,0,71,60,131
NWAtlanta,EPaulding,549,92,1,61,212,2,610,304,3,642,275,917
NWAtlanta,NSpalding,48,12,0,9,30,0,57,42,0,60,39,99
NWAtlanta,SSpalding,29,7,0,6,7,0,35,14,0,36,13,49
NWAtlanta,WWalton,43,7,0,9,21,0,52,28,0,50,30,80
NWAtlanta,EWalton,12,2,0,3,20,0,15,22,0,14,23,37
NEAtlanta,NFulton,959,145,118,188,476,65,1147,621,183,1222,729,1951
NEAtlanta,Roswell,784,111,139,176,318,55,960,429,194,1034,549,1583
NEAtlanta,SandySprings,3871,524,653,1212,2125,279,5083,2649,932,5048,3616,8664
NEAtlanta,Buckhead,9625,1366,877,13033,15305,1032,22658,16671,1909,11868,29370,41238
NEAtlanta,NWAtlanta,4806,924,432,7100,9774,731,11906,10698,1163,6162,17605,23767
NEAtlanta,NEAtlanta,25560,3456,1556,47239,44737,3005,72799,48193,4561,30572,94981,125553
NEAtlanta,SWAtlanta,3802,713,759,2920,5201,862,6722,5914,1621,5274,8983,14257
NEAtlanta,CBDAtlanta,12449,1785,1925,17546,13949,2375,29995,15734,4300,16159,33870,50029
NEAtlanta,SEAtlanta,3807,757,484,4421,7750,588,8228,8507,1072,5048,12759,17807
NEAtlanta,SFulton,750,139,92,348,611,56,1098,750,148,981,1015,1996
NEAtlanta,Tri-Cities,2436,424,491,920,1649,335,3356,2073,826,3351,2904,6255
NEAtlanta,Shannon,1367,318,301,309,838,210,1676,1156,511,1986,1357,3343
NEAtlanta,WCherokee,35,5,0,21,63,0,56,68,0,40,84,124
NEAtlanta,NCherokee,10,1,0,3,35,0,13,36,0,11,38,49
NEAtlanta,ECentCherokee,180,43,4,76,144,4,256,187,8,227,224,451
NEAtlanta,Woodstock,392,87,20,82,237,10,474,324,30,499,329,828
NEAtlanta,Airport,978,188,471,238,252,69,1216,440,540,1637,559,2196
NEAtlanta,NEClayton,1542,346,111,691,1758,116,2233,2104,227,1999,2565,4564
NEAtlanta,Riverdale,1205,318,222,278,743,125,1483,1061,347,1745,1146,2891
NEAtlanta,SClayton,775,170,47,218,527,40,993,697,87,992,785,1777
NEAtlanta,NWCobb,1054,230,42,215,586,15,1269,816,57,1326,816,2142
NEAtlanta,NECobb,1329,264,79,399,803,55,1728,1067,134,1672,1257,2929
NEAtlanta,SWCobb,510,103,26,207,524,21,717,627,47,639,752,1391
NEAtlanta,Marietta,760,162,43,257,476,51,1017,638,94,965,784,1749
NEAtlanta,Cumberland,3658,578,190,1742,2868,136,5400,3446,326,4426,4746,9172
NEAtlanta,SCobb,1855,333,137,773,2288,131,2628,2621,268,2325,3192,5517
NEAtlanta,Chamblee,5101,812,961,2812,5161,658,7913,5973,1619,6874,8631,15505
NEAtlanta,NWDeKalb,6895,998,433,8418,11755,456,15313,12753,889,8326,20629,28955
NEAtlanta,NEDeKalb,3421,565,504,1572,2879,390,4993,3444,894,4490,4841,9331
NEAtlanta,Atlanta-DeKalb,2364,373,196,4194,6544,228,6558,6917,424,2933,10966,13899
NEAtlanta,Decatur,1400,218,203,1237,2050,180,2637,2268,383,1821,3467,5288
NEAtlanta,SWDeKalb,2568,473,443,1740,3763,439,4308,4236,882,3484,5942,9426
NEAtlanta,SEDeKalb,1971,386,400,558,1376,223,2529,1762,623,2757,2157,4914
NEAtlanta,SDeKalb,2155,426,191,1016,2510,132,3171,2936,323,2772,3658,6430
NEAtlanta,WDouglas,455,76,22,110,370,15,565,446,37,553,495,1048
NEAtlanta,EDouglas,786,156,52,319,759,44,1105,915,96,994,1122,2116
NEAtlanta,WFayette,235,70,12,66,119,10,301,189,22,317,195,512
NEAtlanta,EFayette,325,87,44,138,230,8,463,317,52,456,376,832
NEAtlanta,NGwinnett,449,106,34,133,536,29,582,642,63,589,698,1287
NEAtlanta,CentGwinnett,1074,266,99,312,863,129,1386,1129,228,1439,1304,2743
NEAtlanta,EGwinnett,204,45,10,59,271,12,263,316,22,259,342,601
NEAtlanta,Norcross,1528,296,193,517,1568,268,2045,1864,461,2017,2353,4370
NEAtlanta,Lilburn,584,131,52,244,558,49,828,689,101,767,851,1618
NEAtlanta,Snellville,558,94,32,214,442,44,772,536,76,684,700,1384
NEAtlanta,NHenry,592,98,28,190,491,36,782,589,64,718,717,1435
NEAtlanta,EHenry,250,55,3,81,209,4,331,264,7,308,294,602
NEAtlanta,SHenry,468,105,17,143,248,14,611,353,31,590,405,995
NEAtlanta,SRockdale,247,62,9,74,250,13,321,312,22,318,337,655
NEAtlanta,NRockdale,299,70,16,82,179,16,381,249,32,385,277,662
NEAtlanta,NBarrow,38,11,0,10,52,0,48,63,0,49,62,111
NEAtlanta,SBarrow,35,6,1,10,78,1,45,84,2,42,89,131
NEAtlanta,NWBartow,9,1,0,7,46,0,16,47,0,10,53,63
NEAtlanta,NEBartow,9,5,0,11,45,0,20,50,0,14,56,70
NEAtlanta,SWBartow,28,3,0,19,73,0,47,76,0,31,92,123
NEAtlanta,Cartersville,88,23,5,39,151,0,127,174,5,116,190,306
NEAtlanta,NECarroll,91,21,2,24,120,1,115,141,3,114,145,259
NEAtlanta,WCarroll,7,1,0,8,15,0,15,16,0,8,23,31
NEAtlanta,CentralCarroll,66,5,0,32,47,0,98,52,0,71,79,150
NEAtlanta,SECarroll,7,1,0,4,10,0,11,11,0,8,14,22
NEAtlanta,WCoweta,51,7,1,20,60,0,71,67,1,59,80,139
NEAtlanta,NCoweta,399,73,40,81,288,29,480,361,69,512,398,910
NEAtlanta,SCoweta,18,1,1,9,40,1,27,41,2,20,50,70
NEAtlanta,SECoweta,51,11,1,22,30,0,73,41,1,63,52,115
NEAtlanta,NForsyth,26,3,1,20,105,0,46,108,1,30,125,155
NEAtlanta,Cumming,133,19,3,57,236,9,190,255,12,155,302,457
NEAtlanta,SForsyth,137,26,12,39,187,10,176,213,22,175,236,411
NEAtlanta,NHall,6,0,0,2,20,0,8,20,0,6,22,28
NEAtlanta,Gainesville,13,2,0,14,51,1,27,53,1,15,66,81
NEAtlanta,SHall,61,23,2,30,92,3,91,115,5,86,125,211
NEAtlanta,WNewton,324,64,10,98,299,5,422,363,15,398,402,800
NEAtlanta,ENewton,22,5,1,14,53,0,36,58,1,28,67,95
NEAtlanta,NPaulding,107,20,1,30,54,1,137,74,2,128,85,213
NEAtlanta,WPaulding,47,5,0,21,71,0,68,76,0,52,92,144
NEAtlanta,EPaulding,436,73,18,93,261,4,529,334,22,527,358,885
NEAtlanta,NSpalding,104,22,0,26,13,1,130,35,1,126,40,166
NEAtlanta,SSpalding,38,7,0,14,24,0,52,31,0,45,38,83
NEAtlanta,WWalton,104,17,1,42,196,3,146,213,4,122,241,363
NEAtlanta,EWalton,37,9,0,18,81,0,55,90,0,46,99,145
SWAtlanta,NFulton,293,53,40,61,89,14,354,142,54,386,164,550
SWAtlanta,Roswell,186,36,23,41,93,14,227,129,37,245,148,393
SWAtlanta,SandySprings,1302,262,365,206,376,101,1508,638,466,1929,683,2612
SWAtlanta,Buckhead,2295,495,610,1044,1872,356,3339,2367,966,3400,3272,6672
SWAtlanta,NWAtlanta,2852,699,204,4369,9982,480,7221,10681,684,3755,14831,18586
SWAtlanta,NEAtlanta,3665,703,723,2776,4950,833,6441,5653,1556,5091,8559,13650
SWAtlanta,SWAtlanta,9770,2269,574,24871,59125,2421,34641,61394,2995,12613,86417,99030
SWAtlanta,CBDAtlanta,4794,890,1903,4511,7379,2207,9305,8269,4110,7587,14097,21684
SWAtlanta,SEAtlanta,2774,630,199,4211,9846,603,6985,10476,802,3603,14660,18263
SWAtlanta,SFulton,2301,452,36,3127,7473,48,5428,7925,84,2789,10648,13437
SWAtlanta,Tri-Cities,3776,804,223,6133,14610,546,9909,15414,769,4803,21289,26092
SWAtlanta,Shannon,1586,319,71,1120,2662,154,2706,2981,225,1976,3936,5912
SWAtlanta,WCherokee,11,3,0,5,12,0,16,15,0,14,17,31
SWAtlanta,NCherokee,4,0,0,3,30,0,7,30,0,4,33,37
SWAtlanta,ECentCherokee,67,8,3,44,94,1,111,102,4,78,139,217
SWAtlanta,Woodstock,142,31,1,37,101,1,179,132,2,174,139,313
SWAtlanta,Airport,1355,293,363,562,849,102,1917,1142,465,2011,1513,3524
SWAtlanta,NEClayton,1040,218,40,523,1365,83,1563,1583,123,1298,1971,3269
SWAtlanta,Riverdale,790,177,45,355,966,92,1145,1143,137,1012,1413,2425
SWAtlanta,SClayton,463,106,8,185,404,12,648,510,20,577,601,1178
SWAtlanta,NWCobb,442,70,9,94,291,5,536,361,14,521,390,911
SWAtlanta,NECobb,400,85,12,165,294,19,565,379,31,497,478,975
SWAtlanta,SWCobb,637,128,9,277,882,7,914,1010,16,774,1166,1940
SWAtlanta,Marietta,485,85,22,214,431,28,699,516,50,592,673,1265
SWAtlanta,Cumberland,2119,430,120,1216,2511,67,3335,2941,187,2669,3794,6463
SWAtlanta,SCobb,2826,567,60,2781,7129,106,5607,7696,166,3453,10016,13469
SWAtlanta,Chamblee,1211,302,364,279,608,171,1490,910,535,1877,1058,2935
SWAtlanta,NWDeKalb,1445,313,240,524,972,221,1969,1285,461,1998,1717,3715
SWAtlanta,NEDeKalb,903,165,145,254,464,126,1157,629,271,1213,844,2057
SWAtlanta,Atlanta-DeKalb,619,96,84,464,987,92,1083,1083,176,799,1543,2342
SWAtlanta,Decatur,454,73,121,129,273,114,583,346,235,648,516,1164
SWAtlanta,SWDeKalb,982,201,123,487,1170,118,1469,1371,241,1306,1775,3081
SWAtlanta,SEDeKalb,578,112,71,162,340,74,740,452,145,761,576,1337
SWAtlanta,SDeKalb,911,177,37,412,1028,61,1323,1205,98,1125,1501,2626
SWAtlanta,WDouglas,801,155,8,242,1015,10,1043,1170,18,964,1267,2231
SWAtlanta,EDouglas,1603,292,31,1110,3073,35,2713,3365,66,1926,4218,6144
SWAtlanta,WFayette,335,64,3,106,247,4,441,311,7,402,357,759
SWAtlanta,EFayette,333,64,7,141,321,6,474,385,13,404,468,872
SWAtlanta,NGwinnett,93,19,3,43,98,8,136,117,11,115,149,264
SWAtlanta,CentGwinnett,210,60,19,68,240,30,278,300,49,289,338,627
SWAtlanta,EGwinnett,38,10,1,17,33,0,55,43,1,49,50,99
SWAtlanta,Norcross,354,83,36,107,256,40,461,339,76,473,403,876
SWAtlanta,Lilburn,138,23,5,55,103,10,193,126,15,166,168,334
SWAtlanta,Snellville,147,19,8,66,73,26,213,92,34,174,165,339
SWAtlanta,NHenry,283,53,4,130,227,23,413,280,27,340,380,720
SWAtlanta,EHenry,120,21,0,50,78,2,170,99,2,141,130,271
SWAtlanta,SHenry,268,56,1,123,168,7,391,224,8,325,298,623
SWAtlanta,SRockdale,124,17,6,35,71,3,159,88,9,147,109,256
SWAtlanta,NRockdale,112,23,6,45,113,13,157,136,19,141,171,312
SWAtlanta,NBarrow,10,1,0,2,5,0,12,6,0,11,7,18
SWAtlanta,SBarrow,5,0,0,3,24,0,8,24,0,5,27,32
SWAtlanta,NWBartow,6,0,0,1,3,0,7,3,0,6,4,10
SWAtlanta,NEBartow,3,1,0,3,20,0,6,21,0,4,23,27
SWAtlanta,SWBartow,12,3,0,9,46,1,21,49,1,15,56,71
SWAtlanta,Cartersville,43,3,0,11,67,0,54,70,0,46,78,124
SWAtlanta,NECarroll,171,35,0,36,83,0,207,118,0,206,119,325
SWAtlanta,WCarroll,23,5,0,6,3,0,29,8,0,28,9,37
SWAtlanta,CentralCarroll,146,23,0,32,72,0,178,95,0,169,104,273
SWAtlanta,SECarroll,30,5,0,6,36,0,36,41,0,35,42,77
SWAtlanta,WCoweta,91,16,0,13,55,0,104,71,0,107,68,175
SWAtlanta,NCoweta,465,85,6,124,350,5,589,435,11,556,479,1035
SWAtlanta,SCoweta,30,6,0,5,15,0,35,21,0,36,20,56
SWAtlanta,SECoweta,41,11,0,13,52,0,54,63,0,52,65,117
SWAtlanta,NForsyth,3,1,0,3,9,0,6,10,0,4,12,16
SWAtlanta,Cumming,37,5,1,18,59,0,55,64,1,43,77,120
SWAtlanta,SForsyth,27,7,1,21,43,1,48,50,2,35,65,100
SWAtlanta,NHall,0,0,0,2,4,0,2,4,0,0,6,6
SWAtlanta,Gainesville,0,1,0,2,8,0,2,9,0,1,10,11
SWAtlanta,SHall,2,1,0,4,17,1,6,18,1,3,22,25
SWAtlanta,WNewton,116,33,1,48,48,2,164,81,3,150,98,248
SWAtlanta,ENewton,8,2,0,5,6,0,13,8,0,10,11,21
SWAtlanta,NPaulding,78,14,0,23,49,0,101,63,0,92,72,164
SWAtlanta,WPaulding,48,13,0,10,62,0,58,75,0,61,72,133
SWAtlanta,EPaulding,562,125,1,129,348,3,691,473,4,688,480,1168
SWAtlanta,NSpalding,67,6,0,14,27,0,81,33,0,73,41,114
SWAtlanta,SSpalding,29,6,0,8,30,0,37,36,0,35,38,73
SWAtlanta,WWalton,30,3,0,8,37,1,38,40,1,33,46,79
SWAtlanta,EWalton,10,5,0,5,6,0,15,11,0,15,11,26
CBDAtlanta,NFulton,451,78,196,96,203,37,547,281,233,725,336,1061
CBDAtlanta,Roswell,454,71,273,69,228,67,523,299,340,798,364,1162
CBDAtlanta,SandySprings,1873,314,1062,374,714,292,2247,1028,1354,3249,1380,4629
CBDAtlanta,Buckhead,4284,635,1694,2549,3885,1015,6833,4520,2709,6613,7449,14062
CBDAtlanta,NWAtlanta,3881,652,1074,4271,6462,1361,8152,7114,2435,5607,12094,17701
CBDAtlanta,NEAtlanta,12327,1814,1920,17423,13757,2243,29750,15571,4163,16061,33423,49484
CBDAtlanta,SWAtlanta,5105,974,1962,4592,7773,2300,9697,8747,4262,8041,14665,22706
CBDAtlanta,CBDAtlanta,15650,2550,2249,26086,17241,3104,41736,19791,5353,20449,46431,66880
CBDAtlanta,SEAtlanta,5468,1015,1420,6567,11417,2168,12035,12432,3588,7903,20152,28055
CBDAtlanta,SFulton,843,181,323,383,909,171,1226,1090,494,1347,1463,2810
CBDAtlanta,Tri-Cities,2370,473,1165,1002,2141,949,3372,2614,2114,4008,4092,8100
CBDAtlanta,Shannon,1634,380,1153,375,1071,523,2009,1451,1676,3167,1969,5136
CBDAtlanta,WCherokee,31,8,2,13,17,0,44,25,2,41,30,71
CBDAtlanta,NCherokee,4,3,1,4,8,0,8,11,1,8,12,20
CBDAtlanta,ECentCherokee,130,36,18,41,225,2,171,261,20,184,268,452
CBDAtlanta,Woodstock,368,72,75,42,179,5,410,251,80,515,226,741
CBDAtlanta,Airport,709,146,340,236,344,231,945,490,571,1195,811,2006
CBDAtlanta,NEClayton,1792,386,399,733,1860,233,2525,2246,632,2577,2826,5403
CBDAtlanta,Riverdale,1591,347,817,342,1057,456,1933,1404,1273,2755,1855,4610
CBDAtlanta,SClayton,940,189,219,268,689,104,1208,878,323,1348,1061,2409
CBDAtlanta,NWCobb,806,168,156,115,432,19,921,600,175,1130,566,1696
CBDAtlanta,NECobb,1000,184,297,215,534,67,1215,718,364,1481,816,2297
CBDAtlanta,SWCobb,573,101,120,181,484,46,754,585,166,794,711,1505
CBDAtlanta,Marietta,501,108,132,126,263,43,627,371,175,741,432,1173
CBDAtlanta,Cumberland,2502,428,463,850,1466,194,3352,1894,657,3393,2510,5903
CBDAtlanta,SCobb,2129,356,613,695,1958,302,2824,2314,915,3098,2955,6053
CBDAtlanta,Chamblee,2574,484,2279,701,1811,975,3275,2295,3254,5337,3487,8824
CBDAtlanta,NWDeKalb,3179,509,906,1697,2926,501,4876,3435,1407,4594,5124,9718
CBDAtlanta,NEDeKalb,2631,466,1834,656,1411,658,3287,1877,2492,4931,2725,7656
CBDAtlanta,Atlanta-DeKalb,2101,333,600,1810,2813,505,3911,3146,1105,3034,5128,8162
CBDAtlanta,Decatur,978,174,509,395,871,227,1373,1045,736,1661,1493,3154
CBDAtlanta,SWDeKalb,3099,537,1404,1251,2993,791,4350,3530,2195,5040,5035,10075
CBDAtlanta,SEDeKalb,2165,417,1559,394,978,579,2559,1395,2138,4141,1951,6092
CBDAtlanta,SDeKalb,2997,589,899,1038,2435,528,4035,3024,1427,4485,4001,8486
CBDAtlanta,WDouglas,567,95,112,131,312,36,698,407,148,774,479,1253
CBDAtlanta,EDouglas,1091,190,280,374,950,127,1465,1140,407,1561,1451,3012
CBDAtlanta,WFayette,221,37,50,82,189,20,303,226,70,308,291,599
CBDAtlanta,EFayette,391,66,115,123,260,47,514,326,162,572,430,1002
CBDAtlanta,NGwinnett,289,77,90,75,309,38,364,386,128,456,422,878
CBDAtlanta,CentGwinnett,701,201,318,151,470,121,852,671,439,1220,742,1962
CBDAtlanta,EGwinnett,162,46,28,35,195,13,197,241,41,236,243,479
CBDAtlanta,Norcross,913,255,578,241,765,234,1154,1020,812,1746,1240,2986
CBDAtlanta,Lilburn,449,60,172,105,366,67,554,426,239,681,538,1219
CBDAtlanta,Snellville,537,79,139,148,318,66,685,397,205,755,532,1287
CBDAtlanta,NHenry,746,148,132,220,503,65,966,651,197,1026,788,1814
CBDAtlanta,EHenry,259,50,31,77,250,14,336,300,45,340,341,681
CBDAtlanta,SHenry,585,135,127,140,323,32,725,458,159,847,495,1342
CBDAtlanta,SRockdale,334,56,65,85,177,20,419,233,85,455,282,737
CBDAtlanta,NRockdale,379,68,93,68,182,30,447,250,123,540,280,820
CBDAtlanta,NBarrow,22,5,1,12,40,0,34,45,1,28,52,80
CBDAtlanta,SBarrow,17,7,0,7,56,0,24,63,0,24,63,87
CBDAtlanta,NWBartow,8,2,0,4,19,0,12,21,0,10,23,33
CBDAtlanta,NEBartow,5,1,1,9,32,0,14,33,1,7,41,48
CBDAtlanta,SWBartow,20,4,0,10,82,0,30,86,0,24,92,116
CBDAtlanta,Cartersville,65,21,7,27,88,3,92,109,10,93,118,211
CBDAtlanta,NECarroll,88,28,9,30,54,2,118,82,11,125,86,211
CBDAtlanta,WCarroll,8,2,0,5,7,0,13,9,0,10,12,22
CBDAtlanta,CentralCarroll,75,16,4,23,42,0,98,58,4,95,65,160
CBDAtlanta,SECarroll,6,3,0,4,52,0,10,55,0,9,56,65
CBDAtlanta,WCoweta,68,15,15,15,33,3,83,48,18,98,51,149
CBDAtlanta,NCoweta,400,74,140,93,219,25,493,293,165,614,337,951
CBDAtlanta,SCoweta,19,5,4,12,46,3,31,51,7,28,61,89
CBDAtlanta,SECoweta,42,11,7,12,78,1,54,89,8,60,91,151
CBDAtlanta,NForsyth,13,1,2,6,52,0,19,53,2,16,58,74
CBDAtlanta,Cumming,50,11,16,33,91,11,83,102,27,77,135,212
CBDAtlanta,SForsyth,77,10,32,33,83,9,110,93,41,119,125,244
CBDAtlanta,NHall,3,0,0,0,14,0,3,14,0,3,14,17
CBDAtlanta,Gainesville,9,4,0,11,25,0,20,29,0,13,36,49
CBDAtlanta,SHall,26,8,7,19,47,13,45,55,20,41,79,120
CBDAtlanta,WNewton,359,54,48,82,203,15,441,257,63,461,300,761
CBDAtlanta,ENewton,27,5,2,8,38,0,35,43,2,34,46,80
CBDAtlanta,NPaulding,84,13,5,20,93,2,104,106,7,102,115,217
CBDAtlanta,WPaulding,43,2,1,13,75,0,56,77,1,46,88,134
CBDAtlanta,EPaulding,547,107,71,107,354,18,654,461,89,725,479,1204
CBDAtlanta,NSpalding,107,25,13,17,31,2,124,56,15,145,50,195
CBDAtlanta,SSpalding,44,12,7,12,26,0,56,38,7,63,38,101
CBDAtlanta,WWalton,75,20,8,33,133,2,108,153,10,103,168,271
CBDAtlanta,EWalton,30,10,2,26,49,0,56,59,2,42,75,117
SEAtlanta,NFulton,202,42,24,39,99,4,241,141,28,268,142,410
SEAtlanta,Roswell,146,36,11,34,62,10,180,98,21,193,106,299
SEAtlanta,SandySprings,927,222,226,167,273,59,1094,495,285,1375,499,1874
SEAtlanta,Buckhead,1753,393,423,764,1661,374,2517,2054,797,2569,2799,5368
SEAtlanta,NWAtlanta,1195,277,102,1203,2156,130,2398,2433,232,1574,3489,5063
SEAtlanta,NEAtlanta,3428,723,475,4391,7326,657,7819,8049,1132,4626,12374,17000
SEAtlanta,SWAtlanta,2792,624,215,4194,9833,588,6986,10457,803,3631,14615,18246
SEAtlanta,CBDAtlanta,5078,958,1340,6622,11265,2246,11700,12223,3586,7376,20133,27509
SEAtlanta,SEAtlanta,6127,1529,344,14105,35366,1100,20232,36895,1444,8000,50571,58571
SEAtlanta,SFulton,594,123,15,344,1019,22,938,1142,37,732,1385,2117
SEAtlanta,Tri-Cities,3470,787,214,5304,11124,385,8774,11911,599,4471,16813,21284
SEAtlanta,Shannon,1200,262,47,686,1594,124,1886,1856,171,1509,2404,3913
SEAtlanta,WCherokee,10,4,0,1,26,0,11,30,0,14,27,41
SEAtlanta,NCherokee,2,0,0,2,5,0,4,5,0,2,7,9
SEAtlanta,ECentCherokee,43,11,0,19,43,1,62,54,1,54,63,117
SEAtlanta,Woodstock,83,16,3,25,83,0,108,99,3,102,108,210
SEAtlanta,Airport,1405,283,291,1010,1518,111,2415,1801,402,1979,2639,4618
SEAtlanta,NEClayton,2696,574,34,2855,7184,89,5551,7758,123,3304,10128,13432
SEAtlanta,Riverdale,1161,228,28,706,2238,89,1867,2466,117,1417,3033,4450
SEAtlanta,SClayton,817,182,9,351,1089,20,1168,1271,29,1008,1460,2468
SEAtlanta,NWCobb,219,52,3,60,127,5,279,179,8,274,192,466
SEAtlanta,NECobb,235,60,1,77,224,4,312,284,5,296,305,601
SEAtlanta,SWCobb,190,35,2,78,137,2,268,172,4,227,217,444
SEAtlanta,Marietta,173,48,7,60,149,13,233,197,20,228,222,450
SEAtlanta,Cumberland,924,223,72,307,527,34,1231,750,106,1219,868,2087
SEAtlanta,SCobb,623,125,25,348,1019,32,971,1144,57,773,1399,2172
SEAtlanta,Chamblee,1074,292,249,233,626,120,1307,918,369,1615,979,2594
SEAtlanta,NWDeKalb,1482,296,164,1040,1766,111,2522,2062,275,1942,2917,4859
SEAtlanta,NEDeKalb,884,195,113,359,759,85,1243,954,198,1192,1203,2395
SEAtlanta,Atlanta-DeKalb,914,153,55,1729,3587,133,2643,3740,188,1122,5449,6571
SEAtlanta,Decatur,396,86,78,317,659,83,713,745,161,560,1059,1619
SEAtlanta,SWDeKalb,1583,322,80,1991,4589,155,3574,4911,235,1985,6735,8720
SEAtlanta,SEDeKalb,781,168,47,281,416,42,1062,584,89,996,739,1735
SEAtlanta,SDeKalb,1652,361,29,1373,3306,51,3025,3667,80,2042,4730,6772
SEAtlanta,WDouglas,271,35,4,73,273,6,344,308,10,310,352,662
SEAtlanta,EDouglas,410,76,12,176,571,12,586,647,24,498,759,1257
SEAtlanta,WFayette,303,65,3,97,234,5,400,299,8,371,336,707
SEAtlanta,EFayette,383,66,3,158,471,6,541,537,9,452,635,1087
SEAtlanta,NGwinnett,80,31,3,37,146,2,117,177,5,114,185,299
SEAtlanta,CentGwinnett,235,62,11,71,181,15,306,243,26,308,267,575
SEAtlanta,EGwinnett,70,10,0,17,41,1,87,51,1,80,59,139
SEAtlanta,Norcross,297,81,24,82,153,19,379,234,43,402,254,656
SEAtlanta,Lilburn,138,17,2,56,132,7,194,149,9,157,195,352
SEAtlanta,Snellville,184,38,1,72,196,13,256,234,14,223,281,504
SEAtlanta,NHenry,634,116,6,287,854,12,921,970,18,756,1153,1909
SEAtlanta,EHenry,267,43,0,76,230,3,343,273,3,310,309,619
SEAtlanta,SHenry,535,89,3,142,361,6,677,450,9,627,509,1136
SEAtlanta,SRockdale,175,34,1,63,64,6,238,98,7,210,133,343
SEAtlanta,NRockdale,168,43,2,54,79,6,222,122,8,213,139,352
SEAtlanta,NBarrow,6,1,0,5,7,0,11,8,0,7,12,19
SEAtlanta,SBarrow,1,2,0,4,67,0,5,69,0,3,71,74
SEAtlanta,NWBartow,2,1,0,1,6,0,3,7,0,3,7,10
SEAtlanta,NEBartow,7,0,0,0,10,0,7,10,0,7,10,17
SEAtlanta,SWBartow,3,0,0,0,21,0,3,21,0,3,21,24
SEAtlanta,Cartersville,11,1,0,12,41,0,23,42,0,12,53,65
SEAtlanta,NECarroll,56,11,0,16,32,0,72,43,0,67,48,115
SEAtlanta,WCarroll,5,2,0,4,5,0,9,7,0,7,9,16
SEAtlanta,CentralCarroll,47,5,0,16,31,0,63,36,0,52,47,99
SEAtlanta,SECarroll,12,1,0,6,0,0,18,1,0,13,6,19
SEAtlanta,WCoweta,58,16,0,12,26,1,70,42,1,74,39,113
SEAtlanta,NCoweta,397,67,2,115,209,9,512,276,11,466,333,799
SEAtlanta,SCoweta,28,4,0,10,17,0,38,21,0,32,27,59
SEAtlanta,SECoweta,41,10,0,15,43,0,56,53,0,51,58,109
SEAtlanta,NForsyth,2,1,0,1,2,0,3,3,0,3,3,6
SEAtlanta,Cumming,14,6,0,10,22,1,24,28,1,20,33,53
SEAtlanta,SForsyth,22,7,2,13,43,2,35,50,4,31,58,89
SEAtlanta,NHall,0,0,0,2,1,0,2,1,0,0,3,3
SEAtlanta,Gainesville,3,1,0,2,7,0,5,8,0,4,9,13
SEAtlanta,SHall,7,3,0,6,24,1,13,27,1,10,31,41
SEAtlanta,WNewton,188,44,2,45,109,2,233,153,4,234,156,390
SEAtlanta,ENewton,20,3,0,6,12,0,26,15,0,23,18,41
SEAtlanta,NPaulding,29,9,0,11,23,0,40,32,0,38,34,72
SEAtlanta,WPaulding,18,1,0,6,22,0,24,23,0,19,28,47
SEAtlanta,EPaulding,195,29,2,59,212,3,254,241,5,226,274,500
SEAtlanta,NSpalding,79,19,0,24,33,0,103,52,0,98,57,155
SEAtlanta,SSpalding,61,9,0,10,46,0,71,55,0,70,56,126
SEAtlanta,WWalton,39,5,0,12,48,0,51,53,0,44,60,104
SEAtlanta,EWalton,19,4,0,7,15,0,26,19,0,23,22,45
SFulton,NFulton,92,20,1,19,59,0,111,79,1,113,78,191
SFulton,Roswell,56,10,3,16,38,0,72,48,3,69,54,123
SFulton,SandySprings,370,73,18,84,124,10,454,197,28,461,218,679
SFulton,Buckhead,608,136,54,156,490,2,764,626,56,798,648,1446
SFulton,NWAtlanta,603,113,18,323,664,9,926,777,27,734,996,1730
SFulton,NEAtlanta,783,148,89,321,670,59,1104,818,148,1020,1050,2070
SFulton,SWAtlanta,2077,450,38,3107,7218,47,5184,7668,85,2565,10372,12937
SFulton,CBDAtlanta,936,168,327,426,923,177,1362,1091,504,1431,1526,2957
SFulton,SEAtlanta,544,126,19,341,1025,20,885,1151,39,689,1386,2075
SFulton,SFulton,4568,964,18,9553,22357,10,14121,23321,28,5550,31920,37470
SFulton,Tri-Cities,1382,267,14,1226,3976,26,2608,4243,40,1663,5228,6891
SFulton,Shannon,1970,436,11,2410,7660,24,4380,8096,35,2417,10094,12511
SFulton,WCherokee,4,0,0,1,10,0,5,10,0,4,11,15
SFulton,NCherokee,3,0,0,1,0,0,4,0,0,3,1,4
SFulton,ECentCherokee,17,4,0,7,12,0,24,16,0,21,19,40
SFulton,Woodstock,51,6,1,14,12,0,65,18,1,58,26,84
SFulton,Airport,653,103,27,197,651,5,850,754,32,783,853,1636
SFulton,NEClayton,532,127,7,137,372,2,669,499,9,666,511,1177
SFulton,Riverdale,329,78,1,174,705,0,503,783,1,408,879,1287
SFulton,SClayton,237,49,2,72,146,0,309,195,2,288,218,506
SFulton,NWCobb,251,54,3,62,130,1,313,184,4,308,193,501
SFulton,NECobb,195,24,0,41,136,0,236,160,0,219,177,396
SFulton,SWCobb,422,90,2,156,420,0,578,510,2,514,576,1090
SFulton,Marietta,220,36,0,89,151,2,309,187,2,256,242,498
SFulton,Cumberland,842,149,4,243,571,3,1085,720,7,995,817,1812
SFulton,SCobb,1232,277,6,939,2310,3,2171,2587,9,1515,3252,4767
SFulton,Chamblee,355,69,19,57,117,5,412,186,24,443,179,622
SFulton,NWDeKalb,353,58,17,113,221,7,466,279,24,428,341,769
SFulton,NEDeKalb,204,44,8,58,63,4,262,107,12,256,125,381
SFulton,Atlanta-DeKalb,97,19,7,40,108,2,137,127,9,123,150,273
SFulton,Decatur,73,10,15,28,21,4,101,31,19,98,53,151
SFulton,SWDeKalb,187,27,8,58,168,0,245,195,8,222,226,448
SFulton,SEDeKalb,113,21,5,18,26,0,131,47,5,139,44,183
SFulton,SDeKalb,199,40,5,58,256,3,257,296,8,244,317,561
SFulton,WDouglas,997,203,2,465,1763,0,1462,1966,2,1202,2228,3430
SFulton,EDouglas,1853,333,4,1615,4505,1,3468,4838,5,2190,6121,8311
SFulton,WFayette,607,118,1,401,1292,0,1008,1410,1,726,1693,2419
SFulton,EFayette,308,66,0,140,389,0,448,455,0,374,529,903
SFulton,NGwinnett,23,2,0,7,22,0,30,24,0,25,29,54
SFulton,CentGwinnett,62,20,4,18,44,0,80,64,4,86,62,148
SFulton,EGwinnett,14,3,1,3,1,0,17,4,1,18,4,22
SFulton,Norcross,123,25,2,22,57,0,145,82,2,150,79,229
SFulton,Lilburn,35,7,1,9,16,0,44,23,1,43,25,68
SFulton,Snellville,37,7,1,5,22,0,42,29,1,45,27,72
SFulton,NHenry,87,14,0,25,25,0,112,39,0,101,50,151
SFulton,EHenry,51,8,0,8,3,0,59,11,0,59,11,70
SFulton,SHenry,107,16,0,33,50,0,140,66,0,123,83,206
SFulton,SRockdale,20,5,0,5,3,0,25,8,0,25,8,33
SFulton,NRockdale,51,7,0,12,20,0,63,27,0,58,32,90
SFulton,NBarrow,0,0,0,0,0,0,0,0,0,0,0,0
SFulton,SBarrow,2,0,0,0,0,0,2,0,0,2,0,2
SFulton,NWBartow,3,1,0,0,0,0,3,1,0,4,0,4
SFulton,NEBartow,2,0,0,0,1,0,2,1,0,2,1,3
SFulton,SWBartow,9,2,0,1,1,0,10,3,0,11,2,13
SFulton,Cartersville,13,3,0,6,24,0,19,27,0,16,30,46
SFulton,NECarroll,206,34,0,30,93,0,236,127,0,240,123,363
SFulton,WCarroll,25,2,0,2,3,0,27,5,0,27,5,32
SFulton,CentralCarroll,293,40,0,92,105,0,385,145,0,333,197,530
SFulton,SECarroll,47,9,0,7,17,0,54,26,0,56,24,80
SFulton,WCoweta,167,15,0,45,140,0,212,155,0,182,185,367
SFulton,NCoweta,898,156,2,730,2221,4,1628,2377,6,1056,2955,4011
SFulton,SCoweta,37,10,0,13,44,0,50,54,0,47,57,104
SFulton,SECoweta,77,11,0,27,57,0,104,68,0,88,84,172
SFulton,NForsyth,1,1,0,1,0,0,2,1,0,2,1,3
SFulton,Cumming,14,1,0,5,4,0,19,5,0,15,9,24
SFulton,SForsyth,16,3,0,4,3,0,20,6,0,19,7,26
SFulton,NHall,0,0,0,0,0,0,0,0,0,0,0,0
SFulton,Gainesville,0,0,0,0,0,0,0,0,0,0,0,0
SFulton,SHall,1,1,0,3,0,0,4,1,0,2,3,5
SFulton,WNewton,35,3,0,6,22,0,41,25,0,38,28,66
SFulton,ENewton,2,0,0,0,0,0,2,0,0,2,0,2
SFulton,NPaulding,52,4,0,6,37,0,58,41,0,56,43,99
SFulton,WPaulding,56,15,0,8,17,0,64,32,0,71,25,96
SFulton,EPaulding,434,68,0,81,290,0,515,358,0,502,371,873
SFulton,NSpalding,24,4,0,1,18,0,25,22,0,28,19,47
SFulton,SSpalding,20,2,0,5,8,0,25,10,0,22,13,35
SFulton,WWalton,4,1,0,2,1,0,6,2,0,5,3,8
SFulton,EWalton,1,1,0,1,1,0,2,2,0,2,2,4
Tri-Cities,NFulton,146,28,12,30,31,3,176,59,15,186,64,250
Tri-Cities,Roswell,129,31,20,24,23,2,153,54,22,180,49,229
Tri-Cities,SandySprings,641,125,134,64,118,33,705,243,167,900,215,1115
Tri-Cities,Buckhead,1426,298,331,265,604,159,1691,902,490,2055,1028,3083
Tri-Cities,NWAtlanta,1048,219,102,487,916,71,1535,1135,173,1369,1474,2843
Tri-Cities,NEAtlanta,2288,438,514,867,1556,341,3155,1994,855,3240,2764,6004
Tri-Cities,SWAtlanta,3845,835,225,6160,14545,476,10005,15380,701,4905,21181,26086
Tri-Cities,CBDAtlanta,2338,476,1179,985,2076,958,3323,2552,2137,3993,4019,8012
Tri-Cities,SEAtlanta,3375,754,178,5316,11090,400,8691,11844,578,4307,16806,21113
Tri-Cities,SFulton,1486,274,21,1268,4050,21,2754,4324,42,1781,5339,7120
Tri-Cities,Tri-Cities,11120,2370,302,26905,47394,998,38025,49764,1300,13792,75297,89089
Tri-Cities,Shannon,3554,699,71,2846,8356,173,6400,9055,244,4324,11375,15699
Tri-Cities,WCherokee,11,3,0,6,31,0,17,34,0,14,37,51
Tri-Cities,NCherokee,3,0,0,2,0,0,5,0,0,3,2,5
Tri-Cities,ECentCherokee,35,11,0,11,36,0,46,47,0,46,47,93
Tri-Cities,Woodstock,83,35,0,16,41,0,99,76,0,118,57,175
Tri-Cities,Airport,2846,494,202,3991,4485,207,6837,4979,409,3542,8683,12225
Tri-Cities,NEClayton,3274,653,62,2221,4815,60,5495,5468,122,3989,7096,11085
Tri-Cities,Riverdale,2409,479,58,1126,3807,77,3535,4286,135,2946,5010,7956
Tri-Cities,SClayton,1374,311,24,381,1095,11,1755,1406,35,1709,1487,3196
Tri-Cities,NWCobb,261,55,1,44,94,1,305,149,2,317,139,456
Tri-Cities,NECobb,258,58,4,41,82,0,299,140,4,320,123,443
Tri-Cities,SWCobb,258,41,5,48,152,1,306,193,6,304,201,505
Tri-Cities,Marietta,207,49,5,59,82,12,266,131,17,261,153,414
Tri-Cities,Cumberland,996,180,42,212,506,9,1208,686,51,1218,727,1945
Tri-Cities,SCobb,778,169,19,289,698,8,1067,867,27,966,995,1961
Tri-Cities,Chamblee,862,217,195,83,245,33,945,462,228,1274,361,1635
Tri-Cities,NWDeKalb,1012,233,121,236,375,60,1248,608,181,1366,671,2037
Tri-Cities,NEDeKalb,652,148,85,101,197,29,753,345,114,885,327,1212
Tri-Cities,Atlanta-DeKalb,476,67,43,176,429,38,652,496,81,586,643,1229
Tri-Cities,Decatur,310,40,60,70,164,39,380,204,99,410,273,683
Tri-Cities,SWDeKalb,886,179,101,245,584,38,1131,763,139,1166,867,2033
Tri-Cities,SEDeKalb,661,120,42,67,135,25,728,255,67,823,227,1050
Tri-Cities,SDeKalb,1172,210,32,368,1089,19,1540,1299,51,1414,1476,2890
Tri-Cities,WDouglas,410,83,4,88,266,0,498,349,4,497,354,851
Tri-Cities,EDouglas,619,123,16,207,656,3,826,779,19,758,866,1624
Tri-Cities,WFayette,732,144,5,160,479,3,892,623,8,881,642,1523
Tri-Cities,EFayette,868,157,6,259,930,2,1127,1087,8,1031,1191,2222
Tri-Cities,NGwinnett,80,21,1,13,37,0,93,58,1,102,50,152
Tri-Cities,CentGwinnett,235,70,16,39,85,0,274,155,16,321,124,445
Tri-Cities,EGwinnett,53,14,1,15,38,1,68,52,2,68,54,122
Tri-Cities,Norcross,262,76,21,27,118,4,289,194,25,359,149,508
Tri-Cities,Lilburn,106,17,3,12,107,1,118,124,4,126,120,246
Tri-Cities,Snellville,158,28,4,17,33,0,175,61,4,190,50,240
Tri-Cities,NHenry,794,170,5,186,391,3,980,561,8,969,580,1549
Tri-Cities,EHenry,362,51,1,57,127,0,419,178,1,414,184,598
Tri-Cities,SHenry,781,136,5,95,234,1,876,370,6,922,330,1252
Tri-Cities,SRockdale,208,30,1,25,48,0,233,78,1,239,73,312
Tri-Cities,NRockdale,161,43,2,16,49,0,177,92,2,206,65,271
Tri-Cities,NBarrow,7,1,0,2,2,0,9,3,0,8,4,12
Tri-Cities,SBarrow,2,3,0,3,6,0,5,9,0,5,9,14
Tri-Cities,NWBartow,2,0,0,2,0,0,4,0,0,2,2,4
Tri-Cities,NEBartow,2,0,0,3,9,0,5,9,0,2,12,14
Tri-Cities,SWBartow,3,2,0,4,2,0,7,4,0,5,6,11
Tri-Cities,Cartersville,17,3,0,1,6,0,18,9,0,20,7,27
Tri-Cities,NECarroll,90,8,0,13,25,0,103,33,0,98,38,136
Tri-Cities,WCarroll,10,1,0,4,19,0,14,20,0,11,23,34
Tri-Cities,CentralCarroll,111,14,0,13,51,0,124,65,0,125,64,189
Tri-Cities,SECarroll,21,1,0,8,24,0,29,25,0,22,32,54
Tri-Cities,WCoweta,155,21,0,28,49,0,183,70,0,176,77,253
Tri-Cities,NCoweta,987,157,6,145,408,3,1132,565,9,1150,556,1706
Tri-Cities,SCoweta,75,12,0,8,70,0,83,82,0,87,78,165
Tri-Cities,SECoweta,116,23,0,16,58,1,132,81,1,139,75,214
Tri-Cities,NForsyth,2,0,0,2,2,0,4,2,0,2,4,6
Tri-Cities,Cumming,13,7,1,8,11,1,21,18,2,21,20,41
Tri-Cities,SForsyth,22,6,0,4,18,0,26,24,0,28,22,50
Tri-Cities,NHall,2,0,0,0,1,0,2,1,0,2,1,3
Tri-Cities,Gainesville,3,0,0,4,3,0,7,3,0,3,7,10
Tri-Cities,SHall,5,3,0,4,11,0,9,14,0,8,15,23
Tri-Cities,WNewton,205,39,1,18,54,0,223,93,1,245,72,317
Tri-Cities,ENewton,15,7,0,2,1,0,17,8,0,22,3,25
Tri-Cities,NPaulding,38,7,0,12,37,0,50,44,0,45,49,94
Tri-Cities,WPaulding,26,4,0,7,26,0,33,30,0,30,33,63
Tri-Cities,EPaulding,267,49,2,30,78,0,297,127,2,318,108,426
Tri-Cities,NSpalding,175,35,0,8,59,0,183,94,0,210,67,277
Tri-Cities,SSpalding,112,22,0,8,24,0,120,46,0,134,32,166
Tri-Cities,WWalton,54,12,1,11,13,0,65,25,1,67,24,91
Tri-Cities,EWalton,16,3,0,6,25,0,22,28,0,19,31,50
Shannon,NFulton,73,22,8,23,37,1,96,59,9,103,61,164
Shannon,Roswell,52,19,1,21,34,1,73,53,2,72,56,128
Shannon,SandySprings,371,106,73,62,117,48,433,223,121,550,227,777
Shannon,Buckhead,730,203,165,122,450,47,852,653,212,1098,619,1717
Shannon,NWAtlanta,632,130,35,132,374,26,764,504,61,797,532,1329
Shannon,NEAtlanta,1430,326,289,320,722,214,1750,1048,503,2045,1256,3301
Shannon,SWAtlanta,1537,313,79,1089,2724,143,2626,3037,222,1929,3956,5885
Shannon,CBDAtlanta,1741,361,1177,394,1165,534,2135,1526,1711,3279,2093,5372
Shannon,SEAtlanta,1142,227,43,658,1696,117,1800,1923,160,1412,2471,3883
Shannon,SFulton,1963,443,9,2404,7520,25,4367,7963,34,2415,9949,12364
Shannon,Tri-Cities,3222,643,58,2815,8318,148,6037,8961,206,3923,11281,15204
Shannon,Shannon,13278,2873,75,35951,87780,385,49229,90653,460,16226,124116,140342
Shannon,WCherokee,2,0,0,0,3,0,2,3,0,2,3,5
Shannon,NCherokee,2,0,0,1,0,0,3,0,0,2,1,3
Shannon,ECentCherokee,10,5,0,5,9,0,15,14,0,15,14,29
Shannon,Woodstock,27,6,0,7,8,0,34,14,0,33,15,48
Shannon,Airport,2243,472,112,1893,4260,76,4136,4732,188,2827,6229,9056
Shannon,NEClayton,1282,283,4,719,1985,22,2001,2268,26,1569,2726,4295
Shannon,Riverdale,1741,367,8,2670,8548,41,4411,8915,49,2116,11259,13375
Shannon,SClayton,929,188,1,576,1749,7,1505,1937,8,1118,2332,3450
Shannon,NWCobb,155,26,0,40,42,0,195,68,0,181,82,263
Shannon,NECobb,127,22,0,51,131,0,178,153,0,149,182,331
Shannon,SWCobb,136,29,0,39,122,1,175,151,1,165,162,327
Shannon,Marietta,171,37,3,57,54,7,228,91,10,211,118,329
Shannon,Cumberland,723,147,17,119,261,2,842,408,19,887,382,1269
Shannon,SCobb,470,110,6,158,528,0,628,638,6,586,686,1272
Shannon,Chamblee,437,133,56,63,125,14,500,258,70,626,202,828
Shannon,NWDeKalb,570,144,43,137,281,42,707,425,85,757,460,1217
Shannon,NEDeKalb,304,66,16,102,195,20,406,261,36,386,317,703
Shannon,Atlanta-DeKalb,151,20,14,49,117,4,200,137,18,185,170,355
Shannon,Decatur,118,22,30,24,64,25,142,86,55,170,113,283
Shannon,SWDeKalb,312,70,15,86,190,6,398,260,21,397,282,679
Shannon,SEDeKalb,187,40,12,46,99,3,233,139,15,239,148,387
Shannon,SDeKalb,430,96,5,175,442,11,605,538,16,531,628,1159
Shannon,WDouglas,524,110,1,205,647,0,729,757,1,635,852,1487
Shannon,EDouglas,577,118,0,307,862,0,884,980,0,695,1169,1864
Shannon,WFayette,2059,368,4,1646,4895,9,3705,5263,13,2431,6550,8981
Shannon,EFayette,1607,287,6,1658,4857,7,3265,5144,13,1900,6522,8422
Shannon,NGwinnett,15,3,0,9,31,0,24,34,0,18,40,58
Shannon,CentGwinnett,67,25,3,16,78,0,83,103,3,95,94,189
Shannon,EGwinnett,11,4,0,7,23,0,18,27,0,15,30,45
Shannon,Norcross,126,43,1,21,92,0,147,135,1,170,113,283
Shannon,Lilburn,38,7,0,11,11,0,49,18,0,45,22,67
Shannon,Snellville,46,13,0,11,30,2,57,43,2,59,43,102
Shannon,NHenry,253,61,2,99,257,0,352,318,2,316,356,672
Shannon,EHenry,95,23,0,27,77,0,122,100,0,118,104,222
Shannon,SHenry,333,67,0,80,203,1,413,270,1,400,284,684
Shannon,SRockdale,54,9,0,11,39,0,65,48,0,63,50,113
Shannon,NRockdale,63,11,0,18,55,0,81,66,0,74,73,147
Shannon,NBarrow,0,0,0,1,0,0,1,0,0,0,1,1
Shannon,SBarrow,1,1,0,0,2,0,1,3,0,2,2,4
Shannon,NWBartow,0,0,0,0,1,0,0,1,0,0,1,1
Shannon,NEBartow,0,0,0,0,1,0,0,1,0,0,1,1
Shannon,SWBartow,3,1,0,0,1,0,3,2,0,4,1,5
Shannon,Cartersville,8,2,0,5,0,0,13,2,0,10,5,15
Shannon,NECarroll,82,15,0,20,45,0,102,60,0,97,65,162
Shannon,WCarroll,13,0,0,4,30,0,17,30,0,13,34,47
Shannon,CentralCarroll,193,22,0,66,66,0,259,88,0,215,132,347
Shannon,SECarroll,31,2,0,11,37,0,42,39,0,33,48,81
Shannon,WCoweta,306,56,0,67,171,0,373,227,0,362,238,600
Shannon,NCoweta,1966,360,6,798,2719,10,2764,3079,16,2332,3527,5859
Shannon,SCoweta,89,20,0,41,32,0,130,52,0,109,73,182
Shannon,SECoweta,206,30,0,62,120,0,268,150,0,236,182,418
Shannon,NForsyth,2,0,0,0,0,0,2,0,0,2,0,2
Shannon,Cumming,4,1,0,2,8,0,6,9,0,5,10,15
Shannon,SForsyth,5,3,0,8,6,0,13,9,0,8,14,22
Shannon,NHall,1,0,0,0,0,0,1,0,0,1,0,1
Shannon,Gainesville,2,0,0,0,0,0,2,0,0,2,0,2
Shannon,SHall,1,0,0,1,0,0,2,0,0,1,1,2
Shannon,WNewton,42,12,0,15,65,0,57,77,0,54,80,134
Shannon,ENewton,5,1,0,1,2,0,6,3,0,6,3,9
Shannon,NPaulding,38,3,0,5,26,0,43,29,0,41,31,72
Shannon,WPaulding,18,3,0,1,11,0,19,14,0,21,12,33
Shannon,EPaulding,183,41,0,43,138,0,226,179,0,224,181,405
Shannon,NSpalding,118,26,0,37,110,0,155,136,0,144,147,291
Shannon,SSpalding,103,14,0,26,48,0,129,62,0,117,74,191
Shannon,WWalton,9,0,0,0,9,0,9,9,0,9,9,18
Shannon,EWalton,7,1,0,2,2,0,9,3,0,8,4,12
WCherokee,NFulton,360,60,0,100,403,1,460,463,1,420,504,924
WCherokee,Roswell,136,21,0,41,161,0,177,182,0,157,202,359
WCherokee,SandySprings,101,16,0,26,123,0,127,139,0,117,149,266
WCherokee,Buckhead,76,7,0,24,76,0,100,83,0,83,100,183
WCherokee,NWAtlanta,37,3,0,6,7,0,43,10,0,40,13,53
WCherokee,NEAtlanta,34,6,0,22,35,0,56,41,0,40,57,97
WCherokee,SWAtlanta,16,2,0,4,60,0,20,62,0,18,64,82
WCherokee,CBDAtlanta,36,11,2,15,41,0,51,52,2,49,56,105
WCherokee,SEAtlanta,11,2,0,6,5,0,17,7,0,13,11,24
WCherokee,SFulton,3,0,0,2,9,0,5,9,0,3,11,14
WCherokee,Tri-Cities,12,3,0,2,33,0,14,36,0,15,35,50
WCherokee,Shannon,1,1,0,0,2,0,1,3,0,2,2,4
WCherokee,WCherokee,1258,219,0,3061,9493,0,4319,9712,0,1477,12554,14031
WCherokee,NCherokee,160,30,0,240,643,0,400,673,0,190,883,1073
WCherokee,ECentCherokee,1818,358,4,2959,10144,22,4777,10502,26,2180,13125,15305
WCherokee,Woodstock,390,70,0,278,1189,0,668,1259,0,460,1467,1927
WCherokee,Airport,1,0,0,1,4,0,2,4,0,1,5,6
WCherokee,NEClayton,4,2,0,0,5,0,4,7,0,6,5,11
WCherokee,Riverdale,1,0,0,1,3,0,2,3,0,1,4,5
WCherokee,SClayton,1,0,0,0,0,0,1,0,0,1,0,1
WCherokee,NWCobb,466,78,0,201,699,2,667,777,2,544,902,1446
WCherokee,NECobb,250,49,0,87,345,0,337,394,0,299,432,731
WCherokee,SWCobb,26,3,0,16,17,0,42,20,0,29,33,62
WCherokee,Marietta,201,29,0,77,141,0,278,170,0,230,218,448
WCherokee,Cumberland,176,33,0,47,150,0,223,183,0,209,197,406
WCherokee,SCobb,31,5,0,9,25,0,40,30,0,36,34,70
WCherokee,Chamblee,53,11,0,9,69,0,62,80,0,64,78,142
WCherokee,NWDeKalb,21,5,0,12,42,0,33,47,0,26,54,80
WCherokee,NEDeKalb,13,3,0,5,24,0,18,27,0,16,29,45
WCherokee,Atlanta-DeKalb,0,1,0,1,4,0,1,5,0,1,5,6
WCherokee,Decatur,4,0,0,0,22,0,4,22,0,4,22,26
WCherokee,SWDeKalb,3,0,0,4,5,0,7,5,0,3,9,12
WCherokee,SEDeKalb,1,0,0,0,0,0,1,0,0,1,0,1
WCherokee,SDeKalb,2,2,0,0,33,0,2,35,0,4,33,37
WCherokee,WDouglas,1,1,0,0,2,0,1,3,0,2,2,4
WCherokee,EDouglas,13,3,0,2,11,0,15,14,0,16,13,29
WCherokee,WFayette,0,0,0,0,0,0,0,0,0,0,0,0
WCherokee,EFayette,1,0,0,0,0,0,1,0,0,1,0,1
WCherokee,NGwinnett,23,1,0,15,11,0,38,12,0,24,26,50
WCherokee,CentGwinnett,51,4,0,13,18,0,64,22,0,55,31,86
WCherokee,EGwinnett,0,0,0,0,0,0,0,0,0,0,0,0
WCherokee,Norcross,52,15,0,10,38,0,62,53,0,67,48,115
WCherokee,Lilburn,3,0,0,2,8,0,5,8,0,3,10,13
WCherokee,Snellville,3,1,0,1,3,0,4,4,0,4,4,8
WCherokee,NHenry,2,0,0,3,0,0,5,0,0,2,3,5
WCherokee,EHenry,0,0,0,0,0,0,0,0,0,0,0,0
WCherokee,SHenry,0,0,0,0,0,0,0,0,0,0,0,0
WCherokee,SRockdale,0,0,0,0,0,0,0,0,0,0,0,0
WCherokee,NRockdale,0,0,0,0,0,0,0,0,0,0,0,0
WCherokee,NBarrow,1,0,0,0,0,0,1,0,0,1,0,1
WCherokee,SBarrow,1,0,0,0,0,0,1,0,0,1,0,1
WCherokee,NWBartow,43,7,0,15,49,0,58,56,0,50,64,114
WCherokee,NEBartow,165,26,0,125,452,0,290,478,0,191,577,768
WCherokee,SWBartow,22,5,0,9,26,0,31,31,0,27,35,62
WCherokee,Cartersville,385,60,0,208,579,0,593,639,0,445,787,1232
WCherokee,NECarroll,1,1,0,0,0,0,1,1,0,2,0,2
WCherokee,WCarroll,0,0,0,0,0,0,0,0,0,0,0,0
WCherokee,CentralCarroll,0,0,0,0,0,0,0,0,0,0,0,0
WCherokee,SECarroll,0,0,0,0,0,0,0,0,0,0,0,0
WCherokee,WCoweta,0,0,0,0,0,0,0,0,0,0,0,0
WCherokee,NCoweta,0,0,0,0,0,0,0,0,0,0,0,0
WCherokee,SCoweta,0,0,0,0,0,0,0,0,0,0,0,0
WCherokee,SECoweta,0,0,0,0,0,0,0,0,0,0,0,0
WCherokee,NForsyth,35,3,0,11,17,0,46,20,0,38,28,66
WCherokee,Cumming,107,23,0,43,96,0,150,119,0,130,139,269
WCherokee,SForsyth,95,28,0,23,43,0,118,71,0,123,66,189
WCherokee,NHall,1,1,0,0,2,0,1,3,0,2,2,4
WCherokee,Gainesville,15,2,0,3,23,0,18,25,0,17,26,43
WCherokee,SHall,13,2,0,3,10,0,16,12,0,15,13,28
WCherokee,WNewton,0,0,0,0,0,0,0,0,0,0,0,0
WCherokee,ENewton,0,0,0,0,0,0,0,0,0,0,0,0
WCherokee,NPaulding,19,3,0,8,36,0,27,39,0,22,44,66
WCherokee,WPaulding,0,0,0,0,0,0,0,0,0,0,0,0
WCherokee,EPaulding,20,0,0,11,6,0,31,6,0,20,17,37
WCherokee,NSpalding,0,0,0,0,0,0,0,0,0,0,0,0
WCherokee,SSpalding,0,0,0,0,0,0,0,0,0,0,0,0
WCherokee,WWalton,1,0,0,0,2,0,1,2,0,1,2,3
WCherokee,EWalton,0,0,0,0,0,0,0,0,0,0,0,0
NCherokee,NFulton,283,58,0,82,293,0,365,351,0,341,375,716
NCherokee,Roswell,65,14,0,27,70,0,92,84,0,79,97,176
NCherokee,SandySprings,63,5,0,13,43,0,76,48,0,68,56,124
NCherokee,Buckhead,17,3,0,16,17,0,33,20,0,20,33,53
NCherokee,NWAtlanta,10,1,0,3,5,0,13,6,0,11,8,19
NCherokee,NEAtlanta,11,1,0,5,25,0,16,26,0,12,30,42
NCherokee,SWAtlanta,5,0,0,1,30,0,6,30,0,5,31,36
NCherokee,CBDAtlanta,9,1,1,3,26,0,12,27,1,11,29,40
NCherokee,SEAtlanta,2,0,0,2,9,0,4,9,0,2,11,13
NCherokee,SFulton,2,1,0,1,0,0,3,1,0,3,1,4
NCherokee,Tri-Cities,2,1,0,3,1,0,5,2,0,3,4,7
NCherokee,Shannon,2,0,0,0,0,0,2,0,0,2,0,2
NCherokee,WCherokee,179,25,0,242,672,0,421,697,0,204,914,1118
NCherokee,NCherokee,576,127,0,1437,4063,0,2013,4190,0,703,5500,6203
NCherokee,ECentCherokee,861,152,1,1075,3675,6,1936,3827,7,1014,4756,5770
NCherokee,Woodstock,143,22,0,59,168,0,202,190,0,165,227,392
NCherokee,Airport,0,0,0,0,0,0,0,0,0,0,0,0
NCherokee,NEClayton,1,0,0,0,0,0,1,0,0,1,0,1
NCherokee,Riverdale,0,0,0,0,0,0,0,0,0,0,0,0
NCherokee,SClayton,0,0,0,0,0,0,0,0,0,0,0,0
NCherokee,NWCobb,151,18,0,75,201,0,226,219,0,169,276,445
NCherokee,NECobb,96,18,0,47,144,0,143,162,0,114,191,305
NCherokee,SWCobb,5,2,0,2,13,0,7,15,0,7,15,22
NCherokee,Marietta,62,5,0,26,98,0,88,103,0,67,124,191
NCherokee,Cumberland,56,10,0,6,70,0,62,80,0,66,76,142
NCherokee,SCobb,11,1,0,5,42,0,16,43,0,12,47,59
NCherokee,Chamblee,26,8,0,7,24,0,33,32,0,34,31,65
NCherokee,NWDeKalb,5,0,0,5,24,0,10,24,0,5,29,34
NCherokee,NEDeKalb,6,3,0,4,12,0,10,15,0,9,16,25
NCherokee,Atlanta-DeKalb,0,0,0,0,0,0,0,0,0,0,0,0
NCherokee,Decatur,0,1,0,0,2,0,0,3,0,1,2,3
NCherokee,SWDeKalb,1,0,0,0,0,0,1,0,0,1,0,1
NCherokee,SEDeKalb,1,0,0,0,2,0,1,2,0,1,2,3
NCherokee,SDeKalb,0,0,0,2,1,0,2,1,0,0,3,3
NCherokee,WDouglas,1,0,0,1,0,0,2,0,0,1,1,2
NCherokee,EDouglas,3,0,0,2,5,0,5,5,0,3,7,10
NCherokee,WFayette,1,0,0,0,0,0,1,0,0,1,0,1
NCherokee,EFayette,0,0,0,1,0,0,1,0,0,0,1,1
NCherokee,NGwinnett,47,4,0,16,74,0,63,78,0,51,90,141
NCherokee,CentGwinnett,51,4,0,18,19,0,69,23,0,55,37,92
NCherokee,EGwinnett,1,0,0,0,7,0,1,7,0,1,7,8
NCherokee,Norcross,44,3,0,11,48,0,55,51,0,47,59,106
NCherokee,Lilburn,1,0,0,2,0,0,3,0,0,1,2,3
NCherokee,Snellville,3,0,0,0,13,0,3,13,0,3,13,16
NCherokee,NHenry,0,0,0,0,0,0,0,0,0,0,0,0
NCherokee,EHenry,0,0,0,0,0,0,0,0,0,0,0,0
NCherokee,SHenry,0,0,0,0,0,0,0,0,0,0,0,0
NCherokee,SRockdale,0,0,0,0,0,0,0,0,0,0,0,0
NCherokee,NRockdale,0,0,0,0,0,0,0,0,0,0,0,0
NCherokee,NBarrow,1,0,0,0,0,0,1,0,0,1,0,1
NCherokee,SBarrow,0,1,0,0,0,0,0,1,0,1,0,1
NCherokee,NWBartow,13,3,0,3,8,0,16,11,0,16,11,27
NCherokee,NEBartow,34,4,0,10,28,0,44,32,0,38,38,76
NCherokee,SWBartow,2,1,0,0,1,0,2,2,0,3,1,4
NCherokee,Cartersville,44,10,0,17,25,0,61,35,0,54,42,96
NCherokee,NECarroll,0,0,0,0,1,0,0,1,0,0,1,1
NCherokee,WCarroll,0,0,0,0,0,0,0,0,0,0,0,0
NCherokee,CentralCarroll,0,0,0,0,0,0,0,0,0,0,0,0
NCherokee,SECarroll,0,0,0,0,0,0,0,0,0,0,0,0
NCherokee,WCoweta,0,0,0,0,0,0,0,0,0,0,0,0
NCherokee,NCoweta,0,0,0,0,0,0,0,0,0,0,0,0
NCherokee,SCoweta,0,0,0,0,0,0,0,0,0,0,0,0
NCherokee,SECoweta,0,0,0,0,0,0,0,0,0,0,0,0
NCherokee,NForsyth,72,7,0,55,92,0,127,99,0,79,147,226
NCherokee,Cumming,220,43,0,109,345,0,329,388,0,263,454,717
NCherokee,SForsyth,131,12,0,35,61,0,166,73,0,143,96,239
NCherokee,NHall,4,0,0,0,3,0,4,3,0,4,3,7
NCherokee,Gainesville,50,8,0,8,12,0,58,20,0,58,20,78
NCherokee,SHall,14,6,0,11,7,0,25,13,0,20,18,38
NCherokee,WNewton,0,0,0,0,0,0,0,0,0,0,0,0
NCherokee,ENewton,0,0,0,0,0,0,0,0,0,0,0,0
NCherokee,NPaulding,1,0,0,1,5,0,2,5,0,1,6,7
NCherokee,WPaulding,0,0,0,0,0,0,0,0,0,0,0,0
NCherokee,EPaulding,6,1,0,4,34,0,10,35,0,7,38,45
NCherokee,NSpalding,0,0,0,0,0,0,0,0,0,0,0,0
NCherokee,SSpalding,0,0,0,0,0,0,0,0,0,0,0,0
NCherokee,WWalton,1,0,0,0,0,0,1,0,0,1,0,1
NCherokee,EWalton,0,1,0,0,0,0,0,1,0,1,0,1
ECentCherokee,NFulton,4166,751,2,2382,7986,11,6548,8737,13,4919,10379,15298
ECentCherokee,Roswell,1594,275,0,835,2793,2,2429,3068,2,1869,3630,5499
ECentCherokee,SandySprings,963,144,2,243,706,5,1206,850,7,1109,954,2063
ECentCherokee,Buckhead,463,75,2,105,428,1,568,503,3,540,534,1074
ECentCherokee,NWAtlanta,153,29,0,23,82,0,176,111,0,182,105,287
ECentCherokee,NEAtlanta,219,47,4,71,219,4,290,266,8,270,294,564
ECentCherokee,SWAtlanta,77,13,3,38,95,1,115,108,4,93,134,227
ECentCherokee,CBDAtlanta,159,32,18,48,215,2,207,247,20,209,265,474
ECentCherokee,SEAtlanta,35,7,0,20,70,1,55,77,1,42,91,133
ECentCherokee,SFulton,23,6,0,9,18,0,32,24,0,29,27,56
ECentCherokee,Tri-Cities,39,8,0,11,50,0,50,58,0,47,61,108
ECentCherokee,Shannon,14,3,0,5,7,0,19,10,0,17,12,29
ECentCherokee,WCherokee,1936,355,4,2958,10298,22,4894,10653,26,2295,13278,15573
ECentCherokee,NCherokee,907,184,1,1068,3804,6,1975,3988,7,1092,4878,5970
ECentCherokee,ECentCherokee,23242,4058,59,47156,131849,234,70398,135907,293,27359,179239,206598
ECentCherokee,Woodstock,3471,645,0,4222,14188,4,7693,14833,4,4116,18414,22530
ECentCherokee,Airport,25,10,0,3,2,0,28,12,0,35,5,40
ECentCherokee,NEClayton,28,9,0,9,5,0,37,14,0,37,14,51
ECentCherokee,Riverdale,3,3,0,3,5,0,6,8,0,6,8,14
ECentCherokee,SClayton,7,3,0,1,5,0,8,8,0,10,6,16
ECentCherokee,NWCobb,2823,497,0,1562,3978,11,4385,4475,11,3320,5551,8871
ECentCherokee,NECobb,2104,368,0,1093,3419,0,3197,3787,0,2472,4512,6984
ECentCherokee,SWCobb,164,28,0,36,149,0,200,177,0,192,185,377
ECentCherokee,Marietta,1058,187,0,358,1169,1,1416,1356,1,1245,1528,2773
ECentCherokee,Cumberland,1011,168,0,180,587,0,1191,755,0,1179,767,1946
ECentCherokee,SCobb,233,28,0,77,161,0,310,189,0,261,238,499
ECentCherokee,Chamblee,549,93,4,161,327,1,710,420,5,646,489,1135
ECentCherokee,NWDeKalb,144,34,0,49,154,1,193,188,1,178,204,382
ECentCherokee,NEDeKalb,157,32,0,42,127,0,199,159,0,189,169,358
ECentCherokee,Atlanta-DeKalb,7,1,0,3,31,0,10,32,0,8,34,42
ECentCherokee,Decatur,14,5,1,7,33,1,21,38,2,20,41,61
ECentCherokee,SWDeKalb,34,7,0,8,43,0,42,50,0,41,51,92
ECentCherokee,SEDeKalb,12,2,0,10,7,0,22,9,0,14,17,31
ECentCherokee,SDeKalb,18,7,0,12,27,0,30,34,0,25,39,64
ECentCherokee,WDouglas,25,0,0,8,9,0,33,9,0,25,17,42
ECentCherokee,EDouglas,61,12,0,9,37,0,70,49,0,73,46,119
ECentCherokee,WFayette,0,1,0,1,0,0,1,1,0,1,1,2
ECentCherokee,EFayette,4,2,0,2,17,0,6,19,0,6,19,25
ECentCherokee,NGwinnett,338,61,0,95,196,0,433,257,0,399,291,690
ECentCherokee,CentGwinnett,445,83,0,127,265,0,572,348,0,528,392,920
ECentCherokee,EGwinnett,26,5,0,15,13,0,41,18,0,31,28,59
ECentCherokee,Norcross,581,85,0,110,309,0,691,394,0,666,419,1085
ECentCherokee,Lilburn,42,11,0,12,77,0,54,88,0,53,89,142
ECentCherokee,Snellville,34,5,0,15,22,0,49,27,0,39,37,76
ECentCherokee,NHenry,6,2,0,1,3,0,7,5,0,8,4,12
ECentCherokee,EHenry,1,0,0,0,1,0,1,1,0,1,1,2
ECentCherokee,SHenry,1,0,0,0,0,0,1,0,0,1,0,1
ECentCherokee,SRockdale,1,0,0,1,5,0,2,5,0,1,6,7
ECentCherokee,NRockdale,2,1,0,0,38,0,2,39,0,3,38,41
ECentCherokee,NBarrow,9,0,0,3,5,0,12,5,0,9,8,17
ECentCherokee,SBarrow,6,1,0,1,6,0,7,7,0,7,7,14
ECentCherokee,NWBartow,141,23,0,24,124,0,165,147,0,164,148,312
ECentCherokee,NEBartow,281,59,0,139,450,0,420,509,0,340,589,929
ECentCherokee,SWBartow,100,13,0,31,57,0,131,70,0,113,88,201
ECentCherokee,Cartersville,601,111,0,214,538,0,815,649,0,712,752,1464
ECentCherokee,NECarroll,9,3,0,4,2,0,13,5,0,12,6,18
ECentCherokee,WCarroll,0,0,0,0,0,0,0,0,0,0,0,0
ECentCherokee,CentralCarroll,0,0,0,0,0,0,0,0,0,0,0,0
ECentCherokee,SECarroll,0,0,0,0,0,0,0,0,0,0,0,0
ECentCherokee,WCoweta,0,0,0,0,1,0,0,1,0,0,1,1
ECentCherokee,NCoweta,3,0,0,3,3,0,6,3,0,3,6,9
ECentCherokee,SCoweta,0,0,0,0,0,0,0,0,0,0,0,0
ECentCherokee,SECoweta,0,0,0,0,0,0,0,0,0,0,0,0
ECentCherokee,NForsyth,348,65,0,248,786,0,596,851,0,413,1034,1447
ECentCherokee,Cumming,1673,284,0,1221,4551,0,2894,4835,0,1957,5772,7729
ECentCherokee,SForsyth,1203,235,0,426,1294,0,1629,1529,0,1438,1720,3158
ECentCherokee,NHall,30,5,0,15,28,0,45,33,0,35,43,78
ECentCherokee,Gainesville,137,27,0,39,97,0,176,124,0,164,136,300
ECentCherokee,SHall,81,13,0,33,41,0,114,54,0,94,74,168
ECentCherokee,WNewton,0,0,0,1,2,0,1,2,0,0,3,3
ECentCherokee,ENewton,0,0,0,0,0,0,0,0,0,0,0,0
ECentCherokee,NPaulding,113,16,0,19,116,0,132,132,0,129,135,264
ECentCherokee,WPaulding,11,3,0,3,21,0,14,24,0,14,24,38
ECentCherokee,EPaulding,141,15,0,41,103,0,182,118,0,156,144,300
ECentCherokee,NSpalding,0,0,0,0,0,0,0,0,0,0,0,0
ECentCherokee,SSpalding,0,0,0,0,0,0,0,0,0,0,0,0
ECentCherokee,WWalton,3,2,0,2,20,0,5,22,0,5,22,27
ECentCherokee,EWalton,4,0,0,0,1,0,4,1,0,4,1,5
Woodstock,NFulton,2569,429,2,1375,4497,3,3944,4926,5,3000,5875,8875
Woodstock,Roswell,1858,294,3,1148,3517,2,3006,3811,5,2155,4667,6822
Woodstock,SandySprings,1261,226,13,317,886,10,1578,1112,23,1500,1213,2713
Woodstock,Buckhead,786,90,8,121,370,0,907,460,8,884,491,1375
Woodstock,NWAtlanta,289,63,2,42,100,0,331,163,2,354,142,496
Woodstock,NEAtlanta,408,70,20,87,280,10,495,350,30,498,377,875
Woodstock,SWAtlanta,172,32,1,41,75,2,213,107,3,205,118,323
Woodstock,CBDAtlanta,422,76,76,48,186,5,470,262,81,574,239,813
Woodstock,SEAtlanta,78,26,3,25,95,0,103,121,3,107,120,227
Woodstock,SFulton,43,12,1,13,18,0,56,30,1,56,31,87
Woodstock,Tri-Cities,93,20,0,18,72,0,111,92,0,113,90,203
Woodstock,Shannon,38,3,0,6,16,0,44,19,0,41,22,63
Woodstock,WCherokee,390,82,0,280,1267,0,670,1349,0,472,1547,2019
Woodstock,NCherokee,147,21,0,46,174,0,193,195,0,168,220,388
Woodstock,ECentCherokee,3708,725,0,4282,14379,4,7990,15104,4,4433,18665,23098
Woodstock,Woodstock,15382,2911,0,39300,104915,0,54682,107826,0,18293,144215,162508
Woodstock,Airport,49,13,12,4,25,0,53,38,12,74,29,103
Woodstock,NEClayton,55,19,0,7,15,0,62,34,0,74,22,96
Woodstock,Riverdale,12,4,0,5,33,0,17,37,0,16,38,54
Woodstock,SClayton,12,2,0,5,15,0,17,17,0,14,20,34
Woodstock,NWCobb,7842,1434,13,9295,27302,21,17137,28736,34,9289,36618,45907
Woodstock,NECobb,4665,924,1,5630,17168,2,10295,18092,3,5590,22800,28390
Woodstock,SWCobb,323,67,0,139,436,0,462,503,0,390,575,965
Woodstock,Marietta,2026,385,6,1130,3250,12,3156,3635,18,2417,4392,6809
Woodstock,Cumberland,1842,320,3,380,1413,1,2222,1733,4,2165,1794,3959
Woodstock,SCobb,364,57,0,130,289,0,494,346,0,421,419,840
Woodstock,Chamblee,646,134,10,144,417,1,790,551,11,790,562,1352
Woodstock,NWDeKalb,255,52,2,59,154,3,314,206,5,309,216,525
Woodstock,NEDeKalb,188,25,0,49,109,0,237,134,0,213,158,371
Woodstock,Atlanta-DeKalb,30,8,1,5,28,0,35,36,1,39,33,72
Woodstock,Decatur,32,10,3,4,28,0,36,38,3,45,32,77
Woodstock,SWDeKalb,37,3,0,12,34,0,49,37,0,40,46,86
Woodstock,SEDeKalb,22,0,0,10,35,0,32,35,0,22,45,67
Woodstock,SDeKalb,35,8,0,10,36,0,45,44,0,43,46,89
Woodstock,WDouglas,55,6,0,15,43,0,70,49,0,61,58,119
Woodstock,EDouglas,118,21,0,31,99,0,149,120,0,139,130,269
Woodstock,WFayette,5,0,0,7,9,0,12,9,0,5,16,21
Woodstock,EFayette,10,1,0,0,15,0,10,16,0,11,15,26
Woodstock,NGwinnett,123,14,0,29,21,0,152,35,0,137,50,187
Woodstock,CentGwinnett,241,59,0,63,153,0,304,212,0,300,216,516
Woodstock,EGwinnett,11,1,0,2,13,0,13,14,0,12,15,27
Woodstock,Norcross,619,95,1,85,246,0,704,341,1,715,331,1046
Woodstock,Lilburn,38,4,0,14,38,0,52,42,0,42,52,94
Woodstock,Snellville,17,5,0,7,8,0,24,13,0,22,15,37
Woodstock,NHenry,8,0,0,5,7,0,13,7,0,8,12,20
Woodstock,EHenry,1,1,0,2,0,0,3,1,0,2,2,4
Woodstock,SHenry,3,0,0,2,4,0,5,4,0,3,6,9
Woodstock,SRockdale,3,1,0,1,1,0,4,2,0,4,2,6
Woodstock,NRockdale,6,1,0,2,6,0,8,7,0,7,8,15
Woodstock,NBarrow,0,0,0,0,0,0,0,0,0,0,0,0
Woodstock,SBarrow,4,0,0,2,2,0,6,2,0,4,4,8
Woodstock,NWBartow,80,18,0,17,75,0,97,93,0,98,92,190
Woodstock,NEBartow,113,21,0,49,123,0,162,144,0,134,172,306
Woodstock,SWBartow,147,27,0,58,277,0,205,304,0,174,335,509
Woodstock,Cartersville,884,172,0,422,1347,1,1306,1519,1,1056,1770,2826
Woodstock,NECarroll,22,5,0,7,29,0,29,34,0,27,36,63
Woodstock,WCarroll,1,0,0,0,0,0,1,0,0,1,0,1
Woodstock,CentralCarroll,7,3,0,2,9,0,9,12,0,10,11,21
Woodstock,SECarroll,0,0,0,0,1,0,0,1,0,0,1,1
Woodstock,WCoweta,1,0,0,0,0,0,1,0,0,1,0,1
Woodstock,NCoweta,7,1,0,3,2,0,10,3,0,8,5,13
Woodstock,SCoweta,1,0,0,0,0,0,1,0,0,1,0,1
Woodstock,SECoweta,0,0,0,0,0,0,0,0,0,0,0,0
Woodstock,NForsyth,60,13,0,26,59,0,86,72,0,73,85,158
Woodstock,Cumming,313,44,0,65,258,0,378,302,0,357,323,680
Woodstock,SForsyth,372,55,0,72,220,0,444,275,0,427,292,719
Woodstock,NHall,3,1,0,6,13,0,9,14,0,4,19,23
Woodstock,Gainesville,35,2,0,2,9,0,37,11,0,37,11,48
Woodstock,SHall,12,3,0,8,7,0,20,10,0,15,15,30
Woodstock,WNewton,2,0,0,0,1,0,2,1,0,2,1,3
Woodstock,ENewton,0,1,0,0,0,0,0,1,0,1,0,1
Woodstock,NPaulding,299,71,0,149,668,0,448,739,0,370,817,1187
Woodstock,WPaulding,26,4,0,13,42,0,39,46,0,30,55,85
Woodstock,EPaulding,287,67,0,92,283,0,379,350,0,354,375,729
Woodstock,NSpalding,0,1,0,0,0,0,0,1,0,1,0,1
Woodstock,SSpalding,0,0,0,0,0,0,0,0,0,0,0,0
Woodstock,WWalton,5,1,0,0,0,0,5,1,0,6,0,6
Woodstock,EWalton,0,0,0,0,9,0,0,9,0,0,9,9
Airport,NFulton,43,12,3,7,22,0,50,34,3,58,29,87
Airport,Roswell,55,8,11,6,11,0,61,19,11,74,17,91
Airport,SandySprings,209,49,92,16,25,4,225,74,96,350,45,395
Airport,Buckhead,529,99,277,45,57,26,574,156,303,905,128,1033
Airport,NWAtlanta,482,79,194,79,126,15,561,205,209,755,220,975
Airport,NEAtlanta,969,178,493,231,230,65,1200,408,558,1640,526,2166
Airport,SWAtlanta,1359,271,384,546,890,104,1905,1161,488,2014,1540,3554
Airport,CBDAtlanta,796,157,436,257,307,226,1053,464,662,1389,790,2179
Airport,SEAtlanta,1505,288,270,994,1497,85,2499,1785,355,2063,2576,4639
Airport,SFulton,628,99,28,206,631,3,834,730,31,755,840,1595
Airport,Tri-Cities,3001,518,209,4015,4483,222,7016,5001,431,3728,8720,12448
Airport,Shannon,2437,483,119,1826,4535,94,4263,5018,213,3039,6455,9494
Airport,WCherokee,2,1,0,1,4,0,3,5,0,3,5,8
Airport,NCherokee,0,0,0,0,0,0,0,0,0,0,0,0
Airport,ECentCherokee,18,5,0,2,0,0,20,5,0,23,2,25
Airport,Woodstock,53,10,12,4,5,0,57,15,12,75,9,84
Airport,Airport,4295,753,70,7382,8116,84,11677,8869,154,5118,15582,20700
Airport,NEClayton,2905,532,71,2387,3549,33,5292,4081,104,3508,5969,9477
Airport,Riverdale,3440,611,182,2945,6490,120,6385,7101,302,4233,9555,13788
Airport,SClayton,1411,257,68,370,1104,14,1781,1361,82,1736,1488,3224
Airport,NWCobb,130,34,15,11,14,0,141,48,15,179,25,204
Airport,NECobb,122,28,25,14,25,0,136,53,25,175,39,214
Airport,SWCobb,137,22,13,15,38,0,152,60,13,172,53,225
Airport,Marietta,102,10,13,17,20,0,119,30,13,125,37,162
Airport,Cumberland,394,74,86,39,65,7,433,139,93,554,111,665
Airport,SCobb,472,67,102,53,132,4,525,199,106,641,189,830
Airport,Chamblee,330,73,241,22,72,14,352,145,255,644,108,752
Airport,NWDeKalb,463,93,174,75,64,11,538,157,185,730,150,880
Airport,NEDeKalb,410,81,194,30,71,12,440,152,206,685,113,798
Airport,Atlanta-DeKalb,306,37,121,57,66,22,363,103,143,464,145,609
Airport,Decatur,134,24,92,12,22,6,146,46,98,250,40,290
Airport,SWDeKalb,779,120,193,104,189,16,883,309,209,1092,309,1401
Airport,SEDeKalb,625,117,179,42,186,6,667,303,185,921,234,1155
Airport,SDeKalb,1077,170,117,224,469,6,1301,639,123,1364,699,2063
Airport,WDouglas,252,38,17,29,31,0,281,69,17,307,60,367
Airport,EDouglas,369,52,69,46,136,1,415,188,70,490,183,673
Airport,WFayette,437,70,18,79,255,5,516,325,23,525,339,864
Airport,EFayette,815,141,20,327,697,2,1142,838,22,976,1026,2002
Airport,NGwinnett,39,9,8,7,10,0,46,19,8,56,17,73
Airport,CentGwinnett,116,42,40,14,18,0,130,60,40,198,32,230
Airport,EGwinnett,41,11,7,2,2,0,43,13,7,59,4,63
Airport,Norcross,129,34,73,15,8,1,144,42,74,236,24,260
Airport,Lilburn,105,19,19,8,4,0,113,23,19,143,12,155
Airport,Snellville,107,18,13,5,9,1,112,27,14,138,15,153
Airport,NHenry,733,122,38,137,324,0,870,446,38,893,461,1354
Airport,EHenry,262,51,5,30,75,0,292,126,5,318,105,423
Airport,SHenry,724,117,15,67,227,1,791,344,16,856,295,1151
Airport,SRockdale,171,17,6,12,22,0,183,39,6,194,34,228
Airport,NRockdale,161,32,17,3,8,0,164,40,17,210,11,221
Airport,NBarrow,3,2,0,0,0,0,3,2,0,5,0,5
Airport,SBarrow,3,0,0,0,1,0,3,1,0,3,1,4
Airport,NWBartow,0,0,0,0,0,0,0,0,0,0,0,0
Airport,NEBartow,0,0,0,1,1,0,1,1,0,0,2,2
Airport,SWBartow,3,0,0,0,0,0,3,0,0,3,0,3
Airport,Cartersville,7,0,0,4,2,0,11,2,0,7,6,13
Airport,NECarroll,26,6,2,8,7,0,34,13,2,34,15,49
Airport,WCarroll,12,0,0,3,6,0,15,6,0,12,9,21
Airport,CentralCarroll,83,12,0,5,5,0,88,17,0,95,10,105
Airport,SECarroll,7,2,0,2,4,0,9,6,0,9,6,15
Airport,WCoweta,119,16,1,8,24,0,127,40,1,136,32,168
Airport,NCoweta,631,79,40,69,124,0,700,203,40,750,193,943
Airport,SCoweta,47,6,1,9,28,0,56,34,1,54,37,91
Airport,SECoweta,82,22,1,13,21,1,95,43,2,105,35,140
Airport,NForsyth,2,0,0,0,0,0,2,0,0,2,0,2
Airport,Cumming,8,1,1,2,0,0,10,1,1,10,2,12
Airport,SForsyth,9,2,3,1,0,1,10,2,4,14,2,16
Airport,NHall,0,0,0,0,0,0,0,0,0,0,0,0
Airport,Gainesville,0,0,0,1,0,0,1,0,0,0,1,1
Airport,SHall,3,1,2,0,4,0,3,5,2,6,4,10
Airport,WNewton,205,32,7,11,9,1,216,41,8,244,21,265
Airport,ENewton,10,2,0,0,1,0,10,3,0,12,1,13
Airport,NPaulding,24,1,0,3,4,0,27,5,0,25,7,32
Airport,WPaulding,10,3,0,0,1,0,10,4,0,13,1,14
Airport,EPaulding,187,24,9,12,14,0,199,38,9,220,26,246
Airport,NSpalding,137,25,1,13,30,0,150,55,1,163,43,206
Airport,SSpalding,83,6,0,7,8,0,90,14,0,89,15,104
Airport,WWalton,40,4,1,4,10,0,44,14,1,45,14,59
Airport,EWalton,12,1,0,3,1,0,15,2,0,13,4,17
NEClayton,NFulton,114,16,3,24,44,2,138,60,5,133,70,203
NEClayton,Roswell,67,16,1,18,41,1,85,57,2,84,60,144
NEClayton,SandySprings,418,104,31,69,163,9,487,267,40,553,241,794
NEClayton,Buckhead,893,235,64,171,580,24,1064,815,88,1192,775,1967
NEClayton,NWAtlanta,570,116,15,146,426,5,716,542,20,701,577,1278
NEClayton,NEAtlanta,1490,306,125,661,1656,119,2151,1962,244,1921,2436,4357
NEClayton,SWAtlanta,1012,246,38,522,1363,79,1534,1609,117,1296,1964,3260
NEClayton,CBDAtlanta,1764,367,400,745,2045,259,2509,2412,659,2531,3049,5580
NEClayton,SEAtlanta,2477,515,35,2871,7159,95,5348,7674,130,3027,10125,13152
NEClayton,SFulton,497,100,5,145,318,2,642,418,7,602,465,1067
NEClayton,Tri-Cities,3138,624,56,2222,4934,68,5360,5558,124,3818,7224,11042
NEClayton,Shannon,1319,297,2,729,1916,23,2048,2213,25,1618,2668,4286
NEClayton,WCherokee,4,0,0,0,5,0,4,5,0,4,5,9
NEClayton,NCherokee,2,0,0,0,0,0,2,0,0,2,0,2
NEClayton,ECentCherokee,21,6,0,9,45,0,30,51,0,27,54,81
NEClayton,Woodstock,42,17,0,10,9,0,52,26,0,59,19,78
NEClayton,Airport,2823,499,73,2360,3853,34,5183,4352,107,3395,6247,9642
NEClayton,NEClayton,21378,4428,98,38632,92451,467,60010,96879,565,25904,131550,157454
NEClayton,Riverdale,3912,846,28,5350,14380,162,9262,15226,190,4786,19892,24678
NEClayton,SClayton,6603,1411,45,8750,22483,136,15353,23894,181,8059,31369,39428
NEClayton,NWCobb,162,41,1,32,128,0,194,169,1,204,160,364
NEClayton,NECobb,150,48,1,44,101,0,194,149,1,199,145,344
NEClayton,SWCobb,125,22,0,25,81,0,150,103,0,147,106,253
NEClayton,Marietta,134,52,2,40,32,3,174,84,5,188,75,263
NEClayton,Cumberland,525,165,4,62,154,4,587,319,8,694,220,914
NEClayton,SCobb,293,66,2,61,162,0,354,228,2,361,223,584
NEClayton,Chamblee,508,143,33,99,247,13,607,390,46,684,359,1043
NEClayton,NWDeKalb,956,201,18,359,858,13,1315,1059,31,1175,1230,2405
NEClayton,NEDeKalb,754,141,11,177,483,11,931,624,22,906,671,1577
NEClayton,Atlanta-DeKalb,318,70,9,259,725,13,577,795,22,397,997,1394
NEClayton,Decatur,225,47,15,153,273,13,378,320,28,287,439,726
NEClayton,SWDeKalb,1033,233,12,701,1990,26,1734,2223,38,1278,2717,3995
NEClayton,SEDeKalb,715,139,1,205,595,5,920,734,6,855,805,1660
NEClayton,SDeKalb,2763,567,5,2471,7157,22,5234,7724,27,3335,9650,12985
NEClayton,WDouglas,224,31,0,34,86,0,258,117,0,255,120,375
NEClayton,EDouglas,275,46,1,39,126,2,314,172,3,322,167,489
NEClayton,WFayette,723,132,2,184,302,1,907,434,3,857,487,1344
NEClayton,EFayette,1340,215,2,602,1607,8,1942,1822,10,1557,2217,3774
NEClayton,NGwinnett,77,15,0,13,29,0,90,44,0,92,42,134
NEClayton,CentGwinnett,229,62,2,51,115,2,280,177,4,293,168,461
NEClayton,EGwinnett,56,8,0,11,9,1,67,17,1,64,21,85
NEClayton,Norcross,322,90,1,43,103,2,365,193,3,413,148,561
NEClayton,Lilburn,164,29,0,37,86,0,201,115,0,193,123,316
NEClayton,Snellville,231,39,0,46,89,3,277,128,3,270,138,408
NEClayton,NHenry,3797,819,10,4001,12254,19,7798,13073,29,4626,16274,20900
NEClayton,EHenry,1151,234,0,425,1574,1,1576,1808,1,1385,2000,3385
NEClayton,SHenry,2496,477,5,772,2302,8,3268,2779,13,2978,3082,6060
NEClayton,SRockdale,501,96,1,148,449,0,649,545,1,598,597,1195
NEClayton,NRockdale,348,76,1,61,85,2,409,161,3,425,148,573
NEClayton,NBarrow,5,0,0,0,11,0,5,11,0,5,11,16
NEClayton,SBarrow,8,0,0,3,2,0,11,2,0,8,5,13
NEClayton,NWBartow,0,0,0,0,0,0,0,0,0,0,0,0
NEClayton,NEBartow,1,2,0,0,0,0,1,2,0,3,0,3
NEClayton,SWBartow,1,1,0,0,8,0,1,9,0,2,8,10
NEClayton,Cartersville,7,6,0,1,6,0,8,12,0,13,7,20
NEClayton,NECarroll,37,6,0,6,29,0,43,35,0,43,35,78
NEClayton,WCarroll,5,1,0,4,0,0,9,1,0,6,4,10
NEClayton,CentralCarroll,64,16,0,10,20,0,74,36,0,80,30,110
NEClayton,SECarroll,9,1,0,2,1,0,11,2,0,10,3,13
NEClayton,WCoweta,89,16,0,7,73,0,96,89,0,105,80,185
NEClayton,NCoweta,575,99,2,80,183,4,655,282,6,676,267,943
NEClayton,SCoweta,50,8,0,11,10,0,61,18,0,58,21,79
NEClayton,SECoweta,174,29,0,33,65,1,207,94,1,203,99,302
NEClayton,NForsyth,1,0,0,0,15,0,1,15,0,1,15,16
NEClayton,Cumming,10,2,0,4,6,0,14,8,0,12,10,22
NEClayton,SForsyth,27,2,0,5,31,0,32,33,0,29,36,65
NEClayton,NHall,0,0,0,0,17,0,0,17,0,0,17,17
NEClayton,Gainesville,1,0,0,1,0,0,2,0,0,1,1,2
NEClayton,SHall,7,3,0,3,2,0,10,5,0,10,5,15
NEClayton,WNewton,505,119,0,79,190,3,584,309,3,624,272,896
NEClayton,ENewton,25,2,0,11,36,0,36,38,0,27,47,74
NEClayton,NPaulding,17,9,0,8,11,0,25,20,0,26,19,45
NEClayton,WPaulding,13,6,0,1,5,0,14,11,0,19,6,25
NEClayton,EPaulding,116,20,0,18,89,0,134,109,0,136,107,243
NEClayton,NSpalding,464,74,0,76,210,0,540,284,0,538,286,824
NEClayton,SSpalding,254,46,0,35,67,0,289,113,0,300,102,402
NEClayton,WWalton,86,10,0,20,34,0,106,44,0,96,54,150
NEClayton,EWalton,42,7,0,13,9,0,55,16,0,49,22,71
Riverdale,NFulton,40,12,2,15,27,4,55,39,6,54,46,100
Riverdale,Roswell,29,8,0,9,34,0,38,42,0,37,43,80
Riverdale,SandySprings,284,76,40,34,136,9,318,212,49,400,179,579
Riverdale,Buckhead,635,173,87,97,312,10,732,485,97,895,419,1314
Riverdale,NWAtlanta,407,97,31,88,238,22,495,335,53,535,348,883
Riverdale,NEAtlanta,1196,290,224,287,667,116,1483,957,340,1710,1070,2780
Riverdale,SWAtlanta,779,163,43,354,843,88,1133,1006,131,985,1285,2270
Riverdale,CBDAtlanta,1641,337,840,337,1127,485,1978,1464,1325,2818,1949,4767
Riverdale,SEAtlanta,959,214,33,695,2081,107,1654,2295,140,1206,2883,4089
Riverdale,SFulton,350,71,0,177,734,0,527,805,0,421,911,1332
Riverdale,Tri-Cities,2143,416,50,1121,3547,71,3264,3963,121,2609,4739,7348
Riverdale,Shannon,1752,395,8,2739,8821,45,4491,9216,53,2155,11605,13760
Riverdale,WCherokee,1,0,0,1,3,0,2,3,0,1,4,5
Riverdale,NCherokee,0,0,0,0,0,0,0,0,0,0,0,0
Riverdale,ECentCherokee,4,1,0,1,4,0,5,5,0,5,5,10
Riverdale,Woodstock,19,4,0,5,33,0,24,37,0,23,38,61
Riverdale,Airport,3332,583,173,2888,6490,103,6220,7073,276,4088,9481,13569
Riverdale,NEClayton,3780,798,33,5347,14959,154,9127,15757,187,4611,20460,25071
Riverdale,Riverdale,7834,1762,73,24671,69361,405,32505,71123,478,9669,94437,104106
Riverdale,SClayton,3240,712,31,5167,15919,81,8407,16631,112,3983,21167,25150
Riverdale,NWCobb,50,14,2,14,24,0,64,38,2,66,38,104
Riverdale,NECobb,69,14,0,26,59,2,95,73,2,83,87,170
Riverdale,SWCobb,45,7,0,18,25,0,63,32,0,52,43,95
Riverdale,Marietta,108,18,2,20,39,4,128,57,6,128,63,191
Riverdale,Cumberland,386,86,15,46,207,6,432,293,21,487,259,746
Riverdale,SCobb,223,40,3,49,87,0,272,127,3,266,136,402
Riverdale,Chamblee,343,101,35,53,111,19,396,212,54,479,183,662
Riverdale,NWDeKalb,545,128,26,109,228,25,654,356,51,699,362,1061
Riverdale,NEDeKalb,264,66,11,83,58,12,347,124,23,341,153,494
Riverdale,Atlanta-DeKalb,140,25,9,36,111,6,176,136,15,174,153,327
Riverdale,Decatur,104,22,10,29,76,9,133,98,19,136,114,250
Riverdale,SWDeKalb,281,63,7,113,321,9,394,384,16,351,443,794
Riverdale,SEDeKalb,160,32,7,46,141,1,206,173,8,199,188,387
Riverdale,SDeKalb,438,106,6,254,512,7,692,618,13,550,773,1323
Riverdale,WDouglas,100,20,0,26,104,0,126,124,0,120,130,250
Riverdale,EDouglas,128,34,1,29,146,1,157,180,2,163,176,339
Riverdale,WFayette,625,104,1,342,1142,2,967,1246,3,730,1486,2216
Riverdale,EFayette,1776,345,2,2612,7825,6,4388,8170,8,2123,10443,12566
Riverdale,NGwinnett,14,3,0,6,9,0,20,12,0,17,15,32
Riverdale,CentGwinnett,52,21,3,20,38,1,72,59,4,76,59,135
Riverdale,EGwinnett,12,2,0,5,16,0,17,18,0,14,21,35
Riverdale,Norcross,122,45,4,12,32,1,134,77,5,171,45,216
Riverdale,Lilburn,33,7,0,7,35,0,40,42,0,40,42,82
Riverdale,Snellville,32,10,0,11,70,0,43,80,0,42,81,123
Riverdale,NHenry,638,149,0,521,1721,1,1159,1870,1,787,2243,3030
Riverdale,EHenry,208,36,0,91,344,0,299,380,0,244,435,679
Riverdale,SHenry,717,133,1,317,1025,1,1034,1158,2,851,1343,2194
Riverdale,SRockdale,67,9,0,19,82,0,86,91,0,76,101,177
Riverdale,NRockdale,70,15,0,14,17,1,84,32,1,85,32,117
Riverdale,NBarrow,0,1,0,0,0,0,0,1,0,1,0,1
Riverdale,SBarrow,0,0,0,2,1,0,2,1,0,0,3,3
Riverdale,NWBartow,0,0,0,0,0,0,0,0,0,0,0,0
Riverdale,NEBartow,0,0,0,0,0,0,0,0,0,0,0,0
Riverdale,SWBartow,1,0,0,0,1,0,1,1,0,1,1,2
Riverdale,Cartersville,4,1,0,5,1,0,9,2,0,5,6,11
Riverdale,NECarroll,16,2,1,9,11,0,25,13,1,19,20,39
Riverdale,WCarroll,4,0,0,3,1,0,7,1,0,4,4,8
Riverdale,CentralCarroll,26,2,0,12,43,0,38,45,0,28,55,83
Riverdale,SECarroll,6,1,0,0,11,0,6,12,0,7,11,18
Riverdale,WCoweta,57,7,0,16,27,0,73,34,0,64,43,107
Riverdale,NCoweta,360,76,0,112,316,0,472,392,0,436,428,864
Riverdale,SCoweta,17,5,0,3,31,0,20,36,0,22,34,56
Riverdale,SECoweta,99,15,0,44,98,0,143,113,0,114,142,256
Riverdale,NForsyth,0,0,0,0,0,0,0,0,0,0,0,0
Riverdale,Cumming,0,1,0,3,1,0,3,2,0,1,4,5
Riverdale,SForsyth,8,0,1,6,7,0,14,7,1,9,13,22
Riverdale,NHall,0,0,0,0,0,0,0,0,0,0,0,0
Riverdale,Gainesville,0,2,0,0,1,0,0,3,0,2,1,3
Riverdale,SHall,0,0,0,0,0,0,0,0,0,0,0,0
Riverdale,WNewton,87,21,0,25,112,0,112,133,0,108,137,245
Riverdale,ENewton,7,0,0,2,0,0,9,0,0,7,2,9
Riverdale,NPaulding,3,1,0,3,1,0,6,2,0,4,4,8
Riverdale,WPaulding,7,1,0,0,3,0,7,4,0,8,3,11
Riverdale,EPaulding,35,5,0,14,21,0,49,26,0,40,35,75
Riverdale,NSpalding,169,31,0,54,175,0,223,206,0,200,229,429
Riverdale,SSpalding,112,21,0,37,117,0,149,138,0,133,154,287
Riverdale,WWalton,9,1,0,6,22,0,15,23,0,10,28,38
Riverdale,EWalton,3,2,0,3,1,0,6,3,0,5,4,9
SClayton,NFulton,43,13,1,7,13,0,50,26,1,57,20,77
SClayton,Roswell,26,9,1,10,33,0,36,42,1,36,43,79
SClayton,SandySprings,280,52,14,41,80,7,321,132,21,346,128,474
SClayton,Buckhead,478,157,40,72,278,4,550,435,44,675,354,1029
SClayton,NWAtlanta,327,90,6,37,145,1,364,235,7,423,183,606
SClayton,NEAtlanta,764,181,50,217,530,42,981,711,92,995,789,1784
SClayton,SWAtlanta,477,92,9,175,345,16,652,437,25,578,536,1114
SClayton,CBDAtlanta,971,235,223,270,749,111,1241,984,334,1429,1130,2559
SClayton,SEAtlanta,828,166,11,367,1056,27,1195,1222,38,1005,1450,2455
SClayton,SFulton,223,45,2,69,153,0,292,198,2,270,222,492
SClayton,Tri-Cities,1325,289,24,355,1087,13,1680,1376,37,1638,1455,3093
SClayton,Shannon,869,192,1,595,1618,5,1464,1810,6,1062,2218,3280
SClayton,WCherokee,0,0,0,0,0,0,0,0,0,0,0,0
SClayton,NCherokee,0,0,0,0,0,0,0,0,0,0,0,0
SClayton,ECentCherokee,4,1,0,2,18,0,6,19,0,5,20,25
SClayton,Woodstock,9,1,0,4,14,0,13,15,0,10,18,28
SClayton,Airport,1359,272,66,359,1046,11,1718,1318,77,1697,1416,3113
SClayton,NEClayton,6319,1324,52,8761,22622,138,15080,23946,190,7695,31521,39216
SClayton,Riverdale,3166,712,23,5136,15982,85,8302,16694,108,3901,21203,25104
SClayton,SClayton,14964,3151,45,30815,78537,171,45779,81688,216,18160,109523,127683
SClayton,NWCobb,55,12,0,22,82,2,77,94,2,67,106,173
SClayton,NECobb,79,17,0,19,24,0,98,41,0,96,43,139
SClayton,SWCobb,37,8,0,14,39,0,51,47,0,45,53,98
SClayton,Marietta,81,29,1,20,21,2,101,50,3,111,43,154
SClayton,Cumberland,335,84,1,49,116,0,384,200,1,420,165,585
SClayton,SCobb,125,31,0,32,129,0,157,160,0,156,161,317
SClayton,Chamblee,277,74,8,32,98,3,309,172,11,359,133,492
SClayton,NWDeKalb,396,98,6,102,261,6,498,359,12,500,369,869
SClayton,NEDeKalb,282,75,0,88,121,3,370,196,3,357,212,569
SClayton,Atlanta-DeKalb,128,14,2,60,198,5,188,212,7,144,263,407
SClayton,Decatur,75,11,4,27,66,4,102,77,8,90,97,187
SClayton,SWDeKalb,285,66,5,107,252,2,392,318,7,356,361,717
SClayton,SEDeKalb,167,37,2,61,116,0,228,153,2,206,177,383
SClayton,SDeKalb,686,182,1,366,942,0,1052,1124,1,869,1308,2177
SClayton,WDouglas,94,15,0,22,40,0,116,55,0,109,62,171
SClayton,EDouglas,92,25,1,20,96,1,112,121,2,118,117,235
SClayton,WFayette,1076,192,0,475,1411,2,1551,1603,2,1268,1888,3156
SClayton,EFayette,2487,502,3,2882,8868,4,5369,9370,7,2992,11754,14746
SClayton,NGwinnett,18,2,0,7,19,0,25,21,0,20,26,46
SClayton,CentGwinnett,75,13,1,14,66,1,89,79,2,89,81,170
SClayton,EGwinnett,11,2,0,10,4,0,21,6,0,13,14,27
SClayton,Norcross,136,38,0,26,39,0,162,77,0,174,65,239
SClayton,Lilburn,48,13,0,15,60,0,63,73,0,61,75,136
SClayton,Snellville,59,9,0,16,42,0,75,51,0,68,58,126
SClayton,NHenry,2656,570,5,4226,12299,8,6882,12869,13,3231,16533,19764
SClayton,EHenry,742,141,1,391,1419,2,1133,1560,3,884,1812,2696
SClayton,SHenry,3035,581,4,2263,7755,5,5298,8336,9,3620,10023,13643
SClayton,SRockdale,190,42,0,59,195,0,249,237,0,232,254,486
SClayton,NRockdale,200,37,0,46,142,0,246,179,0,237,188,425
SClayton,NBarrow,0,0,0,0,17,0,0,17,0,0,17,17
SClayton,SBarrow,1,0,0,1,4,0,2,4,0,1,5,6
SClayton,NWBartow,0,0,0,0,0,0,0,0,0,0,0,0
SClayton,NEBartow,0,0,0,1,0,0,1,0,0,0,1,1
SClayton,SWBartow,2,0,0,1,5,0,3,5,0,2,6,8
SClayton,Cartersville,4,1,0,0,13,0,4,14,0,5,13,18
SClayton,NECarroll,4,2,0,5,12,0,9,14,0,6,17,23
SClayton,WCarroll,3,0,0,2,2,0,5,2,0,3,4,7
SClayton,CentralCarroll,18,1,0,9,19,0,27,20,0,19,28,47
SClayton,SECarroll,6,2,0,1,1,0,7,3,0,8,2,10
SClayton,WCoweta,40,14,0,10,37,0,50,51,0,54,47,101
SClayton,NCoweta,372,73,0,110,192,0,482,265,0,445,302,747
SClayton,SCoweta,36,8,0,9,60,0,45,68,0,44,69,113
SClayton,SECoweta,138,31,0,53,159,0,191,190,0,169,212,381
SClayton,NForsyth,0,0,0,0,0,0,0,0,0,0,0,0
SClayton,Cumming,2,0,0,3,4,0,5,4,0,2,7,9
SClayton,SForsyth,9,2,0,6,0,0,15,2,0,11,6,17
SClayton,NHall,0,0,0,0,0,0,0,0,0,0,0,0
SClayton,Gainesville,0,0,0,0,1,0,0,1,0,0,1,1
SClayton,SHall,2,0,0,1,1,0,3,1,0,2,2,4
SClayton,WNewton,282,65,0,54,141,0,336,206,0,347,195,542
SClayton,ENewton,15,3,0,8,10,0,23,13,0,18,18,36
SClayton,NPaulding,6,1,0,2,9,0,8,10,0,7,11,18
SClayton,WPaulding,1,1,0,1,2,0,2,3,0,2,3,5
SClayton,EPaulding,24,4,0,12,26,0,36,30,0,28,38,66
SClayton,NSpalding,721,146,1,371,1014,1,1092,1160,2,868,1386,2254
SClayton,SSpalding,400,65,0,111,249,0,511,314,0,465,360,825
SClayton,WWalton,19,8,0,9,20,0,28,28,0,27,29,56
SClayton,EWalton,16,2,0,2,5,0,18,7,0,18,7,25
NWCobb,NFulton,1604,293,1,465,1131,12,2069,1424,13,1898,1608,3506
NWCobb,Roswell,1268,264,0,481,1099,6,1749,1363,6,1532,1586,3118
NWCobb,SandySprings,1946,332,24,378,908,14,2324,1240,38,2302,1300,3602
NWCobb,Buckhead,1704,293,28,357,1022,13,2061,1315,41,2025,1392,3417
NWCobb,NWAtlanta,674,137,0,117,223,1,791,360,1,811,341,1152
NWCobb,NEAtlanta,1052,204,41,217,529,17,1269,733,58,1297,763,2060
NWCobb,SWAtlanta,460,92,9,105,267,4,565,359,13,561,376,937
NWCobb,CBDAtlanta,909,188,156,120,527,18,1029,715,174,1253,665,1918
NWCobb,SEAtlanta,220,55,3,47,120,4,267,175,7,278,171,449
NWCobb,SFulton,241,49,3,50,108,1,291,157,4,293,159,452
NWCobb,Tri-Cities,281,78,0,47,97,2,328,175,2,359,146,505
NWCobb,Shannon,147,29,0,42,38,0,189,67,0,176,80,256
NWCobb,WCherokee,449,82,0,190,653,2,639,735,2,531,845,1376
NWCobb,NCherokee,161,23,0,79,250,0,240,273,0,184,329,513
NWCobb,ECentCherokee,2815,512,0,1565,4023,11,4380,4535,11,3327,5599,8926
NWCobb,Woodstock,8091,1525,13,9375,27582,21,17466,29107,34,9629,36978,46607
NWCobb,Airport,160,27,15,10,18,0,170,45,15,202,28,230
NWCobb,NEClayton,160,35,1,32,105,0,192,140,1,196,137,333
NWCobb,Riverdale,38,16,2,19,16,0,57,32,2,56,35,91
NWCobb,SClayton,50,16,0,20,48,2,70,64,2,66,70,136
NWCobb,NWCobb,56386,10631,65,105870,255866,253,162256,266497,318,67082,361989,429071
NWCobb,NECobb,9958,1822,7,10366,25448,54,20324,27270,61,11787,35868,47655
NWCobb,SWCobb,3591,688,0,4574,13826,13,8165,14514,13,4279,18413,22692
NWCobb,Marietta,9872,1889,50,10357,24542,123,20229,26431,173,11811,35022,46833
NWCobb,Cumberland,5566,959,28,1927,4999,31,7493,5958,59,6553,6957,13510
NWCobb,SCobb,1921,374,4,1131,3232,6,3052,3606,10,2299,4369,6668
NWCobb,Chamblee,1153,209,14,216,457,5,1369,666,19,1376,678,2054
NWCobb,NWDeKalb,478,101,6,97,276,1,575,377,7,585,374,959
NWCobb,NEDeKalb,373,80,0,90,151,2,463,231,2,453,243,696
NWCobb,Atlanta-DeKalb,66,13,0,22,26,2,88,39,2,79,50,129
NWCobb,Decatur,62,19,3,17,47,1,79,66,4,84,65,149
NWCobb,SWDeKalb,90,29,2,26,34,0,116,63,2,121,60,181
NWCobb,SEDeKalb,48,19,1,21,39,1,69,58,2,68,61,129
NWCobb,SDeKalb,116,29,0,34,69,0,150,98,0,145,103,248
NWCobb,WDouglas,398,60,0,96,308,0,494,368,0,458,404,862
NWCobb,EDouglas,842,150,0,293,783,1,1135,933,1,992,1077,2069
NWCobb,WFayette,37,7,0,24,21,0,61,28,0,44,45,89
NWCobb,EFayette,37,2,0,13,43,0,50,45,0,39,56,95
NWCobb,NGwinnett,94,25,0,39,42,0,133,67,0,119,81,200
NWCobb,CentGwinnett,274,46,0,104,121,0,378,167,0,320,225,545
NWCobb,EGwinnett,31,7,0,20,14,1,51,21,1,38,35,73
NWCobb,Norcross,574,93,2,96,193,0,670,286,2,669,289,958
NWCobb,Lilburn,79,11,1,33,53,1,112,64,2,91,87,178
NWCobb,Snellville,52,1,0,24,41,0,76,42,0,53,65,118
NWCobb,NHenry,36,10,0,6,26,0,42,36,0,46,32,78
NWCobb,EHenry,10,2,0,5,5,0,15,7,0,12,10,22
NWCobb,SHenry,17,7,0,10,64,1,27,71,1,24,75,99
NWCobb,SRockdale,13,2,0,11,7,0,24,9,0,15,18,33
NWCobb,NRockdale,20,3,0,8,13,0,28,16,0,23,21,44
NWCobb,NBarrow,1,0,0,3,2,0,4,2,0,1,5,6
NWCobb,SBarrow,6,0,0,3,13,0,9,13,0,6,16,22
NWCobb,NWBartow,398,80,0,120,313,1,518,393,1,478,434,912
NWCobb,NEBartow,430,86,0,172,391,1,602,477,1,516,564,1080
NWCobb,SWBartow,723,147,0,308,1166,6,1031,1313,6,870,1480,2350
NWCobb,Cartersville,3751,715,0,2724,8165,6,6475,8880,6,4466,10895,15361
NWCobb,NECarroll,211,38,0,39,197,0,250,235,0,249,236,485
NWCobb,WCarroll,12,3,0,3,12,0,15,15,0,15,15,30
NWCobb,CentralCarroll,128,23,0,40,74,0,168,97,0,151,114,265
NWCobb,SECarroll,9,0,0,9,5,0,18,5,0,9,14,23
NWCobb,WCoweta,9,1,0,6,8,0,15,9,0,10,14,24
NWCobb,NCoweta,36,6,0,21,27,0,57,33,0,42,48,90
NWCobb,SCoweta,1,0,0,1,0,0,2,0,0,1,1,2
NWCobb,SECoweta,0,1,0,4,26,0,4,27,0,1,30,31
NWCobb,NForsyth,68,12,0,44,87,0,112,99,0,80,131,211
NWCobb,Cumming,268,34,0,77,143,1,345,177,1,302,221,523
NWCobb,SForsyth,265,37,0,64,74,0,329,111,0,302,138,440
NWCobb,NHall,6,2,0,1,14,0,7,16,0,8,15,23
NWCobb,Gainesville,9,1,0,1,2,0,10,3,0,10,3,13
NWCobb,SHall,14,2,0,3,5,0,17,7,0,16,8,24
NWCobb,WNewton,10,3,0,6,4,0,16,7,0,13,10,23
NWCobb,ENewton,2,0,0,0,1,0,2,1,0,2,1,3
NWCobb,NPaulding,2775,576,0,3397,13004,0,6172,13580,0,3351,16401,19752
NWCobb,WPaulding,304,55,0,130,469,0,434,524,0,359,599,958
NWCobb,EPaulding,3344,709,0,2805,9136,2,6149,9845,2,4053,11943,15996
NWCobb,NSpalding,2,1,0,4,6,0,6,7,0,3,10,13
NWCobb,SSpalding,2,0,0,0,0,0,2,0,0,2,0,2
NWCobb,WWalton,3,0,0,7,7,0,10,7,0,3,14,17
NWCobb,EWalton,2,0,0,2,0,0,4,0,0,2,2,4
NECobb,NFulton,4795,890,12,2950,8682,24,7745,9572,36,5697,11656,17353
NECobb,Roswell,5080,900,10,5680,16543,24,10760,17443,34,5990,22247,28237
NECobb,SandySprings,6386,1095,66,5013,12070,74,11399,13165,140,7547,17157,24704
NECobb,Buckhead,2588,426,53,1087,2635,15,3675,3061,68,3067,3737,6804
NECobb,NWAtlanta,670,155,7,210,495,4,880,650,11,832,709,1541
NECobb,NEAtlanta,1316,242,79,404,810,54,1720,1052,133,1637,1268,2905
NECobb,SWAtlanta,421,81,12,175,289,20,596,370,32,514,484,998
NECobb,CBDAtlanta,1113,214,296,223,531,69,1336,745,365,1623,823,2446
NECobb,SEAtlanta,251,53,1,70,213,4,321,266,5,305,287,592
NECobb,SFulton,170,28,0,40,121,0,210,149,0,198,161,359
NECobb,Tri-Cities,257,66,5,41,113,1,298,179,6,328,155,483
NECobb,Shannon,116,25,0,39,128,1,155,153,1,141,168,309
NECobb,WCherokee,266,59,0,96,377,0,362,436,0,325,473,798
NECobb,NCherokee,81,19,0,37,141,0,118,160,0,100,178,278
NECobb,ECentCherokee,2141,415,0,1094,3476,0,3235,3891,0,2556,4570,7126
NECobb,Woodstock,5014,924,1,5694,17431,2,10708,18355,3,5939,23127,29066
NECobb,Airport,141,24,24,12,12,0,153,36,24,189,24,213
NECobb,NEClayton,172,47,1,43,80,0,215,127,1,220,123,343
NECobb,Riverdale,68,18,0,19,55,1,87,73,1,86,75,161
NECobb,SClayton,69,16,0,26,18,0,95,34,0,85,44,129
NECobb,NWCobb,10335,1884,8,10488,25863,48,20823,27747,56,12227,36399,48626
NECobb,NECobb,33119,5802,30,74103,166748,74,107222,172550,104,38951,240925,279876
NECobb,SWCobb,1227,230,0,674,1871,2,1901,2101,2,1457,2547,4004
NECobb,Marietta,8930,1603,44,10996,23139,138,19926,24742,182,10577,34273,44850
NECobb,Cumberland,8961,1521,59,8070,18941,59,17031,20462,118,10541,27070,37611
NECobb,SCobb,1481,259,5,963,2649,5,2444,2908,10,1745,3617,5362
NECobb,Chamblee,2656,452,23,1441,3567,16,4097,4019,39,3131,5024,8155
NECobb,NWDeKalb,753,152,9,214,526,9,967,678,18,914,749,1663
NECobb,NEDeKalb,621,95,0,228,463,3,849,558,3,716,694,1410
NECobb,Atlanta-DeKalb,64,18,2,30,62,0,94,80,2,84,92,176
NECobb,Decatur,71,9,3,20,41,3,91,50,6,83,64,147
NECobb,SWDeKalb,127,26,1,51,116,0,178,142,1,154,167,321
NECobb,SEDeKalb,94,18,0,36,73,0,130,91,0,112,109,221
NECobb,SDeKalb,157,30,0,43,180,0,200,210,0,187,223,410
NECobb,WDouglas,162,37,0,37,85,0,199,122,0,199,122,321
NECobb,EDouglas,374,87,0,94,197,0,468,284,0,461,291,752
NECobb,WFayette,52,10,0,11,36,0,63,46,0,62,47,109
NECobb,EFayette,42,7,0,6,24,0,48,31,0,49,30,79
NECobb,NGwinnett,288,50,0,83,227,0,371,277,0,338,310,648
NECobb,CentGwinnett,658,122,0,146,591,0,804,713,0,780,737,1517
NECobb,EGwinnett,81,16,0,20,49,0,101,65,0,97,69,166
NECobb,Norcross,1306,231,0,352,936,2,1658,1167,2,1537,1290,2827
NECobb,Lilburn,158,26,0,37,159,0,195,185,0,184,196,380
NECobb,Snellville,101,14,0,35,55,1,136,69,1,115,91,206
NECobb,NHenry,51,17,0,8,33,0,59,50,0,68,41,109
NECobb,EHenry,24,4,0,1,24,0,25,28,0,28,25,53
NECobb,SHenry,42,10,0,10,25,0,52,35,0,52,35,87
NECobb,SRockdale,23,3,0,9,26,0,32,29,0,26,35,61
NECobb,NRockdale,30,13,0,10,19,1,40,32,1,43,30,73
NECobb,NBarrow,12,1,0,6,18,0,18,19,0,13,24,37
NECobb,SBarrow,13,3,0,5,4,0,18,7,0,16,9,25
NECobb,NWBartow,134,21,0,33,65,0,167,86,0,155,98,253
NECobb,NEBartow,115,16,0,37,96,0,152,112,0,131,133,264
NECobb,SWBartow,211,48,0,67,176,0,278,224,0,259,243,502
NECobb,Cartersville,770,165,0,236,470,0,1006,635,0,935,706,1641
NECobb,NECarroll,75,9,0,9,45,0,84,54,0,84,54,138
NECobb,WCarroll,0,1,0,3,1,0,3,2,0,1,4,5
NECobb,CentralCarroll,37,3,0,10,19,0,47,22,0,40,29,69
NECobb,SECarroll,4,1,0,3,13,0,7,14,0,5,16,21
NECobb,WCoweta,10,2,0,3,2,0,13,4,0,12,5,17
NECobb,NCoweta,57,6,0,17,32,0,74,38,0,63,49,112
NECobb,SCoweta,1,0,0,0,2,0,1,2,0,1,2,3
NECobb,SECoweta,5,0,0,2,1,0,7,1,0,5,3,8
NECobb,NForsyth,107,15,0,52,150,0,159,165,0,122,202,324
NECobb,Cumming,546,103,0,164,457,0,710,560,0,649,621,1270
NECobb,SForsyth,601,111,0,137,350,1,738,461,1,712,488,1200
NECobb,NHall,6,2,0,9,12,0,15,14,0,8,21,29
NECobb,Gainesville,49,9,0,13,24,0,62,33,0,58,37,95
NECobb,SHall,39,6,0,14,55,0,53,61,0,45,69,114
NECobb,WNewton,18,3,0,8,22,0,26,25,0,21,30,51
NECobb,ENewton,4,1,0,0,0,0,4,1,0,5,0,5
NECobb,NPaulding,521,90,0,142,577,0,663,667,0,611,719,1330
NECobb,WPaulding,107,17,0,26,108,0,133,125,0,124,134,258
NECobb,EPaulding,839,175,0,188,707,0,1027,882,0,1014,895,1909
NECobb,NSpalding,4,0,0,0,2,0,4,2,0,4,2,6
NECobb,SSpalding,4,0,0,1,0,0,5,0,0,4,1,5
NECobb,WWalton,16,3,0,5,7,0,21,10,0,19,12,31
NECobb,EWalton,8,0,0,6,17,0,14,17,0,8,23,31
SWCobb,NFulton,299,58,1,55,86,1,354,144,2,358,142,500
SWCobb,Roswell,225,46,0,59,146,0,284,192,0,271,205,476
SWCobb,SandySprings,629,119,10,160,439,5,789,558,15,758,604,1362
SWCobb,Buckhead,733,128,12,209,594,7,942,722,19,873,810,1683
SWCobb,NWAtlanta,552,115,4,148,563,5,700,678,9,671,716,1387
SWCobb,NEAtlanta,523,111,24,219,595,20,742,706,44,658,834,1492
SWCobb,SWAtlanta,601,125,9,289,856,10,890,981,19,735,1155,1890
SWCobb,CBDAtlanta,595,106,121,172,505,47,767,611,168,822,724,1546
SWCobb,SEAtlanta,169,32,2,78,187,1,247,219,3,203,266,469
SWCobb,SFulton,422,87,2,174,482,0,596,569,2,511,656,1167
SWCobb,Tri-Cities,271,44,5,39,120,1,310,164,6,320,160,480
SWCobb,Shannon,157,31,0,34,159,1,191,190,1,188,194,382
SWCobb,WCherokee,20,5,0,14,17,0,34,22,0,25,31,56
SWCobb,NCherokee,8,0,0,1,33,0,9,33,0,8,34,42
SWCobb,ECentCherokee,162,25,0,52,165,0,214,190,0,187,217,404
SWCobb,Woodstock,315,69,0,132,407,0,447,476,0,384,539,923
SWCobb,Airport,158,24,13,9,64,0,167,88,13,195,73,268
SWCobb,NEClayton,143,26,0,23,74,0,166,100,0,169,97,266
SWCobb,Riverdale,57,5,0,14,40,0,71,45,0,62,54,116
SWCobb,SClayton,45,5,0,10,41,0,55,46,0,50,51,101
SWCobb,NWCobb,3582,707,0,4554,13576,11,8136,14283,11,4289,18141,22430
SWCobb,NECobb,1221,238,0,650,1828,2,1871,2066,2,1459,2480,3939
SWCobb,SWCobb,7737,1747,2,20926,59638,11,28663,61385,13,9486,80575,90061
SWCobb,Marietta,3228,624,17,3229,10602,44,6457,11226,61,3869,13875,17744
SWCobb,Cumberland,2920,573,20,1083,3602,4,4003,4175,24,3513,4689,8202
SWCobb,SCobb,3527,727,15,5721,19533,48,9248,20260,63,4269,25302,29571
SWCobb,Chamblee,402,89,8,76,249,6,478,338,14,499,331,830
SWCobb,NWDeKalb,256,57,3,58,118,5,314,175,8,316,181,497
SWCobb,NEDeKalb,155,30,1,55,172,0,210,202,1,186,227,413
SWCobb,Atlanta-DeKalb,35,9,1,14,91,0,49,100,1,45,105,150
SWCobb,Decatur,32,9,3,14,31,5,46,40,8,44,50,94
SWCobb,SWDeKalb,74,17,0,22,50,0,96,67,0,91,72,163
SWCobb,SEDeKalb,32,9,0,15,19,0,47,28,0,41,34,75
SWCobb,SDeKalb,85,21,0,31,46,1,116,67,1,106,78,184
SWCobb,WDouglas,574,109,0,288,989,0,862,1098,0,683,1277,1960
SWCobb,EDouglas,2359,439,4,2841,8640,4,5200,9079,8,2802,11485,14287
SWCobb,WFayette,55,14,0,8,45,0,63,59,0,69,53,122
SWCobb,EFayette,39,5,0,8,4,0,47,9,0,44,12,56
SWCobb,NGwinnett,23,2,0,7,34,0,30,36,0,25,41,66
SWCobb,CentGwinnett,102,19,0,25,44,0,127,63,0,121,69,190
SWCobb,EGwinnett,6,1,0,1,2,0,7,3,0,7,3,10
SWCobb,Norcross,195,34,0,29,54,0,224,88,0,229,83,312
SWCobb,Lilburn,28,4,0,9,13,0,37,17,0,32,22,54
SWCobb,Snellville,16,5,0,3,5,0,19,10,0,21,8,29
SWCobb,NHenry,18,3,0,7,7,0,25,10,0,21,14,35
SWCobb,EHenry,4,0,0,2,7,0,6,7,0,4,9,13
SWCobb,SHenry,12,2,0,4,9,0,16,11,0,14,13,27
SWCobb,SRockdale,5,3,0,3,9,0,8,12,0,8,12,20
SWCobb,NRockdale,13,4,0,1,6,0,14,10,0,17,7,24
SWCobb,NBarrow,0,1,0,0,0,0,0,1,0,1,0,1
SWCobb,SBarrow,1,0,0,1,0,0,2,0,0,1,1,2
SWCobb,NWBartow,29,12,0,11,51,0,40,63,0,41,62,103
SWCobb,NEBartow,29,5,0,7,56,0,36,61,0,34,63,97
SWCobb,SWBartow,46,9,0,29,80,0,75,89,0,55,109,164
SWCobb,Cartersville,253,48,0,109,213,0,362,261,0,301,322,623
SWCobb,NECarroll,167,32,0,40,80,0,207,112,0,199,120,319
SWCobb,WCarroll,29,1,0,6,10,0,35,11,0,30,16,46
SWCobb,CentralCarroll,124,19,0,39,97,0,163,116,0,143,136,279
SWCobb,SECarroll,11,5,0,7,4,0,18,9,0,16,11,27
SWCobb,WCoweta,12,3,0,3,1,0,15,4,0,15,4,19
SWCobb,NCoweta,58,11,0,21,66,0,79,77,0,69,87,156
SWCobb,SCoweta,1,0,0,1,10,0,2,10,0,1,11,12
SWCobb,SECoweta,11,1,0,1,1,0,12,2,0,12,2,14
SWCobb,NForsyth,5,0,0,1,7,0,6,7,0,5,8,13
SWCobb,Cumming,22,5,0,4,9,0,26,14,0,27,13,40
SWCobb,SForsyth,37,7,0,6,10,0,43,17,0,44,16,60
SWCobb,NHall,0,0,0,0,0,0,0,0,0,0,0,0
SWCobb,Gainesville,1,0,0,1,0,0,2,0,0,1,1,2
SWCobb,SHall,1,0,0,0,1,0,1,1,0,1,1,2
SWCobb,WNewton,3,2,0,1,0,0,4,2,0,5,1,6
SWCobb,ENewton,2,0,0,1,0,0,3,0,0,2,1,3
SWCobb,NPaulding,504,79,0,374,1445,0,878,1524,0,583,1819,2402
SWCobb,WPaulding,203,39,0,80,345,0,283,384,0,242,425,667
SWCobb,EPaulding,2973,615,0,3923,13807,1,6896,14422,1,3588,17731,21319
SWCobb,NSpalding,5,0,0,2,1,0,7,1,0,5,3,8
SWCobb,SSpalding,0,0,0,0,9,0,0,9,0,0,9,9
SWCobb,WWalton,1,0,0,0,0,0,1,0,0,1,0,1
SWCobb,EWalton,1,0,0,1,1,0,2,1,0,1,2,3
Marietta,NFulton,767,131,1,291,579,22,1058,710,23,899,892,1791
Marietta,Roswell,684,128,2,347,744,13,1031,872,15,814,1104,1918
Marietta,SandySprings,1336,262,22,672,1200,19,2008,1462,41,1620,1891,3511
Marietta,Buckhead,1220,225,29,622,1227,43,1842,1452,72,1474,1892,3366
Marietta,NWAtlanta,551,96,5,246,540,12,797,636,17,652,798,1450
Marietta,NEAtlanta,790,167,45,253,429,47,1043,596,92,1002,729,1731
Marietta,SWAtlanta,461,106,23,214,380,36,675,486,59,590,630,1220
Marietta,CBDAtlanta,577,137,130,117,272,52,694,409,182,844,441,1285
Marietta,SEAtlanta,190,38,7,63,127,14,253,165,21,235,204,439
Marietta,SFulton,217,37,0,86,197,2,303,234,2,254,285,539
Marietta,Tri-Cities,209,41,8,62,73,9,271,114,17,258,144,402
Marietta,Shannon,149,28,0,60,57,7,209,85,7,177,124,301
Marietta,WCherokee,172,34,0,71,131,0,243,165,0,206,202,408
Marietta,NCherokee,58,11,0,31,61,0,89,72,0,69,92,161
Marietta,ECentCherokee,1018,193,0,358,940,1,1376,1133,1,1211,1299,2510
Marietta,Woodstock,2024,400,6,1076,3106,12,3100,3506,18,2430,4194,6624
Marietta,Airport,86,16,13,16,16,0,102,32,13,115,32,147
Marietta,NEClayton,133,41,2,37,26,3,170,67,5,176,66,242
Marietta,Riverdale,80,21,1,25,23,1,105,44,2,102,49,151
Marietta,SClayton,80,18,1,16,36,2,96,54,3,99,54,153
Marietta,NWCobb,10458,1937,51,10424,24703,111,20882,26640,162,12446,35238,47684
Marietta,NECobb,8889,1618,43,11092,23348,130,19981,24966,173,10550,34570,45120
Marietta,SWCobb,3391,674,17,3231,10588,42,6622,11262,59,4082,13861,17943
Marietta,Marietta,21063,3927,271,35963,69092,880,57026,73019,1151,25261,105935,131196
Marietta,Cumberland,9804,1702,183,9707,19720,537,19511,21422,720,11689,29964,41653
Marietta,SCobb,4907,964,96,5675,16885,289,10582,17849,385,5967,22849,28816
Marietta,Chamblee,774,138,14,258,510,28,1032,648,42,926,796,1722
Marietta,NWDeKalb,305,66,5,93,251,3,398,317,8,376,347,723
Marietta,NEDeKalb,275,55,3,88,121,12,363,176,15,333,221,554
Marietta,Atlanta-DeKalb,80,12,1,20,93,10,100,105,11,93,123,216
Marietta,Decatur,57,10,8,14,37,6,71,47,14,75,57,132
Marietta,SWDeKalb,107,23,5,32,30,5,139,53,10,135,67,202
Marietta,SEDeKalb,89,15,5,35,67,4,124,82,9,109,106,215
Marietta,SDeKalb,119,25,3,37,70,5,156,95,8,147,112,259
Marietta,WDouglas,374,73,0,83,248,1,457,321,1,447,332,779
Marietta,EDouglas,750,154,4,348,881,9,1098,1035,13,908,1238,2146
Marietta,WFayette,52,12,0,21,37,1,73,49,1,64,59,123
Marietta,EFayette,64,7,0,34,39,0,98,46,0,71,73,144
Marietta,NGwinnett,113,26,0,54,81,4,167,107,4,139,139,278
Marietta,CentGwinnett,258,43,0,70,61,3,328,104,3,301,134,435
Marietta,EGwinnett,46,12,0,21,47,2,67,59,2,58,70,128
Marietta,Norcross,387,64,3,120,196,13,507,260,16,454,329,783
Marietta,Lilburn,80,19,0,29,54,1,109,73,1,99,84,183
Marietta,Snellville,78,17,0,31,46,3,109,63,3,95,80,175
Marietta,NHenry,54,19,1,20,17,1,74,36,2,74,38,112
Marietta,EHenry,16,7,0,6,24,0,22,31,0,23,30,53
Marietta,SHenry,36,10,0,15,17,2,51,27,2,46,34,80
Marietta,SRockdale,26,9,0,11,8,0,37,17,0,35,19,54
Marietta,NRockdale,24,5,0,16,14,2,40,19,2,29,32,61
Marietta,NBarrow,8,4,0,4,10,0,12,14,0,12,14,26
Marietta,SBarrow,1,1,0,4,0,0,5,1,0,2,4,6
Marietta,NWBartow,111,17,0,31,29,0,142,46,0,128,60,188
Marietta,NEBartow,106,18,0,31,150,0,137,168,0,124,181,305
Marietta,SWBartow,191,37,0,56,238,0,247,275,0,228,294,522
Marietta,Cartersville,710,114,0,178,540,0,888,654,0,824,718,1542
Marietta,NECarroll,133,21,0,21,46,0,154,67,0,154,67,221
Marietta,WCarroll,3,1,0,9,2,0,12,3,0,4,11,15
Marietta,CentralCarroll,76,10,0,18,34,0,94,44,0,86,52,138
Marietta,SECarroll,5,2,0,4,32,0,9,34,0,7,36,43
Marietta,WCoweta,17,4,0,5,4,0,22,8,0,21,9,30
Marietta,NCoweta,74,14,0,21,27,0,95,41,0,88,48,136
Marietta,SCoweta,5,0,0,1,1,0,6,1,0,5,2,7
Marietta,SECoweta,9,0,0,4,9,0,13,9,0,9,13,22
Marietta,NForsyth,43,4,0,17,44,1,60,48,1,47,62,109
Marietta,Cumming,155,25,0,53,89,1,208,114,1,180,143,323
Marietta,SForsyth,90,14,0,33,133,4,123,147,4,104,170,274
Marietta,NHall,6,0,0,1,0,0,7,0,0,6,1,7
Marietta,Gainesville,11,1,0,2,9,0,13,10,0,12,11,23
Marietta,SHall,18,3,0,7,18,0,25,21,0,21,25,46
Marietta,WNewton,39,5,0,7,11,0,46,16,0,44,18,62
Marietta,ENewton,0,0,0,0,1,0,0,1,0,0,1,1
Marietta,NPaulding,712,149,0,319,1217,3,1031,1366,3,861,1539,2400
Marietta,WPaulding,184,34,0,56,182,0,240,216,0,218,238,456
Marietta,EPaulding,1695,318,0,610,2264,1,2305,2582,1,2013,2875,4888
Marietta,NSpalding,9,2,0,1,11,0,10,13,0,11,12,23
Marietta,SSpalding,10,2,0,0,2,0,10,4,0,12,2,14
Marietta,WWalton,21,3,0,1,3,0,22,6,0,24,4,28
Marietta,EWalton,6,2,0,6,1,0,12,3,0,8,7,15
Cumberland,NFulton,1568,269,10,278,1068,6,1846,1337,16,1847,1352,3199
Cumberland,Roswell,1421,230,10,425,1222,4,1846,1452,14,1661,1651,3312
Cumberland,SandySprings,6407,1050,104,4949,7913,76,11356,8963,180,7561,12938,20499
Cumberland,Buckhead,6942,1026,110,6563,10895,131,13505,11921,241,8078,17589,25667
Cumberland,NWAtlanta,3551,697,61,3271,5514,37,6822,6211,98,4309,8822,13131
Cumberland,NEAtlanta,3555,600,179,1751,2554,148,5306,3154,327,4334,4453,8787
Cumberland,SWAtlanta,2118,478,119,1221,2341,66,3339,2819,185,2715,3628,6343
Cumberland,CBDAtlanta,2633,447,488,899,1351,202,3532,1798,690,3568,2452,6020
Cumberland,SEAtlanta,962,240,65,308,609,38,1270,849,103,1267,955,2222
Cumberland,SFulton,822,132,4,245,517,2,1067,649,6,958,764,1722
Cumberland,Tri-Cities,976,185,46,185,471,9,1161,656,55,1207,665,1872
Cumberland,Shannon,695,139,12,126,234,2,821,373,14,846,362,1208
Cumberland,WCherokee,188,27,0,42,121,0,230,148,0,215,163,378
Cumberland,NCherokee,48,4,0,10,59,0,58,63,0,52,69,121
Cumberland,ECentCherokee,990,168,0,181,592,0,1171,760,0,1158,773,1931
Cumberland,Woodstock,1826,319,3,392,1507,1,2218,1826,4,2148,1900,4048
Cumberland,Airport,397,73,87,34,40,5,431,113,92,557,79,636
Cumberland,NEClayton,533,128,4,78,198,4,611,326,8,665,280,945
Cumberland,Riverdale,371,70,14,52,196,3,423,266,17,455,251,706
Cumberland,SClayton,301,91,3,45,132,0,346,223,3,395,177,572
Cumberland,NWCobb,5662,964,28,1903,5015,36,7565,5979,64,6654,6954,13608
Cumberland,NECobb,9346,1563,61,8056,19465,55,17402,21028,116,10970,27576,38546
Cumberland,SWCobb,2944,605,20,1103,3641,2,4047,4246,22,3569,4746,8315
Cumberland,Marietta,9994,1705,183,9615,19755,534,19609,21460,717,11882,29904,41786
Cumberland,Cumberland,59159,8572,693,89395,130960,1206,148554,139532,1899,68424,221561,289985
Cumberland,SCobb,9870,1895,131,9373,25661,187,19243,27556,318,11896,35221,47117
Cumberland,Chamblee,3448,603,87,1383,2810,64,4831,3413,151,4138,4257,8395
Cumberland,NWDeKalb,1406,236,33,458,783,31,1864,1019,64,1675,1272,2947
Cumberland,NEDeKalb,1226,234,42,288,615,22,1514,849,64,1502,925,2427
Cumberland,Atlanta-DeKalb,374,66,27,115,197,4,489,263,31,467,316,783
Cumberland,Decatur,266,60,27,57,101,23,323,161,50,353,181,534
Cumberland,SWDeKalb,560,122,44,85,316,19,645,438,63,726,420,1146
Cumberland,SEDeKalb,451,94,17,72,189,7,523,283,24,562,268,830
Cumberland,SDeKalb,610,133,12,92,265,2,702,398,14,755,359,1114
Cumberland,WDouglas,839,140,0,141,368,0,980,508,0,979,509,1488
Cumberland,EDouglas,1426,281,5,440,1113,5,1866,1394,10,1712,1558,3270
Cumberland,WFayette,312,39,0,35,162,1,347,201,1,351,198,549
Cumberland,EFayette,270,40,1,31,152,1,301,192,2,311,184,495
Cumberland,NGwinnett,436,94,4,83,207,1,519,301,5,534,291,825
Cumberland,CentGwinnett,931,198,4,154,322,4,1085,520,8,1133,480,1613
Cumberland,EGwinnett,211,43,1,43,86,1,254,129,2,255,130,385
Cumberland,Norcross,1368,266,11,300,840,7,1668,1106,18,1645,1147,2792
Cumberland,Lilburn,337,73,1,65,137,2,402,210,3,411,204,615
Cumberland,Snellville,293,52,0,41,119,1,334,171,1,345,161,506
Cumberland,NHenry,239,50,1,25,68,1,264,118,2,290,94,384
Cumberland,EHenry,103,34,0,21,107,0,124,141,0,137,128,265
Cumberland,SHenry,211,45,1,35,138,0,246,183,1,257,173,430
Cumberland,SRockdale,109,30,1,19,27,0,128,57,1,140,46,186
Cumberland,NRockdale,117,36,0,21,27,0,138,63,0,153,48,201
Cumberland,NBarrow,34,4,0,14,19,0,48,23,0,38,33,71
Cumberland,SBarrow,42,8,0,15,10,0,57,18,0,50,25,75
Cumberland,NWBartow,115,22,0,26,62,0,141,84,0,137,88,225
Cumberland,NEBartow,100,22,0,23,96,0,123,118,0,122,119,241
Cumberland,SWBartow,179,27,0,47,136,0,226,163,0,206,183,389
Cumberland,Cartersville,566,93,1,95,346,0,661,439,1,660,441,1101
Cumberland,NECarroll,256,38,0,32,89,0,288,127,0,294,121,415
Cumberland,WCarroll,15,0,0,8,16,0,23,16,0,15,24,39
Cumberland,CentralCarroll,135,30,0,29,55,0,164,85,0,165,84,249
Cumberland,SECarroll,29,4,0,8,2,0,37,6,0,33,10,43
Cumberland,WCoweta,48,12,0,12,29,0,60,41,0,60,41,101
Cumberland,NCoweta,320,50,1,48,133,0,368,183,1,371,181,552
Cumberland,SCoweta,16,1,0,3,3,0,19,4,0,17,6,23
Cumberland,SECoweta,55,8,0,8,30,4,63,38,4,63,42,105
Cumberland,NForsyth,73,15,0,18,88,0,91,103,0,88,106,194
Cumberland,Cumming,337,46,0,61,196,0,398,242,0,383,257,640
Cumberland,SForsyth,223,43,1,45,169,0,268,212,1,267,214,481
Cumberland,NHall,5,2,0,1,12,0,6,14,0,7,13,20
Cumberland,Gainesville,26,2,0,8,43,0,34,45,0,28,51,79
Cumberland,SHall,71,13,0,12,52,0,83,65,0,84,64,148
Cumberland,WNewton,131,21,0,24,50,0,155,71,0,152,74,226
Cumberland,ENewton,9,1,0,3,2,0,12,3,0,10,5,15
Cumberland,NPaulding,551,108,0,94,394,1,645,502,1,659,489,1148
Cumberland,WPaulding,191,36,0,34,160,0,225,196,0,227,194,421
Cumberland,EPaulding,1604,326,1,290,1018,1,1894,1344,2,1931,1309,3240
Cumberland,NSpalding,41,13,0,13,39,0,54,52,0,54,52,106
Cumberland,SSpalding,38,3,0,5,24,0,43,27,0,41,29,70
Cumberland,WWalton,52,8,0,9,18,0,61,26,0,60,27,87
Cumberland,EWalton,18,6,0,6,19,0,24,25,0,24,25,49
SCobb,NFulton,419,82,4,82,163,0,501,245,4,505,245,750
SCobb,Roswell,273,56,3,72,191,0,345,247,3,332,263,595
SCobb,SandySprings,1577,327,53,534,1457,14,2111,1784,67,1957,2005,3962
SCobb,Buckhead,2090,405,88,1054,3171,45,3144,3576,133,2583,4270,6853
SCobb,NWAtlanta,2204,459,30,1910,5008,52,4114,5467,82,2693,6970,9663
SCobb,NEAtlanta,1859,290,143,778,2179,140,2637,2469,283,2292,3097,5389
SCobb,SWAtlanta,2713,494,57,2757,6663,88,5470,7157,145,3264,9508,12772
SCobb,CBDAtlanta,2193,355,616,718,2178,325,2911,2533,941,3164,3221,6385
SCobb,SEAtlanta,650,123,25,345,962,37,995,1085,62,798,1344,2142
SCobb,SFulton,1284,258,7,944,2388,4,2228,2646,11,1549,3336,4885
SCobb,Tri-Cities,811,157,24,265,755,5,1076,912,29,992,1025,2017
SCobb,Shannon,492,106,6,183,547,1,675,653,7,604,731,1335
SCobb,WCherokee,30,3,0,13,29,0,43,32,0,33,42,75
SCobb,NCherokee,10,3,0,9,27,0,19,30,0,13,36,49
SCobb,ECentCherokee,189,30,0,76,203,0,265,233,0,219,279,498
SCobb,Woodstock,355,59,0,122,283,0,477,342,0,414,405,819
SCobb,Airport,497,88,101,56,107,7,553,195,108,686,170,856
SCobb,NEClayton,301,70,4,71,199,0,372,269,4,375,270,645
SCobb,Riverdale,233,39,2,47,121,0,280,160,2,274,168,442
SCobb,SClayton,131,31,0,29,162,0,160,193,0,162,191,353
SCobb,NWCobb,1983,372,6,1127,3414,9,3110,3786,15,2361,4550,6911
SCobb,NECobb,1467,261,6,933,2864,5,2400,3125,11,1734,3802,5536
SCobb,SWCobb,3890,810,14,5774,19824,49,9664,20634,63,4714,25647,30361
SCobb,Marietta,4779,957,90,5700,16764,271,10479,17721,361,5826,22735,28561
SCobb,Cumberland,9426,1794,123,9390,25376,188,18816,27170,311,11343,34954,46297
SCobb,SCobb,18198,3753,189,43931,119601,772,62129,123354,961,22140,164304,186444
SCobb,Chamblee,984,189,41,267,854,10,1251,1043,51,1214,1131,2345
SCobb,NWDeKalb,678,111,25,197,628,9,875,739,34,814,834,1648
SCobb,NEDeKalb,401,86,13,96,171,9,497,257,22,500,276,776
SCobb,Atlanta-DeKalb,176,19,8,84,208,3,260,227,11,203,295,498
SCobb,Decatur,126,23,31,38,107,8,164,130,39,180,153,333
SCobb,SWDeKalb,289,53,10,76,298,2,365,351,12,352,376,728
SCobb,SEDeKalb,155,29,4,37,50,3,192,79,7,188,90,278
SCobb,SDeKalb,262,54,2,96,205,4,358,259,6,318,305,623
SCobb,WDouglas,1125,213,1,439,1299,2,1564,1512,3,1339,1740,3079
SCobb,EDouglas,3559,726,9,4831,13726,28,8390,14452,37,4294,18585,22879
SCobb,WFayette,175,22,0,28,96,0,203,118,0,197,124,321
SCobb,EFayette,147,23,0,33,71,0,180,94,0,170,104,274
SCobb,NGwinnett,72,8,0,24,48,1,96,56,1,80,73,153
SCobb,CentGwinnett,213,33,0,62,254,0,275,287,0,246,316,562
SCobb,EGwinnett,28,2,1,8,12,0,36,14,1,31,20,51
SCobb,Norcross,407,87,3,75,158,0,482,245,3,497,233,730
SCobb,Lilburn,84,9,0,20,44,0,104,53,0,93,64,157
SCobb,Snellville,69,9,0,11,28,0,80,37,0,78,39,117
SCobb,NHenry,87,17,1,22,66,0,109,83,1,105,88,193
SCobb,EHenry,38,9,0,6,26,0,44,35,0,47,32,79
SCobb,SHenry,84,19,0,22,68,1,106,87,1,103,91,194
SCobb,SRockdale,36,8,1,10,32,0,46,40,1,45,42,87
SCobb,NRockdale,44,7,0,12,60,0,56,67,0,51,72,123
SCobb,NBarrow,6,0,0,2,1,0,8,1,0,6,3,9
SCobb,SBarrow,2,0,0,2,55,0,4,55,0,2,57,59
SCobb,NWBartow,16,5,0,8,40,0,24,45,0,21,48,69
SCobb,NEBartow,17,2,0,14,32,0,31,34,0,19,46,65
SCobb,SWBartow,48,11,0,27,32,0,75,43,0,59,59,118
SCobb,Cartersville,159,28,0,32,92,0,191,120,0,187,124,311
SCobb,NECarroll,325,64,0,65,203,0,390,267,0,389,268,657
SCobb,WCarroll,40,7,0,11,31,0,51,38,0,47,42,89
SCobb,CentralCarroll,204,36,0,44,73,0,248,109,0,240,117,357
SCobb,SECarroll,23,3,0,5,18,0,28,21,0,26,23,49
SCobb,WCoweta,51,6,0,12,35,0,63,41,0,57,47,104
SCobb,NCoweta,244,31,0,50,131,0,294,162,0,275,181,456
SCobb,SCoweta,8,1,0,2,7,0,10,8,0,9,9,18
SCobb,SECoweta,20,5,0,7,12,0,27,17,0,25,19,44
SCobb,NForsyth,10,4,0,4,7,0,14,11,0,14,11,25
SCobb,Cumming,39,10,0,22,48,0,61,58,0,49,70,119
SCobb,SForsyth,68,13,0,11,66,0,79,79,0,81,77,158
SCobb,NHall,0,0,0,0,1,0,0,1,0,0,1,1
SCobb,Gainesville,6,0,0,3,7,0,9,7,0,6,10,16
SCobb,SHall,5,4,0,4,28,0,9,32,0,9,32,41
SCobb,WNewton,46,7,1,16,30,0,62,37,1,54,46,100
SCobb,ENewton,2,1,0,2,4,0,4,5,0,3,6,9
SCobb,NPaulding,294,58,0,105,326,0,399,384,0,352,431,783
SCobb,WPaulding,176,27,0,62,156,0,238,183,0,203,218,421
SCobb,EPaulding,1677,336,1,908,3393,2,2585,3729,3,2014,4303,6317
SCobb,NSpalding,15,3,0,9,2,0,24,5,0,18,11,29
SCobb,SSpalding,12,3,0,1,2,0,13,5,0,15,3,18
SCobb,WWalton,7,4,0,5,17,0,12,21,0,11,22,33
SCobb,EWalton,4,1,0,2,5,0,6,6,0,5,7,12
Chamblee,NFulton,4045,782,128,1573,4208,78,5618,4990,206,4955,5859,10814
Chamblee,Roswell,3549,608,90,2232,6578,98,5781,7186,188,4247,8908,13155
Chamblee,SandySprings,15451,2585,530,21767,35202,585,37218,37787,1115,18566,57554,76120
Chamblee,Buckhead,9754,1488,746,9775,19262,741,19529,20750,1487,11988,29778,41766
Chamblee,NWAtlanta,1496,293,199,479,740,100,1975,1033,299,1988,1319,3307
Chamblee,NEAtlanta,4994,800,980,2675,5066,664,7669,5866,1644,6774,8405,15179
Chamblee,SWAtlanta,1195,290,348,271,636,165,1466,926,513,1833,1072,2905
Chamblee,CBDAtlanta,2781,466,2349,717,1818,980,3498,2284,3329,5596,3515,9111
Chamblee,SEAtlanta,1126,273,251,244,606,151,1370,879,402,1650,1001,2651
Chamblee,SFulton,331,84,19,59,137,6,390,221,25,434,202,636
Chamblee,Tri-Cities,889,196,206,84,261,37,973,457,243,1291,382,1673
Chamblee,Shannon,424,120,55,69,151,15,493,271,70,599,235,834
Chamblee,WCherokee,42,10,0,15,69,0,57,79,0,52,84,136
Chamblee,NCherokee,20,6,0,6,17,0,26,23,0,26,23,49
Chamblee,ECentCherokee,537,71,4,148,368,1,685,439,5,612,517,1129
Chamblee,Woodstock,611,124,10,152,403,1,763,527,11,745,556,1301
Chamblee,Airport,330,84,270,23,51,16,353,135,286,684,90,774
Chamblee,NEClayton,510,141,32,90,181,14,600,322,46,683,285,968
Chamblee,Riverdale,323,100,34,48,93,15,371,193,49,457,156,613
Chamblee,SClayton,254,78,9,50,79,3,304,157,12,341,132,473
Chamblee,NWCobb,1073,191,14,204,402,4,1277,593,18,1278,610,1888
Chamblee,NECobb,2760,434,22,1451,3615,16,4211,4049,38,3216,5082,8298
Chamblee,SWCobb,357,80,8,69,172,6,426,252,14,445,247,692
Chamblee,Marietta,808,130,16,253,502,19,1061,632,35,954,774,1728
Chamblee,Cumberland,3452,575,89,1363,2873,57,4815,3448,146,4116,4293,8409
Chamblee,SCobb,998,199,42,268,835,12,1266,1034,54,1239,1115,2354
Chamblee,Chamblee,35427,6213,1090,67378,133044,2350,102805,139257,3440,42730,202772,245502
Chamblee,NWDeKalb,6438,1059,285,7020,15297,395,13458,16356,680,7782,22712,30494
Chamblee,NEDeKalb,7625,1412,192,9121,20772,271,16746,22184,463,9229,30164,39393
Chamblee,Atlanta-DeKalb,585,104,76,316,613,45,901,717,121,765,974,1739
Chamblee,Decatur,806,130,69,474,910,54,1280,1040,123,1005,1438,2443
Chamblee,SWDeKalb,1450,240,137,512,1333,75,1962,1573,212,1827,1920,3747
Chamblee,SEDeKalb,1537,320,103,417,1066,41,1954,1386,144,1960,1524,3484
Chamblee,SDeKalb,1134,223,60,292,606,21,1426,829,81,1417,919,2336
Chamblee,WDouglas,194,38,2,38,93,2,232,131,4,234,133,367
Chamblee,EDouglas,318,69,17,55,100,3,373,169,20,404,158,562
Chamblee,WFayette,73,20,4,25,40,3,98,60,7,97,68,165
Chamblee,EFayette,131,37,5,37,75,1,168,112,6,173,113,286
Chamblee,NGwinnett,1628,348,10,387,1133,21,2015,1481,31,1986,1541,3527
Chamblee,CentGwinnett,4004,816,78,1564,4704,103,5568,5520,181,4898,6371,11269
Chamblee,EGwinnett,627,155,1,154,352,16,781,507,17,783,522,1305
Chamblee,Norcross,8627,1753,139,9479,23726,315,18106,25479,454,10519,33520,44039
Chamblee,Lilburn,1467,276,21,781,2267,17,2248,2543,38,1764,3065,4829
Chamblee,Snellville,944,168,9,247,698,12,1191,866,21,1121,957,2078
Chamblee,NHenry,316,74,4,50,90,5,366,164,9,394,145,539
Chamblee,EHenry,182,35,0,50,140,1,232,175,1,217,191,408
Chamblee,SHenry,197,55,5,59,150,3,256,205,8,257,212,469
Chamblee,SRockdale,234,42,4,46,94,1,280,136,5,280,141,421
Chamblee,NRockdale,253,49,3,40,181,2,293,230,5,305,223,528
Chamblee,NBarrow,169,29,0,36,110,0,205,139,0,198,146,344
Chamblee,SBarrow,138,39,0,29,87,1,167,126,1,177,117,294
Chamblee,NWBartow,22,2,0,6,22,0,28,24,0,24,28,52
Chamblee,NEBartow,18,4,0,12,5,0,30,9,0,22,17,39
Chamblee,SWBartow,47,7,0,12,40,0,59,47,0,54,52,106
Chamblee,Cartersville,112,15,0,34,117,0,146,132,0,127,151,278
Chamblee,NECarroll,32,9,0,11,35,0,43,44,0,41,46,87
Chamblee,WCarroll,0,0,0,6,2,0,6,2,0,0,8,8
Chamblee,CentralCarroll,28,6,0,5,27,0,33,33,0,34,32,66
Chamblee,SECarroll,1,0,0,1,0,0,2,0,0,1,1,2
Chamblee,WCoweta,14,1,0,2,1,0,16,2,0,15,3,18
Chamblee,NCoweta,108,30,9,36,76,1,144,106,10,147,113,260
Chamblee,SCoweta,2,0,0,5,3,0,7,3,0,2,8,10
Chamblee,SECoweta,13,3,1,5,7,0,18,10,1,17,12,29
Chamblee,NForsyth,140,24,0,52,219,0,192,243,0,164,271,435
Chamblee,Cumming,621,91,3,158,569,4,779,660,7,715,731,1446
Chamblee,SForsyth,697,140,9,277,827,11,974,967,20,846,1115,1961
Chamblee,NHall,30,7,0,15,45,0,45,52,0,37,60,97
Chamblee,Gainesville,88,21,0,36,66,0,124,87,0,109,102,211
Chamblee,SHall,247,55,0,54,238,0,301,293,0,302,292,594
Chamblee,WNewton,334,49,6,48,152,0,382,201,6,389,200,589
Chamblee,ENewton,20,5,0,9,15,0,29,20,0,25,24,49
Chamblee,NPaulding,127,20,0,15,55,0,142,75,0,147,70,217
Chamblee,WPaulding,32,7,0,8,68,0,40,75,0,39,76,115
Chamblee,EPaulding,324,47,4,55,115,1,379,162,5,375,171,546
Chamblee,NSpalding,19,9,0,5,9,1,24,18,1,28,15,43
Chamblee,SSpalding,13,1,0,2,20,0,15,21,0,14,22,36
Chamblee,WWalton,223,42,1,51,148,0,274,190,1,266,199,465
Chamblee,EWalton,91,16,0,33,99,0,124,115,0,107,132,239
NWDeKalb,NFulton,998,165,24,200,607,21,1198,772,45,1187,828,2015
NWDeKalb,Roswell,765,124,20,192,565,17,957,689,37,909,774,1683
NWDeKalb,SandySprings,2930,398,176,1073,1889,78,4003,2287,254,3504,3040,6544
NWDeKalb,Buckhead,5420,847,213,6226,9918,293,11646,10765,506,6480,16437,22917
NWDeKalb,NWAtlanta,1231,241,107,836,1226,95,2067,1467,202,1579,2157,3736
NWDeKalb,NEAtlanta,6511,978,442,8300,11899,470,14811,12877,912,7931,20669,28600
NWDeKalb,SWAtlanta,1459,274,218,515,979,180,1974,1253,398,1951,1674,3625
NWDeKalb,CBDAtlanta,3200,538,868,1722,2897,537,4922,3435,1405,4606,5156,9762
NWDeKalb,SEAtlanta,1458,294,153,1028,2033,121,2486,2327,274,1905,3182,5087
NWDeKalb,SFulton,312,60,16,110,193,7,422,253,23,388,310,698
NWDeKalb,Tri-Cities,1029,214,119,224,392,71,1253,606,190,1362,687,2049
NWDeKalb,Shannon,539,122,50,118,317,41,657,439,91,711,476,1187
NWDeKalb,WCherokee,24,5,0,10,33,0,34,38,0,29,43,72
NWDeKalb,NCherokee,3,1,0,2,13,0,5,14,0,4,15,19
NWDeKalb,ECentCherokee,129,29,0,44,86,1,173,115,1,158,131,289
NWDeKalb,Woodstock,221,39,2,54,162,4,275,201,6,262,220,482
NWDeKalb,Airport,496,77,180,55,54,17,551,131,197,753,126,879
NWDeKalb,NEClayton,877,171,18,347,791,12,1224,962,30,1066,1150,2216
NWDeKalb,Riverdale,470,97,24,118,201,18,588,298,42,591,337,928
NWDeKalb,SClayton,373,93,6,100,269,4,473,362,10,472,373,845
NWDeKalb,NWCobb,461,107,6,98,220,1,559,327,7,574,319,893
NWDeKalb,NECobb,684,124,9,224,455,8,908,579,17,817,687,1504
NWDeKalb,SWCobb,249,53,3,51,140,5,300,193,8,305,196,501
NWDeKalb,Marietta,326,65,4,80,242,5,406,307,9,395,327,722
NWDeKalb,Cumberland,1431,261,34,461,817,25,1892,1078,59,1726,1303,3029
NWDeKalb,SCobb,617,125,21,176,753,12,793,878,33,763,941,1704
NWDeKalb,Chamblee,6349,1099,270,6989,15548,447,13338,16647,717,7718,22984,30702
NWDeKalb,NWDeKalb,23500,3637,1195,39188,58899,2681,62688,62536,3876,28332,100768,129100
NWDeKalb,NEDeKalb,8406,1584,333,9973,23493,634,18379,25077,967,10323,34100,44423
NWDeKalb,Atlanta-DeKalb,1926,332,63,3159,5473,171,5085,5805,234,2321,8803,11124
NWDeKalb,Decatur,3139,536,213,5864,9046,498,9003,9582,711,3888,15408,19296
NWDeKalb,SWDeKalb,3714,663,198,5020,10517,381,8734,11180,579,4575,15918,20493
NWDeKalb,SEDeKalb,2955,586,116,2234,7027,306,5189,7613,422,3657,9567,13224
NWDeKalb,SDeKalb,2362,438,73,1340,3314,123,3702,3752,196,2873,4777,7650
NWDeKalb,WDouglas,202,49,2,56,197,0,258,246,2,253,253,506
NWDeKalb,EDouglas,315,67,9,81,239,6,396,306,15,391,326,717
NWDeKalb,WFayette,119,22,4,42,76,2,161,98,6,145,120,265
NWDeKalb,EFayette,190,29,2,44,99,2,234,128,4,221,145,366
NWDeKalb,NGwinnett,624,152,3,192,615,10,816,767,13,779,817,1596
NWDeKalb,CentGwinnett,1536,352,12,522,2394,54,2058,2746,66,1900,2970,4870
NWDeKalb,EGwinnett,400,69,1,104,302,11,504,371,12,470,417,887
NWDeKalb,Norcross,2095,396,34,1277,4825,211,3372,5221,245,2525,6313,8838
NWDeKalb,Lilburn,1254,234,16,812,3003,75,2066,3237,91,1504,3890,5394
NWDeKalb,Snellville,1070,230,8,513,2228,40,1583,2458,48,1308,2781,4089
NWDeKalb,NHenry,519,101,9,188,536,7,707,637,16,629,731,1360
NWDeKalb,EHenry,249,35,0,76,380,1,325,415,1,284,457,741
NWDeKalb,SHenry,389,69,0,119,205,4,508,274,4,458,328,786
NWDeKalb,SRockdale,317,56,1,102,309,6,419,365,7,374,417,791
NWDeKalb,NRockdale,338,79,3,95,274,5,433,353,8,420,374,794
NWDeKalb,NBarrow,70,13,0,22,38,2,92,51,2,83,62,145
NWDeKalb,SBarrow,43,12,0,16,133,0,59,145,0,55,149,204
NWDeKalb,NWBartow,3,2,0,3,5,0,6,7,0,5,8,13
NWDeKalb,NEBartow,9,3,1,2,19,0,11,22,1,13,21,34
NWDeKalb,SWBartow,17,6,0,6,23,0,23,29,0,23,29,52
NWDeKalb,Cartersville,58,12,1,17,77,0,75,89,1,71,94,165
NWDeKalb,NECarroll,53,14,1,30,56,0,83,70,1,68,86,154
NWDeKalb,WCarroll,5,0,0,0,4,0,5,4,0,5,4,9
NWDeKalb,CentralCarroll,29,5,0,15,41,0,44,46,0,34,56,90
NWDeKalb,SECarroll,2,0,0,0,2,0,2,2,0,2,2,4
NWDeKalb,WCoweta,28,3,0,11,53,0,39,56,0,31,64,95
NWDeKalb,NCoweta,157,29,5,41,80,5,198,109,10,191,126,317
NWDeKalb,SCoweta,15,0,0,3,15,1,18,15,1,15,19,34
NWDeKalb,SECoweta,20,3,0,9,26,0,29,29,0,23,35,58
NWDeKalb,NForsyth,32,1,0,15,61,0,47,62,0,33,76,109
NWDeKalb,Cumming,139,27,0,49,130,3,188,157,3,166,182,348
NWDeKalb,SForsyth,148,27,0,60,163,8,208,190,8,175,231,406
NWDeKalb,NHall,10,2,0,5,18,0,15,20,0,12,23,35
NWDeKalb,Gainesville,28,4,1,15,38,0,43,42,1,33,53,86
NWDeKalb,SHall,99,20,0,35,102,1,134,122,1,119,138,257
NWDeKalb,WNewton,355,75,4,100,274,4,455,349,8,434,378,812
NWDeKalb,ENewton,35,6,0,16,66,0,51,72,0,41,82,123
NWDeKalb,NPaulding,48,8,0,18,61,0,66,69,0,56,79,135
NWDeKalb,WPaulding,15,2,0,11,33,0,26,35,0,17,44,61
NWDeKalb,EPaulding,208,36,2,35,102,0,243,138,2,246,137,383
NWDeKalb,NSpalding,63,6,0,17,33,0,80,39,0,69,50,119
NWDeKalb,SSpalding,36,1,0,8,12,0,44,13,0,37,20,57
NWDeKalb,WWalton,209,38,1,97,315,2,306,353,3,248,414,662
NWDeKalb,EWalton,102,14,0,41,135,0,143,149,0,116,176,292
NEDeKalb,NFulton,1325,255,17,398,1142,20,1723,1397,37,1597,1560,3157
NEDeKalb,Roswell,919,170,7,407,1002,24,1326,1172,31,1096,1433,2529
NEDeKalb,SandySprings,3198,549,170,1333,2579,96,4531,3128,266,3917,4008,7925
NEDeKalb,Buckhead,3462,576,295,1602,3263,163,5064,3839,458,4333,5028,9361
NEDeKalb,NWAtlanta,901,161,89,254,517,47,1155,678,136,1151,818,1969
NEDeKalb,NEAtlanta,3458,531,494,1488,2853,378,4946,3384,872,4483,4719,9202
NEDeKalb,SWAtlanta,899,165,134,254,393,143,1153,558,277,1198,790,1988
NEDeKalb,CBDAtlanta,2802,501,1875,700,1440,699,3502,1941,2574,5178,2839,8017
NEDeKalb,SEAtlanta,907,192,97,350,702,87,1257,894,184,1196,1139,2335
NEDeKalb,SFulton,191,41,4,54,48,4,245,89,8,236,106,342
NEDeKalb,Tri-Cities,713,133,81,99,234,29,812,367,110,927,362,1289
NEDeKalb,Shannon,280,65,12,102,181,14,382,246,26,357,297,654
NEDeKalb,WCherokee,11,5,0,4,24,0,15,29,0,16,28,44
NEDeKalb,NCherokee,7,3,0,5,6,0,12,9,0,10,11,21
NEDeKalb,ECentCherokee,139,22,0,48,99,0,187,121,0,161,147,308
NEDeKalb,Woodstock,157,30,0,40,93,0,197,123,0,187,133,320
NEDeKalb,Airport,436,95,200,28,32,9,464,127,209,731,69,800
NEDeKalb,NEClayton,703,142,13,166,486,10,869,628,23,858,662,1520
NEDeKalb,Riverdale,267,53,9,81,86,14,348,139,23,329,181,510
NEDeKalb,SClayton,252,65,1,92,147,4,344,212,5,318,243,561
NEDeKalb,NWCobb,377,66,2,79,199,2,456,265,4,445,280,725
NEDeKalb,NECobb,596,122,0,223,557,4,819,679,4,718,784,1502
NEDeKalb,SWCobb,149,21,1,45,146,0,194,167,1,171,191,362
NEDeKalb,Marietta,281,43,4,92,129,12,373,172,16,328,233,561
NEDeKalb,Cumberland,1191,215,41,287,583,26,1478,798,67,1447,896,2343
NEDeKalb,SCobb,411,88,11,106,183,10,517,271,21,510,299,809
NEDeKalb,Chamblee,7451,1329,202,9077,20728,270,16528,22057,472,8982,30075,39057
NEDeKalb,NWDeKalb,7963,1421,317,9906,23134,622,17869,24555,939,9701,33662,43363
NEDeKalb,NEDeKalb,32108,5957,889,60975,124261,2413,93083,130218,3302,38954,187649,226603
NEDeKalb,Atlanta-DeKalb,766,109,40,582,1345,74,1348,1454,114,915,2001,2916
NEDeKalb,Decatur,1233,202,67,1443,3867,211,2676,4069,278,1502,5521,7023
NEDeKalb,SWDeKalb,3177,571,131,4255,10598,341,7432,11169,472,3879,15194,19073
NEDeKalb,SEDeKalb,4738,940,76,6370,18991,357,11108,19931,433,5754,25718,31472
NEDeKalb,SDeKalb,2112,385,12,1380,3531,62,3492,3916,74,2509,4973,7482
NEDeKalb,WDouglas,102,24,0,32,75,1,134,99,1,126,108,234
NEDeKalb,EDouglas,166,43,5,45,112,5,211,155,10,214,162,376
NEDeKalb,WFayette,77,12,0,25,58,0,102,70,0,89,83,172
NEDeKalb,EFayette,106,22,1,36,86,1,142,108,2,129,123,252
NEDeKalb,NGwinnett,1279,284,1,375,1147,13,1654,1431,14,1564,1535,3099
NEDeKalb,CentGwinnett,3901,822,21,2044,6072,68,5945,6894,89,4744,8184,12928
NEDeKalb,EGwinnett,928,183,0,273,962,2,1201,1145,2,1111,1237,2348
NEDeKalb,Norcross,6621,1416,57,7453,21308,145,14074,22724,202,8094,28906,37000
NEDeKalb,Lilburn,4940,876,59,6125,17465,66,11065,18341,125,5875,23656,29531
NEDeKalb,Snellville,2784,528,9,1841,6700,68,4625,7228,77,3321,8609,11930
NEDeKalb,NHenry,423,82,1,208,397,12,631,479,13,506,617,1123
NEDeKalb,EHenry,286,54,0,88,246,2,374,300,2,340,336,676
NEDeKalb,SHenry,313,55,1,72,155,1,385,210,2,369,228,597
NEDeKalb,SRockdale,419,75,0,145,487,6,564,562,6,494,638,1132
NEDeKalb,NRockdale,638,102,4,222,697,7,860,799,11,744,926,1670
NEDeKalb,NBarrow,156,33,0,29,90,0,185,123,0,189,119,308
NEDeKalb,SBarrow,121,30,0,38,190,0,159,220,0,151,228,379
NEDeKalb,NWBartow,3,0,0,1,5,0,4,5,0,3,6,9
NEDeKalb,NEBartow,7,0,0,1,3,0,8,3,0,7,4,11
NEDeKalb,SWBartow,14,1,0,2,20,0,16,21,0,15,22,37
NEDeKalb,Cartersville,29,6,0,11,18,1,40,24,1,35,30,65
NEDeKalb,NECarroll,20,4,0,8,19,0,28,23,0,24,27,51
NEDeKalb,WCarroll,1,0,0,0,0,0,1,0,0,1,0,1
NEDeKalb,CentralCarroll,20,1,0,2,11,0,22,12,0,21,13,34
NEDeKalb,SECarroll,0,1,0,0,5,0,0,6,0,1,5,6
NEDeKalb,WCoweta,13,3,0,4,9,0,17,12,0,16,13,29
NEDeKalb,NCoweta,82,15,0,41,85,0,123,100,0,97,126,223
NEDeKalb,SCoweta,2,0,0,0,0,0,2,0,0,2,0,2
NEDeKalb,SECoweta,11,5,0,6,26,0,17,31,0,16,32,48
NEDeKalb,NForsyth,47,10,0,22,40,0,69,50,0,57,62,119
NEDeKalb,Cumming,170,29,1,58,170,1,228,199,2,200,229,429
NEDeKalb,SForsyth,295,46,0,88,290,0,383,336,0,341,378,719
NEDeKalb,NHall,34,4,0,7,40,0,41,44,0,38,47,85
NEDeKalb,Gainesville,94,15,0,20,80,0,114,95,0,109,100,209
NEDeKalb,SHall,249,43,0,64,113,0,313,156,0,292,177,469
NEDeKalb,WNewton,547,114,0,137,319,2,684,433,2,661,458,1119
NEDeKalb,ENewton,55,9,0,13,34,1,68,43,1,64,48,112
NEDeKalb,NPaulding,38,3,0,9,12,0,47,15,0,41,21,62
NEDeKalb,WPaulding,8,0,0,1,5,0,9,5,0,8,6,14
NEDeKalb,EPaulding,113,23,0,35,61,1,148,84,1,136,97,233
NEDeKalb,NSpalding,36,5,1,6,11,0,42,16,1,42,17,59
NEDeKalb,SSpalding,25,4,0,8,21,0,33,25,0,29,29,58
NEDeKalb,WWalton,536,70,0,185,573,0,721,643,0,606,758,1364
NEDeKalb,EWalton,206,47,0,61,150,0,267,197,0,253,211,464
Atlanta-DeKalb,NFulton,97,23,8,12,58,2,109,81,10,128,72,200
Atlanta-DeKalb,Roswell,62,8,10,10,62,1,72,70,11,80,73,153
Atlanta-DeKalb,SandySprings,485,63,98,84,142,30,569,205,128,646,256,902
Atlanta-DeKalb,Buckhead,874,148,102,589,1258,77,1463,1406,179,1124,1924,3048
Atlanta-DeKalb,NWAtlanta,348,66,34,295,580,81,643,646,115,448,956,1404
Atlanta-DeKalb,NEAtlanta,2157,338,195,4091,6393,258,6248,6731,453,2690,10742,13432
Atlanta-DeKalb,SWAtlanta,574,107,74,478,1012,85,1052,1119,159,755,1575,2330
Atlanta-DeKalb,CBDAtlanta,1891,265,516,1801,2669,466,3692,2934,982,2672,4936,7608
Atlanta-DeKalb,SEAtlanta,921,186,65,1707,3403,159,2628,3589,224,1172,5269,6441
Atlanta-DeKalb,SFulton,97,16,7,40,100,2,137,116,9,120,142,262
Atlanta-DeKalb,Tri-Cities,492,71,54,178,387,36,670,458,90,617,601,1218
Atlanta-DeKalb,Shannon,154,19,18,59,82,5,213,101,23,191,146,337
Atlanta-DeKalb,WCherokee,1,2,0,0,4,0,1,6,0,3,4,7
Atlanta-DeKalb,NCherokee,0,0,0,0,0,0,0,0,0,0,0,0
Atlanta-DeKalb,ECentCherokee,7,5,0,7,24,0,14,29,0,12,31,43
Atlanta-DeKalb,Woodstock,31,4,1,5,14,0,36,18,1,36,19,55
Atlanta-DeKalb,Airport,326,46,131,55,60,14,381,106,145,503,129,632
Atlanta-DeKalb,NEClayton,349,71,8,268,785,13,617,856,21,428,1066,1494
Atlanta-DeKalb,Riverdale,145,26,10,44,135,9,189,161,19,181,188,369
Atlanta-DeKalb,SClayton,108,19,1,57,139,5,165,158,6,128,201,329
Atlanta-DeKalb,NWCobb,76,13,0,23,53,2,99,66,2,89,78,167
Atlanta-DeKalb,NECobb,70,11,0,30,60,0,100,71,0,81,90,171
Atlanta-DeKalb,SWCobb,45,9,1,15,56,2,60,65,3,55,73,128
Atlanta-DeKalb,Marietta,80,11,1,20,40,6,100,51,7,92,66,158
Atlanta-DeKalb,Cumberland,391,77,16,103,196,4,494,273,20,484,303,787
Atlanta-DeKalb,SCobb,183,27,11,82,205,4,265,232,15,221,291,512
Atlanta-DeKalb,Chamblee,621,118,76,303,726,36,924,844,112,815,1065,1880
Atlanta-DeKalb,NWDeKalb,1794,305,62,3129,5137,178,4923,5442,240,2161,8444,10605
Atlanta-DeKalb,NEDeKalb,749,131,46,608,1501,65,1357,1632,111,926,2174,3100
Atlanta-DeKalb,Atlanta-DeKalb,1416,242,69,4746,8927,160,6162,9169,229,1727,13833,15560
Atlanta-DeKalb,Decatur,736,113,42,1502,3103,117,2238,3216,159,891,4722,5613
Atlanta-DeKalb,SWDeKalb,1352,264,76,2808,6767,200,4160,7031,276,1692,9775,11467
Atlanta-DeKalb,SEDeKalb,559,105,41,335,1020,80,894,1125,121,705,1435,2140
Atlanta-DeKalb,SDeKalb,819,158,27,966,2650,45,1785,2808,72,1004,3661,4665
Atlanta-DeKalb,WDouglas,59,9,1,20,95,0,79,104,1,69,115,184
Atlanta-DeKalb,EDouglas,88,15,3,43,91,2,131,106,5,106,136,242
Atlanta-DeKalb,WFayette,35,7,1,12,38,0,47,45,1,43,50,93
Atlanta-DeKalb,EFayette,43,12,0,15,24,0,58,36,0,55,39,94
Atlanta-DeKalb,NGwinnett,47,10,0,20,31,1,67,41,1,57,52,109
Atlanta-DeKalb,CentGwinnett,127,20,5,40,111,5,167,131,10,152,156,308
Atlanta-DeKalb,EGwinnett,31,4,0,13,41,0,44,45,0,35,54,89
Atlanta-DeKalb,Norcross,181,35,9,55,208,6,236,243,15,225,269,494
Atlanta-DeKalb,Lilburn,88,15,1,50,171,4,138,186,5,104,225,329
Atlanta-DeKalb,Snellville,88,17,1,68,161,3,156,178,4,106,232,338
Atlanta-DeKalb,NHenry,164,32,3,107,199,1,271,231,4,199,307,506
Atlanta-DeKalb,EHenry,52,9,0,20,67,0,72,76,0,61,87,148
Atlanta-DeKalb,SHenry,101,22,0,35,97,0,136,119,0,123,132,255
Atlanta-DeKalb,SRockdale,77,17,1,26,103,0,103,120,1,95,129,224
Atlanta-DeKalb,NRockdale,92,12,1,31,119,3,123,131,4,105,153,258
Atlanta-DeKalb,NBarrow,5,0,0,0,0,0,5,0,0,5,0,5
Atlanta-DeKalb,SBarrow,4,0,0,2,2,0,6,2,0,4,4,8
Atlanta-DeKalb,NWBartow,0,0,0,0,0,0,0,0,0,0,0,0
Atlanta-DeKalb,NEBartow,1,0,0,1,0,0,2,0,0,1,1,2
Atlanta-DeKalb,SWBartow,1,0,0,2,9,0,3,9,0,1,11,12
Atlanta-DeKalb,Cartersville,8,4,0,7,17,0,15,21,0,12,24,36
Atlanta-DeKalb,NECarroll,7,2,0,6,12,0,13,14,0,9,18,27
Atlanta-DeKalb,WCarroll,1,0,0,2,4,0,3,4,0,1,6,7
Atlanta-DeKalb,CentralCarroll,8,1,0,16,5,0,24,6,0,9,21,30
Atlanta-DeKalb,SECarroll,0,0,0,0,0,0,0,0,0,0,0,0
Atlanta-DeKalb,WCoweta,11,0,0,5,17,0,16,17,0,11,22,33
Atlanta-DeKalb,NCoweta,37,6,0,14,15,0,51,21,0,43,29,72
Atlanta-DeKalb,SCoweta,2,1,0,1,1,0,3,2,0,3,2,5
Atlanta-DeKalb,SECoweta,6,1,0,2,34,0,8,35,0,7,36,43
Atlanta-DeKalb,NForsyth,2,0,0,1,3,0,3,3,0,2,4,6
Atlanta-DeKalb,Cumming,7,1,0,3,12,0,10,13,0,8,15,23
Atlanta-DeKalb,SForsyth,11,3,0,9,7,0,20,10,0,14,16,30
Atlanta-DeKalb,NHall,0,0,0,0,0,0,0,0,0,0,0,0
Atlanta-DeKalb,Gainesville,2,0,0,0,3,0,2,3,0,2,3,5
Atlanta-DeKalb,SHall,7,1,0,6,16,0,13,17,0,8,22,30
Atlanta-DeKalb,WNewton,70,15,0,22,89,1,92,104,1,85,112,197
Atlanta-DeKalb,ENewton,10,0,0,6,4,0,16,4,0,10,10,20
Atlanta-DeKalb,NPaulding,2,3,0,4,36,0,6,39,0,5,40,45
Atlanta-DeKalb,WPaulding,3,2,0,6,6,0,9,8,0,5,12,17
Atlanta-DeKalb,EPaulding,58,8,0,14,59,1,72,67,1,66,74,140
Atlanta-DeKalb,NSpalding,14,4,0,6,8,0,20,12,0,18,14,32
Atlanta-DeKalb,SSpalding,7,1,0,4,9,0,11,10,0,8,13,21
Atlanta-DeKalb,WWalton,27,4,0,5,39,0,32,43,0,31,44,75
Atlanta-DeKalb,EWalton,7,3,0,5,7,0,12,10,0,10,12,22
Decatur,NFulton,117,26,7,23,68,2,140,94,9,150,93,243
Decatur,Roswell,79,13,7,23,19,9,102,32,16,99,51,150
Decatur,SandySprings,447,52,101,80,156,29,527,208,130,600,265,865
Decatur,Buckhead,768,101,103,424,623,75,1192,724,178,972,1122,2094
Decatur,NWAtlanta,313,68,43,116,234,58,429,302,101,424,408,832
Decatur,NEAtlanta,1264,190,172,1290,2197,167,2554,2387,339,1626,3654,5280
Decatur,SWAtlanta,386,68,110,136,275,122,522,343,232,564,533,1097
Decatur,CBDAtlanta,992,160,483,379,893,233,1371,1053,716,1635,1505,3140
Decatur,SEAtlanta,374,69,80,291,685,89,665,754,169,523,1065,1588
Decatur,SFulton,60,14,14,27,25,4,87,39,18,88,56,144
Decatur,Tri-Cities,293,46,60,75,157,31,368,203,91,399,263,662
Decatur,Shannon,106,16,28,20,76,25,126,92,53,150,121,271
Decatur,WCherokee,2,1,0,0,44,0,2,45,0,3,44,47
Decatur,NCherokee,0,2,0,1,0,0,1,2,0,2,1,3
Decatur,ECentCherokee,13,2,1,8,56,1,21,58,2,16,65,81
Decatur,Woodstock,23,6,3,4,13,0,27,19,3,32,17,49
Decatur,Airport,153,21,102,17,15,9,170,36,111,276,41,317
Decatur,NEClayton,241,45,14,137,380,17,378,425,31,300,534,834
Decatur,Riverdale,98,21,13,35,81,12,133,102,25,132,128,260
Decatur,SClayton,70,14,4,32,130,5,102,144,9,88,167,255
Decatur,NWCobb,56,18,3,17,20,1,73,38,4,77,38,115
Decatur,NECobb,78,5,3,25,32,3,103,37,6,86,60,146
Decatur,SWCobb,31,9,3,16,26,5,47,35,8,43,47,90
Decatur,Marietta,63,12,7,12,43,5,75,55,12,82,60,142
Decatur,Cumberland,246,47,22,47,96,20,293,143,42,315,163,478
Decatur,SCobb,131,19,30,36,70,8,167,89,38,180,114,294
Decatur,Chamblee,729,136,75,437,955,66,1166,1091,141,940,1458,2398
Decatur,NWDeKalb,3098,507,200,5789,8782,500,8887,9289,700,3805,15071,18876
Decatur,NEDeKalb,1284,230,81,1437,3769,194,2721,3999,275,1595,5400,6995
Decatur,Atlanta-DeKalb,716,112,48,1544,3232,100,2260,3344,148,876,4876,5752
Decatur,Decatur,2163,391,126,5492,9498,278,7655,9889,404,2680,15268,17948
Decatur,SWDeKalb,1527,308,116,3097,7011,365,4624,7319,481,1951,10473,12424
Decatur,SEDeKalb,951,175,80,787,2454,207,1738,2629,287,1206,3448,4654
Decatur,SDeKalb,881,157,46,723,2103,179,1604,2260,225,1084,3005,4089
Decatur,WDouglas,44,6,3,14,26,2,58,32,5,53,42,95
Decatur,EDouglas,86,16,13,30,89,7,116,105,20,115,126,241
Decatur,WFayette,18,3,1,9,21,1,27,24,2,22,31,53
Decatur,EFayette,20,5,3,13,53,0,33,58,3,28,66,94
Decatur,NGwinnett,79,17,3,41,58,2,120,75,5,99,101,200
Decatur,CentGwinnett,203,45,7,87,194,17,290,239,24,255,298,553
Decatur,EGwinnett,51,12,2,26,78,4,77,90,6,65,108,173
Decatur,Norcross,242,57,8,156,483,27,398,540,35,307,666,973
Decatur,Lilburn,172,33,4,183,392,16,355,425,20,209,591,800
Decatur,Snellville,184,42,3,119,331,24,303,373,27,229,474,703
Decatur,NHenry,147,25,4,91,148,13,238,173,17,176,252,428
Decatur,EHenry,59,11,1,23,54,0,82,65,1,71,77,148
Decatur,SHenry,86,12,0,29,45,9,115,57,9,98,83,181
Decatur,SRockdale,91,11,1,39,107,8,130,118,9,103,154,257
Decatur,NRockdale,119,15,6,50,72,10,169,87,16,140,132,272
Decatur,NBarrow,7,0,0,2,7,0,9,7,0,7,9,16
Decatur,SBarrow,7,0,0,1,26,0,8,26,0,7,27,34
Decatur,NWBartow,0,1,0,1,7,0,1,8,0,1,8,9
Decatur,NEBartow,1,0,0,0,0,0,1,0,0,1,0,1
Decatur,SWBartow,0,0,0,1,1,0,1,1,0,0,2,2
Decatur,Cartersville,7,4,0,6,7,0,13,11,0,11,13,24
Decatur,NECarroll,13,3,1,2,3,0,15,6,1,17,5,22
Decatur,WCarroll,1,0,0,1,1,0,2,1,0,1,2,3
Decatur,CentralCarroll,8,0,0,3,1,0,11,1,0,8,4,12
Decatur,SECarroll,0,0,0,0,0,0,0,0,0,0,0,0
Decatur,WCoweta,4,0,0,0,1,0,4,1,0,4,1,5
Decatur,NCoweta,29,10,0,7,29,0,36,39,0,39,36,75
Decatur,SCoweta,1,0,0,1,0,0,2,0,0,1,1,2
Decatur,SECoweta,5,0,0,4,8,0,9,8,0,5,12,17
Decatur,NForsyth,1,0,0,3,4,0,4,4,0,1,7,8
Decatur,Cumming,6,1,0,5,21,4,11,22,4,7,30,37
Decatur,SForsyth,12,3,1,10,26,0,22,29,1,16,36,52
Decatur,NHall,1,0,0,1,0,0,2,0,0,1,1,2
Decatur,Gainesville,3,1,0,1,3,0,4,4,0,4,4,8
Decatur,SHall,8,1,0,4,21,0,12,22,0,9,25,34
Decatur,WNewton,98,23,1,34,49,1,132,72,2,122,84,206
Decatur,ENewton,7,1,0,3,10,0,10,11,0,8,13,21
Decatur,NPaulding,9,0,0,1,1,0,10,1,0,9,2,11
Decatur,WPaulding,4,0,0,0,32,0,4,32,0,4,32,36
Decatur,EPaulding,37,6,1,6,32,1,43,38,2,44,39,83
Decatur,NSpalding,8,2,0,3,3,0,11,5,0,10,6,16
Decatur,SSpalding,4,0,0,5,4,0,9,4,0,4,9,13
Decatur,WWalton,31,6,1,20,33,0,51,39,1,38,53,91
Decatur,EWalton,17,2,0,5,27,0,22,29,0,19,32,51
SWDeKalb,NFulton,264,49,17,51,115,2,315,164,19,330,168,498
SWDeKalb,Roswell,146,29,9,44,99,3,190,128,12,184,146,330
SWDeKalb,SandySprings,1001,189,171,138,365,42,1139,554,213,1361,545,1906
SWDeKalb,Buckhead,1543,270,275,427,1069,143,1970,1339,418,2088,1639,3727
SWDeKalb,NWAtlanta,693,130,94,260,563,59,953,693,153,917,882,1799
SWDeKalb,NEAtlanta,2404,410,422,1736,3381,423,4140,3791,845,3236,5540,8776
SWDeKalb,SWAtlanta,995,189,132,455,1130,104,1450,1319,236,1316,1689,3005
SWDeKalb,CBDAtlanta,2938,512,1396,1266,3080,816,4204,3592,2212,4846,5162,10008
SWDeKalb,SEAtlanta,1573,313,79,1962,4562,159,3535,4875,238,1965,6683,8648
SWDeKalb,SFulton,197,27,8,52,172,1,249,199,9,232,225,457
SWDeKalb,Tri-Cities,880,166,102,245,613,32,1125,779,134,1148,890,2038
SWDeKalb,Shannon,311,59,15,103,252,7,414,311,22,385,362,747
SWDeKalb,WCherokee,1,0,0,1,9,0,2,9,0,1,10,11
SWDeKalb,NCherokee,1,0,0,0,0,0,1,0,0,1,0,1
SWDeKalb,ECentCherokee,23,6,0,7,46,0,30,52,0,29,53,82
SWDeKalb,Woodstock,28,7,0,12,30,0,40,37,0,35,42,77
SWDeKalb,Airport,789,125,201,121,245,14,910,370,215,1115,380,1495
SWDeKalb,NEClayton,1119,254,14,735,2129,31,1854,2383,45,1387,2895,4282
SWDeKalb,Riverdale,308,56,8,128,312,6,436,368,14,372,446,818
SWDeKalb,SClayton,270,71,4,117,343,3,387,414,7,345,463,808
SWDeKalb,NWCobb,94,21,1,30,29,0,124,50,1,116,59,175
SWDeKalb,NECobb,124,34,2,47,106,0,171,140,2,160,153,313
SWDeKalb,SWCobb,78,15,0,24,63,0,102,78,0,93,87,180
SWDeKalb,Marietta,112,25,4,29,35,3,141,60,7,141,67,208
SWDeKalb,Cumberland,594,140,45,85,349,18,679,489,63,779,452,1231
SWDeKalb,SCobb,249,43,10,80,226,3,329,269,13,302,309,611
SWDeKalb,Chamblee,1435,291,143,542,1309,74,1977,1600,217,1869,1925,3794
SWDeKalb,NWDeKalb,3266,621,185,4828,10488,394,8094,11109,579,4072,15710,19782
SWDeKalb,NEDeKalb,3183,568,142,4251,10602,360,7434,11170,502,3893,15213,19106
SWDeKalb,Atlanta-DeKalb,1204,239,51,2742,6369,165,3946,6608,216,1494,9276,10770
SWDeKalb,Decatur,1386,257,87,3078,6870,324,4464,7127,411,1730,10272,12002
SWDeKalb,SWDeKalb,5980,1256,223,18156,39638,838,24136,40894,1061,7459,58632,66091
SWDeKalb,SEDeKalb,2911,569,148,4823,14448,443,7734,15017,591,3628,19714,23342
SWDeKalb,SDeKalb,3645,697,77,6396,17831,282,10041,18528,359,4419,24509,28928
SWDeKalb,WDouglas,73,20,1,20,52,0,93,72,1,94,72,166
SWDeKalb,EDouglas,130,30,2,51,163,1,181,193,3,162,215,377
SWDeKalb,WFayette,87,14,2,19,30,0,106,44,2,103,49,152
SWDeKalb,EFayette,121,29,0,41,74,0,162,103,0,150,115,265
SWDeKalb,NGwinnett,120,24,0,43,193,2,163,217,2,144,238,382
SWDeKalb,CentGwinnett,386,94,8,123,382,9,509,476,17,488,514,1002
SWDeKalb,EGwinnett,90,16,0,37,140,1,127,156,1,106,178,284
SWDeKalb,Norcross,583,114,10,262,886,20,845,1000,30,707,1168,1875
SWDeKalb,Lilburn,389,90,7,257,1096,14,646,1186,21,486,1367,1853
SWDeKalb,Snellville,429,78,7,205,741,8,634,819,15,514,954,1468
SWDeKalb,NHenry,567,98,3,331,1196,13,898,1294,16,668,1540,2208
SWDeKalb,EHenry,241,49,2,81,254,0,322,303,2,292,335,627
SWDeKalb,SHenry,306,72,1,87,200,0,393,272,1,379,287,666
SWDeKalb,SRockdale,286,66,1,130,544,8,416,610,9,353,682,1035
SWDeKalb,NRockdale,375,72,3,143,535,2,518,607,5,450,680,1130
SWDeKalb,NBarrow,11,5,0,5,15,0,16,20,0,16,20,36
SWDeKalb,SBarrow,13,4,0,8,22,0,21,26,0,17,30,47
SWDeKalb,NWBartow,3,0,0,0,0,0,3,0,0,3,0,3
SWDeKalb,NEBartow,1,0,0,1,3,0,2,3,0,1,4,5
SWDeKalb,SWBartow,3,0,0,1,5,0,4,5,0,3,6,9
SWDeKalb,Cartersville,11,2,0,5,8,0,16,10,0,13,13,26
SWDeKalb,NECarroll,26,2,0,12,11,0,38,13,0,28,23,51
SWDeKalb,WCarroll,2,1,0,1,1,0,3,2,0,3,2,5
SWDeKalb,CentralCarroll,17,1,0,7,29,0,24,30,0,18,36,54
SWDeKalb,SECarroll,4,0,0,0,4,0,4,4,0,4,4,8
SWDeKalb,WCoweta,12,1,0,4,7,0,16,8,0,13,11,24
SWDeKalb,NCoweta,102,13,1,27,67,0,129,80,1,116,94,210
SWDeKalb,SCoweta,6,0,0,3,3,0,9,3,0,6,6,12
SWDeKalb,SECoweta,12,1,0,7,8,0,19,9,0,13,15,28
SWDeKalb,NForsyth,6,0,0,5,13,0,11,13,0,6,18,24
SWDeKalb,Cumming,22,4,0,8,15,0,30,19,0,26,23,49
SWDeKalb,SForsyth,34,3,0,19,70,0,53,73,0,37,89,126
SWDeKalb,NHall,3,0,0,3,2,0,6,2,0,3,5,8
SWDeKalb,Gainesville,7,1,0,5,18,0,12,19,0,8,23,31
SWDeKalb,SHall,20,5,0,10,46,0,30,51,0,25,56,81
SWDeKalb,WNewton,342,77,1,87,200,0,429,277,1,420,287,707
SWDeKalb,ENewton,27,5,1,15,27,0,42,32,1,33,42,75
SWDeKalb,NPaulding,11,3,0,5,13,0,16,16,0,14,18,32
SWDeKalb,WPaulding,10,2,0,4,11,0,14,13,0,12,15,27
SWDeKalb,EPaulding,84,20,0,21,61,0,105,81,0,104,82,186
SWDeKalb,NSpalding,37,8,0,15,17,1,52,25,1,45,33,78
SWDeKalb,SSpalding,18,5,0,8,11,0,26,16,0,23,19,42
SWDeKalb,WWalton,88,18,0,35,120,0,123,138,0,106,155,261
SWDeKalb,EWalton,48,6,1,14,50,0,62,56,1,55,64,119
SEDeKalb,NFulton,350,67,13,62,98,0,412,165,13,430,160,590
SEDeKalb,Roswell,178,44,5,47,107,4,225,151,9,227,158,385
SEDeKalb,SandySprings,1161,208,129,160,313,40,1321,521,169,1498,513,2011
SEDeKalb,Buckhead,1432,278,223,252,727,67,1684,1005,290,1933,1046,2979
SEDeKalb,NWAtlanta,497,105,57,86,158,28,583,263,85,659,272,931
SEDeKalb,NEAtlanta,2027,372,383,550,1160,227,2577,1532,610,2782,1937,4719
SEDeKalb,SWAtlanta,598,125,71,175,300,69,773,425,140,794,544,1338
SEDeKalb,CBDAtlanta,2316,448,1610,422,1082,567,2738,1530,2177,4374,2071,6445
SEDeKalb,SEAtlanta,770,145,54,261,476,39,1031,621,93,969,776,1745
SEDeKalb,SFulton,105,25,4,21,46,0,126,71,4,134,67,201
SEDeKalb,Tri-Cities,683,135,47,80,164,22,763,299,69,865,266,1131
SEDeKalb,Shannon,192,46,9,42,118,3,234,164,12,247,163,410
SEDeKalb,WCherokee,0,0,0,0,1,0,0,1,0,0,1,1
SEDeKalb,NCherokee,1,1,0,1,0,0,2,1,0,2,1,3
SEDeKalb,ECentCherokee,7,2,0,12,4,0,19,6,0,9,16,25
SEDeKalb,Woodstock,15,2,0,6,18,0,21,20,0,17,24,41
SEDeKalb,Airport,668,114,188,42,122,11,710,236,199,970,175,1145
SEDeKalb,NEClayton,677,138,2,210,604,6,887,742,8,817,820,1637
SEDeKalb,Riverdale,172,32,4,41,90,2,213,122,6,208,133,341
SEDeKalb,SClayton,175,41,2,57,162,0,232,203,2,218,219,437
SEDeKalb,NWCobb,49,19,1,28,77,0,77,96,1,69,105,174
SEDeKalb,NECobb,100,11,0,42,98,0,142,109,0,111,140,251
SEDeKalb,SWCobb,35,7,0,11,21,0,46,28,0,42,32,74
SEDeKalb,Marietta,100,16,4,26,89,4,126,105,8,120,119,239
SEDeKalb,Cumberland,480,122,21,52,180,6,532,302,27,623,238,861
SEDeKalb,SCobb,169,30,6,32,46,3,201,76,9,205,81,286
SEDeKalb,Chamblee,1549,318,92,447,1149,35,1996,1467,127,1959,1631,3590
SEDeKalb,NWDeKalb,2837,570,113,2249,7148,309,5086,7718,422,3520,9706,13226
SEDeKalb,NEDeKalb,4469,876,69,6316,19146,381,10785,20022,450,5414,25843,31257
SEDeKalb,Atlanta-DeKalb,492,82,38,323,909,71,815,991,109,612,1303,1915
SEDeKalb,Decatur,826,147,68,817,2414,236,1643,2561,304,1041,3467,4508
SEDeKalb,SWDeKalb,2519,509,107,4821,14118,422,7340,14627,529,3135,19361,22496
SEDeKalb,SEDeKalb,12960,2640,259,33909,87778,861,46869,90418,1120,15859,122548,138407
SEDeKalb,SDeKalb,4608,961,61,8840,23549,264,13448,24510,325,5630,32653,38283
SEDeKalb,WDouglas,26,5,1,14,24,0,40,29,1,32,38,70
SEDeKalb,EDouglas,91,27,1,22,78,0,113,105,1,119,100,219
SEDeKalb,WFayette,53,11,0,10,37,0,63,48,0,64,47,111
SEDeKalb,EFayette,77,14,0,21,59,0,98,73,0,91,80,171
SEDeKalb,NGwinnett,262,47,0,86,244,2,348,291,2,309,332,641
SEDeKalb,CentGwinnett,901,167,2,456,1466,0,1357,1633,2,1070,1922,2992
SEDeKalb,EGwinnett,271,50,0,104,393,0,375,443,0,321,497,818
SEDeKalb,Norcross,1086,218,6,397,1463,6,1483,1681,12,1310,1866,3176
SEDeKalb,Lilburn,1176,211,1,1681,5226,5,2857,5437,6,1388,6912,8300
SEDeKalb,Snellville,1455,329,7,1684,6460,14,3139,6789,21,1791,8158,9949
SEDeKalb,NHenry,544,96,4,381,1248,2,925,1344,6,644,1631,2275
SEDeKalb,EHenry,353,73,1,145,646,2,498,719,3,427,793,1220
SEDeKalb,SHenry,317,68,0,80,272,0,397,340,0,385,352,737
SEDeKalb,SRockdale,886,188,6,810,2833,6,1696,3021,12,1080,3649,4729
SEDeKalb,NRockdale,1690,331,12,1279,4255,17,2969,4586,29,2033,5551,7584
SEDeKalb,NBarrow,42,10,0,9,10,0,51,20,0,52,19,71
SEDeKalb,SBarrow,49,7,0,14,35,0,63,42,0,56,49,105
SEDeKalb,NWBartow,0,0,0,0,0,0,0,0,0,0,0,0
SEDeKalb,NEBartow,1,0,0,1,10,0,2,10,0,1,11,12
SEDeKalb,SWBartow,1,0,0,0,1,0,1,1,0,1,1,2
SEDeKalb,Cartersville,3,1,0,6,2,0,9,3,0,4,8,12
SEDeKalb,NECarroll,6,0,0,2,8,0,8,8,0,6,10,16
SEDeKalb,WCarroll,1,0,0,0,0,0,1,0,0,1,0,1
SEDeKalb,CentralCarroll,2,0,0,2,1,0,4,1,0,2,3,5
SEDeKalb,SECarroll,0,0,0,0,0,0,0,0,0,0,0,0
SEDeKalb,WCoweta,5,0,0,1,7,0,6,7,0,5,8,13
SEDeKalb,NCoweta,31,10,0,8,51,1,39,61,1,41,60,101
SEDeKalb,SCoweta,2,0,0,1,1,0,3,1,0,2,2,4
SEDeKalb,SECoweta,7,2,0,1,4,0,8,6,0,9,5,14
SEDeKalb,NForsyth,1,1,0,3,3,0,4,4,0,2,6,8
SEDeKalb,Cumming,23,9,0,7,20,0,30,29,0,32,27,59
SEDeKalb,SForsyth,56,12,0,21,51,0,77,63,0,68,72,140
SEDeKalb,NHall,2,0,0,1,1,0,3,1,0,2,2,4
SEDeKalb,Gainesville,29,5,0,7,7,0,36,12,0,34,14,48
SEDeKalb,SHall,40,12,0,17,17,0,57,29,0,52,34,86
SEDeKalb,WNewton,906,180,2,276,885,1,1182,1065,3,1088,1162,2250
SEDeKalb,ENewton,72,15,0,32,126,0,104,141,0,87,158,245
SEDeKalb,NPaulding,4,0,0,2,2,0,6,2,0,4,4,8
SEDeKalb,WPaulding,4,0,0,1,1,0,5,1,0,4,2,6
SEDeKalb,EPaulding,22,5,0,9,16,0,31,21,0,27,25,52
SEDeKalb,NSpalding,29,7,0,6,20,0,35,27,0,36,26,62
SEDeKalb,SSpalding,14,3,0,5,8,0,19,11,0,17,13,30
SEDeKalb,WWalton,351,72,0,176,735,0,527,807,0,423,911,1334
SEDeKalb,EWalton,145,30,0,34,199,0,179,229,0,175,233,408
SDeKalb,NFulton,263,51,19,44,82,1,307,133,20,333,127,460
SDeKalb,Roswell,140,30,0,42,93,1,182,123,1,170,136,306
SDeKalb,SandySprings,832,176,81,101,179,13,933,355,94,1089,293,1382
SDeKalb,Buckhead,1204,285,110,249,735,36,1453,1020,146,1599,1020,2619
SDeKalb,NWAtlanta,649,146,33,202,591,27,851,737,60,828,820,1648
SDeKalb,NEAtlanta,2135,435,179,1027,2636,128,3162,3071,307,2749,3791,6540
SDeKalb,SWAtlanta,868,179,29,434,1104,60,1302,1283,89,1076,1598,2674
SDeKalb,CBDAtlanta,3055,577,914,1008,2566,531,4063,3143,1445,4546,4105,8651
SDeKalb,SEAtlanta,1489,326,31,1383,2969,49,2872,3295,80,1846,4401,6247
SDeKalb,SFulton,200,44,5,60,198,2,260,242,7,249,260,509
SDeKalb,Tri-Cities,1224,251,37,383,966,17,1607,1217,54,1512,1366,2878
SDeKalb,Shannon,442,101,4,166,383,9,608,484,13,547,558,1105
SDeKalb,WCherokee,2,0,0,1,1,0,3,1,0,2,2,4
SDeKalb,NCherokee,0,0,0,2,2,0,2,2,0,0,4,4
SDeKalb,ECentCherokee,13,2,0,10,25,0,23,27,0,15,35,50
SDeKalb,Woodstock,39,5,0,9,33,0,48,38,0,44,42,86
SDeKalb,Airport,1083,197,118,261,469,15,1344,666,133,1398,745,2143
SDeKalb,NEClayton,2792,570,6,2433,7057,21,5225,7627,27,3368,9511,12879
SDeKalb,Riverdale,473,102,4,243,790,6,716,892,10,579,1039,1618
SDeKalb,SClayton,733,161,1,370,1118,0,1103,1279,1,895,1488,2383
SDeKalb,NWCobb,97,44,0,33,92,0,130,136,0,141,125,266
SDeKalb,NECobb,137,34,0,44,148,1,181,182,1,171,193,364
SDeKalb,SWCobb,78,14,0,26,59,1,104,73,1,92,86,178
SDeKalb,Marietta,131,38,2,33,82,4,164,120,6,171,119,290
SDeKalb,Cumberland,643,147,13,96,294,3,739,441,16,803,393,1196
SDeKalb,SCobb,256,50,1,84,204,2,340,254,3,307,290,597
SDeKalb,Chamblee,1221,226,63,306,641,24,1527,867,87,1510,971,2481
SDeKalb,NWDeKalb,2308,444,69,1361,3145,111,3669,3589,180,2821,4617,7438
SDeKalb,NEDeKalb,2059,392,19,1353,3539,48,3412,3931,67,2470,4940,7410
SDeKalb,Atlanta-DeKalb,684,147,22,972,2488,62,1656,2635,84,853,3522,4375
SDeKalb,Decatur,842,139,40,758,2226,182,1600,2365,222,1021,3166,4187
SDeKalb,SWDeKalb,3302,679,72,6205,17672,279,9507,18351,351,4053,24156,28209
SDeKalb,SEDeKalb,4419,920,65,8769,23764,264,13188,24684,329,5404,32797,38201
SDeKalb,SDeKalb,13128,2678,107,37107,101623,847,50235,104301,954,15913,139577,155490
SDeKalb,WDouglas,98,16,1,30,68,0,128,84,1,115,98,213
SDeKalb,EDouglas,155,29,1,53,107,3,208,136,4,185,163,348
SDeKalb,WFayette,157,27,0,48,85,2,205,112,2,184,135,319
SDeKalb,EFayette,254,65,0,71,196,2,325,261,2,319,269,588
SDeKalb,NGwinnett,141,33,0,57,171,1,198,204,1,174,229,403
SDeKalb,CentGwinnett,502,134,2,162,387,8,664,521,10,638,557,1195
SDeKalb,EGwinnett,145,32,0,61,162,1,206,194,1,177,224,401
SDeKalb,Norcross,594,124,4,158,475,3,752,599,7,722,636,1358
SDeKalb,Lilburn,404,76,0,283,959,2,687,1035,2,480,1244,1724
SDeKalb,Snellville,623,129,0,424,1228,5,1047,1357,5,752,1657,2409
SDeKalb,NHenry,1680,344,8,2079,7552,21,3759,7896,29,2032,9652,11684
SDeKalb,EHenry,701,133,0,496,1697,4,1197,1830,4,834,2197,3031
SDeKalb,SHenry,861,185,0,287,797,3,1148,982,3,1046,1087,2133
SDeKalb,SRockdale,1147,229,9,1534,4618,26,2681,4847,35,1385,6178,7563
SDeKalb,NRockdale,1435,283,4,1305,3486,13,2740,3769,17,1722,4804,6526
SDeKalb,NBarrow,20,0,0,6,12,0,26,12,0,20,18,38
SDeKalb,SBarrow,23,6,0,17,32,0,40,38,0,29,49,78
SDeKalb,NWBartow,2,0,0,0,1,0,2,1,0,2,1,3
SDeKalb,NEBartow,2,0,0,0,5,0,2,5,0,2,5,7
SDeKalb,SWBartow,1,1,0,1,2,0,2,3,0,2,3,5
SDeKalb,Cartersville,9,1,0,4,14,0,13,15,0,10,18,28
SDeKalb,NECarroll,19,2,0,9,8,0,28,10,0,21,17,38
SDeKalb,WCarroll,2,0,0,1,1,0,3,1,0,2,2,4
SDeKalb,CentralCarroll,23,2,0,8,14,0,31,16,0,25,22,47
SDeKalb,SECarroll,2,0,0,2,2,0,4,2,0,2,4,6
SDeKalb,WCoweta,25,3,0,8,12,1,33,15,1,28,21,49
SDeKalb,NCoweta,206,28,1,42,84,0,248,112,1,235,126,361
SDeKalb,SCoweta,10,3,0,1,3,0,11,6,0,13,4,17
SDeKalb,SECoweta,22,6,0,10,35,0,32,41,0,28,45,73
SDeKalb,NForsyth,7,0,0,5,11,0,12,11,0,7,16,23
SDeKalb,Cumming,19,2,0,13,24,0,32,26,0,21,37,58
SDeKalb,SForsyth,42,9,0,22,24,0,64,33,0,51,46,97
SDeKalb,NHall,0,0,0,2,1,0,2,1,0,0,3,3
SDeKalb,Gainesville,13,0,0,2,7,0,15,7,0,13,9,22
SDeKalb,SHall,10,3,0,6,22,0,16,25,0,13,28,41
SDeKalb,WNewton,941,201,1,450,1427,4,1391,1628,5,1143,1881,3024
SDeKalb,ENewton,65,19,0,34,127,1,99,146,1,84,162,246
SDeKalb,NPaulding,9,1,0,5,16,0,14,17,0,10,21,31
SDeKalb,WPaulding,4,3,0,2,8,0,6,11,0,7,10,17
SDeKalb,EPaulding,77,21,0,18,69,0,95,90,0,98,87,185
SDeKalb,NSpalding,98,11,0,23,34,0,121,45,0,109,57,166
SDeKalb,SSpalding,42,8,0,14,26,0,56,34,0,50,40,90
SDeKalb,WWalton,193,38,0,98,337,0,291,375,0,231,435,666
SDeKalb,EWalton,117,25,0,46,84,0,163,109,0,142,130,272
WDouglas,NFulton,52,8,0,9,71,1,61,79,1,60,81,141
WDouglas,Roswell,48,9,0,13,12,0,61,21,0,57,25,82
WDouglas,SandySprings,307,55,7,45,75,1,352,130,8,369,121,490
WDouglas,Buckhead,409,74,11,76,277,2,485,351,13,494,355,849
WDouglas,NWAtlanta,514,75,1,98,262,2,612,337,3,590,362,952
WDouglas,NEAtlanta,473,79,22,124,312,15,597,391,37,574,451,1025
WDouglas,SWAtlanta,744,129,8,238,873,9,982,1002,17,881,1120,2001
WDouglas,CBDAtlanta,610,87,112,149,511,36,759,598,148,809,696,1505
WDouglas,SEAtlanta,269,34,4,71,315,6,340,349,10,307,392,699
WDouglas,SFulton,946,180,2,435,1785,0,1381,1965,2,1128,2220,3348
WDouglas,Tri-Cities,478,107,4,84,256,0,562,363,4,589,340,929
WDouglas,Shannon,519,120,1,195,629,0,714,749,1,640,824,1464
WDouglas,WCherokee,0,2,0,1,2,0,1,4,0,2,3,5
WDouglas,NCherokee,0,0,0,0,0,0,0,0,0,0,0,0
WDouglas,ECentCherokee,19,3,0,6,5,0,25,8,0,22,11,33
WDouglas,Woodstock,44,13,0,11,43,0,55,56,0,57,54,111
WDouglas,Airport,278,45,17,30,44,0,308,89,17,340,74,414
WDouglas,NEClayton,278,47,0,37,114,0,315,161,0,325,151,476
WDouglas,Riverdale,99,20,0,25,123,0,124,143,0,119,148,267
WDouglas,SClayton,76,12,0,29,34,0,105,46,0,88,63,151
WDouglas,NWCobb,423,65,0,100,250,0,523,315,0,488,350,838
WDouglas,NECobb,161,37,0,29,100,0,190,137,0,198,129,327
WDouglas,SWCobb,544,107,0,285,986,0,829,1093,0,651,1271,1922
WDouglas,Marietta,382,73,0,101,340,1,483,413,1,455,442,897
WDouglas,Cumberland,831,141,0,129,343,0,960,484,0,972,472,1444
WDouglas,SCobb,1022,212,1,418,1256,2,1440,1468,3,1235,1676,2911
WDouglas,Chamblee,211,43,2,41,47,2,252,90,4,256,90,346
WDouglas,NWDeKalb,212,48,2,78,229,0,290,277,2,262,307,569
WDouglas,NEDeKalb,112,21,0,38,83,1,150,104,1,133,122,255
WDouglas,Atlanta-DeKalb,44,6,1,17,59,0,61,65,1,51,76,127
WDouglas,Decatur,45,8,3,12,37,2,57,45,5,56,51,107
WDouglas,SWDeKalb,85,14,1,19,85,0,104,99,1,100,104,204
WDouglas,SEDeKalb,33,2,1,17,23,0,50,25,1,36,40,76
WDouglas,SDeKalb,111,25,1,29,79,0,140,104,1,137,108,245
WDouglas,WDouglas,10328,2098,4,25507,73563,0,35835,75661,4,12430,99070,111500
WDouglas,EDouglas,4755,966,1,8165,23729,7,12920,24695,8,5722,31901,37623
WDouglas,WFayette,246,58,0,68,158,0,314,216,0,304,226,530
WDouglas,EFayette,123,20,0,39,117,0,162,137,0,143,156,299
WDouglas,NGwinnett,5,1,0,3,1,0,8,2,0,6,4,10
WDouglas,CentGwinnett,33,3,0,8,52,1,41,55,1,36,61,97
WDouglas,EGwinnett,1,0,0,3,2,0,4,2,0,1,5,6
WDouglas,Norcross,102,11,0,13,33,0,115,44,0,113,46,159
WDouglas,Lilburn,19,2,0,7,6,0,26,8,0,21,13,34
WDouglas,Snellville,4,1,0,11,6,0,15,7,0,5,17,22
WDouglas,NHenry,39,8,0,14,36,0,53,44,0,47,50,97
WDouglas,EHenry,6,0,0,1,18,0,7,18,0,6,19,25
WDouglas,SHenry,33,4,0,11,11,0,44,15,0,37,22,59
WDouglas,SRockdale,6,2,0,1,4,0,7,6,0,8,5,13
WDouglas,NRockdale,8,1,0,1,19,0,9,20,0,9,20,29
WDouglas,NBarrow,0,0,0,0,0,0,0,0,0,0,0,0
WDouglas,SBarrow,0,0,0,1,0,0,1,0,0,0,1,1
WDouglas,NWBartow,6,0,0,4,2,0,10,2,0,6,6,12
WDouglas,NEBartow,6,1,0,1,5,0,7,6,0,7,6,13
WDouglas,SWBartow,28,2,0,8,13,0,36,15,0,30,21,51
WDouglas,Cartersville,60,12,0,13,16,0,73,28,0,72,29,101
WDouglas,NECarroll,1605,339,1,1776,6476,0,3381,6815,1,1945,8252,10197
WDouglas,WCarroll,140,33,0,24,81,0,164,114,0,173,105,278
WDouglas,CentralCarroll,1283,247,0,932,2432,0,2215,2679,0,1530,3364,4894
WDouglas,SECarroll,115,28,0,71,186,0,186,214,0,143,257,400
WDouglas,WCoweta,160,35,0,61,164,0,221,199,0,195,225,420
WDouglas,NCoweta,439,82,0,117,354,0,556,436,0,521,471,992
WDouglas,SCoweta,17,4,0,6,37,0,23,41,0,21,43,64
WDouglas,SECoweta,22,0,0,5,7,0,27,7,0,22,12,34
WDouglas,NForsyth,0,0,0,0,17,0,0,17,0,0,17,17
WDouglas,Cumming,1,1,0,4,0,0,5,1,0,2,4,6
WDouglas,SForsyth,12,0,0,3,9,0,15,9,0,12,12,24
WDouglas,NHall,0,0,0,0,0,0,0,0,0,0,0,0
WDouglas,Gainesville,1,0,0,0,0,0,1,0,0,1,0,1
WDouglas,SHall,1,0,0,0,0,0,1,0,0,1,0,1
WDouglas,WNewton,4,0,0,9,3,0,13,3,0,4,12,16
WDouglas,ENewton,0,0,0,0,0,0,0,0,0,0,0,0
WDouglas,NPaulding,111,20,0,35,100,0,146,120,0,131,135,266
WDouglas,WPaulding,187,42,0,139,614,0,326,656,0,229,753,982
WDouglas,EPaulding,1594,327,0,1591,6165,0,3185,6492,0,1921,7756,9677
WDouglas,NSpalding,7,4,0,1,6,0,8,10,0,11,7,18
WDouglas,SSpalding,6,0,0,1,18,0,7,18,0,6,19,25
WDouglas,WWalton,3,0,0,0,1,0,3,1,0,3,1,4
WDouglas,EWalton,2,0,0,0,0,0,2,0,0,2,0,2
EDouglas,NFulton,119,14,1,32,70,0,151,84,1,134,102,236
EDouglas,Roswell,86,17,1,22,44,0,108,61,1,104,66,170
EDouglas,SandySprings,465,86,29,102,149,6,567,235,35,580,257,837
EDouglas,Buckhead,706,125,41,186,477,10,892,602,51,872,673,1545
EDouglas,NWAtlanta,831,168,9,325,1034,10,1156,1202,19,1008,1369,2377
EDouglas,NEAtlanta,759,135,52,312,787,51,1071,922,103,946,1150,2096
EDouglas,SWAtlanta,1428,296,26,1037,2992,38,2465,3288,64,1750,4067,5817
EDouglas,CBDAtlanta,1109,178,284,367,946,132,1476,1124,416,1571,1445,3016
EDouglas,SEAtlanta,436,81,7,190,445,10,626,526,17,524,645,1169
EDouglas,SFulton,1751,344,4,1628,4415,1,3379,4759,5,2099,6044,8143
EDouglas,Tri-Cities,597,108,14,215,709,4,812,817,18,719,928,1647
EDouglas,Shannon,593,112,0,279,825,1,872,937,1,705,1105,1810
EDouglas,WCherokee,8,1,0,3,0,0,11,1,0,9,3,12
EDouglas,NCherokee,3,0,0,1,5,0,4,5,0,3,6,9
EDouglas,ECentCherokee,48,17,0,17,44,0,65,61,0,65,61,126
EDouglas,Woodstock,112,18,0,39,88,0,151,106,0,130,127,257
EDouglas,Airport,379,73,69,52,125,1,431,198,70,521,178,699
EDouglas,NEClayton,278,47,1,39,118,2,317,165,3,326,159,485
EDouglas,Riverdale,124,34,1,38,138,1,162,172,2,159,177,336
EDouglas,SClayton,102,20,1,29,58,1,131,78,2,123,88,211
EDouglas,NWCobb,815,171,0,276,853,1,1091,1024,1,986,1130,2116
EDouglas,NECobb,367,77,0,109,173,0,476,250,0,444,282,726
EDouglas,SWCobb,2357,487,4,2868,8696,5,5225,9183,9,2848,11569,14417
EDouglas,Marietta,803,149,4,370,873,8,1173,1022,12,956,1251,2207
EDouglas,Cumberland,1392,287,5,402,1047,3,1794,1334,8,1684,1452,3136
EDouglas,SCobb,3326,703,9,4849,13646,30,8175,14349,39,4038,18525,22563
EDouglas,Chamblee,354,81,18,65,95,3,419,176,21,453,163,616
EDouglas,NWDeKalb,333,72,10,95,285,7,428,357,17,415,387,802
EDouglas,NEDeKalb,180,43,5,49,64,5,229,107,10,228,118,346
EDouglas,Atlanta-DeKalb,95,21,2,40,88,1,135,109,3,118,129,247
EDouglas,Decatur,88,12,13,27,69,7,115,81,20,113,103,216
EDouglas,SWDeKalb,137,31,3,57,105,1,194,136,4,171,163,334
EDouglas,SEDeKalb,80,16,1,24,93,0,104,109,1,97,117,214
EDouglas,SDeKalb,172,34,1,55,167,3,227,201,4,207,225,432
EDouglas,WDouglas,4923,1002,1,8268,23966,6,13191,24968,7,5926,32240,38166
EDouglas,EDouglas,14732,3181,12,33447,80667,29,48179,83848,41,17925,114143,132068
EDouglas,WFayette,239,42,0,63,173,2,302,215,2,281,238,519
EDouglas,EFayette,147,32,0,40,91,0,187,123,0,179,131,310
EDouglas,NGwinnett,22,4,0,8,25,0,30,29,0,26,33,59
EDouglas,CentGwinnett,63,22,1,20,99,0,83,121,1,86,119,205
EDouglas,EGwinnett,7,1,0,1,11,0,8,12,0,8,12,20
EDouglas,Norcross,154,26,0,22,72,0,176,98,0,180,94,274
EDouglas,Lilburn,37,4,0,6,37,1,43,41,1,41,44,85
EDouglas,Snellville,21,5,0,8,37,0,29,42,0,26,45,71
EDouglas,NHenry,46,12,0,15,30,0,61,42,0,58,45,103
EDouglas,EHenry,20,5,0,6,7,0,26,12,0,25,13,38
EDouglas,SHenry,51,6,0,11,81,0,62,87,0,57,92,149
EDouglas,SRockdale,19,1,0,3,32,0,22,33,0,20,35,55
EDouglas,NRockdale,27,6,0,8,8,0,35,14,0,33,16,49
EDouglas,NBarrow,1,0,0,0,0,0,1,0,0,1,0,1
EDouglas,SBarrow,0,1,0,0,0,0,0,1,0,1,0,1
EDouglas,NWBartow,17,2,0,5,4,0,22,6,0,19,9,28
EDouglas,NEBartow,12,1,0,1,14,0,13,15,0,13,15,28
EDouglas,SWBartow,42,8,0,13,53,0,55,61,0,50,66,116
EDouglas,Cartersville,105,13,0,22,65,0,127,78,0,118,87,205
EDouglas,NECarroll,886,161,0,299,1001,0,1185,1162,0,1047,1300,2347
EDouglas,WCarroll,79,17,0,19,102,0,98,119,0,96,121,217
EDouglas,CentralCarroll,589,116,0,234,331,0,823,447,0,705,565,1270
EDouglas,SECarroll,64,15,0,33,50,0,97,65,0,79,83,162
EDouglas,WCoweta,88,16,0,12,91,0,100,107,0,104,103,207
EDouglas,NCoweta,381,65,0,93,305,0,474,370,0,446,398,844
EDouglas,SCoweta,21,4,0,11,10,0,32,14,0,25,21,46
EDouglas,SECoweta,33,10,0,12,53,0,45,63,0,43,65,108
EDouglas,NForsyth,3,0,0,0,2,0,3,2,0,3,2,5
EDouglas,Cumming,7,3,0,3,4,0,10,7,0,10,7,17
EDouglas,SForsyth,24,5,0,5,7,0,29,12,0,29,12,41
EDouglas,NHall,1,0,0,0,0,0,1,0,0,1,0,1
EDouglas,Gainesville,1,0,0,0,0,0,1,0,0,1,0,1
EDouglas,SHall,4,0,0,0,0,0,4,0,0,4,0,4
EDouglas,WNewton,24,6,0,6,10,0,30,16,0,30,16,46
EDouglas,ENewton,2,0,0,0,4,0,2,4,0,2,4,6
EDouglas,NPaulding,253,50,0,70,228,0,323,278,0,303,298,601
EDouglas,WPaulding,260,66,0,86,364,0,346,430,0,326,450,776
EDouglas,EPaulding,2750,553,2,2315,9118,3,5065,9671,5,3305,11436,14741
EDouglas,NSpalding,16,1,0,2,17,0,18,18,0,17,19,36
EDouglas,SSpalding,7,1,0,1,5,0,8,6,0,8,6,14
EDouglas,WWalton,6,2,0,0,0,0,6,2,0,8,0,8
EDouglas,EWalton,0,0,0,0,1,0,0,1,0,0,1,1
WFayette,NFulton,19,0,0,5,32,0,24,32,0,19,37,56
WFayette,Roswell,7,4,0,7,7,0,14,11,0,11,14,25
WFayette,SandySprings,102,19,3,19,76,3,121,95,6,124,98,222
WFayette,Buckhead,206,38,12,33,133,2,239,171,14,256,168,424
WFayette,NWAtlanta,196,34,2,30,57,0,226,91,2,232,87,319
WFayette,NEAtlanta,244,57,12,75,120,10,319,177,22,313,205,518
WFayette,SWAtlanta,329,59,3,95,248,4,424,307,7,391,347,738
WFayette,CBDAtlanta,240,48,50,74,170,20,314,218,70,338,264,602
WFayette,SEAtlanta,283,57,3,83,210,5,366,267,8,343,298,641
WFayette,SFulton,618,108,1,412,1345,0,1030,1453,1,727,1757,2484
WFayette,Tri-Cities,777,133,5,152,420,3,929,553,8,915,575,1490
WFayette,Shannon,1926,356,4,1601,4732,9,3527,5088,13,2286,6342,8628
WFayette,WCherokee,0,0,0,0,0,0,0,0,0,0,0,0
WFayette,NCherokee,0,1,0,0,0,0,0,1,0,1,0,1
WFayette,ECentCherokee,2,0,0,1,0,0,3,0,0,2,1,3
WFayette,Woodstock,4,0,0,12,29,0,16,29,0,4,41,45
WFayette,Airport,458,78,18,82,280,5,540,358,23,554,367,921
WFayette,NEClayton,742,110,2,185,405,1,927,515,3,854,591,1445
WFayette,Riverdale,559,101,1,333,1158,2,892,1259,3,661,1493,2154
WFayette,SClayton,1005,220,0,457,1520,2,1462,1740,2,1225,1979,3204
WFayette,NWCobb,35,4,0,21,18,0,56,22,0,39,39,78
WFayette,NECobb,48,14,0,13,59,0,61,73,0,62,72,134
WFayette,SWCobb,49,12,0,9,30,0,58,42,0,61,39,100
WFayette,Marietta,72,7,0,25,54,1,97,61,1,79,80,159
WFayette,Cumberland,329,53,0,43,131,1,372,184,1,382,175,557
WFayette,SCobb,160,18,0,35,97,0,195,115,0,178,132,310
WFayette,Chamblee,96,26,4,29,49,3,125,75,7,126,81,207
WFayette,NWDeKalb,144,20,4,40,89,2,184,109,6,168,131,299
WFayette,NEDeKalb,84,10,0,22,47,0,106,57,0,94,69,163
WFayette,Atlanta-DeKalb,31,4,1,14,40,0,45,44,1,36,54,90
WFayette,Decatur,22,4,1,11,29,1,33,33,2,27,41,68
WFayette,SWDeKalb,93,10,2,24,66,0,117,76,2,105,90,195
WFayette,SEDeKalb,60,11,0,13,34,0,73,45,0,71,47,118
WFayette,SDeKalb,161,26,0,44,92,2,205,118,2,187,138,325
WFayette,WDouglas,250,45,0,66,174,0,316,219,0,295,240,535
WFayette,EDouglas,238,49,0,66,142,2,304,191,2,287,210,497
WFayette,WFayette,19820,3620,0,39085,89013,0,58905,92633,0,23440,128098,151538
WFayette,EFayette,3158,586,0,3622,10341,0,6780,10927,0,3744,13963,17707
WFayette,NGwinnett,0,0,0,3,3,0,3,3,0,0,6,6
WFayette,CentGwinnett,11,9,0,10,12,0,21,21,0,20,22,42
WFayette,EGwinnett,1,0,0,2,0,0,3,0,0,1,2,3
WFayette,Norcross,44,14,1,4,22,0,48,36,1,59,26,85
WFayette,Lilburn,9,1,0,8,18,0,17,19,0,10,26,36
WFayette,Snellville,9,3,0,3,21,0,12,24,0,12,24,36
WFayette,NHenry,207,34,0,51,129,0,258,163,0,241,180,421
WFayette,EHenry,110,20,0,16,101,0,126,121,0,130,117,247
WFayette,SHenry,574,102,0,145,424,0,719,526,0,676,569,1245
WFayette,SRockdale,23,5,0,7,17,0,30,22,0,28,24,52
WFayette,NRockdale,22,2,0,10,15,0,32,17,0,24,25,49
WFayette,NBarrow,0,0,0,0,1,0,0,1,0,0,1,1
WFayette,SBarrow,1,0,0,0,0,0,1,0,0,1,0,1
WFayette,NWBartow,0,0,0,0,0,0,0,0,0,0,0,0
WFayette,NEBartow,0,0,0,0,0,0,0,0,0,0,0,0
WFayette,SWBartow,0,0,0,0,0,0,0,0,0,0,0,0
WFayette,Cartersville,3,1,0,0,0,0,3,1,0,4,0,4
WFayette,NECarroll,60,13,0,13,23,0,73,36,0,73,36,109
WFayette,WCarroll,20,2,0,5,17,0,25,19,0,22,22,44
WFayette,CentralCarroll,131,29,0,121,91,0,252,120,0,160,212,372
WFayette,SECarroll,44,6,0,9,15,0,53,21,0,50,24,74
WFayette,WCoweta,386,57,0,125,306,0,511,363,0,443,431,874
WFayette,NCoweta,3834,738,0,3016,9480,0,6850,10218,0,4572,12496,17068
WFayette,SCoweta,256,51,0,88,349,0,344,400,0,307,437,744
WFayette,SECoweta,1464,260,0,1463,4964,0,2927,5224,0,1724,6427,8151
WFayette,NForsyth,0,0,0,0,0,0,0,0,0,0,0,0
WFayette,Cumming,1,0,0,0,0,0,1,0,0,1,0,1
WFayette,SForsyth,1,1,0,1,3,0,2,4,0,2,4,6
WFayette,NHall,0,0,0,0,0,0,0,0,0,0,0,0
WFayette,Gainesville,0,0,0,0,0,0,0,0,0,0,0,0
WFayette,SHall,0,0,0,0,0,0,0,0,0,0,0,0
WFayette,WNewton,34,8,0,9,5,0,43,13,0,42,14,56
WFayette,ENewton,1,0,0,0,6,0,1,6,0,1,6,7
WFayette,NPaulding,7,2,0,2,1,0,9,3,0,9,3,12
WFayette,WPaulding,5,3,0,1,10,0,6,13,0,8,11,19
WFayette,EPaulding,61,9,0,19,37,0,80,46,0,70,56,126
WFayette,NSpalding,481,80,0,175,212,0,656,292,0,561,387,948
WFayette,SSpalding,414,67,0,124,346,0,538,413,0,481,470,951
WFayette,WWalton,4,1,0,0,0,0,4,1,0,5,0,5
WFayette,EWalton,0,0,0,0,1,0,0,1,0,0,1,1
EFayette,NFulton,27,1,2,10,4,0,37,5,2,30,14,44
EFayette,Roswell,12,4,1,11,26,0,23,30,1,17,37,54
EFayette,SandySprings,119,30,6,29,56,3,148,86,9,155,88,243
EFayette,Buckhead,264,56,17,44,99,4,308,155,21,337,147,484
EFayette,NWAtlanta,205,39,1,37,112,1,242,151,2,245,150,395
EFayette,NEAtlanta,370,73,43,131,297,8,501,370,51,486,436,922
EFayette,SWAtlanta,287,68,7,144,502,6,431,570,13,362,652,1014
EFayette,CBDAtlanta,388,71,115,124,217,48,512,288,163,574,389,963
EFayette,SEAtlanta,364,59,3,152,389,6,516,448,9,426,547,973
EFayette,SFulton,350,62,0,140,393,0,490,455,0,412,533,945
EFayette,Tri-Cities,917,169,6,252,761,2,1169,930,8,1092,1015,2107
EFayette,Shannon,1593,270,6,1672,4841,6,3265,5111,12,1869,6519,8388
EFayette,WCherokee,1,0,0,0,0,0,1,0,0,1,0,1
EFayette,NCherokee,0,0,0,0,0,0,0,0,0,0,0,0
EFayette,ECentCherokee,5,1,0,2,9,0,7,10,0,6,11,17
EFayette,Woodstock,7,1,0,2,14,0,9,15,0,8,16,24
EFayette,Airport,778,133,20,306,694,1,1084,827,21,931,1001,1932
EFayette,NEClayton,1309,228,2,614,1644,8,1923,1872,10,1539,2266,3805
EFayette,Riverdale,1587,301,2,2609,7730,6,4196,8031,8,1890,10345,12235
EFayette,SClayton,2473,517,3,2873,8847,3,5346,9364,6,2993,11723,14716
EFayette,NWCobb,33,6,0,11,27,0,44,33,0,39,38,77
EFayette,NECobb,45,11,0,11,37,0,56,48,0,56,48,104
EFayette,SWCobb,34,6,0,11,2,0,45,8,0,40,13,53
EFayette,Marietta,66,8,0,25,53,0,91,61,0,74,78,152
EFayette,Cumberland,295,57,1,36,131,1,331,188,2,353,168,521
EFayette,SCobb,153,29,0,29,62,0,182,91,0,182,91,273
EFayette,Chamblee,141,41,5,33,76,1,174,117,6,187,110,297
EFayette,NWDeKalb,205,36,2,52,132,2,257,168,4,243,186,429
EFayette,NEDeKalb,122,22,1,49,107,1,171,129,2,145,157,302
EFayette,Atlanta-DeKalb,44,6,0,12,26,0,56,32,0,50,38,88
EFayette,Decatur,25,4,3,14,46,0,39,50,3,32,60,92
EFayette,SWDeKalb,124,18,0,42,114,0,166,132,0,142,156,298
EFayette,SEDeKalb,60,15,0,16,73,0,76,88,0,75,89,164
EFayette,SDeKalb,260,57,0,82,253,2,342,310,2,317,337,654
EFayette,WDouglas,125,19,0,36,105,0,161,124,0,144,141,285
EFayette,EDouglas,137,31,0,29,96,0,166,127,0,168,125,293
EFayette,WFayette,3319,541,0,3598,10474,0,6917,11015,0,3860,14072,17932
EFayette,EFayette,10722,1950,0,25372,59062,0,36094,61012,0,12672,84434,97106
EFayette,NGwinnett,12,0,0,4,5,0,16,5,0,12,9,21
EFayette,CentGwinnett,32,8,0,10,14,0,42,22,0,40,24,64
EFayette,EGwinnett,1,1,0,4,0,0,5,1,0,2,4,6
EFayette,Norcross,67,15,1,13,26,0,80,41,1,83,39,122
EFayette,Lilburn,24,8,0,8,13,0,32,21,0,32,21,53
EFayette,Snellville,25,3,0,8,53,0,33,56,0,28,61,89
EFayette,NHenry,446,69,0,193,624,0,639,693,0,515,817,1332
EFayette,EHenry,188,39,0,62,127,0,250,166,0,227,189,416
EFayette,SHenry,1024,177,0,445,1250,0,1469,1427,0,1201,1695,2896
EFayette,SRockdale,37,12,0,12,19,0,49,31,0,49,31,80
EFayette,NRockdale,30,6,0,18,23,0,48,29,0,36,41,77
EFayette,NBarrow,0,0,0,0,1,0,0,1,0,0,1,1
EFayette,SBarrow,0,1,0,0,1,0,0,2,0,1,1,2
EFayette,NWBartow,0,0,0,0,0,0,0,0,0,0,0,0
EFayette,NEBartow,0,0,0,0,0,0,0,0,0,0,0,0
EFayette,SWBartow,1,0,0,1,0,0,2,0,0,1,1,2
EFayette,Cartersville,1,0,0,1,0,0,2,0,0,1,1,2
EFayette,NECarroll,18,2,0,4,7,0,22,9,0,20,11,31
EFayette,WCarroll,4,1,0,1,17,0,5,18,0,5,18,23
EFayette,CentralCarroll,43,8,0,31,24,0,74,32,0,51,55,106
EFayette,SECarroll,10,0,0,3,19,0,13,19,0,10,22,32
EFayette,WCoweta,104,14,0,19,49,0,123,63,0,118,68,186
EFayette,NCoweta,856,168,0,349,1033,0,1205,1201,0,1024,1382,2406
EFayette,SCoweta,67,16,0,20,25,0,87,41,0,83,45,128
EFayette,SECoweta,473,71,0,373,991,0,846,1062,0,544,1364,1908
EFayette,NForsyth,0,0,0,0,0,0,0,0,0,0,0,0
EFayette,Cumming,0,0,0,0,1,0,0,1,0,0,1,1
EFayette,SForsyth,3,1,0,2,5,0,5,6,0,4,7,11
EFayette,NHall,0,0,0,0,0,0,0,0,0,0,0,0
EFayette,Gainesville,0,0,0,0,0,0,0,0,0,0,0,0
EFayette,SHall,0,0,0,2,1,0,2,1,0,0,3,3
EFayette,WNewton,54,14,0,21,57,0,75,71,0,68,78,146
EFayette,ENewton,3,0,0,2,2,0,5,2,0,3,4,7
EFayette,NPaulding,1,3,0,0,0,0,1,3,0,4,0,4
EFayette,WPaulding,3,1,0,1,2,0,4,3,0,4,3,7
EFayette,EPaulding,30,2,0,12,42,0,42,44,0,32,54,86
EFayette,NSpalding,607,102,0,411,1064,0,1018,1166,0,709,1475,2184
EFayette,SSpalding,456,82,0,227,611,0,683,693,0,538,838,1376
EFayette,WWalton,5,0,0,3,1,0,8,1,0,5,4,9
EFayette,EWalton,1,1,0,4,5,0,5,6,0,2,9,11
NGwinnett,NFulton,4319,833,2,1965,6411,6,6284,7244,8,5154,8382,13536
NGwinnett,Roswell,842,161,0,237,781,0,1079,942,0,1003,1018,2021
NGwinnett,SandySprings,1119,215,12,255,521,23,1374,736,35,1346,799,2145
NGwinnett,Buckhead,757,139,18,135,375,5,892,514,23,914,515,1429
NGwinnett,NWAtlanta,210,54,2,35,96,2,245,150,4,266,133,399
NGwinnett,NEAtlanta,499,114,34,146,657,29,645,771,63,647,832,1479
NGwinnett,SWAtlanta,96,31,3,40,77,7,136,108,10,130,124,254
NGwinnett,CBDAtlanta,301,84,90,76,427,38,377,511,128,475,541,1016
NGwinnett,SEAtlanta,98,21,3,42,82,2,140,103,5,122,126,248
NGwinnett,SFulton,27,4,0,7,11,0,34,15,0,31,18,49
NGwinnett,Tri-Cities,89,32,1,14,87,0,103,119,1,122,101,223
NGwinnett,Shannon,18,1,0,9,22,0,27,23,0,19,31,50
NGwinnett,WCherokee,19,1,0,17,26,0,36,27,0,20,43,63
NGwinnett,NCherokee,49,8,0,16,70,0,65,78,0,57,86,143
NGwinnett,ECentCherokee,294,60,0,89,226,0,383,286,0,354,315,669
NGwinnett,Woodstock,104,15,0,27,26,0,131,41,0,119,53,172
NGwinnett,Airport,47,10,8,6,16,0,53,26,8,65,22,87
NGwinnett,NEClayton,68,21,0,15,62,0,83,83,0,89,77,166
NGwinnett,Riverdale,15,3,0,13,17,0,28,20,0,18,30,48
NGwinnett,SClayton,20,0,0,6,19,0,26,19,0,20,25,45
NGwinnett,NWCobb,102,21,0,37,48,0,139,69,0,123,85,208
NGwinnett,NECobb,286,51,0,72,237,0,358,288,0,337,309,646
NGwinnett,SWCobb,21,6,0,8,29,0,29,35,0,27,37,64
NGwinnett,Marietta,133,27,0,61,85,4,194,112,4,160,150,310
NGwinnett,Cumberland,492,87,4,78,288,1,570,375,5,583,367,950
NGwinnett,SCobb,72,17,0,27,59,1,99,76,1,89,87,176
NGwinnett,Chamblee,1683,348,10,407,995,20,2090,1343,30,2041,1422,3463
NGwinnett,NWDeKalb,640,153,3,176,708,10,816,861,13,796,894,1690
NGwinnett,NEDeKalb,1285,276,1,377,1168,14,1662,1444,15,1562,1559,3121
NGwinnett,Atlanta-DeKalb,49,5,0,14,42,1,63,47,1,54,57,111
NGwinnett,Decatur,79,18,3,36,92,2,115,110,5,100,130,230
NGwinnett,SWDeKalb,127,29,0,42,202,2,169,231,2,156,246,402
NGwinnett,SEDeKalb,245,46,0,78,250,1,323,296,1,291,329,620
NGwinnett,SDeKalb,139,33,0,53,205,1,192,238,1,172,259,431
NGwinnett,WDouglas,5,1,0,2,1,0,7,2,0,6,3,9
NGwinnett,EDouglas,20,6,0,5,26,0,25,32,0,26,31,57
NGwinnett,WFayette,2,0,0,3,2,0,5,2,0,2,5,7
NGwinnett,EFayette,12,0,0,2,4,0,14,4,0,12,6,18
NGwinnett,NGwinnett,51842,9837,2,94877,279496,1,146719,289333,3,61681,374374,436055
NGwinnett,CentGwinnett,19769,3847,26,19842,60426,60,39611,64273,86,23642,80328,103970
NGwinnett,EGwinnett,5588,1069,0,5841,19896,0,11429,20965,0,6657,25737,32394
NGwinnett,Norcross,4492,943,10,1134,3480,2,5626,4423,12,5445,4616,10061
NGwinnett,Lilburn,901,156,0,411,1126,1,1312,1282,1,1057,1538,2595
NGwinnett,Snellville,1952,376,0,948,2930,1,2900,3306,1,2328,3879,6207
NGwinnett,NHenry,25,7,0,13,28,0,38,35,0,32,41,73
NGwinnett,EHenry,23,10,0,10,21,0,33,31,0,33,31,64
NGwinnett,SHenry,19,4,0,9,50,0,28,54,0,23,59,82
NGwinnett,SRockdale,68,22,0,15,29,1,83,51,1,90,45,135
NGwinnett,NRockdale,246,61,0,58,91,0,304,152,0,307,149,456
NGwinnett,NBarrow,2190,425,0,1670,5650,0,3860,6075,0,2615,7320,9935
NGwinnett,SBarrow,1202,230,0,552,1854,0,1754,2084,0,1432,2406,3838
NGwinnett,NWBartow,0,0,0,0,0,0,0,0,0,0,0,0
NGwinnett,NEBartow,7,1,0,3,4,0,10,5,0,8,7,15
NGwinnett,SWBartow,3,0,0,1,9,0,4,9,0,3,10,13
NGwinnett,Cartersville,4,0,0,4,18,0,8,18,0,4,22,26
NGwinnett,NECarroll,2,0,0,2,4,0,4,4,0,2,6,8
NGwinnett,WCarroll,0,0,0,0,0,0,0,0,0,0,0,0
NGwinnett,CentralCarroll,1,0,0,1,0,0,2,0,0,1,1,2
NGwinnett,SECarroll,0,0,0,0,0,0,0,0,0,0,0,0
NGwinnett,WCoweta,0,0,0,0,0,0,0,0,0,0,0,0
NGwinnett,NCoweta,4,1,0,3,27,0,7,28,0,5,30,35
NGwinnett,SCoweta,0,0,0,0,0,0,0,0,0,0,0,0
NGwinnett,SECoweta,0,0,0,0,0,0,0,0,0,0,0,0
NGwinnett,NForsyth,459,81,0,198,647,0,657,728,0,540,845,1385
NGwinnett,Cumming,3102,571,0,2139,7750,0,5241,8321,0,3673,9889,13562
NGwinnett,SForsyth,2889,507,0,1936,7574,0,4825,8081,0,3396,9510,12906
NGwinnett,NHall,446,96,0,110,313,0,556,409,0,542,423,965
NGwinnett,Gainesville,2892,580,0,498,1985,0,3390,2565,0,3472,2483,5955
NGwinnett,SHall,6130,1079,0,5704,16768,0,11834,17847,0,7209,22472,29681
NGwinnett,WNewton,221,49,0,53,172,0,274,221,0,270,225,495
NGwinnett,ENewton,25,3,0,14,22,0,39,25,0,28,36,64
NGwinnett,NPaulding,4,1,0,0,9,0,4,10,0,5,9,14
NGwinnett,WPaulding,2,0,0,1,0,0,3,0,0,2,1,3
NGwinnett,EPaulding,6,2,0,6,4,0,12,6,0,8,10,18
NGwinnett,NSpalding,2,0,0,1,4,0,3,4,0,2,5,7
NGwinnett,SSpalding,0,0,0,1,0,0,1,0,0,0,1,1
NGwinnett,WWalton,635,120,0,209,806,0,844,926,0,755,1015,1770
NGwinnett,EWalton,585,97,0,146,410,0,731,507,0,682,556,1238
CentGwinnett,NFulton,7763,1549,16,6941,18346,20,14704,19895,36,9328,25307,34635
CentGwinnett,Roswell,1877,392,5,1088,2860,6,2965,3252,11,2274,3954,6228
CentGwinnett,SandySprings,2214,450,46,646,1674,55,2860,2124,101,2710,2375,5085
CentGwinnett,Buckhead,1497,333,76,277,948,38,1774,1281,114,1906,1263,3169
CentGwinnett,NWAtlanta,419,107,8,54,172,6,473,279,14,534,232,766
CentGwinnett,NEAtlanta,1089,272,104,290,877,135,1379,1149,239,1465,1302,2767
CentGwinnett,SWAtlanta,239,59,16,63,212,28,302,271,44,314,303,617
CentGwinnett,CBDAtlanta,752,215,313,137,478,126,889,693,439,1280,741,2021
CentGwinnett,SEAtlanta,235,56,13,72,204,18,307,260,31,304,294,598
CentGwinnett,SFulton,55,22,5,19,56,0,74,78,5,82,75,157
CentGwinnett,Tri-Cities,219,83,14,30,96,0,249,179,14,316,126,442
CentGwinnett,Shannon,66,15,2,19,23,0,85,38,2,83,42,125
CentGwinnett,WCherokee,34,6,0,13,20,0,47,26,0,40,33,73
CentGwinnett,NCherokee,45,5,0,12,48,0,57,53,0,50,60,110
CentGwinnett,ECentCherokee,418,77,0,120,318,0,538,395,0,495,438,933
CentGwinnett,Woodstock,222,46,0,62,161,0,284,207,0,268,223,491
CentGwinnett,Airport,140,45,40,12,9,1,152,54,41,225,22,247
CentGwinnett,NEClayton,255,54,2,53,111,3,308,165,5,311,167,478
CentGwinnett,Riverdale,51,19,3,20,42,0,71,61,3,73,62,135
CentGwinnett,SClayton,69,22,1,20,52,0,89,74,1,92,72,164
CentGwinnett,NWCobb,250,49,0,89,154,0,339,203,0,299,243,542
CentGwinnett,NECobb,636,129,0,160,575,0,796,704,0,765,735,1500
CentGwinnett,SWCobb,76,20,0,25,54,0,101,74,0,96,79,175
CentGwinnett,Marietta,284,47,1,77,127,3,361,174,4,332,207,539
CentGwinnett,Cumberland,965,173,3,164,407,4,1129,580,7,1141,575,1716
CentGwinnett,SCobb,206,34,0,57,142,0,263,176,0,240,199,439
CentGwinnett,Chamblee,3906,795,75,1573,4636,105,5479,5431,180,4776,6314,11090
CentGwinnett,NWDeKalb,1530,333,14,563,2268,79,2093,2601,93,1877,2910,4787
CentGwinnett,NEDeKalb,3719,764,19,1967,6158,61,5686,6922,80,4502,8186,12688
CentGwinnett,Atlanta-DeKalb,123,27,2,46,121,2,169,148,4,152,169,321
CentGwinnett,Decatur,204,40,11,93,167,15,297,207,26,255,275,530
CentGwinnett,SWDeKalb,403,97,8,119,450,11,522,547,19,508,580,1088
CentGwinnett,SEDeKalb,906,180,2,482,1511,1,1388,1691,3,1088,1994,3082
CentGwinnett,SDeKalb,499,106,2,155,441,6,654,547,8,607,602,1209
CentGwinnett,WDouglas,29,4,0,7,16,1,36,20,1,33,24,57
CentGwinnett,EDouglas,60,17,1,20,95,0,80,112,1,78,115,193
CentGwinnett,WFayette,15,8,0,11,23,0,26,31,0,23,34,57
CentGwinnett,EFayette,31,10,0,9,15,0,40,25,0,41,24,65
CentGwinnett,NGwinnett,20443,3967,24,19983,60729,55,40426,64696,79,24434,80767,105201
CentGwinnett,CentGwinnett,87708,16636,610,140914,351491,1341,228622,368127,1951,104954,493746,598700
CentGwinnett,EGwinnett,9404,1808,26,9682,34404,47,19086,36212,73,11238,44133,55371
CentGwinnett,Norcross,15621,3190,143,12995,36908,233,28616,40098,376,18954,50136,69090
CentGwinnett,Lilburn,5304,1084,19,6188,19210,41,11492,20294,60,6407,25439,31846
CentGwinnett,Snellville,7437,1475,14,8333,27603,15,15770,29078,29,8926,35951,44877
CentGwinnett,NHenry,115,24,0,33,114,0,148,138,0,139,147,286
CentGwinnett,EHenry,121,22,0,37,86,0,158,108,0,143,123,266
CentGwinnett,SHenry,82,22,0,32,72,0,114,94,0,104,104,208
CentGwinnett,SRockdale,257,51,0,72,98,1,329,149,1,308,171,479
CentGwinnett,NRockdale,663,115,0,157,560,0,820,675,0,778,717,1495
CentGwinnett,NBarrow,1339,223,0,393,1261,0,1732,1484,0,1562,1654,3216
CentGwinnett,SBarrow,1192,260,0,429,1337,0,1621,1597,0,1452,1766,3218
CentGwinnett,NWBartow,2,1,0,0,2,0,2,3,0,3,2,5
CentGwinnett,NEBartow,3,1,0,4,4,0,7,5,0,4,8,12
CentGwinnett,SWBartow,6,2,0,5,18,0,11,20,0,8,23,31
CentGwinnett,Cartersville,26,6,0,9,13,0,35,19,0,32,22,54
CentGwinnett,NECarroll,2,0,0,0,6,0,2,6,0,2,6,8
CentGwinnett,WCarroll,0,0,0,0,0,0,0,0,0,0,0,0
CentGwinnett,CentralCarroll,3,0,0,1,2,0,4,2,0,3,3,6
CentGwinnett,SECarroll,1,0,0,0,0,0,1,0,0,1,0,1
CentGwinnett,WCoweta,0,2,0,1,1,0,1,3,0,2,2,4
CentGwinnett,NCoweta,9,1,0,6,8,0,15,9,0,10,14,24
CentGwinnett,SCoweta,0,0,0,0,1,0,0,1,0,0,1,1
CentGwinnett,SECoweta,2,0,0,1,4,0,3,4,0,2,5,7
CentGwinnett,NForsyth,314,72,0,96,494,0,410,566,0,386,590,976
CentGwinnett,Cumming,1569,281,0,590,2055,3,2159,2336,3,1850,2648,4498
CentGwinnett,SForsyth,2639,516,1,1673,5822,2,4312,6338,3,3156,7497,10653
CentGwinnett,NHall,240,39,0,78,142,0,318,181,0,279,220,499
CentGwinnett,Gainesville,951,222,0,155,507,0,1106,729,0,1173,662,1835
CentGwinnett,SHall,2115,388,0,717,1851,0,2832,2239,0,2503,2568,5071
CentGwinnett,WNewton,582,114,0,129,385,0,711,499,0,696,514,1210
CentGwinnett,ENewton,74,11,0,30,67,0,104,78,0,85,97,182
CentGwinnett,NPaulding,16,2,0,9,20,0,25,22,0,18,29,47
CentGwinnett,WPaulding,2,0,0,0,0,0,2,0,0,2,0,2
CentGwinnett,EPaulding,65,9,0,17,38,0,82,47,0,74,55,129
CentGwinnett,NSpalding,4,3,0,1,7,0,5,10,0,7,8,15
CentGwinnett,SSpalding,5,1,0,0,4,0,5,5,0,6,4,10
CentGwinnett,WWalton,1551,289,1,715,2524,0,2266,2813,1,1841,3239,5080
CentGwinnett,EWalton,779,169,0,282,729,0,1061,898,0,948,1011,1959
EGwinnett,NFulton,712,131,0,136,393,0,848,524,0,843,529,1372
EGwinnett,Roswell,216,35,0,33,112,0,249,147,0,251,145,396
EGwinnett,SandySprings,428,89,1,87,169,1,515,258,2,518,257,775
EGwinnett,Buckhead,283,72,6,62,441,1,345,513,7,361,504,865
EGwinnett,NWAtlanta,98,20,0,15,57,1,113,77,1,118,73,191
EGwinnett,NEAtlanta,229,56,10,64,279,14,293,335,24,295,357,652
EGwinnett,SWAtlanta,37,11,1,23,50,0,60,61,1,49,73,122
EGwinnett,CBDAtlanta,196,67,28,37,177,13,233,244,41,291,227,518
EGwinnett,SEAtlanta,65,14,0,19,41,1,84,55,1,79,61,140
EGwinnett,SFulton,16,4,1,3,10,0,19,14,1,21,13,34
EGwinnett,Tri-Cities,61,17,1,13,46,1,74,63,2,79,60,139
EGwinnett,Shannon,12,10,0,8,5,0,20,15,0,22,13,35
EGwinnett,WCherokee,0,0,0,0,0,0,0,0,0,0,0,0
EGwinnett,NCherokee,1,0,0,0,6,0,1,6,0,1,6,7
EGwinnett,ECentCherokee,33,5,0,16,20,0,49,25,0,38,36,74
EGwinnett,Woodstock,11,1,0,4,16,0,15,17,0,12,20,32
EGwinnett,Airport,39,11,7,1,6,0,40,17,7,57,7,64
EGwinnett,NEClayton,67,6,0,12,12,1,79,18,1,73,25,98
EGwinnett,Riverdale,15,8,0,5,8,0,20,16,0,23,13,36
EGwinnett,SClayton,15,2,0,9,8,0,24,10,0,17,17,34
EGwinnett,NWCobb,38,5,0,22,26,1,60,31,1,43,49,92
EGwinnett,NECobb,86,25,0,22,69,0,108,94,0,111,91,202
EGwinnett,SWCobb,4,1,0,0,1,0,4,2,0,5,1,6
EGwinnett,Marietta,51,11,0,19,44,2,70,55,2,62,65,127
EGwinnett,Cumberland,230,45,1,45,74,1,275,119,2,276,120,396
EGwinnett,SCobb,25,5,1,10,12,0,35,17,1,31,22,53
EGwinnett,Chamblee,656,154,1,161,329,15,817,483,16,811,505,1316
EGwinnett,NWDeKalb,375,81,1,107,457,11,482,538,12,457,575,1032
EGwinnett,NEDeKalb,916,170,0,285,967,2,1201,1137,2,1086,1254,2340
EGwinnett,Atlanta-DeKalb,25,4,0,10,73,0,35,77,0,29,83,112
EGwinnett,Decatur,61,12,2,22,85,4,83,97,6,75,111,186
EGwinnett,SWDeKalb,97,22,0,32,96,1,129,118,1,119,129,248
EGwinnett,SEDeKalb,258,47,0,106,443,0,364,490,0,305,549,854
EGwinnett,SDeKalb,140,27,0,64,121,1,204,148,1,167,186,353
EGwinnett,WDouglas,0,0,0,2,2,0,2,2,0,0,4,4
EGwinnett,EDouglas,8,3,0,1,16,0,9,19,0,11,17,28
EGwinnett,WFayette,1,0,0,1,1,0,2,1,0,1,2,3
EGwinnett,EFayette,2,2,0,3,18,0,5,20,0,4,21,25
EGwinnett,NGwinnett,5364,1061,0,5711,20011,0,11075,21072,0,6425,25722,32147
EGwinnett,CentGwinnett,8827,1690,27,9658,33835,43,18485,35525,70,10544,43536,54080
EGwinnett,EGwinnett,9583,1854,0,23733,79565,0,33316,81419,0,11437,103298,114735
EGwinnett,Norcross,1836,397,2,296,1181,2,2132,1578,4,2235,1479,3714
EGwinnett,Lilburn,794,150,0,473,1738,1,1267,1888,1,944,2212,3156
EGwinnett,Snellville,3086,654,0,5278,18304,0,8364,18958,0,3740,23582,27322
EGwinnett,NHenry,29,5,0,13,34,0,42,39,0,34,47,81
EGwinnett,EHenry,25,4,0,8,28,0,33,32,0,29,36,65
EGwinnett,SHenry,29,7,0,3,17,0,32,24,0,36,20,56
EGwinnett,SRockdale,90,12,0,18,83,0,108,95,0,102,101,203
EGwinnett,NRockdale,369,77,0,103,268,0,472,345,0,446,371,817
EGwinnett,NBarrow,1021,202,0,864,2760,0,1885,2962,0,1223,3624,4847
EGwinnett,SBarrow,1011,203,0,847,2704,0,1858,2907,0,1214,3551,4765
EGwinnett,NWBartow,0,0,0,0,0,0,0,0,0,0,0,0
EGwinnett,NEBartow,0,0,0,0,0,0,0,0,0,0,0,0
EGwinnett,SWBartow,0,0,0,0,0,0,0,0,0,0,0,0
EGwinnett,Cartersville,0,0,0,2,3,0,2,3,0,0,5,5
EGwinnett,NECarroll,2,0,0,0,0,0,2,0,0,2,0,2
EGwinnett,WCarroll,0,0,0,0,0,0,0,0,0,0,0,0
EGwinnett,CentralCarroll,0,0,0,0,0,0,0,0,0,0,0,0
EGwinnett,SECarroll,0,0,0,0,0,0,0,0,0,0,0,0
EGwinnett,WCoweta,0,0,0,0,0,0,0,0,0,0,0,0
EGwinnett,NCoweta,1,0,0,1,0,0,2,0,0,1,1,2
EGwinnett,SCoweta,0,0,0,0,0,0,0,0,0,0,0,0
EGwinnett,SECoweta,0,0,0,0,0,0,0,0,0,0,0,0
EGwinnett,NForsyth,29,6,0,6,33,0,35,39,0,35,39,74
EGwinnett,Cumming,245,48,0,39,163,0,284,211,0,293,202,495
EGwinnett,SForsyth,278,62,0,68,201,0,346,263,0,340,269,609
EGwinnett,NHall,36,4,0,22,36,0,58,40,0,40,58,98
EGwinnett,Gainesville,351,91,0,43,224,0,394,315,0,442,267,709
EGwinnett,SHall,563,103,0,317,578,0,880,681,0,666,895,1561
EGwinnett,WNewton,292,46,0,102,236,0,394,282,0,338,338,676
EGwinnett,ENewton,39,4,0,15,29,0,54,33,0,43,44,87
EGwinnett,NPaulding,0,0,0,0,0,0,0,0,0,0,0,0
EGwinnett,WPaulding,0,0,0,1,0,0,1,0,0,0,1,1
EGwinnett,EPaulding,2,2,0,4,1,0,6,3,0,4,5,9
EGwinnett,NSpalding,3,0,0,1,0,0,4,0,0,3,1,4
EGwinnett,SSpalding,0,0,0,1,0,0,1,0,0,0,1,1
EGwinnett,WWalton,1130,196,0,1308,4631,0,2438,4827,0,1326,5939,7265
EGwinnett,EWalton,736,134,0,387,1138,0,1123,1272,0,870,1525,2395
Norcross,NFulton,5986,1179,21,3567,10450,23,9553,11629,44,7186,14040,21226
Norcross,Roswell,4171,843,10,3344,9416,5,7515,10259,15,5024,12765,17789
Norcross,SandySprings,4215,802,68,2952,6697,130,7167,7499,198,5085,9779,14864
Norcross,Buckhead,2359,459,162,737,2253,77,3096,2712,239,2980,3067,6047
Norcross,NWAtlanta,490,112,20,116,243,13,606,355,33,622,372,994
Norcross,NEAtlanta,1443,309,187,559,1626,299,2002,1935,486,1939,2484,4423
Norcross,SWAtlanta,356,98,39,104,254,45,460,352,84,493,403,896
Norcross,CBDAtlanta,947,262,595,239,725,225,1186,987,820,1804,1189,2993
Norcross,SEAtlanta,277,92,28,93,191,15,370,283,43,397,299,696
Norcross,SFulton,116,27,2,20,32,0,136,59,2,145,52,197
Norcross,Tri-Cities,257,64,23,34,135,5,291,199,28,344,174,518
Norcross,Shannon,118,39,3,22,107,0,140,146,3,160,129,289
Norcross,WCherokee,54,12,0,8,31,0,62,43,0,66,39,105
Norcross,NCherokee,35,4,0,10,22,0,45,26,0,39,32,71
Norcross,ECentCherokee,516,88,0,101,384,0,617,472,0,604,485,1089
Norcross,Woodstock,618,87,1,88,158,0,706,245,1,706,246,952
Norcross,Airport,147,37,76,13,31,2,160,68,78,260,46,306
Norcross,NEClayton,290,81,1,53,154,0,343,235,1,372,207,579
Norcross,Riverdale,123,50,4,15,47,1,138,97,5,177,63,240
Norcross,SClayton,138,32,0,25,56,1,163,88,1,170,82,252
Norcross,NWCobb,541,100,1,98,169,1,639,269,2,642,268,910
Norcross,NECobb,1261,256,0,346,894,2,1607,1150,2,1517,1242,2759
Norcross,SWCobb,187,36,0,36,20,0,223,56,0,223,56,279
Norcross,Marietta,388,66,3,133,217,18,521,283,21,457,368,825
Norcross,Cumberland,1382,257,12,278,886,8,1660,1143,20,1651,1172,2823
Norcross,SCobb,386,89,2,72,203,0,458,292,2,477,275,752
Norcross,Chamblee,8314,1647,127,9423,23119,308,17737,24766,435,10088,32850,42938
Norcross,NWDeKalb,2120,403,33,1225,4969,275,3345,5372,308,2556,6469,9025
Norcross,NEDeKalb,6600,1328,54,7400,20796,117,14000,22124,171,7982,28313,36295
Norcross,Atlanta-DeKalb,186,37,7,60,223,4,246,260,11,230,287,517
Norcross,Decatur,251,56,6,158,413,26,409,469,32,313,597,910
Norcross,SWDeKalb,608,112,13,245,881,12,853,993,25,733,1138,1871
Norcross,SEDeKalb,1105,202,7,376,1455,3,1481,1657,10,1314,1834,3148
Norcross,SDeKalb,586,130,4,156,488,3,742,618,7,720,647,1367
Norcross,WDouglas,80,17,0,13,13,0,93,30,0,97,26,123
Norcross,EDouglas,141,33,0,20,73,0,161,106,0,174,93,267
Norcross,WFayette,46,14,1,8,15,0,54,29,1,61,23,84
Norcross,EFayette,60,15,1,11,31,0,71,46,1,76,42,118
Norcross,NGwinnett,4494,902,10,1131,3756,3,5625,4658,13,5406,4890,10296
Norcross,CentGwinnett,16550,3244,155,13050,37088,236,29600,40332,391,19949,50374,70323
Norcross,EGwinnett,1767,362,2,297,1150,2,2064,1512,4,2131,1449,3580
Norcross,Norcross,42445,8784,313,65988,147758,621,108433,156542,934,51542,214367,265909
Norcross,Lilburn,5550,1105,26,7003,22300,60,12553,23405,86,6681,29363,36044
Norcross,Snellville,2469,461,0,865,2696,3,3334,3157,3,2930,3564,6494
Norcross,NHenry,197,35,0,23,160,0,220,195,0,232,183,415
Norcross,EHenry,156,17,0,25,74,0,181,91,0,173,99,272
Norcross,SHenry,158,27,0,13,46,0,171,73,0,185,59,244
Norcross,SRockdale,208,37,0,26,140,0,234,177,0,245,166,411
Norcross,NRockdale,274,60,0,57,182,0,331,242,0,334,239,573
Norcross,NBarrow,358,87,0,39,152,0,397,239,0,445,191,636
Norcross,SBarrow,350,49,0,47,163,0,397,212,0,399,210,609
Norcross,NWBartow,13,1,0,3,1,0,16,2,0,14,4,18
Norcross,NEBartow,13,0,0,3,3,0,16,3,0,13,6,19
Norcross,SWBartow,6,3,0,7,27,0,13,30,0,9,34,43
Norcross,Cartersville,61,10,0,17,39,0,78,49,0,71,56,127
Norcross,NECarroll,15,4,0,7,4,0,22,8,0,19,11,30
Norcross,WCarroll,2,0,0,0,0,0,2,0,0,2,0,2
Norcross,CentralCarroll,11,1,0,2,3,0,13,4,0,12,5,17
Norcross,SECarroll,2,1,0,0,0,0,2,1,0,3,0,3
Norcross,WCoweta,2,0,0,2,4,0,4,4,0,2,6,8
Norcross,NCoweta,37,6,1,16,37,0,53,43,1,44,53,97
Norcross,SCoweta,1,1,0,0,1,0,1,2,0,2,1,3
Norcross,SECoweta,7,1,0,0,2,0,7,3,0,8,2,10
Norcross,NForsyth,251,50,1,52,153,0,303,203,1,302,205,507
Norcross,Cumming,1023,181,0,199,579,0,1222,760,0,1204,778,1982
Norcross,SForsyth,1514,279,0,649,2290,4,2163,2569,4,1793,2943,4736
Norcross,NHall,89,11,0,15,94,0,104,105,0,100,109,209
Norcross,Gainesville,268,63,0,48,102,0,316,165,0,331,150,481
Norcross,SHall,708,125,0,122,221,0,830,346,0,833,343,1176
Norcross,WNewton,322,61,0,45,145,0,367,206,0,383,190,573
Norcross,ENewton,24,6,0,6,10,0,30,16,0,30,16,46
Norcross,NPaulding,53,7,0,6,29,0,59,36,0,60,35,95
Norcross,WPaulding,18,2,0,1,1,0,19,3,0,20,2,22
Norcross,EPaulding,135,23,0,14,44,0,149,67,0,158,58,216
Norcross,NSpalding,14,4,0,1,8,0,15,12,0,18,9,27
Norcross,SSpalding,9,2,0,0,1,0,9,3,0,11,1,12
Norcross,WWalton,501,86,0,69,248,1,570,334,1,587,318,905
Norcross,EWalton,283,48,0,33,135,0,316,183,0,331,168,499
Lilburn,NFulton,738,131,1,325,923,0,1063,1054,1,870,1248,2118
Lilburn,Roswell,366,84,2,166,568,2,532,652,4,452,736,1188
Lilburn,SandySprings,776,131,17,271,666,29,1047,797,46,924,966,1890
Lilburn,Buckhead,621,125,22,175,530,12,796,655,34,768,717,1485
Lilburn,NWAtlanta,161,35,5,24,91,0,185,126,5,201,115,316
Lilburn,NEAtlanta,601,129,52,239,541,46,840,670,98,782,826,1608
Lilburn,SWAtlanta,145,21,5,56,86,11,201,107,16,171,153,324
Lilburn,CBDAtlanta,490,80,172,113,338,70,603,418,242,742,521,1263
Lilburn,SEAtlanta,140,22,2,57,155,6,197,177,8,164,218,382
Lilburn,SFulton,38,6,1,8,14,0,46,20,1,45,22,67
Lilburn,Tri-Cities,119,22,4,19,62,0,138,84,4,145,81,226
Lilburn,Shannon,43,5,0,6,11,0,49,16,0,48,17,65
Lilburn,WCherokee,2,0,0,4,5,0,6,5,0,2,9,11
Lilburn,NCherokee,3,0,0,2,3,0,5,3,0,3,5,8
Lilburn,ECentCherokee,46,11,0,15,64,0,61,75,0,57,79,136
Lilburn,Woodstock,34,9,0,10,28,0,44,37,0,43,38,81
Lilburn,Airport,102,19,20,11,8,0,113,27,20,141,19,160
Lilburn,NEClayton,164,31,0,39,70,1,203,101,1,195,110,305
Lilburn,Riverdale,36,7,0,10,20,0,46,27,0,43,30,73
Lilburn,SClayton,55,9,0,14,32,0,69,41,0,64,46,110
Lilburn,NWCobb,67,15,1,36,31,1,103,46,2,83,68,151
Lilburn,NECobb,150,29,0,46,111,0,196,140,0,179,157,336
Lilburn,SWCobb,29,2,0,4,29,0,33,31,0,31,33,64
Lilburn,Marietta,102,14,0,30,44,1,132,58,1,116,75,191
Lilburn,Cumberland,380,78,1,58,132,1,438,210,2,459,191,650
Lilburn,SCobb,64,11,0,24,32,0,88,43,0,75,56,131
Lilburn,Chamblee,1378,255,22,793,2144,16,2171,2399,38,1655,2953,4608
Lilburn,NWDeKalb,1162,221,16,831,3236,76,1993,3457,92,1399,4143,5542
Lilburn,NEDeKalb,4686,883,59,6064,17249,62,10750,18132,121,5628,23375,29003
Lilburn,Atlanta-DeKalb,87,16,1,54,157,5,141,173,6,104,216,320
Lilburn,Decatur,183,41,4,166,388,18,349,429,22,228,572,800
Lilburn,SWDeKalb,386,76,7,279,1092,12,665,1168,19,469,1383,1852
Lilburn,SEDeKalb,1184,253,1,1745,5395,5,2929,5648,6,1438,7145,8583
Lilburn,SDeKalb,408,78,0,300,980,2,708,1058,2,486,1282,1768
Lilburn,WDouglas,11,2,0,4,14,0,15,16,0,13,18,31
Lilburn,EDouglas,28,5,0,7,31,1,35,36,1,33,39,72
Lilburn,WFayette,7,3,0,11,17,0,18,20,0,10,28,38
Lilburn,EFayette,24,5,0,11,12,0,35,17,0,29,23,52
Lilburn,NGwinnett,933,160,0,409,1170,1,1342,1330,1,1093,1580,2673
Lilburn,CentGwinnett,5420,1075,15,6189,19672,39,11609,20747,54,6510,25900,32410
Lilburn,EGwinnett,779,138,0,475,1856,1,1254,1994,1,917,2332,3249
Lilburn,Norcross,5422,1035,26,6941,22122,68,12363,23157,94,6483,29131,35614
Lilburn,Lilburn,9378,1821,12,23139,59877,46,32517,61698,58,11211,83062,94273
Lilburn,Snellville,2979,613,2,4454,14992,6,7433,15605,8,3594,19452,23046
Lilburn,NHenry,104,16,0,25,92,0,129,108,0,120,117,237
Lilburn,EHenry,84,18,0,29,101,0,113,119,0,102,130,232
Lilburn,SHenry,66,11,0,21,32,0,87,43,0,77,53,130
Lilburn,SRockdale,147,34,0,75,230,0,222,264,0,181,305,486
Lilburn,NRockdale,436,97,0,192,625,0,628,722,0,533,817,1350
Lilburn,NBarrow,100,18,0,26,54,0,126,72,0,118,80,198
Lilburn,SBarrow,97,14,0,37,86,0,134,100,0,111,123,234
Lilburn,NWBartow,1,0,0,0,1,0,1,1,0,1,1,2
Lilburn,NEBartow,0,0,0,0,0,0,0,0,0,0,0,0
Lilburn,SWBartow,2,0,0,0,2,0,2,2,0,2,2,4
Lilburn,Cartersville,2,0,0,2,24,0,4,24,0,2,26,28
Lilburn,NECarroll,2,1,0,0,0,0,2,1,0,3,0,3
Lilburn,WCarroll,0,0,0,0,0,0,0,0,0,0,0,0
Lilburn,CentralCarroll,1,0,0,0,1,0,1,1,0,1,1,2
Lilburn,SECarroll,0,0,0,0,0,0,0,0,0,0,0,0
Lilburn,WCoweta,0,1,0,0,0,0,0,1,0,1,0,1
Lilburn,NCoweta,5,3,0,7,4,0,12,7,0,8,11,19
Lilburn,SCoweta,1,1,0,0,0,0,1,1,0,2,0,2
Lilburn,SECoweta,1,0,0,2,0,0,3,0,0,1,2,3
Lilburn,NForsyth,21,3,1,11,82,0,32,85,1,25,93,118
Lilburn,Cumming,95,19,0,27,106,0,122,125,0,114,133,247
Lilburn,SForsyth,224,27,0,69,242,0,293,269,0,251,311,562
Lilburn,NHall,15,1,0,5,11,0,20,12,0,16,16,32
Lilburn,Gainesville,77,12,0,16,19,0,93,31,0,89,35,124
Lilburn,SHall,140,27,0,50,121,0,190,148,0,167,171,338
Lilburn,WNewton,235,60,0,58,157,0,293,217,0,295,215,510
Lilburn,ENewton,26,6,0,12,17,0,38,23,0,32,29,61
Lilburn,NPaulding,3,3,0,1,34,0,4,37,0,6,35,41
Lilburn,WPaulding,1,0,0,0,0,0,1,0,0,1,0,1
Lilburn,EPaulding,15,0,0,8,20,0,23,20,0,15,28,43
Lilburn,NSpalding,1,0,0,2,1,0,3,1,0,1,3,4
Lilburn,SSpalding,4,0,0,0,4,0,4,4,0,4,4,8
Lilburn,WWalton,341,67,0,197,644,0,538,711,0,408,841,1249
Lilburn,EWalton,152,33,0,34,139,0,186,172,0,185,173,358
Snellville,NFulton,728,142,1,163,504,1,891,646,2,871,668,1539
Snellville,Roswell,219,34,0,61,156,0,280,190,0,253,217,470
Snellville,SandySprings,581,113,9,139,282,10,720,395,19,703,431,1134
Snellville,Buckhead,529,105,11,134,496,9,663,601,20,645,639,1284
Snellville,NWAtlanta,176,41,2,33,93,1,209,134,3,219,127,346
Snellville,NEAtlanta,554,95,32,240,523,46,794,618,78,681,809,1490
Snellville,SWAtlanta,151,26,8,68,78,25,219,104,33,185,171,356
Snellville,CBDAtlanta,601,104,139,156,384,70,757,488,209,844,610,1454
Snellville,SEAtlanta,186,43,1,75,211,12,261,254,13,230,298,528
Snellville,SFulton,42,8,1,2,28,0,44,36,1,51,30,81
Snellville,Tri-Cities,177,38,3,20,47,0,197,85,3,218,67,285
Snellville,Shannon,48,10,0,11,17,2,59,27,2,58,30,88
Snellville,WCherokee,2,1,0,0,16,0,2,17,0,3,16,19
Snellville,NCherokee,4,0,0,1,14,0,5,14,0,4,15,19
Snellville,ECentCherokee,31,12,0,13,27,0,44,39,0,43,40,83
Snellville,Woodstock,13,4,0,8,26,0,21,30,0,17,34,51
Snellville,Airport,130,20,13,4,13,0,134,33,13,163,17,180
Snellville,NEClayton,242,44,0,38,75,3,280,119,3,286,116,402
Snellville,Riverdale,41,8,0,8,26,0,49,34,0,49,34,83
Snellville,SClayton,66,10,0,19,45,0,85,55,0,76,64,140
Snellville,NWCobb,55,6,0,29,36,0,84,42,0,61,65,126
Snellville,NECobb,108,18,0,32,75,1,140,93,1,126,108,234
Snellville,SWCobb,14,4,0,3,5,0,17,9,0,18,8,26
Snellville,Marietta,81,15,0,30,27,3,111,42,3,96,60,156
Snellville,Cumberland,295,53,0,44,118,1,339,171,1,348,163,511
Snellville,SCobb,59,12,0,17,34,0,76,46,0,71,51,122
Snellville,Chamblee,937,171,9,241,647,11,1178,818,20,1117,899,2016
Snellville,NWDeKalb,1126,197,8,531,2358,43,1657,2555,51,1331,2932,4263
Snellville,NEDeKalb,2591,482,9,1837,6297,68,4428,6779,77,3082,8202,11284
Snellville,Atlanta-DeKalb,84,15,1,61,155,3,145,170,4,100,219,319
Snellville,Decatur,163,39,3,138,273,23,301,312,26,205,434,639
Snellville,SWDeKalb,406,59,7,168,761,9,574,820,16,472,938,1410
Snellville,SEDeKalb,1391,299,7,1626,6297,14,3017,6596,21,1697,7937,9634
Snellville,SDeKalb,626,122,0,405,1167,5,1031,1289,5,748,1577,2325
Snellville,WDouglas,6,1,0,11,8,0,17,9,0,7,19,26
Snellville,EDouglas,24,2,0,7,29,0,31,31,0,26,36,62
Snellville,WFayette,8,3,0,5,7,0,13,10,0,11,12,23
Snellville,EFayette,24,3,0,9,91,0,33,94,0,27,100,127
Snellville,NGwinnett,1852,386,0,961,2912,1,2813,3298,1,2238,3874,6112
Snellville,CentGwinnett,7414,1529,14,8408,27717,16,15822,29246,30,8957,36141,45098
Snellville,EGwinnett,3165,651,0,5280,18090,0,8445,18741,0,3816,23370,27186
Snellville,Norcross,2496,423,0,843,2678,3,3339,3101,3,2919,3524,6443
Snellville,Lilburn,2820,555,2,4489,15034,6,7309,15589,8,3377,19529,22906
Snellville,Snellville,16646,3457,0,43241,124127,2,59887,127584,2,20103,167370,187473
Snellville,NHenry,151,27,0,44,168,0,195,195,0,178,212,390
Snellville,EHenry,112,19,0,34,245,0,146,264,0,131,279,410
Snellville,SHenry,126,18,0,36,60,0,162,78,0,144,96,240
Snellville,SRockdale,341,86,0,153,677,0,494,763,0,427,830,1257
Snellville,NRockdale,1385,300,0,887,3164,0,2272,3464,0,1685,4051,5736
Snellville,NBarrow,276,51,0,69,341,0,345,392,0,327,410,737
Snellville,SBarrow,271,58,0,104,359,0,375,417,0,329,463,792
Snellville,NWBartow,0,0,0,0,0,0,0,0,0,0,0,0
Snellville,NEBartow,0,0,0,1,0,0,1,0,0,0,1,1
Snellville,SWBartow,0,0,0,0,0,0,0,0,0,0,0,0
Snellville,Cartersville,2,0,0,2,0,0,4,0,0,2,2,4
Snellville,NECarroll,2,0,0,0,1,0,2,1,0,2,1,3
Snellville,WCarroll,0,0,0,0,0,0,0,0,0,0,0,0
Snellville,CentralCarroll,1,0,0,3,1,0,4,1,0,1,4,5
Snellville,SECarroll,0,0,0,0,0,0,0,0,0,0,0,0
Snellville,WCoweta,0,0,0,0,4,0,0,4,0,0,4,4
Snellville,NCoweta,4,4,0,4,48,0,8,52,0,8,52,60
Snellville,SCoweta,0,0,0,1,0,0,1,0,0,0,1,1
Snellville,SECoweta,1,0,0,2,0,0,3,0,0,1,2,3
Snellville,NForsyth,20,4,0,14,56,0,34,60,0,24,70,94
Snellville,Cumming,137,24,0,27,124,0,164,148,0,161,151,312
Snellville,SForsyth,226,40,0,49,135,0,275,175,0,266,184,450
Snellville,NHall,32,2,0,11,15,0,43,17,0,34,26,60
Snellville,Gainesville,155,32,0,28,31,0,183,63,0,187,59,246
Snellville,SHall,190,42,0,94,140,0,284,182,0,232,234,466
Snellville,WNewton,779,134,0,291,798,0,1070,932,0,913,1089,2002
Snellville,ENewton,56,15,0,38,87,0,94,102,0,71,125,196
Snellville,NPaulding,1,0,0,3,0,0,4,0,0,1,3,4
Snellville,WPaulding,0,0,0,0,0,0,0,0,0,0,0,0
Snellville,EPaulding,8,3,0,3,7,0,11,10,0,11,10,21
Snellville,NSpalding,14,1,0,5,10,0,19,11,0,15,15,30
Snellville,SSpalding,3,2,0,3,5,0,6,7,0,5,8,13
Snellville,WWalton,1864,382,0,2690,8499,0,4554,8881,0,2246,11189,13435
Snellville,EWalton,620,122,0,260,892,0,880,1014,0,742,1152,1894
NHenry,NFulton,71,17,0,11,47,0,82,64,0,88,58,146
NHenry,Roswell,38,10,0,10,27,0,48,37,0,48,37,85
NHenry,SandySprings,222,56,15,37,44,4,259,100,19,293,85,378
NHenry,Buckhead,364,85,23,67,259,3,431,344,26,472,329,801
NHenry,NWAtlanta,209,52,5,37,96,1,246,148,6,266,134,400
NHenry,NEAtlanta,603,109,29,173,520,36,776,629,65,741,729,1470
NHenry,SWAtlanta,302,68,4,120,221,24,422,289,28,374,365,739
NHenry,CBDAtlanta,788,158,131,225,554,65,1013,712,196,1077,844,1921
NHenry,SEAtlanta,580,116,5,287,786,12,867,902,17,701,1085,1786
NHenry,SFulton,96,21,0,24,23,0,120,44,0,117,47,164
NHenry,Tri-Cities,802,145,5,173,431,2,975,576,7,952,606,1558
NHenry,Shannon,263,65,3,117,284,0,380,349,3,331,401,732
NHenry,WCherokee,1,0,0,1,0,0,2,0,0,1,1,2
NHenry,NCherokee,0,0,0,0,0,0,0,0,0,0,0,0
NHenry,ECentCherokee,3,1,0,1,2,0,4,3,0,4,3,7
NHenry,Woodstock,10,1,0,6,4,0,16,5,0,11,10,21
NHenry,Airport,715,120,39,152,334,1,867,454,40,874,487,1361
NHenry,NEClayton,3593,721,10,3955,12036,20,7548,12757,30,4324,16011,20335
NHenry,Riverdale,572,129,0,508,1652,1,1080,1781,1,701,2161,2862
NHenry,SClayton,2491,545,5,4213,12037,9,6704,12582,14,3041,16259,19300
NHenry,NWCobb,33,13,0,11,25,0,44,38,0,46,36,82
NHenry,NECobb,59,12,0,12,32,0,71,44,0,71,44,115
NHenry,SWCobb,15,1,0,7,8,0,22,9,0,16,15,31
NHenry,Marietta,85,18,1,23,19,1,108,37,2,104,43,147
NHenry,Cumberland,236,68,1,30,79,1,266,147,2,305,110,415
NHenry,SCobb,86,13,1,24,77,0,110,90,1,100,101,201
NHenry,Chamblee,309,64,4,68,126,5,377,190,9,377,199,576
NHenry,NWDeKalb,542,104,8,209,622,8,751,726,16,654,839,1493
NHenry,NEDeKalb,466,88,1,191,432,12,657,520,13,555,635,1190
NHenry,Atlanta-DeKalb,115,23,2,87,186,1,202,209,3,140,274,414
NHenry,Decatur,141,21,5,85,176,16,226,197,21,167,277,444
NHenry,SWDeKalb,479,88,3,337,1171,13,816,1259,16,570,1521,2091
NHenry,SEDeKalb,566,98,4,377,1265,2,943,1363,6,668,1644,2312
NHenry,SDeKalb,1580,308,7,2082,7425,21,3662,7733,28,1895,9528,11423
NHenry,WDouglas,29,4,0,14,26,0,43,30,0,33,40,73
NHenry,EDouglas,60,7,0,15,19,0,75,26,0,67,34,101
NHenry,WFayette,194,38,0,55,74,0,249,112,0,232,129,361
NHenry,EFayette,412,69,0,202,606,0,614,675,0,481,808,1289
NHenry,NGwinnett,29,6,0,14,39,0,43,45,0,35,53,88
NHenry,CentGwinnett,140,25,0,39,145,0,179,170,0,165,184,349
NHenry,EGwinnett,30,4,0,12,50,0,42,54,0,34,62,96
NHenry,Norcross,221,49,0,31,118,0,252,167,0,270,149,419
NHenry,Lilburn,104,15,0,24,88,0,128,103,0,119,112,231
NHenry,Snellville,145,24,0,38,190,0,183,214,0,169,228,397
NHenry,NHenry,9356,1948,0,23553,60268,4,32909,62216,4,11304,83825,95129
NHenry,EHenry,1664,351,0,2235,7956,0,3899,8307,0,2015,10191,12206
NHenry,SHenry,3328,684,0,3640,11585,0,6968,12269,0,4012,15225,19237
NHenry,SRockdale,536,115,0,443,1483,0,979,1598,0,651,1926,2577
NHenry,NRockdale,524,96,0,185,644,0,709,740,0,620,829,1449
NHenry,NBarrow,1,0,0,3,1,0,4,1,0,1,4,5
NHenry,SBarrow,5,0,0,4,5,0,9,5,0,5,9,14
NHenry,NWBartow,0,0,0,0,0,0,0,0,0,0,0,0
NHenry,NEBartow,1,0,0,0,0,0,1,0,0,1,0,1
NHenry,SWBartow,0,0,0,0,0,0,0,0,0,0,0,0
NHenry,Cartersville,2,2,0,0,1,0,2,3,0,4,1,5
NHenry,NECarroll,3,3,0,3,1,0,6,4,0,6,4,10
NHenry,WCarroll,0,0,0,0,0,0,0,0,0,0,0,0
NHenry,CentralCarroll,10,1,0,4,9,0,14,10,0,11,13,24
NHenry,SECarroll,1,0,0,1,0,0,2,0,0,1,1,2
NHenry,WCoweta,11,2,0,5,31,0,16,33,0,13,36,49
NHenry,NCoweta,71,10,0,17,41,0,88,51,0,81,58,139
NHenry,SCoweta,9,0,0,3,11,0,12,11,0,9,14,23
NHenry,SECoweta,32,4,0,13,54,0,45,58,0,36,67,103
NHenry,NForsyth,0,0,0,0,0,0,0,0,0,0,0,0
NHenry,Cumming,5,2,0,1,4,0,6,6,0,7,5,12
NHenry,SForsyth,7,1,0,3,14,0,10,15,0,8,17,25
NHenry,NHall,0,0,0,0,0,0,0,0,0,0,0,0
NHenry,Gainesville,0,0,0,0,0,0,0,0,0,0,0,0
NHenry,SHall,2,0,0,1,2,0,3,2,0,2,3,5
NHenry,WNewton,610,113,0,184,690,0,794,803,0,723,874,1597
NHenry,ENewton,24,7,0,4,36,0,28,43,0,31,40,71
NHenry,NPaulding,1,1,0,1,1,0,2,2,0,2,2,4
NHenry,WPaulding,1,1,0,0,1,0,1,2,0,2,1,3
NHenry,EPaulding,7,2,0,10,13,0,17,15,0,9,23,32
NHenry,NSpalding,283,36,0,104,246,0,387,282,0,319,350,669
NHenry,SSpalding,148,32,0,28,80,0,176,112,0,180,108,288
NHenry,WWalton,61,8,0,15,21,0,76,29,0,69,36,105
NHenry,EWalton,40,5,0,18,31,0,58,36,0,45,49,94
EHenry,NFulton,42,3,0,12,26,1,54,29,1,45,39,84
EHenry,Roswell,11,4,0,6,30,0,17,34,0,15,36,51
EHenry,SandySprings,129,29,5,39,75,0,168,104,5,163,114,277
EHenry,Buckhead,179,30,0,30,142,1,209,172,1,209,173,382
EHenry,NWAtlanta,113,17,0,12,91,0,125,108,0,130,103,233
EHenry,NEAtlanta,240,61,3,81,207,4,321,268,7,304,292,596
EHenry,SWAtlanta,132,25,0,50,71,2,182,96,2,157,123,280
EHenry,CBDAtlanta,290,60,31,81,228,14,371,288,45,381,323,704
EHenry,SEAtlanta,256,42,0,80,174,3,336,216,3,298,257,555
EHenry,SFulton,56,7,0,8,12,0,64,19,0,63,20,83
EHenry,Tri-Cities,395,67,1,64,152,0,459,219,1,463,216,679
EHenry,Shannon,103,19,0,32,96,0,135,115,0,122,128,250
EHenry,WCherokee,0,0,0,0,0,0,0,0,0,0,0,0
EHenry,NCherokee,0,0,0,0,0,0,0,0,0,0,0,0
EHenry,ECentCherokee,3,0,0,0,2,0,3,2,0,3,2,5
EHenry,Woodstock,0,1,0,2,0,0,2,1,0,1,2,3
EHenry,Airport,303,55,5,23,92,0,326,147,5,363,115,478
EHenry,NEClayton,1175,210,0,419,1466,1,1594,1676,1,1385,1886,3271
EHenry,Riverdale,208,47,0,93,328,0,301,375,0,255,421,676
EHenry,SClayton,678,152,1,385,1518,2,1063,1670,3,831,1905,2736
EHenry,NWCobb,12,5,0,4,6,0,16,11,0,17,10,27
EHenry,NECobb,24,5,0,5,51,0,29,56,0,29,56,85
EHenry,SWCobb,2,2,0,2,6,0,4,8,0,4,8,12
EHenry,Marietta,28,5,0,10,7,0,38,12,0,33,17,50
EHenry,Cumberland,127,28,0,19,153,0,146,181,0,155,172,327
EHenry,SCobb,44,6,0,8,37,0,52,43,0,50,45,95
EHenry,Chamblee,199,39,0,48,172,1,247,211,1,238,221,459
EHenry,NWDeKalb,268,44,0,92,354,1,360,398,1,312,447,759
EHenry,NEDeKalb,302,61,0,98,284,2,400,345,2,363,384,747
EHenry,Atlanta-DeKalb,45,14,0,18,75,0,63,89,0,59,93,152
EHenry,Decatur,59,11,1,22,45,0,81,56,1,71,67,138
EHenry,SWDeKalb,210,40,2,74,287,0,284,327,2,252,361,613
EHenry,SEDeKalb,339,66,1,134,477,2,473,543,3,406,613,1019
EHenry,SDeKalb,655,146,0,482,1721,4,1137,1867,4,801,2207,3008
EHenry,WDouglas,3,0,0,0,19,0,3,19,0,3,19,22
EHenry,EDouglas,20,4,0,6,6,0,26,10,0,24,12,36
EHenry,WFayette,111,11,0,25,72,0,136,83,0,122,97,219
EHenry,EFayette,222,40,0,56,142,0,278,182,0,262,198,460
EHenry,NGwinnett,36,6,0,11,42,0,47,48,0,42,53,95
EHenry,CentGwinnett,132,29,0,31,128,0,163,157,0,161,159,320
EHenry,EGwinnett,34,5,0,8,26,0,42,31,0,39,34,73
EHenry,Norcross,193,16,0,29,109,0,222,125,0,209,138,347
EHenry,Lilburn,102,22,0,31,104,0,133,126,0,124,135,259
EHenry,Snellville,107,18,0,32,202,0,139,220,0,125,234,359
EHenry,NHenry,1508,308,0,2243,7884,0,3751,8192,0,1816,10127,11943
EHenry,EHenry,3036,637,0,9968,31125,0,13004,31762,0,3673,41093,44766
EHenry,SHenry,3926,791,0,5654,19184,0,9580,19975,0,4717,24838,29555
EHenry,SRockdale,461,103,0,624,2041,0,1085,2144,0,564,2665,3229
EHenry,NRockdale,870,176,0,435,1636,0,1305,1812,0,1046,2071,3117
EHenry,NBarrow,5,1,0,2,0,0,7,1,0,6,2,8
EHenry,SBarrow,7,2,0,2,2,0,9,4,0,9,4,13
EHenry,NWBartow,0,0,0,0,0,0,0,0,0,0,0,0
EHenry,NEBartow,0,0,0,0,0,0,0,0,0,0,0,0
EHenry,SWBartow,0,0,0,0,0,0,0,0,0,0,0,0
EHenry,Cartersville,0,0,0,1,1,0,1,1,0,0,2,2
EHenry,NECarroll,1,0,0,0,1,0,1,1,0,1,1,2
EHenry,WCarroll,0,0,0,0,0,0,0,0,0,0,0,0
EHenry,CentralCarroll,0,0,0,2,0,0,2,0,0,0,2,2
EHenry,SECarroll,0,0,0,0,1,0,0,1,0,0,1,1
EHenry,WCoweta,2,1,0,2,0,0,4,1,0,3,2,5
EHenry,NCoweta,22,4,0,10,8,0,32,12,0,26,18,44
EHenry,SCoweta,0,0,0,1,0,0,1,0,0,0,1,1
EHenry,SECoweta,7,2,0,5,14,0,12,16,0,9,19,28
EHenry,NForsyth,0,0,0,0,0,0,0,0,0,0,0,0
EHenry,Cumming,1,0,0,1,4,0,2,4,0,1,5,6
EHenry,SForsyth,7,2,0,0,6,0,7,8,0,9,6,15
EHenry,NHall,0,0,0,0,0,0,0,0,0,0,0,0
EHenry,Gainesville,2,0,0,1,1,0,3,1,0,2,2,4
EHenry,SHall,0,0,0,0,0,0,0,0,0,0,0,0
EHenry,WNewton,1111,213,0,977,3636,0,2088,3849,0,1324,4613,5937
EHenry,ENewton,48,11,0,69,51,0,117,62,0,59,120,179
EHenry,NPaulding,0,0,0,1,0,0,1,0,0,0,1,1
EHenry,WPaulding,0,0,0,0,0,0,0,0,0,0,0,0
EHenry,EPaulding,4,2,0,3,0,0,7,2,0,6,3,9
EHenry,NSpalding,230,41,0,129,294,0,359,335,0,271,423,694
EHenry,SSpalding,140,23,0,30,144,0,170,167,0,163,174,337
EHenry,WWalton,47,8,0,14,46,0,61,54,0,55,60,115
EHenry,EWalton,65,21,0,13,34,0,78,55,0,86,47,133
SHenry,NFulton,29,6,0,10,54,0,39,60,0,35,64,99
SHenry,Roswell,20,5,0,8,4,0,28,9,0,25,12,37
SHenry,SandySprings,162,36,6,31,63,1,193,99,7,204,95,299
SHenry,Buckhead,296,82,6,70,229,1,366,311,7,384,300,684
SHenry,NWAtlanta,222,44,1,29,53,2,251,97,3,267,84,351
SHenry,NEAtlanta,491,92,17,164,275,13,655,367,30,600,452,1052
SHenry,SWAtlanta,288,60,1,114,205,8,402,265,9,349,327,676
SHenry,CBDAtlanta,631,159,127,157,290,32,788,449,159,917,479,1396
SHenry,SEAtlanta,518,108,3,158,287,6,676,395,9,629,451,1080
SHenry,SFulton,108,22,0,31,39,0,139,61,0,130,70,200
SHenry,Tri-Cities,786,141,5,115,296,1,901,437,6,932,412,1344
SHenry,Shannon,353,64,0,79,204,1,432,268,1,417,284,701
SHenry,WCherokee,0,0,0,0,0,0,0,0,0,0,0,0
SHenry,NCherokee,0,0,0,0,0,0,0,0,0,0,0,0
SHenry,ECentCherokee,1,0,0,0,0,0,1,0,0,1,0,1
SHenry,Woodstock,3,0,0,3,3,0,6,3,0,3,6,9
SHenry,Airport,813,115,15,69,270,1,882,385,16,943,340,1283
SHenry,NEClayton,2344,480,5,790,2184,8,3134,2664,13,2829,2982,5811
SHenry,Riverdale,588,142,1,319,1253,1,907,1395,2,731,1573,2304
SHenry,SClayton,2901,614,4,2260,7725,5,5161,8339,9,3519,9990,13509
SHenry,NWCobb,29,8,0,6,32,1,35,40,1,37,39,76
SHenry,NECobb,37,7,0,10,31,0,47,38,0,44,41,85
SHenry,SWCobb,12,5,0,2,11,0,14,16,0,17,13,30
SHenry,Marietta,39,13,0,17,28,2,56,41,2,52,47,99
SHenry,Cumberland,221,60,1,38,100,0,259,160,1,282,138,420
SHenry,SCobb,97,13,0,19,87,1,116,100,1,110,107,217
SHenry,Chamblee,230,58,5,46,153,3,276,211,8,293,202,495
SHenry,NWDeKalb,414,89,0,113,265,4,527,354,4,503,382,885
SHenry,NEDeKalb,331,63,1,80,144,1,411,207,2,395,225,620
SHenry,Atlanta-DeKalb,108,20,0,38,110,0,146,130,0,128,148,276
SHenry,Decatur,70,8,0,31,51,9,101,59,9,78,91,169
SHenry,SWDeKalb,281,54,1,82,271,0,363,325,1,336,353,689
SHenry,SEDeKalb,292,66,0,87,252,0,379,318,0,358,339,697
SHenry,SDeKalb,834,173,0,254,708,3,1088,881,3,1007,965,1972
SHenry,WDouglas,32,6,0,10,10,0,42,16,0,38,20,58
SHenry,EDouglas,55,5,0,14,59,0,69,64,0,60,73,133
SHenry,WFayette,594,113,0,137,525,0,731,638,0,707,662,1369
SHenry,EFayette,1043,180,0,458,1226,0,1501,1406,0,1223,1684,2907
SHenry,NGwinnett,18,5,0,10,50,0,28,55,0,23,60,83
SHenry,CentGwinnett,102,24,0,31,56,0,133,80,0,126,87,213
SHenry,EGwinnett,29,6,0,5,37,0,34,43,0,35,42,77
SHenry,Norcross,163,31,0,17,96,0,180,127,0,194,113,307
SHenry,Lilburn,58,13,0,19,48,0,77,61,0,71,67,138
SHenry,Snellville,111,18,0,41,43,0,152,61,0,129,84,213
SHenry,NHenry,3056,653,0,3553,11255,0,6609,11908,0,3709,14808,18517
SHenry,EHenry,4087,782,0,5681,19214,0,9768,19996,0,4869,24895,29764
SHenry,SHenry,28279,5719,0,52190,140453,0,80469,146172,0,33998,192643,226641
SHenry,SRockdale,505,112,0,264,747,0,769,859,0,617,1011,1628
SHenry,NRockdale,605,126,0,135,440,0,740,566,0,731,575,1306
SHenry,NBarrow,4,1,0,4,4,0,8,5,0,5,8,13
SHenry,SBarrow,8,1,0,2,11,0,10,12,0,9,13,22
SHenry,NWBartow,0,0,0,0,0,0,0,0,0,0,0,0
SHenry,NEBartow,0,0,0,0,1,0,0,1,0,0,1,1
SHenry,SWBartow,0,0,0,1,0,0,1,0,0,0,1,1
SHenry,Cartersville,0,0,0,0,0,0,0,0,0,0,0,0
SHenry,NECarroll,1,0,0,1,0,0,2,0,0,1,1,2
SHenry,WCarroll,0,0,0,0,0,0,0,0,0,0,0,0
SHenry,CentralCarroll,5,2,0,6,11,0,11,13,0,7,17,24
SHenry,SECarroll,1,0,0,3,0,0,4,0,0,1,3,4
SHenry,WCoweta,14,0,0,8,11,0,22,11,0,14,19,33
SHenry,NCoweta,166,34,0,39,113,0,205,147,0,200,152,352
SHenry,SCoweta,24,2,0,11,8,0,35,10,0,26,19,45
SHenry,SECoweta,122,17,0,37,72,0,159,89,0,139,109,248
SHenry,NForsyth,0,0,0,0,0,0,0,0,0,0,0,0
SHenry,Cumming,0,0,0,1,11,0,1,11,0,0,12,12
SHenry,SForsyth,12,0,0,2,13,0,14,13,0,12,15,27
SHenry,NHall,0,0,0,0,0,0,0,0,0,0,0,0
SHenry,Gainesville,0,0,0,0,0,0,0,0,0,0,0,0
SHenry,SHall,0,1,0,1,2,0,1,3,0,1,3,4
SHenry,WNewton,1282,253,0,546,1750,0,1828,2003,0,1535,2296,3831
SHenry,ENewton,84,14,0,35,22,0,119,36,0,98,57,155
SHenry,NPaulding,0,0,0,0,0,0,0,0,0,0,0,0
SHenry,WPaulding,0,0,0,1,0,0,1,0,0,0,1,1
SHenry,EPaulding,10,1,0,6,4,0,16,5,0,11,10,21
SHenry,NSpalding,2278,492,0,1826,5352,0,4104,5844,0,2770,7178,9948
SHenry,SSpalding,1247,238,0,413,1324,0,1660,1562,0,1485,1737,3222
SHenry,WWalton,89,11,0,19,97,0,108,108,0,100,116,216
SHenry,EWalton,72,10,0,13,19,0,85,29,0,82,32,114
SRockdale,NFulton,49,13,0,11,24,0,60,37,0,62,35,97
SRockdale,Roswell,23,2,0,10,16,0,33,18,0,25,26,51
SRockdale,SandySprings,166,29,10,23,72,3,189,101,13,205,98,303
SRockdale,Buckhead,211,44,10,29,43,3,240,87,13,265,75,340
SRockdale,NWAtlanta,105,33,2,18,92,1,123,125,3,140,111,251
SRockdale,NEAtlanta,287,65,9,87,213,13,374,278,22,361,313,674
SRockdale,SWAtlanta,121,23,6,47,136,3,168,159,9,150,186,336
SRockdale,CBDAtlanta,351,72,65,87,256,23,438,328,88,488,366,854
SRockdale,SEAtlanta,165,25,1,57,90,5,222,115,6,191,152,343
SRockdale,SFulton,17,6,0,6,3,0,23,9,0,23,9,32
SRockdale,Tri-Cities,214,39,1,23,39,0,237,78,1,254,62,316
SRockdale,Shannon,64,9,0,8,38,0,72,47,0,73,46,119
SRockdale,WCherokee,0,0,0,0,0,0,0,0,0,0,0,0
SRockdale,NCherokee,0,0,0,0,0,0,0,0,0,0,0,0
SRockdale,ECentCherokee,1,0,0,0,1,0,1,1,0,1,1,2
SRockdale,Woodstock,2,1,0,3,0,0,5,1,0,3,3,6
SRockdale,Airport,210,18,6,9,19,0,219,37,6,234,28,262
SRockdale,NEClayton,492,91,1,127,456,0,619,547,1,584,583,1167
SRockdale,Riverdale,73,19,0,25,65,0,98,84,0,92,90,182
SRockdale,SClayton,211,40,0,70,181,0,281,221,0,251,251,502
SRockdale,NWCobb,16,1,0,8,3,0,24,4,0,17,11,28
SRockdale,NECobb,32,12,0,6,12,0,38,24,0,44,18,62
SRockdale,SWCobb,7,4,0,1,0,0,8,4,0,11,1,12
SRockdale,Marietta,33,7,0,13,23,0,46,30,0,40,36,76
SRockdale,Cumberland,128,34,0,18,43,0,146,77,0,162,61,223
SRockdale,SCobb,42,12,1,11,39,0,53,51,1,55,50,105
SRockdale,Chamblee,262,41,4,41,108,1,303,149,5,307,150,457
SRockdale,NWDeKalb,302,65,1,108,283,8,410,348,9,368,399,767
SRockdale,NEDeKalb,443,85,0,146,440,7,589,525,7,528,593,1121
SRockdale,Atlanta-DeKalb,69,11,1,30,109,1,99,120,2,81,140,221
SRockdale,Decatur,71,21,1,34,102,7,105,123,8,93,143,236
SRockdale,SWDeKalb,209,59,1,134,435,8,343,494,9,269,577,846
SRockdale,SEDeKalb,882,152,6,791,2728,8,1673,2880,14,1040,3527,4567
SRockdale,SDeKalb,988,204,9,1537,4621,26,2525,4825,35,1201,6184,7385
SRockdale,WDouglas,4,0,0,3,4,0,7,4,0,4,7,11
SRockdale,EDouglas,21,1,0,7,28,0,28,29,0,22,35,57
SRockdale,WFayette,25,5,0,7,28,0,32,33,0,30,35,65
SRockdale,EFayette,49,9,0,12,17,0,61,26,0,58,29,87
SRockdale,NGwinnett,66,16,0,18,77,1,84,93,1,82,96,178
SRockdale,CentGwinnett,258,52,0,59,130,1,317,182,1,310,190,500
SRockdale,EGwinnett,83,13,0,18,73,0,101,86,0,96,91,187
SRockdale,Norcross,239,36,0,30,146,0,269,182,0,275,176,451
SRockdale,Lilburn,184,34,0,76,276,0,260,310,0,218,352,570
SRockdale,Snellville,324,79,0,163,673,0,487,752,0,403,836,1239
SRockdale,NHenry,493,99,0,452,1301,0,945,1400,0,592,1753,2345
SRockdale,EHenry,467,83,0,606,2117,0,1073,2200,0,550,2723,3273
SRockdale,SHenry,516,107,0,277,714,0,793,821,0,623,991,1614
SRockdale,SRockdale,2272,489,0,7435,21575,0,9707,22064,0,2761,29010,31771
SRockdale,NRockdale,2855,602,0,4863,14491,0,7718,15093,0,3457,19354,22811
SRockdale,NBarrow,12,4,0,1,8,0,13,12,0,16,9,25
SRockdale,SBarrow,14,4,0,7,13,0,21,17,0,18,20,38
SRockdale,NWBartow,0,0,0,0,0,0,0,0,0,0,0,0
SRockdale,NEBartow,0,0,0,0,0,0,0,0,0,0,0,0
SRockdale,SWBartow,0,0,0,0,0,0,0,0,0,0,0,0
SRockdale,Cartersville,0,0,0,0,0,0,0,0,0,0,0,0
SRockdale,NECarroll,2,0,0,0,0,0,2,0,0,2,0,2
SRockdale,WCarroll,0,0,0,0,0,0,0,0,0,0,0,0
SRockdale,CentralCarroll,0,0,0,0,0,0,0,0,0,0,0,0
SRockdale,SECarroll,0,0,0,0,0,0,0,0,0,0,0,0
SRockdale,WCoweta,1,0,0,1,0,0,2,0,0,1,1,2
SRockdale,NCoweta,9,0,0,2,3,0,11,3,0,9,5,14
SRockdale,SCoweta,0,0,0,0,0,0,0,0,0,0,0,0
SRockdale,SECoweta,3,0,0,0,2,0,3,2,0,3,2,5
SRockdale,NForsyth,0,0,0,1,0,0,1,0,0,0,1,1
SRockdale,Cumming,2,1,0,0,1,0,2,2,0,3,1,4
SRockdale,SForsyth,14,3,0,2,1,0,16,4,0,17,3,20
SRockdale,NHall,1,0,0,0,0,0,1,0,0,1,0,1
SRockdale,Gainesville,7,1,0,2,5,0,9,6,0,8,7,15
SRockdale,SHall,13,2,0,5,1,0,18,3,0,15,6,21
SRockdale,WNewton,1310,300,0,1862,6504,0,3172,6804,0,1610,8366,9976
SRockdale,ENewton,56,12,0,39,89,0,95,101,0,68,128,196
SRockdale,NPaulding,1,0,0,0,0,0,1,0,0,1,0,1
SRockdale,WPaulding,0,0,0,0,0,0,0,0,0,0,0,0
SRockdale,EPaulding,7,3,0,1,3,0,8,6,0,10,4,14
SRockdale,NSpalding,36,13,0,16,17,0,52,30,0,49,33,82
SRockdale,SSpalding,31,4,0,4,18,0,35,22,0,35,22,57
SRockdale,WWalton,139,33,0,67,193,0,206,226,0,172,260,432
SRockdale,EWalton,118,16,0,33,36,0,151,52,0,134,69,203
NRockdale,NFulton,76,15,0,24,44,1,100,59,1,91,69,160
NRockdale,Roswell,39,8,0,14,10,0,53,18,0,47,24,71
NRockdale,SandySprings,184,23,11,26,89,1,210,112,12,218,116,334
NRockdale,Buckhead,231,36,15,23,101,2,254,137,17,282,126,408
NRockdale,NWAtlanta,122,20,1,14,41,3,136,61,4,143,58,201
NRockdale,NEAtlanta,299,68,16,89,202,17,388,270,33,383,308,691
NRockdale,SWAtlanta,132,25,6,42,84,12,174,109,18,163,138,301
NRockdale,CBDAtlanta,391,77,92,69,173,29,460,250,121,560,271,831
NRockdale,SEAtlanta,178,31,2,54,94,7,232,125,9,211,155,366
NRockdale,SFulton,39,8,0,9,21,0,48,29,0,47,30,77
NRockdale,Tri-Cities,161,27,2,21,43,0,182,70,2,190,64,254
NRockdale,Shannon,59,11,0,12,43,0,71,54,0,70,55,125
NRockdale,WCherokee,0,0,0,0,0,0,0,0,0,0,0,0
NRockdale,NCherokee,0,0,0,0,0,0,0,0,0,0,0,0
NRockdale,ECentCherokee,3,1,0,0,3,0,3,4,0,4,3,7
NRockdale,Woodstock,7,1,0,0,6,0,7,7,0,8,6,14
NRockdale,Airport,169,26,17,11,5,0,180,31,17,212,16,228
NRockdale,NEClayton,362,59,1,52,97,2,414,156,3,422,151,573
NRockdale,Riverdale,54,10,0,15,26,0,69,36,0,64,41,105
NRockdale,SClayton,195,39,0,44,165,1,239,204,1,234,210,444
NRockdale,NWCobb,17,4,0,7,18,0,24,22,0,21,25,46
NRockdale,NECobb,36,9,0,14,17,1,50,26,1,45,32,77
NRockdale,SWCobb,11,4,0,0,5,0,11,9,0,15,5,20
NRockdale,Marietta,32,6,0,17,11,2,49,17,2,38,30,68
NRockdale,Cumberland,120,36,0,19,44,0,139,80,0,156,63,219
NRockdale,SCobb,51,12,0,11,84,0,62,96,0,63,95,158
NRockdale,Chamblee,263,45,3,43,113,1,306,158,4,311,157,468
NRockdale,NWDeKalb,362,88,3,92,395,5,454,483,8,453,492,945
NRockdale,NEDeKalb,599,131,4,214,768,7,813,899,11,734,989,1723
NRockdale,Atlanta-DeKalb,75,16,2,24,97,2,99,113,4,93,123,216
NRockdale,Decatur,92,21,5,41,85,11,133,106,16,118,137,255
NRockdale,SWDeKalb,338,86,3,149,471,3,487,557,6,427,623,1050
NRockdale,SEDeKalb,1653,323,12,1250,4166,15,2903,4489,27,1988,5431,7419
NRockdale,SDeKalb,1315,280,4,1276,3594,12,2591,3874,16,1599,4882,6481
NRockdale,WDouglas,7,1,0,2,19,0,9,20,0,8,21,29
NRockdale,EDouglas,30,4,0,11,12,0,41,16,0,34,23,57
NRockdale,WFayette,25,4,0,10,13,0,35,17,0,29,23,52
NRockdale,EFayette,31,6,0,20,35,0,51,41,0,37,55,92
NRockdale,NGwinnett,239,55,0,47,81,0,286,136,0,294,128,422
NRockdale,CentGwinnett,627,134,0,164,587,0,791,721,0,761,751,1512
NRockdale,EGwinnett,366,67,0,96,279,0,462,346,0,433,375,808
NRockdale,Norcross,309,56,0,51,188,0,360,244,0,365,239,604
NRockdale,Lilburn,349,79,0,178,602,0,527,681,0,428,780,1208
NRockdale,Snellville,1336,287,0,890,3067,0,2226,3354,0,1623,3957,5580
NRockdale,NHenry,497,102,0,182,674,0,679,776,0,599,856,1455
NRockdale,EHenry,883,181,0,444,1565,0,1327,1746,0,1064,2009,3073
NRockdale,SHenry,570,118,0,135,400,0,705,518,0,688,535,1223
NRockdale,SRockdale,2932,623,0,4877,14399,0,7809,15022,0,3555,19276,22831
NRockdale,NRockdale,16487,3749,0,33295,75401,0,49782,79150,0,20236,108696,128932
NRockdale,NBarrow,63,17,0,13,51,0,76,68,0,80,64,144
NRockdale,SBarrow,110,14,0,20,90,0,130,104,0,124,110,234
NRockdale,NWBartow,0,0,0,0,0,0,0,0,0,0,0,0
NRockdale,NEBartow,0,0,0,1,0,0,1,0,0,0,1,1
NRockdale,SWBartow,1,0,0,0,0,0,1,0,0,1,0,1
NRockdale,Cartersville,1,0,0,0,1,0,1,1,0,1,1,2
NRockdale,NECarroll,0,0,0,1,17,0,1,17,0,0,18,18
NRockdale,WCarroll,1,0,0,0,0,0,1,0,0,1,0,1
NRockdale,CentralCarroll,0,0,0,1,1,0,1,1,0,0,2,2
NRockdale,SECarroll,0,0,0,0,0,0,0,0,0,0,0,0
NRockdale,WCoweta,1,0,0,0,1,0,1,1,0,1,1,2
NRockdale,NCoweta,18,3,0,3,23,0,21,26,0,21,26,47
NRockdale,SCoweta,0,0,0,1,0,0,1,0,0,0,1,1
NRockdale,SECoweta,3,0,0,0,7,0,3,7,0,3,7,10
NRockdale,NForsyth,0,0,0,2,0,0,2,0,0,0,2,2
NRockdale,Cumming,8,1,0,5,42,0,13,43,0,9,47,56
NRockdale,SForsyth,20,2,0,4,27,0,24,29,0,22,31,53
NRockdale,NHall,2,0,0,1,0,0,3,0,0,2,1,3
NRockdale,Gainesville,12,1,0,4,6,0,16,7,0,13,10,23
NRockdale,SHall,25,8,0,14,47,0,39,55,0,33,61,94
NRockdale,WNewton,5429,1153,0,5309,17081,0,10738,18234,0,6582,22390,28972
NRockdale,ENewton,351,62,0,173,366,0,524,428,0,413,539,952
NRockdale,NPaulding,1,0,0,0,0,0,1,0,0,1,0,1
NRockdale,WPaulding,2,0,0,0,0,0,2,0,0,2,0,2
NRockdale,EPaulding,10,1,0,2,6,0,12,7,0,11,8,19
NRockdale,NSpalding,65,14,0,23,22,0,88,36,0,79,45,124
NRockdale,SSpalding,36,4,0,1,20,0,37,24,0,40,21,61
NRockdale,WWalton,1013,198,0,587,2089,0,1600,2287,0,1211,2676,3887
NRockdale,EWalton,554,92,0,113,484,0,667,576,0,646,597,1243
NBarrow,NFulton,222,31,0,35,78,0,257,109,0,253,113,366
NBarrow,Roswell,59,5,1,15,51,0,74,56,1,65,66,131
NBarrow,SandySprings,91,23,0,22,25,0,113,48,0,114,47,161
NBarrow,Buckhead,52,10,0,24,38,0,76,48,0,62,62,124
NBarrow,NWAtlanta,22,3,0,4,8,0,26,11,0,25,12,37
NBarrow,NEAtlanta,38,11,0,14,50,0,52,61,0,49,64,113
NBarrow,SWAtlanta,7,3,0,2,5,0,9,8,0,10,7,17
NBarrow,CBDAtlanta,18,5,1,12,51,0,30,56,1,24,63,87
NBarrow,SEAtlanta,8,3,0,4,11,0,12,14,0,11,15,26
NBarrow,SFulton,0,0,0,0,4,0,0,4,0,0,4,4
NBarrow,Tri-Cities,7,0,0,1,2,0,8,2,0,7,3,10
NBarrow,Shannon,1,0,0,1,1,0,2,1,0,1,2,3
NBarrow,WCherokee,0,0,0,0,0,0,0,0,0,0,0,0
NBarrow,NCherokee,0,0,0,0,0,0,0,0,0,0,0,0
NBarrow,ECentCherokee,12,1,0,4,0,0,16,1,0,13,4,17
NBarrow,Woodstock,2,1,0,4,9,0,6,10,0,3,13,16
NBarrow,Airport,4,1,0,1,0,0,5,1,0,5,1,6
NBarrow,NEClayton,7,1,0,1,11,0,8,12,0,8,12,20
NBarrow,Riverdale,1,0,0,0,0,0,1,0,0,1,0,1
NBarrow,SClayton,0,0,0,0,18,0,0,18,0,0,18,18
NBarrow,NWCobb,3,0,0,4,1,0,7,1,0,3,5,8
NBarrow,NECobb,11,3,0,11,7,0,22,10,0,14,18,32
NBarrow,SWCobb,1,0,0,0,0,0,1,0,0,1,0,1
NBarrow,Marietta,12,3,0,2,11,0,14,14,0,15,13,28
NBarrow,Cumberland,41,10,0,14,9,0,55,19,0,51,23,74
NBarrow,SCobb,7,0,0,4,1,0,11,1,0,7,5,12
NBarrow,Chamblee,170,41,0,30,87,0,200,128,0,211,117,328
NBarrow,NWDeKalb,67,14,0,19,96,2,86,110,2,81,117,198
NBarrow,NEDeKalb,162,38,0,33,57,0,195,95,0,200,90,290
NBarrow,Atlanta-DeKalb,3,1,0,1,8,0,4,9,0,4,9,13
NBarrow,Decatur,10,0,0,2,25,0,12,25,0,10,27,37
NBarrow,SWDeKalb,12,5,0,4,10,0,16,15,0,17,14,31
NBarrow,SEDeKalb,43,9,0,8,16,0,51,25,0,52,24,76
NBarrow,SDeKalb,27,5,0,10,10,0,37,15,0,32,20,52
NBarrow,WDouglas,0,0,0,0,0,0,0,0,0,0,0,0
NBarrow,EDouglas,4,0,0,1,0,0,5,0,0,4,1,5
NBarrow,WFayette,0,0,0,0,0,0,0,0,0,0,0,0
NBarrow,EFayette,0,0,0,0,1,0,0,1,0,0,1,1
NBarrow,NGwinnett,2071,425,0,1658,5535,0,3729,5960,0,2496,7193,9689
NBarrow,CentGwinnett,1312,236,0,396,1230,0,1708,1466,0,1548,1626,3174
NBarrow,EGwinnett,945,164,0,843,2621,0,1788,2785,0,1109,3464,4573
NBarrow,Norcross,394,90,0,48,142,0,442,232,0,484,190,674
NBarrow,Lilburn,104,15,0,19,119,0,123,134,0,119,138,257
NBarrow,Snellville,275,64,0,84,317,0,359,381,0,339,401,740
NBarrow,NHenry,3,0,0,1,0,0,4,0,0,3,1,4
NBarrow,EHenry,6,1,0,1,1,0,7,2,0,7,2,9
NBarrow,SHenry,5,0,0,3,5,0,8,5,0,5,8,13
NBarrow,SRockdale,13,1,0,4,6,0,17,7,0,14,10,24
NBarrow,NRockdale,62,16,0,16,24,0,78,40,0,78,40,118
NBarrow,NBarrow,8847,1793,0,19286,52882,0,28133,54675,0,10640,72168,82808
NBarrow,SBarrow,2137,454,0,3229,10569,0,5366,11023,0,2591,13798,16389
NBarrow,NWBartow,0,0,0,0,0,0,0,0,0,0,0,0
NBarrow,NEBartow,0,0,0,0,0,0,0,0,0,0,0,0
NBarrow,SWBartow,0,0,0,0,0,0,0,0,0,0,0,0
NBarrow,Cartersville,0,0,0,0,0,0,0,0,0,0,0,0
NBarrow,NECarroll,0,0,0,0,0,0,0,0,0,0,0,0
NBarrow,WCarroll,0,0,0,0,0,0,0,0,0,0,0,0
NBarrow,CentralCarroll,0,0,0,0,0,0,0,0,0,0,0,0
NBarrow,SECarroll,0,0,0,0,0,0,0,0,0,0,0,0
NBarrow,WCoweta,0,0,0,0,0,0,0,0,0,0,0,0
NBarrow,NCoweta,0,0,0,0,0,0,0,0,0,0,0,0
NBarrow,SCoweta,0,0,0,0,0,0,0,0,0,0,0,0
NBarrow,SECoweta,0,0,0,0,0,0,0,0,0,0,0,0
NBarrow,NForsyth,14,2,0,14,46,0,28,48,0,16,60,76
NBarrow,Cumming,146,32,0,35,76,0,181,108,0,178,111,289
NBarrow,SForsyth,122,25,0,22,72,0,144,97,0,147,94,241
NBarrow,NHall,51,11,0,15,23,0,66,34,0,62,38,100
NBarrow,Gainesville,582,116,0,125,308,0,707,424,0,698,433,1131
NBarrow,SHall,838,168,0,696,2194,0,1534,2362,0,1006,2890,3896
NBarrow,WNewton,82,13,0,23,37,0,105,50,0,95,60,155
NBarrow,ENewton,15,4,0,6,25,0,21,29,0,19,31,50
NBarrow,NPaulding,0,0,0,0,0,0,0,0,0,0,0,0
NBarrow,WPaulding,0,0,0,0,0,0,0,0,0,0,0,0
NBarrow,EPaulding,0,0,0,0,0,0,0,0,0,0,0,0
NBarrow,NSpalding,1,0,0,0,0,0,1,0,0,1,0,1
NBarrow,SSpalding,0,0,0,0,0,0,0,0,0,0,0,0
NBarrow,WWalton,264,60,0,154,392,0,418,452,0,324,546,870
NBarrow,EWalton,578,100,0,321,1049,0,899,1149,0,678,1370,2048
SBarrow,NFulton,145,28,0,21,71,0,166,99,0,173,92,265
SBarrow,Roswell,45,9,0,18,40,1,63,49,1,54,59,113
SBarrow,SandySprings,98,17,0,32,82,0,130,99,0,115,114,229
SBarrow,Buckhead,52,20,0,18,129,0,70,149,0,72,147,219
SBarrow,NWAtlanta,20,3,0,6,26,0,26,29,0,23,32,55
SBarrow,NEAtlanta,29,9,1,12,103,1,41,112,2,39,116,155
SBarrow,SWAtlanta,4,0,0,6,48,0,10,48,0,4,54,58
SBarrow,CBDAtlanta,15,8,0,5,70,0,20,78,0,23,75,98
SBarrow,SEAtlanta,1,3,0,3,24,0,4,27,0,4,27,31
SBarrow,SFulton,1,0,0,0,0,0,1,0,0,1,0,1
SBarrow,Tri-Cities,7,2,0,3,2,0,10,4,0,9,5,14
SBarrow,Shannon,2,0,0,0,1,0,2,1,0,2,1,3
SBarrow,WCherokee,0,0,0,0,0,0,0,0,0,0,0,0
SBarrow,NCherokee,1,0,0,0,0,0,1,0,0,1,0,1
SBarrow,ECentCherokee,6,0,0,2,5,0,8,5,0,6,7,13
SBarrow,Woodstock,3,0,0,0,17,0,3,17,0,3,17,20
SBarrow,Airport,3,0,0,0,0,0,3,0,0,3,0,3
SBarrow,NEClayton,11,1,0,7,7,0,18,8,0,12,14,26
SBarrow,Riverdale,1,0,0,1,1,0,2,1,0,1,2,3
SBarrow,SClayton,1,0,0,1,4,0,2,4,0,1,5,6
SBarrow,NWCobb,3,3,0,4,5,0,7,8,0,6,9,15
SBarrow,NECobb,17,3,0,7,15,0,24,18,0,20,22,42
SBarrow,SWCobb,0,0,0,1,0,0,1,0,0,0,1,1
SBarrow,Marietta,6,2,0,3,17,0,9,19,0,8,20,28
SBarrow,Cumberland,45,6,0,11,27,0,56,33,0,51,38,89
SBarrow,SCobb,3,1,0,3,4,0,6,5,0,4,7,11
SBarrow,Chamblee,141,34,0,43,97,1,184,131,1,175,141,316
SBarrow,NWDeKalb,40,9,0,28,173,0,68,182,0,49,201,250
SBarrow,NEDeKalb,149,36,0,52,183,0,201,219,0,185,235,420
SBarrow,Atlanta-DeKalb,3,1,0,3,3,0,6,4,0,4,6,10
SBarrow,Decatur,6,0,0,1,10,0,7,10,0,6,11,17
SBarrow,SWDeKalb,11,5,0,8,46,0,19,51,0,16,54,70
SBarrow,SEDeKalb,39,12,0,18,28,0,57,40,0,51,46,97
SBarrow,SDeKalb,19,9,0,13,49,0,32,58,0,28,62,90
SBarrow,WDouglas,0,0,0,0,1,0,0,1,0,0,1,1
SBarrow,EDouglas,1,0,0,0,0,0,1,0,0,1,0,1
SBarrow,WFayette,1,0,0,0,0,0,1,0,0,1,0,1
SBarrow,EFayette,0,1,0,0,1,0,0,2,0,1,1,2
SBarrow,NGwinnett,1177,214,0,542,1770,0,1719,1984,0,1391,2312,3703
SBarrow,CentGwinnett,1171,209,0,393,1340,0,1564,1549,0,1380,1733,3113
SBarrow,EGwinnett,950,190,0,843,2699,0,1793,2889,0,1140,3542,4682
SBarrow,Norcross,370,63,0,58,144,0,428,207,0,433,202,635
SBarrow,Lilburn,84,25,0,43,118,0,127,143,0,109,161,270
SBarrow,Snellville,264,50,0,93,339,0,357,389,0,314,432,746
SBarrow,NHenry,6,1,0,3,3,0,9,4,0,7,6,13
SBarrow,EHenry,7,0,0,1,2,0,8,2,0,7,3,10
SBarrow,SHenry,6,0,0,5,11,0,11,11,0,6,16,22
SBarrow,SRockdale,13,4,0,5,8,0,18,12,0,17,13,30
SBarrow,NRockdale,114,28,0,17,95,0,131,123,0,142,112,254
SBarrow,NBarrow,2089,425,0,3196,10455,0,5285,10880,0,2514,13651,16165
SBarrow,SBarrow,3956,762,0,8595,25013,0,12551,25775,0,4718,33608,38326
SBarrow,NWBartow,0,0,0,0,0,0,0,0,0,0,0,0
SBarrow,NEBartow,0,0,0,0,0,0,0,0,0,0,0,0
SBarrow,SWBartow,0,0,0,0,0,0,0,0,0,0,0,0
SBarrow,Cartersville,0,0,0,0,0,0,0,0,0,0,0,0
SBarrow,NECarroll,0,0,0,0,0,0,0,0,0,0,0,0
SBarrow,WCarroll,0,0,0,0,0,0,0,0,0,0,0,0
SBarrow,CentralCarroll,0,0,0,0,0,0,0,0,0,0,0,0
SBarrow,SECarroll,0,0,0,0,0,0,0,0,0,0,0,0
SBarrow,WCoweta,0,0,0,0,0,0,0,0,0,0,0,0
SBarrow,NCoweta,0,0,0,0,0,0,0,0,0,0,0,0
SBarrow,SCoweta,0,0,0,0,0,0,0,0,0,0,0,0
SBarrow,SECoweta,0,0,0,0,0,0,0,0,0,0,0,0
SBarrow,NForsyth,11,4,0,7,31,0,18,35,0,15,38,53
SBarrow,Cumming,87,10,0,24,75,0,111,85,0,97,99,196
SBarrow,SForsyth,93,12,0,15,43,0,108,55,0,105,58,163
SBarrow,NHall,16,2,0,6,2,0,22,4,0,18,8,26
SBarrow,Gainesville,255,60,0,39,88,0,294,148,0,315,127,442
SBarrow,SHall,303,74,0,141,260,0,444,334,0,377,401,778
SBarrow,WNewton,109,13,0,31,38,0,140,51,0,122,69,191
SBarrow,ENewton,11,3,0,13,14,0,24,17,0,14,27,41
SBarrow,NPaulding,0,0,0,0,0,0,0,0,0,0,0,0
SBarrow,WPaulding,0,0,0,0,0,0,0,0,0,0,0,0
SBarrow,EPaulding,0,0,0,0,0,0,0,0,0,0,0,0
SBarrow,NSpalding,0,0,0,0,0,0,0,0,0,0,0,0
SBarrow,SSpalding,0,0,0,0,0,0,0,0,0,0,0,0
SBarrow,WWalton,331,51,0,180,655,0,511,706,0,382,835,1217
SBarrow,EWalton,797,158,0,567,1984,0,1364,2142,0,955,2551,3506
NWBartow,NFulton,30,4,0,12,25,0,42,29,0,34,37,71
NWBartow,Roswell,21,2,0,6,17,0,27,19,0,23,23,46
NWBartow,SandySprings,40,9,0,7,37,0,47,46,0,49,44,93
NWBartow,Buckhead,33,11,0,15,39,0,48,50,0,44,54,98
NWBartow,NWAtlanta,22,1,0,2,8,0,24,9,0,23,10,33
NWBartow,NEAtlanta,12,1,0,5,45,0,17,46,0,13,50,63
NWBartow,SWAtlanta,4,3,0,0,7,0,4,10,0,7,7,14
NWBartow,CBDAtlanta,5,3,0,6,12,0,11,15,0,8,18,26
NWBartow,SEAtlanta,2,0,0,0,11,0,2,11,0,2,11,13
NWBartow,SFulton,3,1,0,0,0,0,3,1,0,4,0,4
NWBartow,Tri-Cities,4,0,0,1,0,0,5,0,0,4,1,5
NWBartow,Shannon,0,1,0,0,0,0,0,1,0,1,0,1
NWBartow,WCherokee,41,5,0,14,37,0,55,42,0,46,51,97
NWBartow,NCherokee,15,4,0,3,12,0,18,16,0,19,15,34
NWBartow,ECentCherokee,142,24,0,24,185,0,166,209,0,166,209,375
NWBartow,Woodstock,87,22,0,19,64,0,106,86,0,109,83,192
NWBartow,Airport,1,0,0,0,0,0,1,0,0,1,0,1
NWBartow,NEClayton,0,1,0,0,0,0,0,1,0,1,0,1
NWBartow,Riverdale,0,0,0,0,0,0,0,0,0,0,0,0
NWBartow,SClayton,0,0,0,0,0,0,0,0,0,0,0,0
NWBartow,NWCobb,412,76,0,116,301,1,528,377,1,488,418,906
NWBartow,NECobb,123,24,0,31,93,0,154,117,0,147,124,271
NWBartow,SWCobb,27,7,0,9,58,0,36,65,0,34,67,101
NWBartow,Marietta,123,19,0,39,74,0,162,93,0,142,113,255
NWBartow,Cumberland,133,20,0,28,50,0,161,70,0,153,78,231
NWBartow,SCobb,24,6,0,5,25,0,29,31,0,30,30,60
NWBartow,Chamblee,21,8,0,3,32,0,24,40,0,29,35,64
NWBartow,NWDeKalb,4,1,0,5,6,0,9,7,0,5,11,16
NWBartow,NEDeKalb,4,1,0,2,5,0,6,6,0,5,7,12
NWBartow,Atlanta-DeKalb,0,0,0,1,1,0,1,1,0,0,2,2
NWBartow,Decatur,0,1,0,1,17,0,1,18,0,1,18,19
NWBartow,SWDeKalb,1,0,0,0,1,0,1,1,0,1,1,2
NWBartow,SEDeKalb,1,0,0,0,0,0,1,0,0,1,0,1
NWBartow,SDeKalb,1,1,0,0,0,0,1,1,0,2,0,2
NWBartow,WDouglas,4,1,0,3,7,0,7,8,0,5,10,15
NWBartow,EDouglas,13,4,0,9,21,0,22,25,0,17,30,47
NWBartow,WFayette,0,0,0,0,0,0,0,0,0,0,0,0
NWBartow,EFayette,0,0,0,0,0,0,0,0,0,0,0,0
NWBartow,NGwinnett,0,0,0,0,0,0,0,0,0,0,0,0
NWBartow,CentGwinnett,2,0,0,0,0,0,2,0,0,2,0,2
NWBartow,EGwinnett,1,0,0,0,0,0,1,0,0,1,0,1
NWBartow,Norcross,11,2,0,0,2,0,11,4,0,13,2,15
NWBartow,Lilburn,2,0,0,0,1,0,2,1,0,2,1,3
NWBartow,Snellville,1,0,0,0,0,0,1,0,0,1,0,1
NWBartow,NHenry,0,0,0,0,0,0,0,0,0,0,0,0
NWBartow,EHenry,0,0,0,0,0,0,0,0,0,0,0,0
NWBartow,SHenry,0,0,0,1,0,0,1,0,0,0,1,1
NWBartow,SRockdale,0,0,0,0,0,0,0,0,0,0,0,0
NWBartow,NRockdale,0,0,0,0,0,0,0,0,0,0,0,0
NWBartow,NBarrow,0,0,0,0,0,0,0,0,0,0,0,0
NWBartow,SBarrow,0,0,0,0,0,0,0,0,0,0,0,0
NWBartow,NWBartow,3268,717,0,6273,19119,0,9541,19836,0,3985,25392,29377
NWBartow,NEBartow,274,49,0,278,1047,0,552,1096,0,323,1325,1648
NWBartow,SWBartow,216,44,0,145,539,0,361,583,0,260,684,944
NWBartow,Cartersville,1539,329,0,1326,4457,0,2865,4786,0,1868,5783,7651
NWBartow,NECarroll,5,0,0,1,0,0,6,0,0,5,1,6
NWBartow,WCarroll,0,0,0,0,0,0,0,0,0,0,0,0
NWBartow,CentralCarroll,0,0,0,0,0,0,0,0,0,0,0,0
NWBartow,SECarroll,0,0,0,0,0,0,0,0,0,0,0,0
NWBartow,WCoweta,0,0,0,0,4,0,0,4,0,0,4,4
NWBartow,NCoweta,0,0,0,0,0,0,0,0,0,0,0,0
NWBartow,SCoweta,0,0,0,0,0,0,0,0,0,0,0,0
NWBartow,SECoweta,0,0,0,0,0,0,0,0,0,0,0,0
NWBartow,NForsyth,2,0,0,0,1,0,2,1,0,2,1,3
NWBartow,Cumming,15,5,0,2,15,0,17,20,0,20,17,37
NWBartow,SForsyth,13,2,0,1,5,0,14,7,0,15,6,21
NWBartow,NHall,0,0,0,1,0,0,1,0,0,0,1,1
NWBartow,Gainesville,0,0,0,1,0,0,1,0,0,0,1,1
NWBartow,SHall,0,0,0,0,0,0,0,0,0,0,0,0
NWBartow,WNewton,0,0,0,0,0,0,0,0,0,0,0,0
NWBartow,ENewton,0,0,0,0,0,0,0,0,0,0,0,0
NWBartow,NPaulding,66,16,0,11,48,0,77,64,0,82,59,141
NWBartow,WPaulding,2,0,0,3,2,0,5,2,0,2,5,7
NWBartow,EPaulding,52,11,0,17,82,0,69,93,0,63,99,162
NWBartow,NSpalding,0,0,0,0,0,0,0,0,0,0,0,0
NWBartow,SSpalding,0,0,0,0,0,0,0,0,0,0,0,0
NWBartow,WWalton,0,0,0,0,0,0,0,0,0,0,0,0
NWBartow,EWalton,0,0,0,0,0,0,0,0,0,0,0,0
NEBartow,NFulton,84,15,0,26,52,0,110,67,0,99,78,177
NEBartow,Roswell,34,6,0,23,37,0,57,43,0,40,60,100
NEBartow,SandySprings,35,9,0,25,18,0,60,27,0,44,43,87
NEBartow,Buckhead,39,5,0,16,36,0,55,41,0,44,52,96
NEBartow,NWAtlanta,14,3,0,8,11,0,22,14,0,17,19,36
NEBartow,NEAtlanta,16,3,0,14,71,0,30,74,0,19,85,104
NEBartow,SWAtlanta,5,2,0,3,19,0,8,21,0,7,22,29
NEBartow,CBDAtlanta,4,4,1,6,35,0,10,39,1,9,41,50
NEBartow,SEAtlanta,6,2,0,4,5,0,10,7,0,8,9,17
NEBartow,SFulton,2,0,0,0,1,0,2,1,0,2,1,3
NEBartow,Tri-Cities,2,0,0,3,5,0,5,5,0,2,8,10
NEBartow,Shannon,0,0,0,0,2,0,0,2,0,0,2,2
NEBartow,WCherokee,177,25,0,115,432,0,292,457,0,202,547,749
NEBartow,NCherokee,33,2,0,10,16,0,43,18,0,35,26,61
NEBartow,ECentCherokee,268,64,0,140,486,0,408,550,0,332,626,958
NEBartow,Woodstock,95,19,0,41,123,0,136,142,0,114,164,278
NEBartow,Airport,0,0,0,0,1,0,0,1,0,0,1,1
NEBartow,NEClayton,1,2,0,0,4,0,1,6,0,3,4,7
NEBartow,Riverdale,0,0,0,0,0,0,0,0,0,0,0,0
NEBartow,SClayton,0,0,0,0,0,0,0,0,0,0,0,0
NEBartow,NWCobb,415,80,0,171,438,1,586,518,1,495,610,1105
NEBartow,NECobb,108,19,0,45,79,0,153,98,0,127,124,251
NEBartow,SWCobb,32,5,0,13,27,0,45,32,0,37,40,77
NEBartow,Marietta,126,22,0,36,124,0,162,146,0,148,160,308
NEBartow,Cumberland,77,23,0,33,92,0,110,115,0,100,125,225
NEBartow,SCobb,23,3,0,12,33,0,35,36,0,26,45,71
NEBartow,Chamblee,21,5,0,8,10,0,29,15,0,26,18,44
NEBartow,NWDeKalb,10,3,1,2,40,0,12,43,1,14,42,56
NEBartow,NEDeKalb,6,1,0,0,3,0,6,4,0,7,3,10
NEBartow,Atlanta-DeKalb,2,0,0,2,9,0,4,9,0,2,11,13
NEBartow,Decatur,1,0,0,1,2,0,2,2,0,1,3,4
NEBartow,SWDeKalb,1,0,0,1,3,0,2,3,0,1,4,5
NEBartow,SEDeKalb,0,0,0,1,9,0,1,9,0,0,10,10
NEBartow,SDeKalb,1,0,0,1,7,0,2,7,0,1,8,9
NEBartow,WDouglas,6,1,0,1,9,0,7,10,0,7,10,17
NEBartow,EDouglas,17,3,0,4,7,0,21,10,0,20,11,31
NEBartow,WFayette,0,0,0,0,0,0,0,0,0,0,0,0
NEBartow,EFayette,0,0,0,0,0,0,0,0,0,0,0,0
NEBartow,NGwinnett,4,3,0,4,4,0,8,7,0,7,8,15
NEBartow,CentGwinnett,6,2,0,7,14,0,13,16,0,8,21,29
NEBartow,EGwinnett,0,0,0,0,0,0,0,0,0,0,0,0
NEBartow,Norcross,12,0,0,5,10,0,17,10,0,12,15,27
NEBartow,Lilburn,0,0,0,0,0,0,0,0,0,0,0,0
NEBartow,Snellville,0,0,0,1,0,0,1,0,0,0,1,1
NEBartow,NHenry,0,0,0,0,0,0,0,0,0,0,0,0
NEBartow,EHenry,0,0,0,0,0,0,0,0,0,0,0,0
NEBartow,SHenry,0,0,0,0,1,0,0,1,0,0,1,1
NEBartow,SRockdale,0,0,0,0,0,0,0,0,0,0,0,0
NEBartow,NRockdale,0,0,0,0,0,0,0,0,0,0,0,0
NEBartow,NBarrow,0,0,0,0,0,0,0,0,0,0,0,0
NEBartow,SBarrow,0,0,0,0,0,0,0,0,0,0,0,0
NEBartow,NWBartow,289,56,0,285,1044,0,574,1100,0,345,1329,1674
NEBartow,NEBartow,1524,315,0,2095,5553,0,3619,5868,0,1839,7648,9487
NEBartow,SWBartow,94,10,0,29,122,0,123,132,0,104,151,255
NEBartow,Cartersville,1321,248,0,1561,4402,0,2882,4650,0,1569,5963,7532
NEBartow,NECarroll,4,0,0,0,3,0,4,3,0,4,3,7
NEBartow,WCarroll,0,0,0,0,0,0,0,0,0,0,0,0
NEBartow,CentralCarroll,3,1,0,2,0,0,5,1,0,4,2,6
NEBartow,SECarroll,0,0,0,0,0,0,0,0,0,0,0,0
NEBartow,WCoweta,0,0,0,0,0,0,0,0,0,0,0,0
NEBartow,NCoweta,0,0,0,0,0,0,0,0,0,0,0,0
NEBartow,SCoweta,0,0,0,0,0,0,0,0,0,0,0,0
NEBartow,SECoweta,0,0,0,0,0,0,0,0,0,0,0,0
NEBartow,NForsyth,5,0,0,3,2,0,8,2,0,5,5,10
NEBartow,Cumming,35,6,0,11,47,0,46,53,0,41,58,99
NEBartow,SForsyth,29,4,0,8,6,0,37,10,0,33,14,47
NEBartow,NHall,0,0,0,0,0,0,0,0,0,0,0,0
NEBartow,Gainesville,1,1,0,0,0,0,1,1,0,2,0,2
NEBartow,SHall,1,1,0,1,0,0,2,1,0,2,1,3
NEBartow,WNewton,0,0,0,0,0,0,0,0,0,0,0,0
NEBartow,ENewton,0,0,0,0,0,0,0,0,0,0,0,0
NEBartow,NPaulding,60,8,0,10,56,0,70,64,0,68,66,134
NEBartow,WPaulding,2,0,0,1,0,0,3,0,0,2,1,3
NEBartow,EPaulding,44,6,0,18,69,0,62,75,0,50,87,137
NEBartow,NSpalding,0,0,0,0,0,0,0,0,0,0,0,0
NEBartow,SSpalding,0,0,0,0,0,0,0,0,0,0,0,0
NEBartow,WWalton,0,0,0,0,0,0,0,0,0,0,0,0
NEBartow,EWalton,0,0,0,0,0,0,0,0,0,0,0,0
SWBartow,NFulton,58,9,0,14,60,0,72,69,0,67,74,141
SWBartow,Roswell,36,4,0,14,74,0,50,78,0,40,88,128
SWBartow,SandySprings,79,24,0,27,108,0,106,132,0,103,135,238
SWBartow,Buckhead,60,12,0,28,127,0,88,139,0,72,155,227
SWBartow,NWAtlanta,27,5,0,11,75,0,38,80,0,32,86,118
SWBartow,NEAtlanta,35,3,0,24,118,0,59,121,0,38,142,180
SWBartow,SWAtlanta,14,3,0,7,52,1,21,55,1,17,60,77
SWBartow,CBDAtlanta,19,5,0,13,90,0,32,95,0,24,103,127
SWBartow,SEAtlanta,2,0,0,5,25,0,7,25,0,2,30,32
SWBartow,SFulton,13,0,0,0,3,0,13,3,0,13,3,16
SWBartow,Tri-Cities,6,2,0,5,38,0,11,40,0,8,43,51
SWBartow,Shannon,3,2,0,0,2,0,3,4,0,5,2,7
SWBartow,WCherokee,26,3,0,12,23,0,38,26,0,29,35,64
SWBartow,NCherokee,2,3,0,1,1,0,3,4,0,5,2,7
SWBartow,ECentCherokee,94,23,0,21,113,0,115,136,0,117,134,251
SWBartow,Woodstock,158,23,0,67,230,0,225,253,0,181,297,478
SWBartow,Airport,2,1,0,0,0,0,2,1,0,3,0,3
SWBartow,NEClayton,0,0,0,0,1,0,0,1,0,0,1,1
SWBartow,Riverdale,1,0,0,0,1,0,1,1,0,1,1,2
SWBartow,SClayton,3,0,0,0,1,0,3,1,0,3,1,4
SWBartow,NWCobb,723,147,0,283,1023,6,1006,1170,6,870,1312,2182
SWBartow,NECobb,213,41,0,75,266,0,288,307,0,254,341,595
SWBartow,SWCobb,53,8,0,25,86,0,78,94,0,61,111,172
SWBartow,Marietta,196,44,0,66,203,0,262,247,0,240,269,509
SWBartow,Cumberland,217,29,0,55,129,0,272,158,0,246,184,430
SWBartow,SCobb,47,7,0,19,54,0,66,61,0,54,73,127
SWBartow,Chamblee,42,16,0,6,34,0,48,50,0,58,40,98
SWBartow,NWDeKalb,21,3,0,6,48,0,27,51,0,24,54,78
SWBartow,NEDeKalb,16,4,0,6,14,0,22,18,0,20,20,40
SWBartow,Atlanta-DeKalb,1,0,0,3,17,0,4,17,0,1,20,21
SWBartow,Decatur,0,0,0,0,8,0,0,8,0,0,8,8
SWBartow,SWDeKalb,3,0,0,1,11,0,4,11,0,3,12,15
SWBartow,SEDeKalb,1,0,0,0,1,0,1,1,0,1,1,2
SWBartow,SDeKalb,2,0,0,0,3,0,2,3,0,2,3,5
SWBartow,WDouglas,33,5,0,8,12,0,41,17,0,38,20,58
SWBartow,EDouglas,37,7,0,17,40,0,54,47,0,44,57,101
SWBartow,WFayette,0,0,0,0,0,0,0,0,0,0,0,0
SWBartow,EFayette,1,0,0,1,0,0,2,0,0,1,1,2
SWBartow,NGwinnett,2,0,0,0,1,0,2,1,0,2,1,3
SWBartow,CentGwinnett,6,2,0,7,21,0,13,23,0,8,28,36
SWBartow,EGwinnett,0,0,0,0,0,0,0,0,0,0,0,0
SWBartow,Norcross,11,2,0,13,2,0,24,4,0,13,15,28
SWBartow,Lilburn,3,0,0,0,16,0,3,16,0,3,16,19
SWBartow,Snellville,0,0,0,0,0,0,0,0,0,0,0,0
SWBartow,NHenry,0,0,0,0,1,0,0,1,0,0,1,1
SWBartow,EHenry,0,0,0,0,0,0,0,0,0,0,0,0
SWBartow,SHenry,0,0,0,0,0,0,0,0,0,0,0,0
SWBartow,SRockdale,0,0,0,0,0,0,0,0,0,0,0,0
SWBartow,NRockdale,1,0,0,0,0,0,1,0,0,1,0,1
SWBartow,NBarrow,0,0,0,0,0,0,0,0,0,0,0,0
SWBartow,SBarrow,0,0,0,0,0,0,0,0,0,0,0,0
SWBartow,NWBartow,214,47,0,169,555,0,383,602,0,261,724,985
SWBartow,NEBartow,91,8,0,27,124,0,118,132,0,99,151,250
SWBartow,SWBartow,2164,404,0,3315,9245,0,5479,9649,0,2568,12560,15128
SWBartow,Cartersville,1968,429,0,2506,8054,0,4474,8483,0,2397,10560,12957
SWBartow,NECarroll,17,3,0,4,2,0,21,5,0,20,6,26
SWBartow,WCarroll,1,0,0,2,2,0,3,2,0,1,4,5
SWBartow,CentralCarroll,3,1,0,6,8,0,9,9,0,4,14,18
SWBartow,SECarroll,0,0,0,0,0,0,0,0,0,0,0,0
SWBartow,WCoweta,0,0,0,0,0,0,0,0,0,0,0,0
SWBartow,NCoweta,0,0,0,0,0,0,0,0,0,0,0,0
SWBartow,SCoweta,0,0,0,0,0,0,0,0,0,0,0,0
SWBartow,SECoweta,0,0,0,0,0,0,0,0,0,0,0,0
SWBartow,NForsyth,0,0,0,1,2,0,1,2,0,0,3,3
SWBartow,Cumming,8,0,0,2,3,0,10,3,0,8,5,13
SWBartow,SForsyth,22,0,0,4,2,0,26,2,0,22,6,28
SWBartow,NHall,0,0,0,0,0,0,0,0,0,0,0,0
SWBartow,Gainesville,0,0,0,0,0,0,0,0,0,0,0,0
SWBartow,SHall,0,0,0,0,4,0,0,4,0,0,4,4
SWBartow,WNewton,0,0,0,0,0,0,0,0,0,0,0,0
SWBartow,ENewton,0,0,0,0,0,0,0,0,0,0,0,0
SWBartow,NPaulding,243,47,0,119,349,0,362,396,0,290,468,758
SWBartow,WPaulding,14,7,0,4,12,0,18,19,0,21,16,37
SWBartow,EPaulding,181,41,0,65,253,0,246,294,0,222,318,540
SWBartow,NSpalding,0,0,0,0,0,0,0,0,0,0,0,0
SWBartow,SSpalding,0,0,0,0,9,0,0,9,0,0,9,9
SWBartow,WWalton,0,0,0,0,0,0,0,0,0,0,0,0
SWBartow,EWalton,0,0,0,0,1,0,0,1,0,0,1,1
Cartersville,NFulton,259,40,0,86,127,1,345,167,1,299,214,513
Cartersville,Roswell,162,34,0,36,50,0,198,84,0,196,86,282
Cartersville,SandySprings,234,42,0,30,88,0,264,130,0,276,118,394
Cartersville,Buckhead,183,38,4,55,125,0,238,163,4,225,180,405
Cartersville,NWAtlanta,92,15,1,16,25,0,108,40,1,108,41,149
Cartersville,NEAtlanta,103,21,5,35,158,0,138,179,5,129,193,322
Cartersville,SWAtlanta,40,6,0,13,31,0,53,37,0,46,44,90
Cartersville,CBDAtlanta,73,17,7,37,133,3,110,150,10,97,173,270
Cartersville,SEAtlanta,18,6,0,9,43,0,27,49,0,24,52,76
Cartersville,SFulton,19,2,0,9,21,0,28,23,0,21,30,51
Cartersville,Tri-Cities,13,4,0,6,12,0,19,16,0,17,18,35
Cartersville,Shannon,8,4,0,5,3,0,13,7,0,12,8,20
Cartersville,WCherokee,377,63,0,215,526,0,592,589,0,440,741,1181
Cartersville,NCherokee,55,6,0,19,13,0,74,19,0,61,32,93
Cartersville,ECentCherokee,609,98,0,200,534,0,809,632,0,707,734,1441
Cartersville,Woodstock,864,140,0,452,1190,1,1316,1330,1,1004,1643,2647
Cartersville,Airport,10,0,0,6,0,0,16,0,0,10,6,16
Cartersville,NEClayton,12,5,0,3,7,0,15,12,0,17,10,27
Cartersville,Riverdale,0,2,0,1,10,0,1,12,0,2,11,13
Cartersville,SClayton,3,0,0,0,4,0,3,4,0,3,4,7
Cartersville,NWCobb,3580,665,0,2737,8078,6,6317,8743,6,4245,10821,15066
Cartersville,NECobb,718,141,0,236,459,0,954,600,0,859,695,1554
Cartersville,SWCobb,247,43,0,103,171,0,350,214,0,290,274,564
Cartersville,Marietta,747,129,0,180,597,0,927,726,0,876,777,1653
Cartersville,Cumberland,572,105,1,95,305,0,667,410,1,678,400,1078
Cartersville,SCobb,162,24,0,40,88,0,202,112,0,186,128,314
Cartersville,Chamblee,127,22,0,32,101,0,159,123,0,149,133,282
Cartersville,NWDeKalb,61,9,1,12,91,0,73,100,1,71,103,174
Cartersville,NEDeKalb,39,5,0,11,56,1,50,61,1,44,68,112
Cartersville,Atlanta-DeKalb,7,2,0,6,12,0,13,14,0,9,18,27
Cartersville,Decatur,5,3,0,4,10,0,9,13,0,8,14,22
Cartersville,SWDeKalb,13,1,0,3,14,0,16,15,0,14,17,31
Cartersville,SEDeKalb,5,1,0,4,5,0,9,6,0,6,9,15
Cartersville,SDeKalb,8,2,0,4,13,0,12,15,0,10,17,27
Cartersville,WDouglas,69,8,0,10,13,0,79,21,0,77,23,100
Cartersville,EDouglas,118,12,0,22,64,0,140,76,0,130,86,216
Cartersville,WFayette,3,0,0,0,0,0,3,0,0,3,0,3
Cartersville,EFayette,1,0,0,0,0,0,1,0,0,1,0,1
Cartersville,NGwinnett,6,0,0,7,16,0,13,16,0,6,23,29
Cartersville,CentGwinnett,30,3,0,11,45,0,41,48,0,33,56,89
Cartersville,EGwinnett,1,0,0,0,4,0,1,4,0,1,4,5
Cartersville,Norcross,52,13,0,17,51,0,69,64,0,65,68,133
Cartersville,Lilburn,2,2,0,0,27,0,2,29,0,4,27,31
Cartersville,Snellville,1,0,0,1,36,0,2,36,0,1,37,38
Cartersville,NHenry,5,1,0,3,1,0,8,2,0,6,4,10
Cartersville,EHenry,0,0,0,0,2,0,0,2,0,0,2,2
Cartersville,SHenry,0,0,0,1,0,0,1,0,0,0,1,1
Cartersville,SRockdale,1,0,0,0,0,0,1,0,0,1,0,1
Cartersville,NRockdale,2,1,0,0,1,0,2,2,0,3,1,4
Cartersville,NBarrow,0,0,0,0,0,0,0,0,0,0,0,0
Cartersville,SBarrow,1,0,0,0,0,0,1,0,0,1,0,1
Cartersville,NWBartow,1590,338,0,1324,4507,0,2914,4845,0,1928,5831,7759
Cartersville,NEBartow,1334,271,0,1549,4468,0,2883,4739,0,1605,6017,7622
Cartersville,SWBartow,2078,416,0,2542,8125,0,4620,8541,0,2494,10667,13161
Cartersville,Cartersville,21767,4193,0,34937,83200,0,56704,87393,0,25960,118137,144097
Cartersville,NECarroll,51,13,0,9,16,0,60,29,0,64,25,89
Cartersville,WCarroll,2,3,0,1,2,0,3,5,0,5,3,8
Cartersville,CentralCarroll,26,5,0,7,17,0,33,22,0,31,24,55
Cartersville,SECarroll,3,0,0,0,0,0,3,0,0,3,0,3
Cartersville,WCoweta,1,0,0,0,0,0,1,0,0,1,0,1
Cartersville,NCoweta,1,0,0,0,0,0,1,0,0,1,0,1
Cartersville,SCoweta,0,0,0,0,0,0,0,0,0,0,0,0
Cartersville,SECoweta,0,0,0,0,0,0,0,0,0,0,0,0
Cartersville,NForsyth,17,2,0,4,16,0,21,18,0,19,20,39
Cartersville,Cumming,46,7,0,23,58,0,69,65,0,53,81,134
Cartersville,SForsyth,56,8,0,6,13,0,62,21,0,64,19,83
Cartersville,NHall,0,0,0,0,1,0,0,1,0,0,1,1
Cartersville,Gainesville,2,0,0,1,0,0,3,0,0,2,1,3
Cartersville,SHall,1,0,0,0,1,0,1,1,0,1,1,2
Cartersville,WNewton,0,0,0,1,0,0,1,0,0,0,1,1
Cartersville,ENewton,0,0,0,0,0,0,0,0,0,0,0,0
Cartersville,NPaulding,907,187,0,657,1895,0,1564,2082,0,1094,2552,3646
Cartersville,WPaulding,106,14,0,31,79,0,137,93,0,120,110,230
Cartersville,EPaulding,569,93,0,158,491,0,727,584,0,662,649,1311
Cartersville,NSpalding,0,0,0,0,0,0,0,0,0,0,0,0
Cartersville,SSpalding,0,0,0,0,0,0,0,0,0,0,0,0
Cartersville,WWalton,0,0,0,0,0,0,0,0,0,0,0,0
Cartersville,EWalton,0,0,0,0,0,0,0,0,0,0,0,0
NECarroll,NFulton,9,1,0,3,11,0,12,12,0,10,14,24
NECarroll,Roswell,4,3,0,4,41,0,8,44,0,7,45,52
NECarroll,SandySprings,59,10,0,16,23,0,75,33,0,69,39,108
NECarroll,Buckhead,101,12,2,35,106,0,136,118,2,115,141,256
NECarroll,NWAtlanta,164,28,1,15,81,1,179,109,2,193,97,290
NECarroll,NEAtlanta,102,20,2,28,111,1,130,131,3,124,140,264
NECarroll,SWAtlanta,200,37,0,40,102,0,240,139,0,237,142,379
NECarroll,CBDAtlanta,93,16,9,41,109,2,134,125,11,118,152,270
NECarroll,SEAtlanta,49,6,0,18,26,0,67,32,0,55,44,99
NECarroll,SFulton,212,32,0,24,70,0,236,102,0,244,94,338
NECarroll,Tri-Cities,87,10,0,15,26,0,102,36,0,97,41,138
NECarroll,Shannon,87,23,0,13,41,0,100,64,0,110,54,164
NECarroll,WCherokee,0,0,0,0,0,0,0,0,0,0,0,0
NECarroll,NCherokee,0,0,0,0,0,0,0,0,0,0,0,0
NECarroll,ECentCherokee,6,2,0,4,0,0,10,2,0,8,4,12
NECarroll,Woodstock,18,2,0,7,43,0,25,45,0,20,50,70
NECarroll,Airport,43,4,2,8,5,0,51,9,2,49,13,62
NECarroll,NEClayton,41,5,0,5,21,0,46,26,0,46,26,72
NECarroll,Riverdale,12,3,1,5,14,0,17,17,1,16,19,35
NECarroll,SClayton,8,0,0,4,9,0,12,9,0,8,13,21
NECarroll,NWCobb,226,41,0,52,191,0,278,232,0,267,243,510
NECarroll,NECobb,76,11,0,10,37,0,86,48,0,87,47,134
NECarroll,SWCobb,179,33,0,41,89,0,220,122,0,212,130,342
NECarroll,Marietta,157,22,0,28,58,0,185,80,0,179,86,265
NECarroll,Cumberland,244,37,0,36,145,0,280,182,0,281,181,462
NECarroll,SCobb,303,67,0,50,169,0,353,236,0,370,219,589
NECarroll,Chamblee,39,10,0,10,17,0,49,27,0,49,27,76
NECarroll,NWDeKalb,61,18,1,27,59,0,88,77,1,80,86,166
NECarroll,NEDeKalb,24,3,0,10,5,0,34,8,0,27,15,42
NECarroll,Atlanta-DeKalb,12,2,0,6,20,0,18,22,0,14,26,40
NECarroll,Decatur,7,4,1,4,12,0,11,16,1,12,16,28
NECarroll,SWDeKalb,30,8,0,10,21,0,40,29,0,38,31,69
NECarroll,SEDeKalb,10,1,0,0,10,0,10,11,0,11,10,21
NECarroll,SDeKalb,17,7,0,5,6,0,22,13,0,24,11,35
NECarroll,WDouglas,1570,312,1,1730,6473,0,3300,6785,1,1883,8203,10086
NECarroll,EDouglas,814,161,0,269,987,0,1083,1148,0,975,1256,2231
NECarroll,WFayette,55,11,0,11,28,0,66,39,0,66,39,105
NECarroll,EFayette,20,1,0,5,5,0,25,6,0,21,10,31
NECarroll,NGwinnett,1,1,0,1,0,0,2,1,0,2,1,3
NECarroll,CentGwinnett,3,3,0,1,8,0,4,11,0,6,9,15
NECarroll,EGwinnett,1,0,0,0,0,0,1,0,0,1,0,1
NECarroll,Norcross,15,6,0,8,5,0,23,11,0,21,13,34
NECarroll,Lilburn,2,1,0,0,0,0,2,1,0,3,0,3
NECarroll,Snellville,2,0,0,0,0,0,2,0,0,2,0,2
NECarroll,NHenry,8,1,0,3,1,0,11,2,0,9,4,13
NECarroll,EHenry,1,0,0,0,1,0,1,1,0,1,1,2
NECarroll,SHenry,2,0,0,1,1,0,3,1,0,2,2,4
NECarroll,SRockdale,3,0,0,0,4,0,3,4,0,3,4,7
NECarroll,NRockdale,0,0,0,1,17,0,1,17,0,0,18,18
NECarroll,NBarrow,0,0,0,0,0,0,0,0,0,0,0,0
NECarroll,SBarrow,0,0,0,0,0,0,0,0,0,0,0,0
NECarroll,NWBartow,3,1,0,2,0,0,5,1,0,4,2,6
NECarroll,NEBartow,3,0,0,2,3,0,5,3,0,3,5,8
NECarroll,SWBartow,14,4,0,4,3,0,18,7,0,18,7,25
NECarroll,Cartersville,54,11,0,10,19,0,64,30,0,65,29,94
NECarroll,NECarroll,7013,1503,0,14437,40821,0,21450,42324,0,8516,55258,63774
NECarroll,WCarroll,318,67,0,109,290,0,427,357,0,385,399,784
NECarroll,CentralCarroll,2106,437,0,1952,5520,5,4058,5957,5,2543,7477,10020
NECarroll,SECarroll,44,15,0,37,93,0,81,108,0,59,130,189
NECarroll,WCoweta,62,16,0,13,48,0,75,64,0,78,61,139
NECarroll,NCoweta,138,20,0,34,113,0,172,133,0,158,147,305
NECarroll,SCoweta,12,2,0,3,16,0,15,18,0,14,19,33
NECarroll,SECoweta,2,2,0,2,6,0,4,8,0,4,8,12
NECarroll,NForsyth,0,0,0,0,0,0,0,0,0,0,0,0
NECarroll,Cumming,1,0,0,0,0,0,1,0,0,1,0,1
NECarroll,SForsyth,3,1,0,0,0,0,3,1,0,4,0,4
NECarroll,NHall,0,0,0,0,0,0,0,0,0,0,0,0
NECarroll,Gainesville,0,0,0,0,0,0,0,0,0,0,0,0
NECarroll,SHall,0,0,0,0,0,0,0,0,0,0,0,0
NECarroll,WNewton,0,0,0,0,0,0,0,0,0,0,0,0
NECarroll,ENewton,0,0,0,0,0,0,0,0,0,0,0,0
NECarroll,NPaulding,81,18,0,12,109,0,93,127,0,99,121,220
NECarroll,WPaulding,457,89,0,580,2341,0,1037,2430,0,546,2921,3467
NECarroll,EPaulding,839,187,0,552,2177,0,1391,2364,0,1026,2729,3755
NECarroll,NSpalding,0,0,0,0,4,0,0,4,0,0,4,4
NECarroll,SSpalding,0,0,0,0,0,0,0,0,0,0,0,0
NECarroll,WWalton,0,0,0,0,0,0,0,0,0,0,0,0
NECarroll,EWalton,0,0,0,0,0,0,0,0,0,0,0,0
WCarroll,NFulton,0,0,0,0,0,0,0,0,0,0,0,0
WCarroll,Roswell,0,0,0,1,0,0,1,0,0,0,1,1
WCarroll,SandySprings,2,1,0,4,2,0,6,3,0,3,6,9
WCarroll,Buckhead,4,1,0,7,11,0,11,12,0,5,18,23
WCarroll,NWAtlanta,17,6,0,3,2,0,20,8,0,23,5,28
WCarroll,NEAtlanta,3,0,0,9,17,0,12,17,0,3,26,29
WCarroll,SWAtlanta,23,8,0,3,6,0,26,14,0,31,9,40
WCarroll,CBDAtlanta,5,1,0,7,22,0,12,23,0,6,29,35
WCarroll,SEAtlanta,5,3,0,4,7,0,9,10,0,8,11,19
WCarroll,SFulton,30,6,0,4,3,0,34,9,0,36,7,43
WCarroll,Tri-Cities,10,1,0,6,23,0,16,24,0,11,29,40
WCarroll,Shannon,17,1,0,12,22,0,29,23,0,18,34,52
WCarroll,WCherokee,0,0,0,0,0,0,0,0,0,0,0,0
WCarroll,NCherokee,0,0,0,0,0,0,0,0,0,0,0,0
WCarroll,ECentCherokee,0,0,0,0,0,0,0,0,0,0,0,0
WCarroll,Woodstock,1,1,0,0,0,0,1,1,0,2,0,2
WCarroll,Airport,14,1,0,2,6,0,16,7,0,15,8,23
WCarroll,NEClayton,6,0,0,5,1,0,11,1,0,6,6,12
WCarroll,Riverdale,0,1,0,3,1,0,3,2,0,1,4,5
WCarroll,SClayton,4,0,0,2,1,0,6,1,0,4,3,7
WCarroll,NWCobb,14,6,0,3,2,0,17,8,0,20,5,25
WCarroll,NECobb,2,1,0,3,1,0,5,2,0,3,4,7
WCarroll,SWCobb,25,3,0,3,12,0,28,15,0,28,15,43
WCarroll,Marietta,7,4,0,8,7,0,15,11,0,11,15,26
WCarroll,Cumberland,14,4,0,12,15,0,26,19,0,18,27,45
WCarroll,SCobb,30,2,0,10,18,0,40,20,0,32,28,60
WCarroll,Chamblee,2,0,0,3,0,0,5,0,0,2,3,5
WCarroll,NWDeKalb,2,1,0,0,4,0,2,5,0,3,4,7
WCarroll,NEDeKalb,1,0,0,1,0,0,2,0,0,1,1,2
WCarroll,Atlanta-DeKalb,1,0,0,0,5,0,1,5,0,1,5,6
WCarroll,Decatur,1,0,0,1,0,0,2,0,0,1,1,2
WCarroll,SWDeKalb,3,1,0,0,0,0,3,1,0,4,0,4
WCarroll,SEDeKalb,0,0,0,0,0,0,0,0,0,0,0,0
WCarroll,SDeKalb,2,1,0,1,1,0,3,2,0,3,2,5
WCarroll,WDouglas,144,21,0,26,129,0,170,150,0,165,155,320
WCarroll,EDouglas,75,14,0,20,58,0,95,72,0,89,78,167
WCarroll,WFayette,27,2,0,7,18,0,34,20,0,29,25,54
WCarroll,EFayette,4,1,0,0,1,0,4,2,0,5,1,6
WCarroll,NGwinnett,0,0,0,0,0,0,0,0,0,0,0,0
WCarroll,CentGwinnett,0,0,0,0,0,0,0,0,0,0,0,0
WCarroll,EGwinnett,0,0,0,0,0,0,0,0,0,0,0,0
WCarroll,Norcross,2,1,0,0,0,0,2,1,0,3,0,3
WCarroll,Lilburn,0,0,0,0,0,0,0,0,0,0,0,0
WCarroll,Snellville,0,0,0,0,0,0,0,0,0,0,0,0
WCarroll,NHenry,0,0,0,0,0,0,0,0,0,0,0,0
WCarroll,EHenry,0,0,0,0,0,0,0,0,0,0,0,0
WCarroll,SHenry,0,0,0,0,0,0,0,0,0,0,0,0
WCarroll,SRockdale,0,0,0,0,0,0,0,0,0,0,0,0
WCarroll,NRockdale,0,0,0,0,0,0,0,0,0,0,0,0
WCarroll,NBarrow,0,0,0,0,0,0,0,0,0,0,0,0
WCarroll,SBarrow,0,0,0,0,0,0,0,0,0,0,0,0
WCarroll,NWBartow,0,0,0,0,0,0,0,0,0,0,0,0
WCarroll,NEBartow,0,0,0,1,0,0,1,0,0,0,1,1
WCarroll,SWBartow,1,0,0,1,2,0,2,2,0,1,3,4
WCarroll,Cartersville,4,2,0,1,0,0,5,2,0,6,1,7
WCarroll,NECarroll,312,65,0,113,251,0,425,316,0,377,364,741
WCarroll,WCarroll,2760,606,0,4614,11341,0,7374,11947,0,3366,15955,19321
WCarroll,CentralCarroll,2480,516,10,1915,5361,13,4395,5877,23,3006,7289,10295
WCarroll,SECarroll,87,10,0,95,313,0,182,323,0,97,408,505
WCarroll,WCoweta,41,8,0,15,18,0,56,26,0,49,33,82
WCarroll,NCoweta,86,18,0,23,80,0,109,98,0,104,103,207
WCarroll,SCoweta,2,0,0,3,0,0,5,0,0,2,3,5
WCarroll,SECoweta,2,1,0,1,1,0,3,2,0,3,2,5
WCarroll,NForsyth,0,0,0,0,0,0,0,0,0,0,0,0
WCarroll,Cumming,0,0,0,0,0,0,0,0,0,0,0,0
WCarroll,SForsyth,0,0,0,0,0,0,0,0,0,0,0,0
WCarroll,NHall,0,0,0,0,0,0,0,0,0,0,0,0
WCarroll,Gainesville,0,0,0,0,0,0,0,0,0,0,0,0
WCarroll,SHall,0,0,0,0,0,0,0,0,0,0,0,0
WCarroll,WNewton,0,0,0,0,0,0,0,0,0,0,0,0
WCarroll,ENewton,0,0,0,0,0,0,0,0,0,0,0,0
WCarroll,NPaulding,9,1,0,2,0,0,11,1,0,10,2,12
WCarroll,WPaulding,40,2,0,9,18,0,49,20,0,42,27,69
WCarroll,EPaulding,74,16,0,13,93,0,87,109,0,90,106,196
WCarroll,NSpalding,0,0,0,1,0,0,1,0,0,0,1,1
WCarroll,SSpalding,1,0,0,0,0,0,1,0,0,1,0,1
WCarroll,WWalton,0,0,0,0,0,0,0,0,0,0,0,0
WCarroll,EWalton,0,0,0,0,0,0,0,0,0,0,0,0
CentralCarroll,NFulton,8,1,0,4,9,0,12,10,0,9,13,22
CentralCarroll,Roswell,3,1,0,1,3,0,4,4,0,4,4,8
CentralCarroll,SandySprings,37,5,0,6,2,0,43,7,0,42,8,50
CentralCarroll,Buckhead,46,11,0,21,58,1,67,69,1,57,80,137
CentralCarroll,NWAtlanta,85,19,0,16,33,0,101,52,0,104,49,153
CentralCarroll,NEAtlanta,62,11,0,29,38,0,91,49,0,73,67,140
CentralCarroll,SWAtlanta,121,26,0,32,49,0,153,75,0,147,81,228
CentralCarroll,CBDAtlanta,64,7,4,21,76,0,85,83,4,75,97,172
CentralCarroll,SEAtlanta,56,3,0,17,32,0,73,35,0,59,49,108
CentralCarroll,SFulton,287,39,0,94,76,0,381,115,0,326,170,496
CentralCarroll,Tri-Cities,105,15,0,16,27,0,121,42,0,120,43,163
CentralCarroll,Shannon,192,27,0,65,136,0,257,163,0,219,201,420
CentralCarroll,WCherokee,0,0,0,0,0,0,0,0,0,0,0,0
CentralCarroll,NCherokee,0,0,0,0,0,0,0,0,0,0,0,0
CentralCarroll,ECentCherokee,1,0,0,0,0,0,1,0,0,1,0,1
CentralCarroll,Woodstock,7,4,0,2,0,0,9,4,0,11,2,13
CentralCarroll,Airport,90,11,0,3,5,0,93,16,0,101,8,109
CentralCarroll,NEClayton,72,14,0,11,24,0,83,38,0,86,35,121
CentralCarroll,Riverdale,31,6,0,14,42,0,45,48,0,37,56,93
CentralCarroll,SClayton,27,3,0,11,20,0,38,23,0,30,31,61
CentralCarroll,NWCobb,153,25,0,42,63,0,195,88,0,178,105,283
CentralCarroll,NECobb,38,5,0,9,17,0,47,22,0,43,26,69
CentralCarroll,SWCobb,139,19,0,38,111,0,177,130,0,158,149,307
CentralCarroll,Marietta,86,16,0,23,36,0,109,52,0,102,59,161
CentralCarroll,Cumberland,162,19,0,31,54,0,193,73,0,181,85,266
CentralCarroll,SCobb,225,39,0,56,100,0,281,139,0,264,156,420
CentralCarroll,Chamblee,27,5,0,4,28,0,31,33,0,32,32,64
CentralCarroll,NWDeKalb,26,4,0,6,45,0,32,49,0,30,51,81
CentralCarroll,NEDeKalb,15,2,0,4,11,0,19,13,0,17,15,32
CentralCarroll,Atlanta-DeKalb,8,1,0,13,8,0,21,9,0,9,21,30
CentralCarroll,Decatur,7,1,0,4,1,0,11,2,0,8,5,13
CentralCarroll,SWDeKalb,19,2,0,6,14,0,25,16,0,21,20,41
CentralCarroll,SEDeKalb,5,0,0,1,2,0,6,2,0,5,3,8
CentralCarroll,SDeKalb,14,2,0,5,7,0,19,9,0,16,12,28
CentralCarroll,WDouglas,1241,253,0,914,2356,0,2155,2609,0,1494,3270,4764
CentralCarroll,EDouglas,560,118,0,223,366,0,783,484,0,678,589,1267
CentralCarroll,WFayette,144,26,0,116,101,0,260,127,0,170,217,387
CentralCarroll,EFayette,58,6,0,35,24,0,93,30,0,64,59,123
CentralCarroll,NGwinnett,0,0,0,1,0,0,1,0,0,0,1,1
CentralCarroll,CentGwinnett,4,0,0,0,11,0,4,11,0,4,11,15
CentralCarroll,EGwinnett,0,0,0,0,0,0,0,0,0,0,0,0
CentralCarroll,Norcross,8,1,0,2,3,0,10,4,0,9,5,14
CentralCarroll,Lilburn,2,0,0,2,1,0,4,1,0,2,3,5
CentralCarroll,Snellville,2,0,0,3,3,0,5,3,0,2,6,8
CentralCarroll,NHenry,11,1,0,4,1,0,15,2,0,12,5,17
CentralCarroll,EHenry,0,0,0,2,1,0,2,1,0,0,3,3
CentralCarroll,SHenry,4,2,0,6,10,0,10,12,0,6,16,22
CentralCarroll,SRockdale,0,0,0,0,0,0,0,0,0,0,0,0
CentralCarroll,NRockdale,0,0,0,1,4,0,1,4,0,0,5,5
CentralCarroll,NBarrow,0,0,0,0,0,0,0,0,0,0,0,0
CentralCarroll,SBarrow,0,0,0,0,0,0,0,0,0,0,0,0
CentralCarroll,NWBartow,2,0,0,0,0,0,2,0,0,2,0,2
CentralCarroll,NEBartow,3,1,0,1,0,0,4,1,0,4,1,5
CentralCarroll,SWBartow,4,1,0,5,9,0,9,10,0,5,14,19
CentralCarroll,Cartersville,31,3,0,8,16,0,39,19,0,34,24,58
CentralCarroll,NECarroll,2132,419,0,1961,5584,5,4093,6003,5,2551,7550,10101
CentralCarroll,WCarroll,2469,528,10,1936,5340,13,4405,5868,23,3007,7289,10296
CentralCarroll,CentralCarroll,28597,5841,100,40156,92358,460,68753,98199,560,34538,132974,167512
CentralCarroll,SECarroll,1096,254,0,1158,3694,2,2254,3948,2,1350,4854,6204
CentralCarroll,WCoweta,495,106,0,324,489,0,819,595,0,601,813,1414
CentralCarroll,NCoweta,772,161,0,413,477,0,1185,638,0,933,890,1823
CentralCarroll,SCoweta,83,16,0,58,43,0,141,59,0,99,101,200
CentralCarroll,SECoweta,53,13,0,48,46,0,101,59,0,66,94,160
CentralCarroll,NForsyth,0,0,0,0,0,0,0,0,0,0,0,0
CentralCarroll,Cumming,0,0,0,1,0,0,1,0,0,0,1,1
CentralCarroll,SForsyth,1,0,0,1,0,0,2,0,0,1,1,2
CentralCarroll,NHall,0,0,0,0,0,0,0,0,0,0,0,0
CentralCarroll,Gainesville,0,0,0,0,0,0,0,0,0,0,0,0
CentralCarroll,SHall,0,0,0,0,0,0,0,0,0,0,0,0
CentralCarroll,WNewton,0,1,0,0,0,0,0,1,0,1,0,1
CentralCarroll,ENewton,0,0,0,0,0,0,0,0,0,0,0,0
CentralCarroll,NPaulding,66,8,0,25,52,0,91,60,0,74,77,151
CentralCarroll,WPaulding,215,42,0,142,315,0,357,357,0,257,457,714
CentralCarroll,EPaulding,498,87,0,243,453,0,741,540,0,585,696,1281
CentralCarroll,NSpalding,2,1,0,2,3,0,4,4,0,3,5,8
CentralCarroll,SSpalding,2,2,0,1,1,0,3,3,0,4,2,6
CentralCarroll,WWalton,0,0,0,0,0,0,0,0,0,0,0,0
CentralCarroll,EWalton,0,0,0,0,0,0,0,0,0,0,0,0
SECarroll,NFulton,2,0,0,0,0,0,2,0,0,2,0,2
SECarroll,Roswell,0,0,0,0,0,0,0,0,0,0,0,0
SECarroll,SandySprings,4,1,0,0,0,0,4,1,0,5,0,5
SECarroll,Buckhead,7,1,0,2,7,0,9,8,0,8,9,17
SECarroll,NWAtlanta,16,1,0,2,2,0,18,3,0,17,4,21
SECarroll,NEAtlanta,7,3,0,1,19,0,8,22,0,10,20,30
SECarroll,SWAtlanta,34,6,0,4,24,0,38,30,0,40,28,68
SECarroll,CBDAtlanta,13,2,0,9,27,0,22,29,0,15,36,51
SECarroll,SEAtlanta,9,1,0,3,4,0,12,5,0,10,7,17
SECarroll,SFulton,51,6,0,7,30,0,58,36,0,57,37,94
SECarroll,Tri-Cities,19,3,0,5,20,0,24,23,0,22,25,47
SECarroll,Shannon,34,6,0,9,43,0,43,49,0,40,52,92
SECarroll,WCherokee,0,0,0,0,0,0,0,0,0,0,0,0
SECarroll,NCherokee,0,0,0,0,0,0,0,0,0,0,0,0
SECarroll,ECentCherokee,1,0,0,0,0,0,1,0,0,1,0,1
SECarroll,Woodstock,2,0,0,0,0,0,2,0,0,2,0,2
SECarroll,Airport,7,3,0,2,0,0,9,3,0,10,2,12
SECarroll,NEClayton,13,2,0,3,0,0,16,2,0,15,3,18
SECarroll,Riverdale,4,0,0,4,14,0,8,14,0,4,18,22
SECarroll,SClayton,6,1,0,0,2,0,6,3,0,7,2,9
SECarroll,NWCobb,8,2,0,10,5,0,18,7,0,10,15,25
SECarroll,NECobb,3,2,0,4,4,0,7,6,0,5,8,13
SECarroll,SWCobb,14,4,0,7,3,0,21,7,0,18,10,28
SECarroll,Marietta,8,2,0,4,33,0,12,35,0,10,37,47
SECarroll,Cumberland,20,3,0,6,7,0,26,10,0,23,13,36
SECarroll,SCobb,29,2,0,16,36,0,45,38,0,31,52,83
SECarroll,Chamblee,3,0,0,1,0,0,4,0,0,3,1,4
SECarroll,NWDeKalb,3,2,0,1,0,0,4,2,0,5,1,6
SECarroll,NEDeKalb,2,0,0,2,1,0,4,1,0,2,3,5
SECarroll,Atlanta-DeKalb,0,0,0,0,0,0,0,0,0,0,0,0
SECarroll,Decatur,0,0,0,0,0,0,0,0,0,0,0,0
SECarroll,SWDeKalb,3,0,0,0,4,0,3,4,0,3,4,7
SECarroll,SEDeKalb,0,0,0,0,0,0,0,0,0,0,0,0
SECarroll,SDeKalb,0,0,0,2,0,0,2,0,0,0,2,2
SECarroll,WDouglas,107,30,0,72,172,0,179,202,0,137,244,381
SECarroll,EDouglas,60,14,0,30,40,0,90,54,0,74,70,144
SECarroll,WFayette,43,7,0,9,37,0,52,44,0,50,46,96
SECarroll,EFayette,7,2,0,5,19,0,12,21,0,9,24,33
SECarroll,NGwinnett,0,0,0,0,0,0,0,0,0,0,0,0
SECarroll,CentGwinnett,0,0,0,0,0,0,0,0,0,0,0,0
SECarroll,EGwinnett,0,0,0,0,0,0,0,0,0,0,0,0
SECarroll,Norcross,1,2,0,0,0,0,1,2,0,3,0,3
SECarroll,Lilburn,0,0,0,0,0,0,0,0,0,0,0,0
SECarroll,Snellville,0,0,0,0,0,0,0,0,0,0,0,0
SECarroll,NHenry,3,0,0,0,0,0,3,0,0,3,0,3
SECarroll,EHenry,0,0,0,0,1,0,0,1,0,0,1,1
SECarroll,SHenry,1,0,0,2,4,0,3,4,0,1,6,7
SECarroll,SRockdale,0,0,0,0,0,0,0,0,0,0,0,0
SECarroll,NRockdale,0,0,0,0,0,0,0,0,0,0,0,0
SECarroll,NBarrow,0,0,0,0,0,0,0,0,0,0,0,0
SECarroll,SBarrow,0,0,0,0,0,0,0,0,0,0,0,0
SECarroll,NWBartow,0,0,0,0,0,0,0,0,0,0,0,0
SECarroll,NEBartow,0,0,0,0,0,0,0,0,0,0,0,0
SECarroll,SWBartow,0,0,0,0,0,0,0,0,0,0,0,0
SECarroll,Cartersville,3,2,0,0,1,0,3,3,0,5,1,6
SECarroll,NECarroll,57,7,0,41,117,0,98,124,0,64,158,222
SECarroll,WCarroll,89,16,0,85,288,0,174,304,0,105,373,478
SECarroll,CentralCarroll,1085,235,0,1149,3699,2,2234,3934,2,1320,4850,6170
SECarroll,SECarroll,364,55,0,930,2685,0,1294,2740,0,419,3615,4034
SECarroll,WCoweta,109,20,0,128,372,0,237,392,0,129,500,629
SECarroll,NCoweta,206,38,0,96,423,0,302,461,0,244,519,763
SECarroll,SCoweta,10,3,0,9,7,0,19,10,0,13,16,29
SECarroll,SECoweta,9,1,0,2,12,0,11,13,0,10,14,24
SECarroll,NForsyth,0,0,0,0,0,0,0,0,0,0,0,0
SECarroll,Cumming,0,0,0,0,0,0,0,0,0,0,0,0
SECarroll,SForsyth,0,0,0,0,0,0,0,0,0,0,0,0
SECarroll,NHall,0,0,0,0,0,0,0,0,0,0,0,0
SECarroll,Gainesville,0,0,0,0,0,0,0,0,0,0,0,0
SECarroll,SHall,0,0,0,0,0,0,0,0,0,0,0,0
SECarroll,WNewton,0,0,0,0,0,0,0,0,0,0,0,0
SECarroll,ENewton,0,0,0,0,0,0,0,0,0,0,0,0
SECarroll,NPaulding,2,0,0,1,1,0,3,1,0,2,2,4
SECarroll,WPaulding,4,1,0,5,3,0,9,4,0,5,8,13
SECarroll,EPaulding,11,4,0,8,34,0,19,38,0,15,42,57
SECarroll,NSpalding,2,0,0,3,0,0,5,0,0,2,3,5
SECarroll,SSpalding,1,0,0,1,0,0,2,0,0,1,1,2
SECarroll,WWalton,0,0,0,0,0,0,0,0,0,0,0,0
SECarroll,EWalton,0,0,0,0,0,0,0,0,0,0,0,0
WCoweta,NFulton,3,1,0,0,0,0,3,1,0,4,0,4
WCoweta,Roswell,1,0,0,0,3,0,1,3,0,1,3,4
WCoweta,SandySprings,14,3,0,8,2,0,22,5,0,17,10,27
WCoweta,Buckhead,32,12,3,9,35,0,41,47,3,47,44,91
WCoweta,NWAtlanta,33,4,1,3,15,0,36,19,1,38,18,56
WCoweta,NEAtlanta,45,11,1,22,42,0,67,53,1,57,64,121
WCoweta,SWAtlanta,83,13,0,24,50,0,107,63,0,96,74,170
WCoweta,CBDAtlanta,73,21,15,16,49,3,89,70,18,109,68,177
WCoweta,SEAtlanta,61,10,0,17,50,1,78,60,1,71,68,139
WCoweta,SFulton,164,23,0,44,140,0,208,163,0,187,184,371
WCoweta,Tri-Cities,152,25,0,21,38,0,173,63,0,177,59,236
WCoweta,Shannon,270,46,0,58,167,0,328,213,0,316,225,541
WCoweta,WCherokee,0,0,0,0,0,0,0,0,0,0,0,0
WCoweta,NCherokee,0,0,0,0,0,0,0,0,0,0,0,0
WCoweta,ECentCherokee,0,0,0,0,1,0,0,1,0,0,1,1
WCoweta,Woodstock,1,0,0,0,0,0,1,0,0,1,0,1
WCoweta,Airport,125,21,1,7,20,0,132,41,1,147,27,174
WCoweta,NEClayton,98,13,0,8,52,0,106,65,0,111,60,171
WCoweta,Riverdale,61,5,0,11,29,0,72,34,0,66,40,106
WCoweta,SClayton,49,11,0,7,31,0,56,42,0,60,38,98
WCoweta,NWCobb,7,3,0,3,10,0,10,13,0,10,13,23
WCoweta,NECobb,12,1,0,3,0,0,15,1,0,13,3,16
WCoweta,SWCobb,16,3,0,2,3,0,18,6,0,19,5,24
WCoweta,Marietta,23,2,0,7,2,0,30,4,0,25,9,34
WCoweta,Cumberland,53,15,0,11,24,0,64,39,0,68,35,103
WCoweta,SCobb,47,8,0,11,14,0,58,22,0,55,25,80
WCoweta,Chamblee,20,3,0,1,5,0,21,8,0,23,6,29
WCoweta,NWDeKalb,24,5,0,7,47,0,31,52,0,29,54,83
WCoweta,NEDeKalb,18,0,0,4,7,0,22,7,0,18,11,29
WCoweta,Atlanta-DeKalb,8,1,0,5,15,0,13,16,0,9,20,29
WCoweta,Decatur,5,0,0,0,0,0,5,0,0,5,0,5
WCoweta,SWDeKalb,17,2,0,4,40,0,21,42,0,19,44,63
WCoweta,SEDeKalb,5,1,0,2,16,0,7,17,0,6,18,24
WCoweta,SDeKalb,28,2,0,8,5,1,36,7,1,30,14,44
WCoweta,WDouglas,154,29,0,58,177,0,212,206,0,183,235,418
WCoweta,EDouglas,86,16,0,20,94,0,106,110,0,102,114,216
WCoweta,WFayette,374,73,0,117,263,0,491,336,0,447,380,827
WCoweta,EFayette,105,18,0,25,50,0,130,68,0,123,75,198
WCoweta,NGwinnett,0,0,0,0,0,0,0,0,0,0,0,0
WCoweta,CentGwinnett,0,2,0,1,1,0,1,3,0,2,2,4
WCoweta,EGwinnett,0,0,0,0,0,0,0,0,0,0,0,0
WCoweta,Norcross,5,0,0,2,4,0,7,4,0,5,6,11
WCoweta,Lilburn,1,1,0,0,1,0,1,2,0,2,1,3
WCoweta,Snellville,0,0,0,1,0,0,1,0,0,0,1,1
WCoweta,NHenry,9,5,0,5,23,0,14,28,0,14,28,42
WCoweta,EHenry,2,0,0,2,0,0,4,0,0,2,2,4
WCoweta,SHenry,16,2,0,8,16,0,24,18,0,18,24,42
WCoweta,SRockdale,1,0,0,1,0,0,2,0,0,1,1,2
WCoweta,NRockdale,1,0,0,1,0,0,2,0,0,1,1,2
WCoweta,NBarrow,0,0,0,0,0,0,0,0,0,0,0,0
WCoweta,SBarrow,0,0,0,0,0,0,0,0,0,0,0,0
WCoweta,NWBartow,0,0,0,0,4,0,0,4,0,0,4,4
WCoweta,NEBartow,0,0,0,0,0,0,0,0,0,0,0,0
WCoweta,SWBartow,0,0,0,0,4,0,0,4,0,0,4,4
WCoweta,Cartersville,1,0,0,0,0,0,1,0,0,1,0,1
WCoweta,NECarroll,59,11,0,9,51,0,68,62,0,70,60,130
WCoweta,WCarroll,33,5,0,23,17,0,56,22,0,38,40,78
WCoweta,CentralCarroll,522,118,0,310,484,0,832,602,0,640,794,1434
WCoweta,SECarroll,109,23,0,131,367,0,240,390,0,132,498,630
WCoweta,WCoweta,3713,714,0,7162,17486,0,10875,18200,0,4427,24648,29075
WCoweta,NCoweta,3964,767,0,5820,15596,0,9784,16363,0,4731,21416,26147
WCoweta,SCoweta,330,58,0,362,1093,0,692,1151,0,388,1455,1843
WCoweta,SECoweta,121,31,0,89,239,0,210,270,0,152,328,480
WCoweta,NForsyth,0,0,0,0,0,0,0,0,0,0,0,0
WCoweta,Cumming,0,0,0,1,0,0,1,0,0,0,1,1
WCoweta,SForsyth,0,0,0,0,0,0,0,0,0,0,0,0
WCoweta,NHall,0,0,0,0,0,0,0,0,0,0,0,0
WCoweta,Gainesville,0,0,0,0,0,0,0,0,0,0,0,0
WCoweta,SHall,0,0,0,0,0,0,0,0,0,0,0,0
WCoweta,WNewton,0,0,0,0,0,0,0,0,0,0,0,0
WCoweta,ENewton,0,0,0,0,0,0,0,0,0,0,0,0
WCoweta,NPaulding,3,0,0,2,1,0,5,1,0,3,3,6
WCoweta,WPaulding,3,0,0,3,5,0,6,5,0,3,8,11
WCoweta,EPaulding,32,7,0,11,10,0,43,17,0,39,21,60
WCoweta,NSpalding,22,3,0,9,12,0,31,15,0,25,21,46
WCoweta,SSpalding,22,5,0,10,20,0,32,25,0,27,30,57
WCoweta,WWalton,0,0,0,0,0,0,0,0,0,0,0,0
WCoweta,EWalton,0,0,0,0,0,0,0,0,0,0,0,0
NCoweta,NFulton,26,7,0,8,13,0,34,20,0,33,21,54
NCoweta,Roswell,8,3,0,3,10,0,11,13,0,11,13,24
NCoweta,SandySprings,126,28,8,19,66,1,145,94,9,162,86,248
NCoweta,Buckhead,226,49,14,54,219,0,280,268,14,289,273,562
NCoweta,NWAtlanta,282,29,3,37,59,2,319,88,5,314,98,412
NCoweta,NEAtlanta,391,67,40,88,322,33,479,389,73,498,443,941
NCoweta,SWAtlanta,437,84,6,105,265,5,542,349,11,527,375,902
NCoweta,CBDAtlanta,394,65,140,100,220,25,494,285,165,599,345,944
NCoweta,SEAtlanta,382,60,2,110,215,9,492,275,11,444,334,778
NCoweta,SFulton,879,152,2,731,2229,4,1610,2381,6,1033,2964,3997
NCoweta,Tri-Cities,974,165,6,155,391,2,1129,556,8,1145,548,1693
NCoweta,Shannon,1778,340,5,780,2544,8,2558,2884,13,2123,3332,5455
NCoweta,WCherokee,0,0,0,0,0,0,0,0,0,0,0,0
NCoweta,NCherokee,0,0,0,0,0,0,0,0,0,0,0,0
NCoweta,ECentCherokee,3,0,0,2,1,0,5,1,0,3,3,6
NCoweta,Woodstock,10,1,0,1,3,0,11,4,0,11,4,15
NCoweta,Airport,690,102,39,67,144,0,757,246,39,831,211,1042
NCoweta,NEClayton,643,116,2,85,201,4,728,317,6,761,290,1051
NCoweta,Riverdale,315,61,0,123,292,0,438,353,0,376,415,791
NCoweta,SClayton,375,68,0,102,202,0,477,270,0,443,304,747
NCoweta,NWCobb,35,8,0,23,50,0,58,58,0,43,73,116
NCoweta,NECobb,51,8,0,15,33,0,66,41,0,59,48,107
NCoweta,SWCobb,72,14,0,16,64,0,88,78,0,86,80,166
NCoweta,Marietta,96,11,0,19,63,0,115,74,0,107,82,189
NCoweta,Cumberland,338,49,1,57,118,0,395,167,1,388,175,563
NCoweta,SCobb,259,51,0,49,133,0,308,184,0,310,182,492
NCoweta,Chamblee,121,32,9,44,74,1,165,106,10,162,119,281
NCoweta,NWDeKalb,179,38,5,58,172,5,237,210,10,222,235,457
NCoweta,NEDeKalb,76,18,0,39,92,0,115,110,0,94,131,225
NCoweta,Atlanta-DeKalb,34,5,0,12,30,0,46,35,0,39,42,81
NCoweta,Decatur,32,8,0,9,18,0,41,26,0,40,27,67
NCoweta,SWDeKalb,108,15,1,27,84,0,135,99,1,124,111,235
NCoweta,SEDeKalb,41,7,0,15,57,1,56,64,1,48,73,121
NCoweta,SDeKalb,224,30,1,51,67,0,275,97,1,255,118,373
NCoweta,WDouglas,445,82,0,131,339,0,576,421,0,527,470,997
NCoweta,EDouglas,394,57,0,103,305,0,497,362,0,451,408,859
NCoweta,WFayette,3704,702,0,3011,9448,0,6715,10150,0,4406,12459,16865
NCoweta,EFayette,851,164,0,361,1071,0,1212,1235,0,1015,1432,2447
NCoweta,NGwinnett,2,1,0,3,31,0,5,32,0,3,34,37
NCoweta,CentGwinnett,9,0,0,7,9,0,16,9,0,9,16,25
NCoweta,EGwinnett,1,1,0,1,0,0,2,1,0,2,1,3
NCoweta,Norcross,49,11,1,12,33,0,61,44,1,61,45,106
NCoweta,Lilburn,9,3,0,4,2,0,13,5,0,12,6,18
NCoweta,Snellville,2,4,0,3,32,0,5,36,0,6,35,41
NCoweta,NHenry,84,14,0,21,62,0,105,76,0,98,83,181
NCoweta,EHenry,14,4,0,9,7,0,23,11,0,18,16,34
NCoweta,SHenry,162,35,0,40,120,0,202,155,0,197,160,357
NCoweta,SRockdale,12,1,0,1,4,0,13,5,0,13,5,18
NCoweta,NRockdale,21,3,0,3,27,0,24,30,0,24,30,54
NCoweta,NBarrow,0,0,0,0,0,0,0,0,0,0,0,0
NCoweta,SBarrow,0,0,0,0,0,0,0,0,0,0,0,0
NCoweta,NWBartow,0,0,0,0,0,0,0,0,0,0,0,0
NCoweta,NEBartow,0,0,0,0,0,0,0,0,0,0,0,0
NCoweta,SWBartow,0,0,0,0,0,0,0,0,0,0,0,0
NCoweta,Cartersville,1,1,0,0,0,0,1,1,0,2,0,2
NCoweta,NECarroll,140,31,0,32,81,0,172,112,0,171,113,284
NCoweta,WCarroll,85,12,0,30,81,0,115,93,0,97,111,208
NCoweta,CentralCarroll,794,161,0,418,487,0,1212,648,0,955,905,1860
NCoweta,SECarroll,199,34,0,100,427,0,299,461,0,233,527,760
NCoweta,WCoweta,3979,803,0,5787,15531,0,9766,16334,0,4782,21318,26100
NCoweta,NCoweta,23770,4497,0,44666,113001,0,68436,117498,0,28267,157667,185934
NCoweta,SCoweta,1208,234,0,1241,3426,0,2449,3660,0,1442,4667,6109
NCoweta,SECoweta,1160,199,0,1602,5010,0,2762,5209,0,1359,6612,7971
NCoweta,NForsyth,0,0,0,0,0,0,0,0,0,0,0,0
NCoweta,Cumming,3,0,0,0,5,0,3,5,0,3,5,8
NCoweta,SForsyth,1,0,0,1,0,0,2,0,0,1,1,2
NCoweta,NHall,0,0,0,0,0,0,0,0,0,0,0,0
NCoweta,Gainesville,0,0,0,0,0,0,0,0,0,0,0,0
NCoweta,SHall,0,0,0,0,0,0,0,0,0,0,0,0
NCoweta,WNewton,8,2,0,5,10,0,13,12,0,10,15,25
NCoweta,ENewton,0,0,0,0,0,0,0,0,0,0,0,0
NCoweta,NPaulding,5,1,0,3,5,0,8,6,0,6,8,14
NCoweta,WPaulding,21,1,0,10,10,0,31,11,0,22,20,42
NCoweta,EPaulding,77,15,0,24,44,0,101,59,0,92,68,160
NCoweta,NSpalding,169,38,0,63,96,0,232,134,0,207,159,366
NCoweta,SSpalding,187,21,0,45,85,0,232,106,0,208,130,338
NCoweta,WWalton,1,0,0,1,4,0,2,4,0,1,5,6
NCoweta,EWalton,0,0,0,0,0,0,0,0,0,0,0,0
SCoweta,NFulton,0,0,0,0,0,0,0,0,0,0,0,0
SCoweta,Roswell,1,0,0,0,0,0,1,0,0,1,0,1
SCoweta,SandySprings,3,0,1,2,6,0,5,6,1,4,8,12
SCoweta,Buckhead,10,4,0,10,21,0,20,25,0,14,31,45
SCoweta,NWAtlanta,23,6,1,4,9,0,27,15,1,30,13,43
SCoweta,NEAtlanta,23,1,1,4,45,1,27,46,2,25,50,75
SCoweta,SWAtlanta,26,5,0,7,28,0,33,33,0,31,35,66
SCoweta,CBDAtlanta,18,5,4,12,50,3,30,55,7,27,65,92
SCoweta,SEAtlanta,22,4,0,7,47,0,29,51,0,26,54,80
SCoweta,SFulton,38,10,0,14,38,0,52,48,0,48,52,100
SCoweta,Tri-Cities,84,9,0,12,49,0,96,58,0,93,61,154
SCoweta,Shannon,95,19,0,35,59,0,130,78,0,114,94,208
SCoweta,WCherokee,0,0,0,0,0,0,0,0,0,0,0,0
SCoweta,NCherokee,0,0,0,0,0,0,0,0,0,0,0,0
SCoweta,ECentCherokee,0,0,0,0,0,0,0,0,0,0,0,0
SCoweta,Woodstock,1,0,0,0,0,0,1,0,0,1,0,1
SCoweta,Airport,59,10,1,8,32,0,67,42,1,70,40,110
SCoweta,NEClayton,46,8,0,4,12,0,50,20,0,54,16,70
SCoweta,Riverdale,14,4,0,3,6,0,17,10,0,18,9,27
SCoweta,SClayton,36,5,0,8,35,0,44,40,0,41,43,84
SCoweta,NWCobb,0,0,0,1,0,0,1,0,0,0,1,1
SCoweta,NECobb,0,0,0,0,1,0,0,1,0,0,1,1
SCoweta,SWCobb,3,0,0,1,0,0,4,0,0,3,1,4
SCoweta,Marietta,5,0,0,1,2,0,6,2,0,5,3,8
SCoweta,Cumberland,22,3,0,8,2,0,30,5,0,25,10,35
SCoweta,SCobb,16,3,0,3,32,0,19,35,0,19,35,54
SCoweta,Chamblee,3,1,0,4,5,0,7,6,0,4,9,13
SCoweta,NWDeKalb,11,1,0,6,18,1,17,19,1,12,25,37
SCoweta,NEDeKalb,1,3,0,1,2,0,2,5,0,4,3,7
SCoweta,Atlanta-DeKalb,6,0,0,0,2,0,6,2,0,6,2,8
SCoweta,Decatur,1,0,0,1,1,0,2,1,0,1,2,3
SCoweta,SWDeKalb,5,0,0,3,11,0,8,11,0,5,14,19
SCoweta,SEDeKalb,2,0,0,1,1,0,3,1,0,2,2,4
SCoweta,SDeKalb,7,1,0,2,2,0,9,3,0,8,4,12
SCoweta,WDouglas,24,7,0,5,43,0,29,50,0,31,48,79
SCoweta,EDouglas,24,3,0,7,8,0,31,11,0,27,15,42
SCoweta,WFayette,275,54,0,88,345,0,363,399,0,329,433,762
SCoweta,EFayette,53,10,0,19,37,0,72,47,0,63,56,119
SCoweta,NGwinnett,0,0,0,0,0,0,0,0,0,0,0,0
SCoweta,CentGwinnett,0,0,0,1,1,0,1,1,0,0,2,2
SCoweta,EGwinnett,0,0,0,0,0,0,0,0,0,0,0,0
SCoweta,Norcross,4,0,0,1,0,0,5,0,0,4,1,5
SCoweta,Lilburn,0,0,0,0,0,0,0,0,0,0,0,0
SCoweta,Snellville,0,0,0,1,0,0,1,0,0,0,1,1
SCoweta,NHenry,8,1,0,5,9,0,13,10,0,9,14,23
SCoweta,EHenry,0,0,0,1,0,0,1,0,0,0,1,1
SCoweta,SHenry,22,4,0,11,8,0,33,12,0,26,19,45
SCoweta,SRockdale,0,0,0,0,0,0,0,0,0,0,0,0
SCoweta,NRockdale,0,0,0,0,1,0,0,1,0,0,1,1
SCoweta,NBarrow,0,0,0,0,0,0,0,0,0,0,0,0
SCoweta,SBarrow,0,0,0,0,0,0,0,0,0,0,0,0
SCoweta,NWBartow,0,0,0,0,0,0,0,0,0,0,0,0
SCoweta,NEBartow,0,0,0,0,0,0,0,0,0,0,0,0
SCoweta,SWBartow,0,0,0,0,0,0,0,0,0,0,0,0
SCoweta,Cartersville,0,0,0,0,0,0,0,0,0,0,0,0
SCoweta,NECarroll,8,2,0,2,16,0,10,18,0,10,18,28
SCoweta,WCarroll,3,0,0,3,0,0,6,0,0,3,3,6
SCoweta,CentralCarroll,94,14,0,69,43,0,163,57,0,108,112,220
SCoweta,SECarroll,19,2,0,3,9,0,22,11,0,21,12,33
SCoweta,WCoweta,333,54,0,355,1083,0,688,1137,0,387,1438,1825
SCoweta,NCoweta,1151,224,0,1234,3441,0,2385,3665,0,1375,4675,6050
SCoweta,SCoweta,1045,183,0,2709,6848,0,3754,7031,0,1228,9557,10785
SCoweta,SECoweta,143,16,0,162,572,0,305,588,0,159,734,893
SCoweta,NForsyth,0,0,0,0,0,0,0,0,0,0,0,0
SCoweta,Cumming,0,0,0,0,0,0,0,0,0,0,0,0
SCoweta,SForsyth,0,0,0,0,0,0,0,0,0,0,0,0
SCoweta,NHall,0,0,0,0,0,0,0,0,0,0,0,0
SCoweta,Gainesville,0,0,0,0,0,0,0,0,0,0,0,0
SCoweta,SHall,0,0,0,0,0,0,0,0,0,0,0,0
SCoweta,WNewton,0,0,0,0,0,0,0,0,0,0,0,0
SCoweta,ENewton,0,0,0,0,0,0,0,0,0,0,0,0
SCoweta,NPaulding,0,0,0,0,0,0,0,0,0,0,0,0
SCoweta,WPaulding,1,0,0,0,0,0,1,0,0,1,0,1
SCoweta,EPaulding,6,2,0,2,8,0,8,10,0,8,10,18
SCoweta,NSpalding,23,6,0,15,23,0,38,29,0,29,38,67
SCoweta,SSpalding,42,6,0,11,31,0,53,37,0,48,42,90
SCoweta,WWalton,0,0,0,0,0,0,0,0,0,0,0,0
SCoweta,EWalton,0,0,0,0,0,0,0,0,0,0,0,0
SECoweta,NFulton,1,0,0,0,2,0,1,2,0,1,2,3
SECoweta,Roswell,0,0,0,0,5,0,0,5,0,0,5,5
SECoweta,SandySprings,14,4,0,1,4,0,15,8,0,18,5,23
SECoweta,Buckhead,25,8,0,12,20,0,37,28,0,33,32,65
SECoweta,NWAtlanta,27,11,0,5,10,0,32,21,0,38,15,53
SECoweta,NEAtlanta,46,11,1,26,70,0,72,81,1,58,96,154
SECoweta,SWAtlanta,51,6,0,17,84,0,68,90,0,57,101,158
SECoweta,CBDAtlanta,40,11,7,20,80,1,60,91,8,58,101,159
SECoweta,SEAtlanta,46,12,0,16,16,0,62,28,0,58,32,90
SECoweta,SFulton,82,8,0,18,41,0,100,49,0,90,59,149
SECoweta,Tri-Cities,136,21,0,24,60,1,160,81,1,157,85,242
SECoweta,Shannon,200,37,0,59,143,0,259,180,0,237,202,439
SECoweta,WCherokee,0,0,0,0,0,0,0,0,0,0,0,0
SECoweta,NCherokee,0,0,0,0,0,0,0,0,0,0,0,0
SECoweta,ECentCherokee,0,0,0,0,0,0,0,0,0,0,0,0
SECoweta,Woodstock,0,0,0,0,0,0,0,0,0,0,0,0
SECoweta,Airport,93,20,1,15,14,1,108,34,2,114,30,144
SECoweta,NEClayton,179,31,0,35,88,1,214,119,1,210,124,334
SECoweta,Riverdale,71,14,0,40,81,0,111,95,0,85,121,206
SECoweta,SClayton,151,23,0,54,112,0,205,135,0,174,166,340
SECoweta,NWCobb,2,0,0,1,26,0,3,26,0,2,27,29
SECoweta,NECobb,3,1,0,1,1,0,4,2,0,4,2,6
SECoweta,SWCobb,14,0,0,1,2,0,15,2,0,14,3,17
SECoweta,Marietta,9,2,0,3,2,0,12,4,0,11,5,16
SECoweta,Cumberland,57,16,0,12,7,4,69,23,4,73,23,96
SECoweta,SCobb,29,4,0,8,37,0,37,41,0,33,45,78
SECoweta,Chamblee,10,6,1,2,13,0,12,19,1,17,15,32
SECoweta,NWDeKalb,19,5,0,12,24,0,31,29,0,24,36,60
SECoweta,NEDeKalb,12,3,0,7,11,0,19,14,0,15,18,33
SECoweta,Atlanta-DeKalb,6,0,0,2,25,0,8,25,0,6,27,33
SECoweta,Decatur,4,2,0,5,7,0,9,9,0,6,12,18
SECoweta,SWDeKalb,12,0,0,9,12,0,21,12,0,12,21,33
SECoweta,SEDeKalb,10,2,0,3,14,0,13,16,0,12,17,29
SECoweta,SDeKalb,17,7,0,8,29,0,25,36,0,24,37,61
SECoweta,WDouglas,28,6,0,3,13,0,31,19,0,34,16,50
SECoweta,EDouglas,32,8,0,10,35,0,42,43,0,40,45,85
SECoweta,WFayette,1365,251,0,1426,4903,0,2791,5154,0,1616,6329,7945
SECoweta,EFayette,463,87,0,358,1055,0,821,1142,0,550,1413,1963
SECoweta,NGwinnett,0,0,0,0,0,0,0,0,0,0,0,0
SECoweta,CentGwinnett,1,0,0,1,0,0,2,0,0,1,1,2
SECoweta,EGwinnett,0,0,0,1,0,0,1,0,0,0,1,1
SECoweta,Norcross,7,1,0,0,10,0,7,11,0,8,10,18
SECoweta,Lilburn,1,0,0,2,16,0,3,16,0,1,18,19
SECoweta,Snellville,1,1,0,0,0,0,1,1,0,2,0,2
SECoweta,NHenry,42,3,0,13,60,0,55,63,0,45,73,118
SECoweta,EHenry,9,1,0,4,17,0,13,18,0,10,21,31
SECoweta,SHenry,132,32,0,38,61,0,170,93,0,164,99,263
SECoweta,SRockdale,4,0,0,0,2,0,4,2,0,4,2,6
SECoweta,NRockdale,6,0,0,1,4,0,7,4,0,6,5,11
SECoweta,NBarrow,0,0,0,0,0,0,0,0,0,0,0,0
SECoweta,SBarrow,0,0,0,0,0,0,0,0,0,0,0,0
SECoweta,NWBartow,0,0,0,0,0,0,0,0,0,0,0,0
SECoweta,NEBartow,0,0,0,0,0,0,0,0,0,0,0,0
SECoweta,SWBartow,0,0,0,0,0,0,0,0,0,0,0,0
SECoweta,Cartersville,0,0,0,0,0,0,0,0,0,0,0,0
SECoweta,NECarroll,4,3,0,4,6,0,8,9,0,7,10,17
SECoweta,WCarroll,2,1,0,2,2,0,4,3,0,3,4,7
SECoweta,CentralCarroll,52,12,0,53,39,0,105,51,0,64,92,156
SECoweta,SECarroll,6,1,0,2,11,0,8,12,0,7,13,20
SECoweta,WCoweta,129,27,0,89,210,0,218,237,0,156,299,455
SECoweta,NCoweta,1157,205,0,1622,5040,0,2779,5245,0,1362,6662,8024
SECoweta,SCoweta,140,24,0,160,629,0,300,653,0,164,789,953
SECoweta,SECoweta,1109,223,0,3166,8978,0,4275,9201,0,1332,12144,13476
SECoweta,NForsyth,0,0,0,0,0,0,0,0,0,0,0,0
SECoweta,Cumming,0,0,0,0,0,0,0,0,0,0,0,0
SECoweta,SForsyth,0,0,0,1,0,0,1,0,0,0,1,1
SECoweta,NHall,0,0,0,0,0,0,0,0,0,0,0,0
SECoweta,Gainesville,0,0,0,0,0,0,0,0,0,0,0,0
SECoweta,SHall,0,0,0,0,0,0,0,0,0,0,0,0
SECoweta,WNewton,4,1,0,2,0,0,6,1,0,5,2,7
SECoweta,ENewton,0,0,0,0,1,0,0,1,0,0,1,1
SECoweta,NPaulding,1,0,0,1,0,0,2,0,0,1,1,2
SECoweta,WPaulding,0,0,0,0,0,0,0,0,0,0,0,0
SECoweta,EPaulding,10,2,0,3,6,0,13,8,0,12,9,21
SECoweta,NSpalding,174,40,0,126,180,0,300,220,0,214,306,520
SECoweta,SSpalding,195,38,0,87,236,0,282,274,0,233,323,556
SECoweta,WWalton,0,0,0,0,0,0,0,0,0,0,0,0
SECoweta,EWalton,0,0,0,0,0,0,0,0,0,0,0,0
NForsyth,NFulton,1364,230,1,353,1169,1,1717,1399,2,1595,1523,3118
NForsyth,Roswell,292,56,0,76,294,0,368,350,0,348,370,718
NForsyth,SandySprings,225,42,0,66,261,2,291,303,2,267,329,596
NForsyth,Buckhead,94,22,1,27,133,0,121,155,1,117,160,277
NForsyth,NWAtlanta,13,2,0,10,15,0,23,17,0,15,25,40
NForsyth,NEAtlanta,31,0,1,20,100,0,51,100,1,32,120,152
NForsyth,SWAtlanta,3,0,0,2,11,0,5,11,0,3,13,16
NForsyth,CBDAtlanta,11,1,2,12,66,0,23,67,2,14,78,92
NForsyth,SEAtlanta,4,0,0,1,2,0,5,2,0,4,3,7
NForsyth,SFulton,2,1,0,2,0,0,4,1,0,3,2,5
NForsyth,Tri-Cities,2,0,0,2,2,0,4,2,0,2,4,6
NForsyth,Shannon,2,0,0,0,0,0,2,0,0,2,0,2
NForsyth,WCherokee,24,6,0,10,17,0,34,23,0,30,27,57
NForsyth,NCherokee,65,10,0,48,100,0,113,110,0,75,148,223
NForsyth,ECentCherokee,380,67,0,242,896,0,622,963,0,447,1138,1585
NForsyth,Woodstock,59,12,0,22,58,0,81,70,0,71,80,151
NForsyth,Airport,2,0,0,0,1,0,2,1,0,2,1,3
NForsyth,NEClayton,1,0,0,0,11,0,1,11,0,1,11,12
NForsyth,Riverdale,0,0,0,0,0,0,0,0,0,0,0,0
NForsyth,SClayton,0,0,0,0,0,0,0,0,0,0,0,0
NForsyth,NWCobb,68,13,0,45,119,0,113,132,0,81,164,245
NForsyth,NECobb,111,27,0,41,207,0,152,234,0,138,248,386
NForsyth,SWCobb,3,0,0,2,9,0,5,9,0,3,11,14
NForsyth,Marietta,43,7,0,16,69,1,59,76,1,50,86,136
NForsyth,Cumberland,81,16,0,29,61,0,110,77,0,97,90,187
NForsyth,SCobb,9,2,0,9,9,0,18,11,0,11,18,29
NForsyth,Chamblee,160,18,0,51,207,0,211,225,0,178,258,436
NForsyth,NWDeKalb,35,2,0,16,88,0,51,90,0,37,104,141
NForsyth,NEDeKalb,42,11,0,21,47,0,63,58,0,53,68,121
NForsyth,Atlanta-DeKalb,3,0,0,2,9,0,5,9,0,3,11,14
NForsyth,Decatur,0,0,0,5,5,0,5,5,0,0,10,10
NForsyth,SWDeKalb,5,0,0,5,21,0,10,21,0,5,26,31
NForsyth,SEDeKalb,2,0,0,2,4,0,4,4,0,2,6,8
NForsyth,SDeKalb,4,0,0,5,10,0,9,10,0,4,15,19
NForsyth,WDouglas,0,0,0,1,1,0,1,1,0,0,2,2
NForsyth,EDouglas,2,0,0,0,0,0,2,0,0,2,0,2
NForsyth,WFayette,0,0,0,0,0,0,0,0,0,0,0,0
NForsyth,EFayette,0,0,0,0,0,0,0,0,0,0,0,0
NForsyth,NGwinnett,498,87,0,183,791,0,681,878,0,585,974,1559
NForsyth,CentGwinnett,342,56,0,106,520,0,448,576,0,398,626,1024
NForsyth,EGwinnett,30,9,0,4,28,0,34,37,0,39,32,71
NForsyth,Norcross,268,55,1,55,132,0,323,187,1,324,187,511
NForsyth,Lilburn,23,6,1,7,13,0,30,19,1,30,20,50
NForsyth,Snellville,32,3,0,14,64,0,46,67,0,35,78,113
NForsyth,NHenry,0,0,0,0,0,0,0,0,0,0,0,0
NForsyth,EHenry,0,0,0,0,0,0,0,0,0,0,0,0
NForsyth,SHenry,0,0,0,0,0,0,0,0,0,0,0,0
NForsyth,SRockdale,0,0,0,0,0,0,0,0,0,0,0,0
NForsyth,NRockdale,0,0,0,0,2,0,0,2,0,0,2,2
NForsyth,NBarrow,16,1,0,9,27,0,25,28,0,17,36,53
NForsyth,SBarrow,13,2,0,3,31,0,16,33,0,15,34,49
NForsyth,NWBartow,1,0,0,0,0,0,1,0,0,1,0,1
NForsyth,NEBartow,7,1,0,2,4,0,9,5,0,8,6,14
NForsyth,SWBartow,2,1,0,1,2,0,3,3,0,3,3,6
NForsyth,Cartersville,15,4,0,7,19,0,22,23,0,19,26,45
NForsyth,NECarroll,0,0,0,0,0,0,0,0,0,0,0,0
NForsyth,WCarroll,0,0,0,0,0,0,0,0,0,0,0,0
NForsyth,CentralCarroll,0,0,0,0,0,0,0,0,0,0,0,0
NForsyth,SECarroll,0,0,0,0,0,0,0,0,0,0,0,0
NForsyth,WCoweta,0,0,0,0,0,0,0,0,0,0,0,0
NForsyth,NCoweta,0,0,0,0,0,0,0,0,0,0,0,0
NForsyth,SCoweta,0,0,0,0,0,0,0,0,0,0,0,0
NForsyth,SECoweta,0,0,0,0,0,0,0,0,0,0,0,0
NForsyth,NForsyth,3862,751,0,10625,34619,0,14487,35370,0,4613,45244,49857
NForsyth,Cumming,2943,607,0,3931,14779,0,6874,15386,0,3550,18710,22260
NForsyth,SForsyth,856,159,0,280,1108,0,1136,1267,0,1015,1388,2403
NForsyth,NHall,209,46,0,92,216,0,301,262,0,255,308,563
NForsyth,Gainesville,1596,307,0,995,3384,0,2591,3691,0,1903,4379,6282
NForsyth,SHall,485,92,0,318,612,0,803,704,0,577,930,1507
NForsyth,WNewton,0,0,0,0,0,0,0,0,0,0,0,0
NForsyth,ENewton,0,0,0,0,0,0,0,0,0,0,0,0
NForsyth,NPaulding,2,0,0,0,0,0,2,0,0,2,0,2
NForsyth,WPaulding,0,0,0,0,0,0,0,0,0,0,0,0
NForsyth,EPaulding,1,0,0,1,0,0,2,0,0,1,1,2
NForsyth,NSpalding,0,0,0,0,0,0,0,0,0,0,0,0
NForsyth,SSpalding,0,0,0,0,0,0,0,0,0,0,0,0
NForsyth,WWalton,3,0,0,3,2,0,6,2,0,3,5,8
NForsyth,EWalton,3,2,0,2,6,0,5,8,0,5,8,13
Cumming,NFulton,6176,1191,10,2959,10202,6,9135,11393,16,7377,13167,20544
Cumming,Roswell,1265,217,0,465,1534,3,1730,1751,3,1482,2002,3484
Cumming,SandySprings,999,155,14,265,622,13,1264,777,27,1168,900,2068
Cumming,Buckhead,390,56,10,105,321,2,495,377,12,456,428,884
Cumming,NWAtlanta,88,9,1,13,40,0,101,49,1,98,53,151
Cumming,NEAtlanta,124,20,3,56,251,9,180,271,12,147,316,463
Cumming,SWAtlanta,38,10,1,18,59,0,56,69,1,49,77,126
Cumming,CBDAtlanta,44,11,16,40,167,12,84,178,28,71,219,290
Cumming,SEAtlanta,21,1,0,10,41,1,31,42,1,22,52,74
Cumming,SFulton,6,3,0,7,1,0,13,4,0,9,8,17
Cumming,Tri-Cities,15,9,1,7,15,1,22,24,2,25,23,48
Cumming,Shannon,6,0,0,1,7,0,7,7,0,6,8,14
Cumming,WCherokee,112,19,0,31,133,0,143,152,0,131,164,295
Cumming,NCherokee,217,52,0,126,369,0,343,421,0,269,495,764
Cumming,ECentCherokee,1638,325,0,1247,4350,0,2885,4675,0,1963,5597,7560
Cumming,Woodstock,303,49,0,68,305,0,371,354,0,352,373,725
Cumming,Airport,7,1,1,4,1,0,11,2,1,9,5,14
Cumming,NEClayton,4,5,0,4,26,0,8,31,0,9,30,39
Cumming,Riverdale,1,1,0,2,2,0,3,3,0,2,4,6
Cumming,SClayton,2,0,0,2,1,0,4,1,0,2,3,5
Cumming,NWCobb,287,42,0,89,123,1,376,165,1,329,213,542
Cumming,NECobb,581,105,0,155,492,0,736,597,0,686,647,1333
Cumming,SWCobb,21,9,0,5,10,0,26,19,0,30,15,45
Cumming,Marietta,146,25,0,51,109,1,197,134,1,171,161,332
Cumming,Cumberland,363,46,0,58,230,0,421,276,0,409,288,697
Cumming,SCobb,53,7,0,22,40,0,75,47,0,60,62,122
Cumming,Chamblee,641,108,3,178,502,4,819,610,7,752,684,1436
Cumming,NWDeKalb,118,16,0,49,166,4,167,182,4,134,219,353
Cumming,NEDeKalb,185,27,1,59,164,1,244,191,2,213,224,437
Cumming,Atlanta-DeKalb,5,3,0,4,22,0,9,25,0,8,26,34
Cumming,Decatur,9,2,0,6,17,4,15,19,4,11,27,38
Cumming,SWDeKalb,24,2,0,13,18,0,37,20,0,26,31,57
Cumming,SEDeKalb,21,8,0,12,61,0,33,69,0,29,73,102
Cumming,SDeKalb,22,2,0,11,23,0,33,25,0,24,34,58
Cumming,WDouglas,1,3,0,4,1,0,5,4,0,4,5,9
Cumming,EDouglas,6,3,0,3,5,0,9,8,0,9,8,17
Cumming,WFayette,1,0,0,0,0,0,1,0,0,1,0,1
Cumming,EFayette,0,0,0,0,1,0,0,1,0,0,1,1
Cumming,NGwinnett,3099,547,0,2090,7927,0,5189,8474,0,3646,10017,13663
Cumming,CentGwinnett,1706,313,0,595,1943,3,2301,2256,3,2019,2541,4560
Cumming,EGwinnett,210,38,0,44,147,0,254,185,0,248,191,439
Cumming,Norcross,1067,197,0,205,599,0,1272,796,0,1264,804,2068
Cumming,Lilburn,108,19,0,29,98,0,137,117,0,127,127,254
Cumming,Snellville,126,28,0,29,124,0,155,152,0,154,153,307
Cumming,NHenry,4,0,0,2,4,0,6,4,0,4,6,10
Cumming,EHenry,0,0,0,1,4,0,1,4,0,0,5,5
Cumming,SHenry,1,0,0,1,15,0,2,15,0,1,16,17
Cumming,SRockdale,2,0,0,0,2,0,2,2,0,2,2,4
Cumming,NRockdale,7,1,0,8,15,0,15,16,0,8,23,31
Cumming,NBarrow,136,19,0,26,63,0,162,82,0,155,89,244
Cumming,SBarrow,74,11,0,19,62,0,93,73,0,85,81,166
Cumming,NWBartow,16,0,0,3,15,0,19,15,0,16,18,34
Cumming,NEBartow,21,6,0,6,73,0,27,79,0,27,79,106
Cumming,SWBartow,5,0,0,3,6,0,8,6,0,5,9,14
Cumming,Cartersville,46,10,0,24,66,0,70,76,0,56,90,146
Cumming,NECarroll,1,0,0,0,0,0,1,0,0,1,0,1
Cumming,WCarroll,0,0,0,0,0,0,0,0,0,0,0,0
Cumming,CentralCarroll,0,0,0,0,1,0,0,1,0,0,1,1
Cumming,SECarroll,0,0,0,0,0,0,0,0,0,0,0,0
Cumming,WCoweta,0,0,0,1,0,0,1,0,0,0,1,1
Cumming,NCoweta,0,0,0,0,4,0,0,4,0,0,4,4
Cumming,SCoweta,0,0,0,0,0,0,0,0,0,0,0,0
Cumming,SECoweta,0,0,0,0,0,0,0,0,0,0,0,0
Cumming,NForsyth,3129,624,0,3961,14890,0,7090,15514,0,3753,18851,22604
Cumming,Cumming,22722,4364,0,45739,128057,0,68461,132421,0,27086,173796,200882
Cumming,SForsyth,4934,934,0,5388,17084,0,10322,18018,0,5868,22472,28340
Cumming,NHall,338,51,0,60,222,0,398,273,0,389,282,671
Cumming,Gainesville,1446,244,1,513,1557,2,1959,1801,3,1691,2072,3763
Cumming,SHall,863,161,0,369,636,0,1232,797,0,1024,1005,2029
Cumming,WNewton,6,1,0,3,1,0,9,2,0,7,4,11
Cumming,ENewton,0,1,0,1,1,0,1,2,0,1,2,3
Cumming,NPaulding,14,2,0,3,20,0,17,22,0,16,23,39
Cumming,WPaulding,0,0,0,0,1,0,0,1,0,0,1,1
Cumming,EPaulding,20,3,0,9,37,0,29,40,0,23,46,69
Cumming,NSpalding,0,0,0,0,0,0,0,0,0,0,0,0
Cumming,SSpalding,0,0,0,0,0,0,0,0,0,0,0,0
Cumming,WWalton,48,6,0,11,13,0,59,19,0,54,24,78
Cumming,EWalton,36,2,0,14,9,0,50,11,0,38,23,61
SForsyth,NFulton,10096,1951,19,11615,32112,20,21711,34063,39,12066,43747,55813
SForsyth,Roswell,1444,300,3,796,3038,5,2240,3338,8,1747,3839,5586
SForsyth,SandySprings,887,179,15,271,688,19,1158,867,34,1081,978,2059
SForsyth,Buckhead,365,64,6,49,208,5,414,272,11,435,262,697
SForsyth,NWAtlanta,64,6,1,14,63,0,78,69,1,71,77,148
SForsyth,NEAtlanta,157,26,12,44,180,12,201,206,24,195,236,431
SForsyth,SWAtlanta,28,8,1,17,40,2,45,48,3,37,59,96
SForsyth,CBDAtlanta,95,13,32,44,117,9,139,130,41,140,170,310
SForsyth,SEAtlanta,21,4,2,16,55,2,37,59,4,27,73,100
SForsyth,SFulton,12,2,0,2,11,0,14,13,0,14,13,27
SForsyth,Tri-Cities,27,4,0,6,21,0,33,25,0,31,27,58
SForsyth,Shannon,9,5,0,7,5,0,16,10,0,14,12,26
SForsyth,WCherokee,85,18,0,23,18,0,108,36,0,103,41,144
SForsyth,NCherokee,116,15,0,36,46,0,152,61,0,131,82,213
SForsyth,ECentCherokee,1235,179,0,434,1200,0,1669,1379,0,1414,1634,3048
SForsyth,Woodstock,360,56,0,76,199,0,436,255,0,416,275,691
SForsyth,Airport,7,4,3,1,4,1,8,8,4,14,6,20
SForsyth,NEClayton,25,7,0,3,24,0,28,31,0,32,27,59
SForsyth,Riverdale,7,0,1,4,7,0,11,7,1,8,11,19
SForsyth,SClayton,10,3,0,4,0,0,14,3,0,13,4,17
SForsyth,NWCobb,244,37,0,57,78,0,301,115,0,281,135,416
SForsyth,NECobb,581,95,0,154,372,1,735,467,1,676,527,1203
SForsyth,SWCobb,35,10,0,6,8,0,41,18,0,45,14,59
SForsyth,Marietta,114,29,0,34,56,4,148,85,4,143,94,237
SForsyth,Cumberland,259,49,1,49,178,0,308,227,1,309,227,536
SForsyth,SCobb,55,8,0,12,83,0,67,91,0,63,95,158
SForsyth,Chamblee,708,133,8,279,835,8,987,968,16,849,1122,1971
SForsyth,NWDeKalb,153,30,1,59,281,8,212,311,9,184,348,532
SForsyth,NEDeKalb,301,46,0,87,283,0,388,329,0,347,370,717
SForsyth,Atlanta-DeKalb,16,1,0,8,8,0,24,9,0,17,16,33
SForsyth,Decatur,17,3,1,11,19,0,28,22,1,21,30,51
SForsyth,SWDeKalb,28,9,0,18,71,0,46,80,0,37,89,126
SForsyth,SEDeKalb,52,12,0,15,120,0,67,132,0,64,135,199
SForsyth,SDeKalb,40,14,0,21,21,0,61,35,0,54,42,96
SForsyth,WDouglas,10,2,0,4,2,0,14,4,0,12,6,18
SForsyth,EDouglas,19,3,0,5,12,0,24,15,0,22,17,39
SForsyth,WFayette,1,0,0,2,1,0,3,1,0,1,3,4
SForsyth,EFayette,4,0,0,1,5,0,5,5,0,4,6,10
SForsyth,NGwinnett,2952,534,0,1940,7533,0,4892,8067,0,3486,9473,12959
SForsyth,CentGwinnett,2621,503,1,1734,5729,2,4355,6232,3,3125,7465,10590
SForsyth,EGwinnett,259,54,0,65,241,0,324,295,0,313,306,619
SForsyth,Norcross,1561,262,0,615,2269,5,2176,2531,5,1823,2889,4712
SForsyth,Lilburn,203,46,0,64,323,0,267,369,0,249,387,636
SForsyth,Snellville,206,42,0,56,136,0,262,178,0,248,192,440
SForsyth,NHenry,13,1,0,4,14,0,17,15,0,14,18,32
SForsyth,EHenry,7,0,0,2,9,0,9,9,0,7,11,18
SForsyth,SHenry,10,1,0,3,10,0,13,11,0,11,13,24
SForsyth,SRockdale,15,3,0,2,1,0,17,4,0,18,3,21
SForsyth,NRockdale,22,4,0,2,4,0,24,8,0,26,6,32
SForsyth,NBarrow,110,17,0,24,57,0,134,74,0,127,81,208
SForsyth,SBarrow,81,17,0,19,24,0,100,41,0,98,43,141
SForsyth,NWBartow,12,3,0,0,5,0,12,8,0,15,5,20
SForsyth,NEBartow,18,8,0,5,2,0,23,10,0,26,7,33
SForsyth,SWBartow,13,2,0,5,0,0,18,2,0,15,5,20
SForsyth,Cartersville,62,8,0,5,13,0,67,21,0,70,18,88
SForsyth,NECarroll,3,0,0,0,0,0,3,0,0,3,0,3
SForsyth,WCarroll,0,0,0,0,0,0,0,0,0,0,0,0
SForsyth,CentralCarroll,0,0,0,0,0,0,0,0,0,0,0,0
SForsyth,SECarroll,0,0,0,0,0,0,0,0,0,0,0,0
SForsyth,WCoweta,0,0,0,0,0,0,0,0,0,0,0,0
SForsyth,NCoweta,0,0,0,2,0,0,2,0,0,0,2,2
SForsyth,SCoweta,0,0,0,0,0,0,0,0,0,0,0,0
SForsyth,SECoweta,0,0,0,0,0,0,0,0,0,0,0,0
SForsyth,NForsyth,815,159,0,294,1136,0,1109,1295,0,974,1430,2404
SForsyth,Cumming,5272,958,0,5413,17291,0,10685,18249,0,6230,22704,28934
SForsyth,SForsyth,11913,2249,0,22477,58326,9,34390,60575,9,14162,80812,94974
SForsyth,NHall,139,25,0,20,57,0,159,82,0,164,77,241
SForsyth,Gainesville,394,71,0,44,192,0,438,263,0,465,236,701
SForsyth,SHall,468,87,0,145,357,0,613,444,0,555,502,1057
SForsyth,WNewton,17,4,0,6,4,0,23,8,0,21,10,31
SForsyth,ENewton,2,0,0,1,0,0,3,0,0,2,1,3
SForsyth,NPaulding,22,3,0,2,1,0,24,4,0,25,3,28
SForsyth,WPaulding,2,0,0,1,1,0,3,1,0,2,2,4
SForsyth,EPaulding,34,4,0,5,11,0,39,15,0,38,16,54
SForsyth,NSpalding,0,0,0,0,0,0,0,0,0,0,0,0
SForsyth,SSpalding,0,0,0,0,0,0,0,0,0,0,0,0
SForsyth,WWalton,71,11,0,14,17,0,85,28,0,82,31,113
SForsyth,EWalton,42,4,0,11,7,0,53,11,0,46,18,64
NHall,NFulton,201,30,0,37,167,0,238,197,0,231,204,435
NHall,Roswell,42,6,0,11,77,0,53,83,0,48,88,136
NHall,SandySprings,32,4,0,10,26,0,42,30,0,36,36,72
NHall,Buckhead,9,1,0,2,9,0,11,10,0,10,11,21
NHall,NWAtlanta,2,0,0,1,2,0,3,2,0,2,3,5
NHall,NEAtlanta,5,2,0,3,31,0,8,33,0,7,34,41
NHall,SWAtlanta,0,0,0,2,4,0,2,4,0,0,6,6
NHall,CBDAtlanta,2,0,0,2,17,0,4,17,0,2,19,21
NHall,SEAtlanta,0,0,0,2,2,0,2,2,0,0,4,4
NHall,SFulton,0,0,0,0,0,0,0,0,0,0,0,0
NHall,Tri-Cities,1,0,0,0,1,0,1,1,0,1,1,2
NHall,Shannon,0,0,0,0,0,0,0,0,0,0,0,0
NHall,WCherokee,1,0,0,1,1,0,2,1,0,1,2,3
NHall,NCherokee,3,1,0,0,3,0,3,4,0,4,3,7
NHall,ECentCherokee,37,6,0,15,32,0,52,38,0,43,47,90
NHall,Woodstock,1,0,0,4,17,0,5,17,0,1,21,22
NHall,Airport,0,1,0,0,0,0,0,1,0,1,0,1
NHall,NEClayton,0,0,0,0,17,0,0,17,0,0,17,17
NHall,Riverdale,0,0,0,0,0,0,0,0,0,0,0,0
NHall,SClayton,0,0,0,0,0,0,0,0,0,0,0,0
NHall,NWCobb,4,1,0,3,5,0,7,6,0,5,8,13
NHall,NECobb,9,2,0,5,17,0,14,19,0,11,22,33
NHall,SWCobb,0,0,0,0,0,0,0,0,0,0,0,0
NHall,Marietta,4,0,0,1,2,0,5,2,0,4,3,7
NHall,Cumberland,10,1,0,1,10,0,11,11,0,11,11,22
NHall,SCobb,2,1,0,1,2,0,3,3,0,3,3,6
NHall,Chamblee,29,10,0,14,55,0,43,65,0,39,69,108
NHall,NWDeKalb,11,0,0,6,19,0,17,19,0,11,25,36
NHall,NEDeKalb,33,6,0,6,44,0,39,50,0,39,50,89
NHall,Atlanta-DeKalb,0,0,0,0,0,0,0,0,0,0,0,0
NHall,Decatur,0,0,0,1,2,0,1,2,0,0,3,3
NHall,SWDeKalb,3,0,0,2,3,0,5,3,0,3,5,8
NHall,SEDeKalb,3,0,0,3,2,0,6,2,0,3,5,8
NHall,SDeKalb,0,0,0,1,1,0,1,1,0,0,2,2
NHall,WDouglas,0,0,0,0,0,0,0,0,0,0,0,0
NHall,EDouglas,1,0,0,0,0,0,1,0,0,1,0,1
NHall,WFayette,0,0,0,0,0,0,0,0,0,0,0,0
NHall,EFayette,0,0,0,0,0,0,0,0,0,0,0,0
NHall,NGwinnett,473,82,0,110,312,0,583,394,0,555,422,977
NHall,CentGwinnett,278,49,0,83,186,0,361,235,0,327,269,596
NHall,EGwinnett,44,4,0,16,52,0,60,56,0,48,68,116
NHall,Norcross,91,20,0,23,59,0,114,79,0,111,82,193
NHall,Lilburn,12,4,0,12,9,0,24,13,0,16,21,37
NHall,Snellville,30,3,0,13,24,0,43,27,0,33,37,70
NHall,NHenry,0,0,0,0,0,0,0,0,0,0,0,0
NHall,EHenry,0,0,0,0,0,0,0,0,0,0,0,0
NHall,SHenry,0,0,0,0,0,0,0,0,0,0,0,0
NHall,SRockdale,1,0,0,0,0,0,1,0,0,1,0,1
NHall,NRockdale,2,0,0,3,0,0,5,0,0,2,3,5
NHall,NBarrow,64,12,0,20,27,0,84,39,0,76,47,123
NHall,SBarrow,15,4,0,5,2,0,20,6,0,19,7,26
NHall,NWBartow,0,0,0,0,0,0,0,0,0,0,0,0
NHall,NEBartow,0,0,0,0,0,0,0,0,0,0,0,0
NHall,SWBartow,0,0,0,0,0,0,0,0,0,0,0,0
NHall,Cartersville,0,0,0,0,1,0,0,1,0,0,1,1
NHall,NECarroll,0,0,0,0,0,0,0,0,0,0,0,0
NHall,WCarroll,0,0,0,0,0,0,0,0,0,0,0,0
NHall,CentralCarroll,0,0,0,0,0,0,0,0,0,0,0,0
NHall,SECarroll,0,0,0,0,0,0,0,0,0,0,0,0
NHall,WCoweta,0,0,0,0,0,0,0,0,0,0,0,0
NHall,NCoweta,0,0,0,0,0,0,0,0,0,0,0,0
NHall,SCoweta,0,0,0,0,0,0,0,0,0,0,0,0
NHall,SECoweta,0,0,0,0,0,0,0,0,0,0,0,0
NHall,NForsyth,226,42,0,96,269,0,322,311,0,268,365,633
NHall,Cumming,324,57,0,70,173,0,394,230,0,381,243,624
NHall,SForsyth,157,32,0,20,73,0,177,105,0,189,93,282
NHall,NHall,5186,997,0,9472,26413,0,14658,27410,0,6183,35885,42068
NHall,Gainesville,5379,997,21,5203,15511,29,10582,16508,50,6397,20743,27140
NHall,SHall,1007,161,0,459,574,0,1466,735,0,1168,1033,2201
NHall,WNewton,0,0,0,1,0,0,1,0,0,0,1,1
NHall,ENewton,0,0,0,0,0,0,0,0,0,0,0,0
NHall,NPaulding,0,0,0,0,0,0,0,0,0,0,0,0
NHall,WPaulding,0,0,0,0,0,0,0,0,0,0,0,0
NHall,EPaulding,0,0,0,0,0,0,0,0,0,0,0,0
NHall,NSpalding,0,0,0,0,0,0,0,0,0,0,0,0
NHall,SSpalding,0,0,0,0,0,0,0,0,0,0,0,0
NHall,WWalton,1,0,0,1,8,0,2,8,0,1,9,10
NHall,EWalton,11,2,0,6,6,0,17,8,0,13,12,25
Gainesville,NFulton,538,128,1,86,175,0,624,303,1,667,261,928
Gainesville,Roswell,126,31,0,24,35,0,150,66,0,157,59,216
Gainesville,SandySprings,72,11,0,27,62,0,99,73,0,83,89,172
Gainesville,Buckhead,29,5,0,16,77,0,45,82,0,34,93,127
Gainesville,NWAtlanta,19,5,0,5,32,0,24,37,0,24,37,61
Gainesville,NEAtlanta,10,3,0,11,40,1,21,43,1,13,52,65
Gainesville,SWAtlanta,1,0,0,3,13,0,4,13,0,1,16,17
Gainesville,CBDAtlanta,7,2,0,15,62,0,22,64,0,9,77,86
Gainesville,SEAtlanta,3,0,0,0,3,0,3,3,0,3,3,6
Gainesville,SFulton,0,0,0,0,0,0,0,0,0,0,0,0
Gainesville,Tri-Cities,0,1,0,3,2,0,3,3,0,1,5,6
Gainesville,Shannon,2,0,0,0,0,0,2,0,0,2,0,2
Gainesville,WCherokee,15,1,0,2,21,0,17,22,0,16,23,39
Gainesville,NCherokee,35,9,0,10,10,0,45,19,0,44,20,64
Gainesville,ECentCherokee,145,31,0,40,98,0,185,129,0,176,138,314
Gainesville,Woodstock,29,4,0,5,28,0,34,32,0,33,33,66
Gainesville,Airport,1,0,0,2,0,0,3,0,0,1,2,3
Gainesville,NEClayton,2,0,0,2,0,0,4,0,0,2,2,4
Gainesville,Riverdale,0,1,0,1,1,0,1,2,0,1,2,3
Gainesville,SClayton,0,0,0,0,0,0,0,0,0,0,0,0
Gainesville,NWCobb,14,1,0,1,3,0,15,4,0,15,4,19
Gainesville,NECobb,54,12,0,11,39,0,65,51,0,66,50,116
Gainesville,SWCobb,1,0,0,1,0,0,2,0,0,1,1,2
Gainesville,Marietta,13,0,0,3,11,0,16,11,0,13,14,27
Gainesville,Cumberland,31,1,0,8,28,0,39,29,0,32,36,68
Gainesville,SCobb,8,0,0,2,7,0,10,7,0,8,9,17
Gainesville,Chamblee,91,14,0,34,72,0,125,86,0,105,106,211
Gainesville,NWDeKalb,23,4,1,16,38,0,39,42,1,28,54,82
Gainesville,NEDeKalb,96,14,0,22,47,0,118,61,0,110,69,179
Gainesville,Atlanta-DeKalb,1,0,0,0,1,0,1,1,0,1,1,2
Gainesville,Decatur,3,0,0,1,1,0,4,1,0,3,2,5
Gainesville,SWDeKalb,7,1,0,7,17,0,14,18,0,8,24,32
Gainesville,SEDeKalb,26,5,0,7,9,0,33,14,0,31,16,47
Gainesville,SDeKalb,11,1,0,1,9,0,12,10,0,12,10,22
Gainesville,WDouglas,1,0,0,0,0,0,1,0,0,1,0,1
Gainesville,EDouglas,2,0,0,0,0,0,2,0,0,2,0,2
Gainesville,WFayette,0,0,0,0,0,0,0,0,0,0,0,0
Gainesville,EFayette,0,0,0,0,0,0,0,0,0,0,0,0
Gainesville,NGwinnett,2870,566,0,503,1826,0,3373,2392,0,3436,2329,5765
Gainesville,CentGwinnett,989,225,0,169,633,0,1158,858,0,1214,802,2016
Gainesville,EGwinnett,339,74,0,50,196,0,389,270,0,413,246,659
Gainesville,Norcross,303,74,0,53,82,0,356,156,0,377,135,512
Gainesville,Lilburn,67,16,0,18,12,0,85,28,0,83,30,113
Gainesville,Snellville,161,29,0,29,26,0,190,55,0,190,55,245
Gainesville,NHenry,0,1,0,0,0,0,0,1,0,1,0,1
Gainesville,EHenry,2,0,0,1,5,0,3,5,0,2,6,8
Gainesville,SHenry,0,0,0,0,0,0,0,0,0,0,0,0
Gainesville,SRockdale,6,0,0,1,5,0,7,5,0,6,6,12
Gainesville,NRockdale,16,1,0,5,9,0,21,10,0,17,14,31
Gainesville,NBarrow,554,135,0,121,289,0,675,424,0,689,410,1099
Gainesville,SBarrow,219,51,0,36,69,0,255,120,0,270,105,375
Gainesville,NWBartow,0,0,0,0,0,0,0,0,0,0,0,0
Gainesville,NEBartow,3,0,0,0,1,0,3,1,0,3,1,4
Gainesville,SWBartow,0,0,0,0,16,0,0,16,0,0,16,16
Gainesville,Cartersville,2,0,0,1,0,0,3,0,0,2,1,3
Gainesville,NECarroll,0,0,0,0,0,0,0,0,0,0,0,0
Gainesville,WCarroll,0,0,0,0,0,0,0,0,0,0,0,0
Gainesville,CentralCarroll,0,0,0,0,0,0,0,0,0,0,0,0
Gainesville,SECarroll,0,0,0,0,0,0,0,0,0,0,0,0
Gainesville,WCoweta,0,0,0,0,0,0,0,0,0,0,0,0
Gainesville,NCoweta,0,0,0,0,0,0,0,0,0,0,0,0
Gainesville,SCoweta,0,0,0,0,0,0,0,0,0,0,0,0
Gainesville,SECoweta,0,0,0,0,0,0,0,0,0,0,0,0
Gainesville,NForsyth,1593,324,0,1017,3400,0,2610,3724,0,1917,4417,6334
Gainesville,Cumming,1373,245,1,493,1647,2,1866,1892,3,1619,2142,3761
Gainesville,SForsyth,391,60,0,45,114,0,436,174,0,451,159,610
Gainesville,NHall,5587,983,21,5248,15620,29,10835,16603,50,6591,20897,27488
Gainesville,Gainesville,42868,8415,334,59395,166212,537,102263,174627,871,51617,226144,277761
Gainesville,SHall,7629,1530,7,6419,16607,10,14048,18137,17,9166,23036,32202
Gainesville,WNewton,11,2,0,2,1,0,13,3,0,13,3,16
Gainesville,ENewton,2,1,0,0,0,0,2,1,0,3,0,3
Gainesville,NPaulding,0,0,0,0,0,0,0,0,0,0,0,0
Gainesville,WPaulding,0,0,0,0,0,0,0,0,0,0,0,0
Gainesville,EPaulding,1,0,0,0,0,0,1,0,0,1,0,1
Gainesville,NSpalding,0,0,0,0,0,0,0,0,0,0,0,0
Gainesville,SSpalding,0,0,0,0,0,0,0,0,0,0,0,0
Gainesville,WWalton,63,5,0,16,20,0,79,25,0,68,36,104
Gainesville,EWalton,90,17,0,23,111,0,113,128,0,107,134,241
SHall,NFulton,699,118,0,146,281,0,845,399,0,817,427,1244
SHall,Roswell,147,23,0,29,48,0,176,71,0,170,77,247
SHall,SandySprings,172,38,0,39,99,0,211,137,0,210,138,348
SHall,Buckhead,100,19,3,35,113,0,135,132,3,122,148,270
SHall,NWAtlanta,31,9,0,8,33,0,39,42,0,40,41,81
SHall,NEAtlanta,64,14,2,32,107,3,96,121,5,80,142,222
SHall,SWAtlanta,8,0,0,3,22,1,11,22,1,8,26,34
SHall,CBDAtlanta,34,11,7,21,64,13,55,75,20,52,98,150
SHall,SEAtlanta,7,2,0,6,28,1,13,30,1,9,35,44
SHall,SFulton,2,1,0,0,1,0,2,2,0,3,1,4
SHall,Tri-Cities,8,4,0,5,16,0,13,20,0,12,21,33
SHall,Shannon,2,1,0,1,2,0,3,3,0,3,3,6
SHall,WCherokee,13,1,0,4,9,0,17,10,0,14,13,27
SHall,NCherokee,16,0,0,7,3,0,23,3,0,16,10,26
SHall,ECentCherokee,71,11,0,33,44,0,104,55,0,82,77,159
SHall,Woodstock,13,4,0,4,9,0,17,13,0,17,13,30
SHall,Airport,5,1,2,1,4,0,6,5,2,8,5,13
SHall,NEClayton,7,3,0,3,2,0,10,5,0,10,5,15
SHall,Riverdale,0,0,0,0,0,0,0,0,0,0,0,0
SHall,SClayton,1,1,0,0,27,0,1,28,0,2,27,29
SHall,NWCobb,12,3,0,5,10,0,17,13,0,15,15,30
SHall,NECobb,39,9,0,15,108,0,54,117,0,48,123,171
SHall,SWCobb,3,0,0,0,0,0,3,0,0,3,0,3
SHall,Marietta,19,8,0,3,20,0,22,28,0,27,23,50
SHall,Cumberland,82,16,0,15,51,0,97,67,0,98,66,164
SHall,SCobb,10,2,0,6,11,0,16,13,0,12,17,29
SHall,Chamblee,273,48,0,71,254,0,344,302,0,321,325,646
SHall,NWDeKalb,115,21,0,45,146,1,160,167,1,136,192,328
SHall,NEDeKalb,261,50,0,60,184,0,321,234,0,311,244,555
SHall,Atlanta-DeKalb,6,2,0,4,19,0,10,21,0,8,23,31
SHall,Decatur,13,2,0,5,20,0,18,22,0,15,25,40
SHall,SWDeKalb,16,3,0,14,8,0,30,11,0,19,22,41
SHall,SEDeKalb,28,4,0,16,46,0,44,50,0,32,62,94
SHall,SDeKalb,19,2,0,8,20,0,27,22,0,21,28,49
SHall,WDouglas,0,0,0,0,0,0,0,0,0,0,0,0
SHall,EDouglas,4,1,0,1,0,0,5,1,0,5,1,6
SHall,WFayette,0,0,0,0,0,0,0,0,0,0,0,0
SHall,EFayette,0,0,0,2,0,0,2,0,0,0,2,2
SHall,NGwinnett,5972,1084,0,5666,16600,0,11638,17684,0,7056,22266,29322
SHall,CentGwinnett,2064,371,0,726,1849,0,2790,2220,0,2435,2575,5010
SHall,EGwinnett,545,101,0,315,699,0,860,800,0,646,1014,1660
SHall,Norcross,734,143,0,112,233,0,846,376,0,877,345,1222
SHall,Lilburn,143,38,0,44,68,0,187,106,0,181,112,293
SHall,Snellville,207,47,0,93,131,0,300,178,0,254,224,478
SHall,NHenry,1,0,0,1,2,0,2,2,0,1,3,4
SHall,EHenry,2,0,0,1,0,0,3,0,0,2,1,3
SHall,SHenry,0,0,0,1,2,0,1,2,0,0,3,3
SHall,SRockdale,9,2,0,4,0,0,13,2,0,11,4,15
SHall,NRockdale,29,10,0,11,47,0,40,57,0,39,58,97
SHall,NBarrow,852,188,0,737,2084,0,1589,2272,0,1040,2821,3861
SHall,SBarrow,279,52,0,148,234,0,427,286,0,331,382,713
SHall,NWBartow,0,0,0,0,0,0,0,0,0,0,0,0
SHall,NEBartow,0,1,0,0,0,0,0,1,0,1,0,1
SHall,SWBartow,0,0,0,0,0,0,0,0,0,0,0,0
SHall,Cartersville,0,0,0,0,1,0,0,1,0,0,1,1
SHall,NECarroll,0,0,0,0,0,0,0,0,0,0,0,0
SHall,WCarroll,0,0,0,0,0,0,0,0,0,0,0,0
SHall,CentralCarroll,0,0,0,0,0,0,0,0,0,0,0,0
SHall,SECarroll,0,0,0,0,0,0,0,0,0,0,0,0
SHall,WCoweta,0,0,0,0,0,0,0,0,0,0,0,0
SHall,NCoweta,0,0,0,0,0,0,0,0,0,0,0,0
SHall,SCoweta,0,0,0,0,0,0,0,0,0,0,0,0
SHall,SECoweta,0,0,0,0,0,0,0,0,0,0,0,0
SHall,NForsyth,466,86,0,296,559,0,762,645,0,552,855,1407
SHall,Cumming,848,153,0,345,649,0,1193,802,0,1001,994,1995
SHall,SForsyth,532,84,0,151,399,0,683,483,0,616,550,1166
SHall,NHall,967,161,0,459,551,0,1426,712,0,1128,1010,2138
SHall,Gainesville,7686,1530,7,6470,16654,9,14156,18184,16,9223,23133,32356
SHall,SHall,14899,2825,0,28746,75627,0,43645,78452,0,17724,104373,122097
SHall,WNewton,23,2,0,14,6,0,37,8,0,25,20,45
SHall,ENewton,6,0,0,0,9,0,6,9,0,6,9,15
SHall,NPaulding,1,0,0,0,0,0,1,0,0,1,0,1
SHall,WPaulding,0,0,0,0,0,0,0,0,0,0,0,0
SHall,EPaulding,3,0,0,0,0,0,3,0,0,3,0,3
SHall,NSpalding,0,0,0,0,0,0,0,0,0,0,0,0
SHall,SSpalding,0,0,0,0,0,0,0,0,0,0,0,0
SHall,WWalton,62,11,0,41,27,0,103,38,0,73,68,141
SHall,EWalton,104,22,0,38,74,0,142,96,0,126,112,238
WNewton,NFulton,65,9,0,15,21,1,80,30,1,74,37,111
WNewton,Roswell,25,3,0,11,73,0,36,76,0,28,84,112
WNewton,SandySprings,204,35,5,23,72,1,227,107,6,244,96,340
WNewton,Buckhead,239,56,8,53,86,1,292,142,9,303,140,443
WNewton,NWAtlanta,151,35,0,15,60,1,166,95,1,186,76,262
WNewton,NEAtlanta,325,70,10,94,325,5,419,395,15,405,424,829
WNewton,SWAtlanta,129,32,1,51,52,2,180,84,3,162,105,267
WNewton,CBDAtlanta,381,78,48,89,232,15,470,310,63,507,336,843
WNewton,SEAtlanta,210,37,2,53,106,2,263,143,4,249,161,410
WNewton,SFulton,36,4,0,8,22,0,44,26,0,40,30,70
WNewton,Tri-Cities,247,49,1,26,60,0,273,109,1,297,86,383
WNewton,Shannon,53,12,0,15,72,0,68,84,0,65,87,152
WNewton,WCherokee,0,0,0,0,0,0,0,0,0,0,0,0
WNewton,NCherokee,0,0,0,0,0,0,0,0,0,0,0,0
WNewton,ECentCherokee,0,0,0,2,2,0,2,2,0,0,4,4
WNewton,Woodstock,1,0,0,0,1,0,1,1,0,1,1,2
WNewton,Airport,215,33,7,20,6,1,235,39,8,255,27,282
WNewton,NEClayton,563,114,0,91,156,3,654,270,3,677,250,927
WNewton,Riverdale,92,20,0,25,113,0,117,133,0,112,138,250
WNewton,SClayton,275,62,0,49,129,0,324,191,0,337,178,515
WNewton,NWCobb,12,4,0,5,11,0,17,15,0,16,16,32
WNewton,NECobb,31,2,0,5,10,0,36,12,0,33,15,48
WNewton,SWCobb,8,2,0,1,1,0,9,3,0,10,2,12
WNewton,Marietta,34,11,0,10,25,0,44,36,0,45,35,80
WNewton,Cumberland,146,26,0,29,75,0,175,101,0,172,104,276
WNewton,SCobb,55,11,1,18,12,0,73,23,1,67,30,97
WNewton,Chamblee,349,39,6,47,277,0,396,316,6,394,324,718
WNewton,NWDeKalb,405,76,4,93,342,4,498,418,8,485,439,924
WNewton,NEDeKalb,561,124,0,135,328,2,696,452,2,685,465,1150
WNewton,Atlanta-DeKalb,60,15,0,30,50,1,90,65,1,75,81,156
WNewton,Decatur,84,25,1,33,63,1,117,88,2,110,97,207
WNewton,SWDeKalb,322,75,1,75,177,0,397,252,1,398,252,650
WNewton,SEDeKalb,861,174,2,282,801,1,1143,975,3,1037,1084,2121
WNewton,SDeKalb,897,192,1,415,1345,4,1312,1537,5,1090,1764,2854
WNewton,WDouglas,3,3,0,8,5,0,11,8,0,6,13,19
WNewton,EDouglas,33,3,0,7,10,0,40,13,0,36,17,53
WNewton,WFayette,35,13,0,8,20,0,43,33,0,48,28,76
WNewton,EFayette,70,14,0,21,20,0,91,34,0,84,41,125
WNewton,NGwinnett,251,49,0,58,149,0,309,198,0,300,207,507
WNewton,CentGwinnett,598,135,0,131,398,0,729,533,0,733,529,1262
WNewton,EGwinnett,284,65,0,90,219,0,374,284,0,349,309,658
WNewton,Norcross,362,64,0,35,93,0,397,157,0,426,128,554
WNewton,Lilburn,242,47,0,61,209,0,303,256,0,289,270,559
WNewton,Snellville,748,153,0,275,766,0,1023,919,0,901,1041,1942
WNewton,NHenry,551,120,0,172,795,0,723,915,0,671,967,1638
WNewton,EHenry,1080,210,0,973,3681,0,2053,3891,0,1290,4654,5944
WNewton,SHenry,1294,253,0,535,1730,0,1829,1983,0,1547,2265,3812
WNewton,SRockdale,1234,277,0,1825,6460,0,3059,6737,0,1511,8285,9796
WNewton,NRockdale,5183,1118,0,5349,16959,0,10532,18077,0,6301,22308,28609
WNewton,NBarrow,82,14,0,26,45,0,108,59,0,96,71,167
WNewton,SBarrow,100,15,0,27,22,0,127,37,0,115,49,164
WNewton,NWBartow,0,0,0,0,0,0,0,0,0,0,0,0
WNewton,NEBartow,0,0,0,0,0,0,0,0,0,0,0,0
WNewton,SWBartow,0,0,0,0,0,0,0,0,0,0,0,0
WNewton,Cartersville,0,0,0,1,0,0,1,0,0,0,1,1
WNewton,NECarroll,0,0,0,0,0,0,0,0,0,0,0,0
WNewton,WCarroll,0,0,0,0,0,0,0,0,0,0,0,0
WNewton,CentralCarroll,0,0,0,0,0,0,0,0,0,0,0,0
WNewton,SECarroll,0,0,0,0,0,0,0,0,0,0,0,0
WNewton,WCoweta,0,0,0,0,4,0,0,4,0,0,4,4
WNewton,NCoweta,5,2,0,3,8,0,8,10,0,7,11,18
WNewton,SCoweta,0,0,0,0,0,0,0,0,0,0,0,0
WNewton,SECoweta,4,0,0,1,1,0,5,1,0,4,2,6
WNewton,NForsyth,0,1,0,0,0,0,0,1,0,1,0,1
WNewton,Cumming,9,3,0,3,10,0,12,13,0,12,13,25
WNewton,SForsyth,30,4,0,5,4,0,35,8,0,34,9,43
WNewton,NHall,1,0,0,1,0,0,2,0,0,1,1,2
WNewton,Gainesville,12,2,0,2,1,0,14,3,0,14,3,17
WNewton,SHall,19,5,0,12,33,0,31,38,0,24,45,69
WNewton,WNewton,21312,4569,0,42055,114441,0,63367,119010,0,25881,156496,182377
WNewton,ENewton,1331,258,0,1758,4765,0,3089,5023,0,1589,6523,8112
WNewton,NPaulding,0,0,0,0,0,0,0,0,0,0,0,0
WNewton,WPaulding,0,0,0,0,0,0,0,0,0,0,0,0
WNewton,EPaulding,1,1,0,2,0,0,3,1,0,2,2,4
WNewton,NSpalding,120,20,0,42,93,0,162,113,0,140,135,275
WNewton,SSpalding,81,7,0,20,96,0,101,103,0,88,116,204
WNewton,WWalton,1062,217,0,748,2313,0,1810,2530,0,1279,3061,4340
WNewton,EWalton,1062,201,0,493,1296,0,1555,1497,0,1263,1789,3052
ENewton,NFulton,7,3,0,1,5,0,8,8,0,10,6,16
ENewton,Roswell,4,2,0,1,0,0,5,2,0,6,1,7
ENewton,SandySprings,10,0,0,6,12,1,16,12,1,10,19,29
ENewton,Buckhead,17,7,0,8,31,0,25,38,0,24,39,63
ENewton,NWAtlanta,10,3,0,1,8,0,11,11,0,13,9,22
ENewton,NEAtlanta,31,6,1,17,27,0,48,33,1,38,44,82
ENewton,SWAtlanta,9,3,0,4,9,0,13,12,0,12,13,25
ENewton,CBDAtlanta,18,4,2,15,51,0,33,55,2,24,66,90
ENewton,SEAtlanta,21,5,0,8,17,0,29,22,0,26,25,51
ENewton,SFulton,2,0,0,0,0,0,2,0,0,2,0,2
ENewton,Tri-Cities,10,4,0,4,2,0,14,6,0,14,6,20
ENewton,Shannon,7,1,0,1,1,0,8,2,0,8,2,10
ENewton,WCherokee,0,0,0,0,0,0,0,0,0,0,0,0
ENewton,NCherokee,0,0,0,0,0,0,0,0,0,0,0,0
ENewton,ECentCherokee,0,0,0,0,0,0,0,0,0,0,0,0
ENewton,Woodstock,0,1,0,0,0,0,0,1,0,1,0,1
ENewton,Airport,14,4,0,0,1,0,14,5,0,18,1,19
ENewton,NEClayton,39,4,0,7,19,0,46,23,0,43,26,69
ENewton,Riverdale,5,0,0,3,1,0,8,1,0,5,4,9
ENewton,SClayton,13,2,0,9,15,0,22,17,0,15,24,39
ENewton,NWCobb,2,0,0,0,1,0,2,1,0,2,1,3
ENewton,NECobb,3,1,0,0,0,0,3,1,0,4,0,4
ENewton,SWCobb,0,0,0,1,0,0,1,0,0,0,1,1
ENewton,Marietta,1,0,0,1,0,0,2,0,0,1,1,2
ENewton,Cumberland,8,2,0,3,4,0,11,6,0,10,7,17
ENewton,SCobb,6,1,0,3,1,0,9,2,0,7,4,11
ENewton,Chamblee,24,5,0,6,16,0,30,21,0,29,22,51
ENewton,NWDeKalb,30,5,0,14,63,0,44,68,0,35,77,112
ENewton,NEDeKalb,60,8,0,20,58,1,80,66,1,68,79,147
ENewton,Atlanta-DeKalb,8,0,0,4,26,0,12,26,0,8,30,38
ENewton,Decatur,5,1,0,1,5,0,6,6,0,6,6,12
ENewton,SWDeKalb,32,2,1,8,23,0,40,25,1,35,31,66
ENewton,SEDeKalb,81,20,0,35,108,0,116,128,0,101,143,244
ENewton,SDeKalb,58,12,0,32,115,1,90,127,1,70,148,218
ENewton,WDouglas,0,0,0,0,0,0,0,0,0,0,0,0
ENewton,EDouglas,1,0,0,0,1,0,1,1,0,1,1,2
ENewton,WFayette,3,1,0,1,4,0,4,5,0,4,5,9
ENewton,EFayette,4,0,0,6,1,0,10,1,0,4,7,11
ENewton,NGwinnett,29,3,0,17,49,0,46,52,0,32,66,98
ENewton,CentGwinnett,76,14,0,27,41,0,103,55,0,90,68,158
ENewton,EGwinnett,36,5,0,17,31,0,53,36,0,41,48,89
ENewton,Norcross,31,6,0,10,12,0,41,18,0,37,22,59
ENewton,Lilburn,27,6,0,12,24,0,39,30,0,33,36,69
ENewton,Snellville,58,14,0,49,96,0,107,110,0,72,145,217
ENewton,NHenry,23,5,0,10,28,0,33,33,0,28,38,66
ENewton,EHenry,49,6,0,65,64,0,114,70,0,55,129,184
ENewton,SHenry,98,16,0,32,23,0,130,39,0,114,55,169
ENewton,SRockdale,51,9,0,31,118,0,82,127,0,60,149,209
ENewton,NRockdale,339,69,0,179,395,0,518,464,0,408,574,982
ENewton,NBarrow,20,0,0,8,43,0,28,43,0,20,51,71
ENewton,SBarrow,15,2,0,11,5,0,26,7,0,17,16,33
ENewton,NWBartow,0,0,0,0,0,0,0,0,0,0,0,0
ENewton,NEBartow,0,0,0,0,0,0,0,0,0,0,0,0
ENewton,SWBartow,0,0,0,0,0,0,0,0,0,0,0,0
ENewton,Cartersville,0,0,0,0,0,0,0,0,0,0,0,0
ENewton,NECarroll,0,0,0,0,0,0,0,0,0,0,0,0
ENewton,WCarroll,0,0,0,0,0,0,0,0,0,0,0,0
ENewton,CentralCarroll,0,0,0,0,0,0,0,0,0,0,0,0
ENewton,SECarroll,0,0,0,0,0,0,0,0,0,0,0,0
ENewton,WCoweta,0,0,0,0,0,0,0,0,0,0,0,0
ENewton,NCoweta,0,0,0,0,0,0,0,0,0,0,0,0
ENewton,SCoweta,0,0,0,0,0,0,0,0,0,0,0,0
ENewton,SECoweta,0,0,0,0,0,0,0,0,0,0,0,0
ENewton,NForsyth,0,0,0,0,0,0,0,0,0,0,0,0
ENewton,Cumming,0,0,0,2,1,0,2,1,0,0,3,3
ENewton,SForsyth,2,1,0,0,0,0,2,1,0,3,0,3
ENewton,NHall,0,0,0,0,0,0,0,0,0,0,0,0
ENewton,Gainesville,2,1,0,0,0,0,2,1,0,3,0,3
ENewton,SHall,7,0,0,1,1,0,8,1,0,7,2,9
ENewton,WNewton,1272,250,0,1752,4724,0,3024,4974,0,1522,6476,7998
ENewton,ENewton,622,138,0,1675,4441,0,2297,4579,0,760,6116,6876
ENewton,NPaulding,0,0,0,0,0,0,0,0,0,0,0,0
ENewton,WPaulding,0,0,0,0,0,0,0,0,0,0,0,0
ENewton,EPaulding,0,0,0,0,0,0,0,0,0,0,0,0
ENewton,NSpalding,8,3,0,1,6,0,9,9,0,11,7,18
ENewton,SSpalding,2,1,0,0,1,0,2,2,0,3,1,4
ENewton,WWalton,83,16,0,81,117,0,164,133,0,99,198,297
ENewton,EWalton,261,68,0,287,670,0,548,738,0,329,957,1286
NPaulding,NFulton,145,18,0,24,110,0,169,128,0,163,134,297
NPaulding,Roswell,120,24,0,16,52,0,136,76,0,144,68,212
NPaulding,SandySprings,234,44,0,40,148,0,274,192,0,278,188,466
NPaulding,Buckhead,171,36,0,27,168,0,198,204,0,207,195,402
NPaulding,NWAtlanta,113,20,0,13,24,0,126,44,0,133,37,170
NPaulding,NEAtlanta,98,26,1,33,116,1,131,142,2,125,150,275
NPaulding,SWAtlanta,94,18,0,20,38,0,114,56,0,112,58,170
NPaulding,CBDAtlanta,98,15,5,19,104,2,117,119,7,118,125,243
NPaulding,SEAtlanta,22,4,0,8,59,0,30,63,0,26,67,93
NPaulding,SFulton,60,10,0,9,44,0,69,54,0,70,53,123
NPaulding,Tri-Cities,41,11,0,10,18,0,51,29,0,52,28,80
NPaulding,Shannon,32,3,0,2,34,0,34,37,0,35,36,71
NPaulding,WCherokee,13,4,0,7,40,0,20,44,0,17,47,64
NPaulding,NCherokee,3,0,0,0,6,0,3,6,0,3,6,9
NPaulding,ECentCherokee,116,30,0,22,115,0,138,145,0,146,137,283
NPaulding,Woodstock,314,60,0,143,562,0,457,622,0,374,705,1079
NPaulding,Airport,30,1,0,2,2,0,32,3,0,31,4,35
NPaulding,NEClayton,20,3,0,5,10,0,25,13,0,23,15,38
NPaulding,Riverdale,5,1,0,3,11,0,8,12,0,6,14,20
NPaulding,SClayton,9,3,0,1,11,0,10,14,0,12,12,24
NPaulding,NWCobb,2557,520,0,3407,12866,0,5964,13386,0,3077,16273,19350
NPaulding,NECobb,518,100,0,146,582,0,664,682,0,618,728,1346
NPaulding,SWCobb,431,90,0,380,1470,0,811,1560,0,521,1850,2371
NPaulding,Marietta,723,136,0,327,1214,3,1050,1350,3,859,1544,2403
NPaulding,Cumberland,596,116,0,96,477,1,692,593,1,712,574,1286
NPaulding,SCobb,316,59,0,120,324,0,436,383,0,375,444,819
NPaulding,Chamblee,142,29,0,21,57,0,163,86,0,171,78,249
NPaulding,NWDeKalb,58,10,0,20,56,0,78,66,0,68,76,144
NPaulding,NEDeKalb,39,5,0,7,29,0,46,34,0,44,36,80
NPaulding,Atlanta-DeKalb,6,2,0,6,35,0,12,37,0,8,41,49
NPaulding,Decatur,7,2,0,2,5,0,9,7,0,9,7,16
NPaulding,SWDeKalb,8,3,0,1,15,0,9,18,0,11,16,27
NPaulding,SEDeKalb,3,2,0,2,1,0,5,3,0,5,3,8
NPaulding,SDeKalb,11,1,0,4,18,0,15,19,0,12,22,34
NPaulding,WDouglas,113,32,0,41,93,0,154,125,0,145,134,279
NPaulding,EDouglas,260,51,0,74,247,0,334,298,0,311,321,632
NPaulding,WFayette,5,1,0,2,2,0,7,3,0,6,4,10
NPaulding,EFayette,5,1,0,0,0,0,5,1,0,6,0,6
NPaulding,NGwinnett,4,2,0,1,5,0,5,7,0,6,6,12
NPaulding,CentGwinnett,20,4,0,10,22,0,30,26,0,24,32,56
NPaulding,EGwinnett,0,0,0,0,1,0,0,1,0,0,1,1
NPaulding,Norcross,59,10,0,7,15,0,66,25,0,69,22,91
NPaulding,Lilburn,4,1,0,0,19,0,4,20,0,5,19,24
NPaulding,Snellville,4,0,0,2,4,0,6,4,0,4,6,10
NPaulding,NHenry,3,0,0,0,1,0,3,1,0,3,1,4
NPaulding,EHenry,1,0,0,0,0,0,1,0,0,1,0,1
NPaulding,SHenry,0,0,0,0,1,0,0,1,0,0,1,1
NPaulding,SRockdale,1,0,0,0,1,0,1,1,0,1,1,2
NPaulding,NRockdale,3,1,0,0,0,0,3,1,0,4,0,4
NPaulding,NBarrow,0,0,0,0,0,0,0,0,0,0,0,0
NPaulding,SBarrow,0,0,0,0,1,0,0,1,0,0,1,1
NPaulding,NWBartow,64,17,0,11,65,0,75,82,0,81,76,157
NPaulding,NEBartow,61,10,0,13,50,0,74,60,0,71,63,134
NPaulding,SWBartow,224,52,0,113,407,0,337,459,0,276,520,796
NPaulding,Cartersville,968,175,0,644,1852,0,1612,2027,0,1143,2496,3639
NPaulding,NECarroll,78,11,0,14,131,0,92,142,0,89,145,234
NPaulding,WCarroll,12,1,0,2,4,0,14,5,0,13,6,19
NPaulding,CentralCarroll,66,10,0,26,74,0,92,84,0,76,100,176
NPaulding,SECarroll,4,1,0,1,1,0,5,2,0,5,2,7
NPaulding,WCoweta,4,0,0,1,1,0,5,1,0,4,2,6
NPaulding,NCoweta,9,2,0,3,5,0,12,7,0,11,8,19
NPaulding,SCoweta,0,0,0,0,0,0,0,0,0,0,0,0
NPaulding,SECoweta,0,0,0,1,1,0,1,1,0,0,2,2
NPaulding,NForsyth,2,0,0,0,0,0,2,0,0,2,0,2
NPaulding,Cumming,14,2,0,2,16,0,16,18,0,16,18,34
NPaulding,SForsyth,25,1,0,2,1,0,27,2,0,26,3,29
NPaulding,NHall,0,0,0,0,0,0,0,0,0,0,0,0
NPaulding,Gainesville,0,0,0,0,0,0,0,0,0,0,0,0
NPaulding,SHall,1,0,0,0,0,0,1,0,0,1,0,1
NPaulding,WNewton,0,0,0,0,0,0,0,0,0,0,0,0
NPaulding,ENewton,0,0,0,0,0,0,0,0,0,0,0,0
NPaulding,NPaulding,2953,564,0,6231,21086,0,9184,21650,0,3517,27317,30834
NPaulding,WPaulding,143,22,0,56,310,0,199,332,0,165,366,531
NPaulding,EPaulding,1467,265,0,2203,8373,0,3670,8638,0,1732,10576,12308
NPaulding,NSpalding,0,0,0,1,0,0,1,0,0,0,1,1
NPaulding,SSpalding,0,0,0,0,0,0,0,0,0,0,0,0
NPaulding,WWalton,0,0,0,0,0,0,0,0,0,0,0,0
NPaulding,EWalton,0,0,0,0,0,0,0,0,0,0,0,0
WPaulding,NFulton,28,4,0,10,32,0,38,36,0,32,42,74
WPaulding,Roswell,20,4,0,5,36,0,25,40,0,24,41,65
WPaulding,SandySprings,65,9,0,13,44,0,78,53,0,74,57,131
WPaulding,Buckhead,45,11,0,20,131,0,65,142,0,56,151,207
WPaulding,NWAtlanta,62,15,0,8,32,0,70,47,0,77,40,117
WPaulding,NEAtlanta,39,5,0,19,63,0,58,68,0,44,82,126
WPaulding,SWAtlanta,55,8,0,13,62,0,68,70,0,63,75,138
WPaulding,CBDAtlanta,38,4,1,20,79,0,58,83,1,43,99,142
WPaulding,SEAtlanta,13,1,0,5,39,0,18,40,0,14,44,58
WPaulding,SFulton,62,16,0,11,8,0,73,24,0,78,19,97
WPaulding,Tri-Cities,32,4,0,9,30,0,41,34,0,36,39,75
WPaulding,Shannon,24,6,0,4,16,0,28,22,0,30,20,50
WPaulding,WCherokee,0,1,0,0,0,0,0,1,0,1,0,1
WPaulding,NCherokee,0,0,0,0,0,0,0,0,0,0,0,0
WPaulding,ECentCherokee,7,3,0,2,20,0,9,23,0,10,22,32
WPaulding,Woodstock,37,6,0,12,68,0,49,74,0,43,80,123
WPaulding,Airport,16,3,0,1,0,0,17,3,0,19,1,20
WPaulding,NEClayton,16,3,0,2,3,0,18,6,0,19,5,24
WPaulding,Riverdale,5,0,0,2,2,0,7,2,0,5,4,9
WPaulding,SClayton,4,1,0,1,2,0,5,3,0,5,3,8
WPaulding,NWCobb,315,67,0,131,406,0,446,473,0,382,537,919
WPaulding,NECobb,129,17,0,20,118,0,149,135,0,146,138,284
WPaulding,SWCobb,183,52,0,74,264,0,257,316,0,235,338,573
WPaulding,Marietta,194,39,0,52,213,0,246,252,0,233,265,498
WPaulding,Cumberland,228,31,0,43,125,0,271,156,0,259,168,427
WPaulding,SCobb,172,31,0,70,200,0,242,231,0,203,270,473
WPaulding,Chamblee,32,6,0,11,49,0,43,55,0,38,60,98
WPaulding,NWDeKalb,14,2,0,11,58,0,25,60,0,16,69,85
WPaulding,NEDeKalb,12,2,0,4,8,0,16,10,0,14,12,26
WPaulding,Atlanta-DeKalb,6,0,0,2,2,0,8,2,0,6,4,10
WPaulding,Decatur,3,1,0,3,33,0,6,34,0,4,36,40
WPaulding,SWDeKalb,12,1,0,4,10,0,16,11,0,13,14,27
WPaulding,SEDeKalb,7,1,0,2,16,0,9,17,0,8,18,26
WPaulding,SDeKalb,6,2,0,3,3,0,9,5,0,8,6,14
WPaulding,WDouglas,228,42,0,146,588,0,374,630,0,270,734,1004
WPaulding,EDouglas,248,64,0,98,456,0,346,520,0,312,554,866
WPaulding,WFayette,9,3,0,5,5,0,14,8,0,12,10,22
WPaulding,EFayette,6,0,0,1,3,0,7,3,0,6,4,10
WPaulding,NGwinnett,2,0,0,1,0,0,3,0,0,2,1,3
WPaulding,CentGwinnett,2,0,0,0,1,0,2,1,0,2,1,3
WPaulding,EGwinnett,0,0,0,0,0,0,0,0,0,0,0,0
WPaulding,Norcross,17,3,0,1,15,0,18,18,0,20,16,36
WPaulding,Lilburn,1,0,0,0,0,0,1,0,0,1,0,1
WPaulding,Snellville,0,0,0,0,0,0,0,0,0,0,0,0
WPaulding,NHenry,1,0,0,1,0,0,2,0,0,1,1,2
WPaulding,EHenry,0,0,0,0,0,0,0,0,0,0,0,0
WPaulding,SHenry,0,0,0,1,0,0,1,0,0,0,1,1
WPaulding,SRockdale,0,0,0,0,0,0,0,0,0,0,0,0
WPaulding,NRockdale,2,0,0,0,5,0,2,5,0,2,5,7
WPaulding,NBarrow,0,0,0,0,0,0,0,0,0,0,0,0
WPaulding,SBarrow,0,0,0,0,0,0,0,0,0,0,0,0
WPaulding,NWBartow,4,2,0,3,1,0,7,3,0,6,4,10
WPaulding,NEBartow,4,1,0,2,0,0,6,1,0,5,2,7
WPaulding,SWBartow,20,4,0,4,11,0,24,15,0,24,15,39
WPaulding,Cartersville,109,17,0,28,67,0,137,84,0,126,95,221
WPaulding,NECarroll,425,80,0,561,2307,0,986,2387,0,505,2868,3373
WPaulding,WCarroll,44,8,0,11,21,0,55,29,0,52,32,84
WPaulding,CentralCarroll,218,56,0,142,358,0,360,414,0,274,500,774
WPaulding,SECarroll,4,2,0,5,3,0,9,5,0,6,8,14
WPaulding,WCoweta,2,1,0,4,4,0,6,5,0,3,8,11
WPaulding,NCoweta,16,3,0,7,10,0,23,13,0,19,17,36
WPaulding,SCoweta,0,0,0,0,0,0,0,0,0,0,0,0
WPaulding,SECoweta,0,0,0,1,0,0,1,0,0,0,1,1
WPaulding,NForsyth,0,0,0,0,0,0,0,0,0,0,0,0
WPaulding,Cumming,0,1,0,2,1,0,2,2,0,1,3,4
WPaulding,SForsyth,3,1,0,3,1,0,6,2,0,4,4,8
WPaulding,NHall,0,0,0,0,0,0,0,0,0,0,0,0
WPaulding,Gainesville,0,0,0,0,0,0,0,0,0,0,0,0
WPaulding,SHall,0,0,0,0,0,0,0,0,0,0,0,0
WPaulding,WNewton,0,0,0,0,0,0,0,0,0,0,0,0
WPaulding,ENewton,0,0,0,0,0,0,0,0,0,0,0,0
WPaulding,NPaulding,149,32,0,67,293,0,216,325,0,181,360,541
WPaulding,WPaulding,518,125,0,2591,8281,0,3109,8406,0,643,10872,11515
WPaulding,EPaulding,829,161,0,1269,5154,0,2098,5315,0,990,6423,7413
WPaulding,NSpalding,0,0,0,0,4,0,0,4,0,0,4,4
WPaulding,SSpalding,0,0,0,0,0,0,0,0,0,0,0,0
WPaulding,WWalton,0,0,0,0,0,0,0,0,0,0,0,0
WPaulding,EWalton,1,0,0,0,0,0,1,0,0,1,0,1
EPaulding,NFulton,235,44,0,31,106,0,266,150,0,279,137,416
EPaulding,Roswell,175,31,0,33,42,0,208,73,0,206,75,281
EPaulding,SandySprings,520,93,3,65,162,1,585,255,4,616,228,844
EPaulding,Buckhead,537,97,14,104,276,1,641,373,15,648,381,1029
EPaulding,NWAtlanta,561,82,1,62,282,2,623,364,3,644,346,990
EPaulding,NEAtlanta,462,78,18,80,346,4,542,424,22,558,430,988
EPaulding,SWAtlanta,532,137,1,118,412,3,650,549,4,670,533,1203
EPaulding,CBDAtlanta,603,132,70,122,369,18,725,501,88,805,509,1314
EPaulding,SEAtlanta,191,27,2,56,165,3,247,192,5,220,224,444
EPaulding,SFulton,461,85,0,80,272,0,541,357,0,546,352,898
EPaulding,Tri-Cities,293,47,2,32,83,0,325,130,2,342,115,457
EPaulding,Shannon,190,36,0,48,135,0,238,171,0,226,183,409
EPaulding,WCherokee,18,1,0,10,8,0,28,9,0,19,18,37
EPaulding,NCherokee,3,1,0,5,4,0,8,5,0,4,9,13
EPaulding,ECentCherokee,144,21,0,46,79,0,190,100,0,165,125,290
EPaulding,Woodstock,282,60,0,91,299,0,373,359,0,342,390,732
EPaulding,Airport,227,31,9,12,25,0,239,56,9,267,37,304
EPaulding,NEClayton,132,24,0,18,98,0,150,122,0,156,116,272
EPaulding,Riverdale,40,10,0,16,50,0,56,60,0,50,66,116
EPaulding,SClayton,29,7,0,14,18,0,43,25,0,36,32,68
EPaulding,NWCobb,3274,660,0,2772,9171,2,6046,9831,2,3934,11945,15879
EPaulding,NECobb,925,165,0,222,759,0,1147,924,0,1090,981,2071
EPaulding,SWCobb,2668,549,0,3796,13738,0,6464,14287,0,3217,17534,20751
EPaulding,Marietta,1607,320,0,628,2156,1,2235,2476,1,1927,2785,4712
EPaulding,Cumberland,1717,322,1,309,1083,1,2026,1405,2,2040,1393,3433
EPaulding,SCobb,1581,305,1,873,3316,3,2454,3621,4,1887,4192,6079
EPaulding,Chamblee,355,54,4,47,132,1,402,186,5,413,180,593
EPaulding,NWDeKalb,216,39,2,55,129,0,271,168,2,257,184,441
EPaulding,NEDeKalb,123,24,0,34,75,1,157,99,1,147,110,257
EPaulding,Atlanta-DeKalb,48,13,0,6,43,0,54,56,0,61,49,110
EPaulding,Decatur,36,7,1,9,27,1,45,34,2,44,37,81
EPaulding,SWDeKalb,80,16,0,20,87,0,100,103,0,96,107,203
EPaulding,SEDeKalb,20,6,0,8,17,0,28,23,0,26,25,51
EPaulding,SDeKalb,82,11,0,22,93,0,104,104,0,93,115,208
EPaulding,WDouglas,1541,305,0,1528,6134,0,3069,6439,0,1846,7662,9508
EPaulding,EDouglas,2665,490,3,2313,8909,3,4978,9399,6,3158,11225,14383
EPaulding,WFayette,69,13,0,17,62,0,86,75,0,82,79,161
EPaulding,EFayette,27,2,0,11,42,0,38,44,0,29,53,82
EPaulding,NGwinnett,12,1,0,5,5,0,17,6,0,13,10,23
EPaulding,CentGwinnett,64,12,0,17,36,0,81,48,0,76,53,129
EPaulding,EGwinnett,3,2,0,4,1,0,7,3,0,5,5,10
EPaulding,Norcross,169,22,0,22,38,0,191,60,0,191,60,251
EPaulding,Lilburn,12,0,0,6,39,0,18,39,0,12,45,57
EPaulding,Snellville,7,0,0,6,2,0,13,2,0,7,8,15
EPaulding,NHenry,12,1,0,4,18,0,16,19,0,13,22,35
EPaulding,EHenry,3,0,0,0,0,0,3,0,0,3,0,3
EPaulding,SHenry,9,1,0,6,2,0,15,3,0,10,8,18
EPaulding,SRockdale,7,1,0,2,1,0,9,2,0,8,3,11
EPaulding,NRockdale,9,3,0,4,15,0,13,18,0,12,19,31
EPaulding,NBarrow,0,0,0,0,4,0,0,4,0,0,4,4
EPaulding,SBarrow,0,0,0,0,0,0,0,0,0,0,0,0
EPaulding,NWBartow,44,8,0,15,93,0,59,101,0,52,108,160
EPaulding,NEBartow,46,8,0,10,65,0,56,73,0,54,75,129
EPaulding,SWBartow,194,44,0,75,227,0,269,271,0,238,302,540
EPaulding,Cartersville,556,117,0,155,543,0,711,660,0,673,698,1371
EPaulding,NECarroll,871,183,0,578,2157,0,1449,2340,0,1054,2735,3789
EPaulding,WCarroll,70,20,0,15,66,0,85,86,0,90,81,171
EPaulding,CentralCarroll,509,85,0,260,427,0,769,512,0,594,687,1281
EPaulding,SECarroll,13,3,0,12,25,0,25,28,0,16,37,53
EPaulding,WCoweta,30,6,0,15,17,0,45,23,0,36,32,68
EPaulding,NCoweta,76,13,0,24,52,0,100,65,0,89,76,165
EPaulding,SCoweta,3,0,0,1,8,0,4,8,0,3,9,12
EPaulding,SECoweta,8,1,0,1,5,0,9,6,0,9,6,15
EPaulding,NForsyth,1,0,0,0,0,0,1,0,0,1,0,1
EPaulding,Cumming,21,4,0,13,24,0,34,28,0,25,37,62
EPaulding,SForsyth,37,6,0,9,12,0,46,18,0,43,21,64
EPaulding,NHall,0,0,0,0,0,0,0,0,0,0,0,0
EPaulding,Gainesville,1,0,0,0,0,0,1,0,0,1,0,1
EPaulding,SHall,2,0,0,0,0,0,2,0,0,2,0,2
EPaulding,WNewton,0,1,0,2,0,0,2,1,0,1,2,3
EPaulding,ENewton,0,0,0,0,0,0,0,0,0,0,0,0
EPaulding,NPaulding,1511,288,0,2253,8439,0,3764,8727,0,1799,10692,12491
EPaulding,WPaulding,958,214,0,1291,5250,0,2249,5464,0,1172,6541,7713
EPaulding,EPaulding,15501,3264,0,40477,123059,0,55978,126323,0,18765,163536,182301
EPaulding,NSpalding,2,0,0,2,4,0,4,4,0,2,6,8
EPaulding,SSpalding,0,0,0,0,0,0,0,0,0,0,0,0
EPaulding,WWalton,1,0,0,0,1,0,1,1,0,1,1,2
EPaulding,EWalton,0,0,0,0,0,0,0,0,0,0,0,0
NSpalding,NFulton,4,0,0,0,0,0,4,0,0,4,0,4
NSpalding,Roswell,3,0,1,0,0,0,3,0,1,4,0,4
NSpalding,SandySprings,24,3,0,8,13,0,32,16,0,27,21,48
NSpalding,Buckhead,48,15,1,16,89,0,64,104,1,64,105,169
NSpalding,NWAtlanta,51,13,0,6,37,0,57,50,0,64,43,107
NSpalding,NEAtlanta,106,15,0,26,40,1,132,55,1,121,67,188
NSpalding,SWAtlanta,67,12,0,15,9,0,82,21,0,79,24,103
NSpalding,CBDAtlanta,128,26,13,21,39,2,149,65,15,167,62,229
NSpalding,SEAtlanta,104,28,0,18,27,0,122,55,0,132,45,177
NSpalding,SFulton,35,5,0,5,17,0,40,22,0,40,22,62
NSpalding,Tri-Cities,212,37,0,15,64,0,227,101,0,249,79,328
NSpalding,Shannon,104,24,0,23,71,0,127,95,0,128,94,222
NSpalding,WCherokee,0,0,0,0,0,0,0,0,0,0,0,0
NSpalding,NCherokee,0,0,0,0,0,0,0,0,0,0,0,0
NSpalding,ECentCherokee,0,0,0,0,1,0,0,1,0,0,1,1
NSpalding,Woodstock,1,1,0,0,0,0,1,1,0,2,0,2
NSpalding,Airport,151,29,1,16,27,0,167,56,1,181,43,224
NSpalding,NEClayton,458,82,0,70,169,0,528,251,0,540,239,779
NSpalding,Riverdale,157,24,0,52,201,0,209,225,0,181,253,434
NSpalding,SClayton,678,148,1,352,932,1,1030,1080,2,827,1285,2112
NSpalding,NWCobb,3,0,0,2,6,0,5,6,0,3,8,11
NSpalding,NECobb,5,1,0,4,2,0,9,3,0,6,6,12
NSpalding,SWCobb,6,3,0,0,1,0,6,4,0,9,1,10
NSpalding,Marietta,16,4,0,2,1,0,18,5,0,20,3,23
NSpalding,Cumberland,40,10,0,8,51,0,48,61,0,50,59,109
NSpalding,SCobb,21,3,0,7,32,0,28,35,0,24,39,63
NSpalding,Chamblee,31,3,0,4,4,1,35,7,1,34,9,43
NSpalding,NWDeKalb,52,12,0,19,40,0,71,52,0,64,59,123
NSpalding,NEDeKalb,36,7,1,8,19,0,44,26,1,44,27,71
NSpalding,Atlanta-DeKalb,12,3,0,3,12,0,15,15,0,15,15,30
NSpalding,Decatur,11,1,0,4,2,0,15,3,0,12,6,18
NSpalding,SWDeKalb,37,11,0,18,17,1,55,28,1,48,36,84
NSpalding,SEDeKalb,22,11,0,12,18,0,34,29,0,33,30,63
NSpalding,SDeKalb,97,16,0,20,56,0,117,72,0,113,76,189
NSpalding,WDouglas,10,2,0,4,2,0,14,4,0,12,6,18
NSpalding,EDouglas,14,3,0,4,14,0,18,17,0,17,18,35
NSpalding,WFayette,478,73,0,176,243,0,654,316,0,551,419,970
NSpalding,EFayette,597,88,0,394,1031,0,991,1119,0,685,1425,2110
NSpalding,NGwinnett,1,1,0,0,4,0,1,5,0,2,4,6
NSpalding,CentGwinnett,8,3,0,2,7,0,10,10,0,11,9,20
NSpalding,EGwinnett,3,0,0,1,0,0,4,0,0,3,1,4
NSpalding,Norcross,16,2,0,3,4,0,19,6,0,18,7,25
NSpalding,Lilburn,1,0,0,1,2,0,2,2,0,1,3,4
NSpalding,Snellville,18,3,0,8,22,0,26,25,0,21,30,51
NSpalding,NHenry,259,39,0,110,249,0,369,288,0,298,359,657
NSpalding,EHenry,199,49,0,120,299,0,319,348,0,248,419,667
NSpalding,SHenry,2192,472,0,1861,5411,0,4053,5883,0,2664,7272,9936
NSpalding,SRockdale,47,10,0,18,12,0,65,22,0,57,30,87
NSpalding,NRockdale,74,18,0,25,30,0,99,48,0,92,55,147
NSpalding,NBarrow,1,0,0,0,0,0,1,0,0,1,0,1
NSpalding,SBarrow,0,0,0,0,0,0,0,0,0,0,0,0
NSpalding,NWBartow,0,0,0,0,0,0,0,0,0,0,0,0
NSpalding,NEBartow,0,0,0,0,0,0,0,0,0,0,0,0
NSpalding,SWBartow,0,0,0,0,0,0,0,0,0,0,0,0
NSpalding,Cartersville,0,0,0,0,0,0,0,0,0,0,0,0
NSpalding,NECarroll,1,1,0,0,4,0,1,5,0,2,4,6
NSpalding,WCarroll,0,0,0,1,0,0,1,0,0,0,1,1
NSpalding,CentralCarroll,2,0,0,4,1,0,6,1,0,2,5,7
NSpalding,SECarroll,3,0,0,1,1,0,4,1,0,3,2,5
NSpalding,WCoweta,23,3,0,10,18,0,33,21,0,26,28,54
NSpalding,NCoweta,164,43,0,63,76,0,227,119,0,207,139,346
NSpalding,SCoweta,19,5,0,18,21,0,37,26,0,24,39,63
NSpalding,SECoweta,177,40,0,129,188,0,306,228,0,217,317,534
NSpalding,NForsyth,0,0,0,0,0,0,0,0,0,0,0,0
NSpalding,Cumming,0,0,0,0,0,0,0,0,0,0,0,0
NSpalding,SForsyth,0,0,0,0,0,0,0,0,0,0,0,0
NSpalding,NHall,0,0,0,0,0,0,0,0,0,0,0,0
NSpalding,Gainesville,0,0,0,0,0,0,0,0,0,0,0,0
NSpalding,SHall,0,0,0,0,0,0,0,0,0,0,0,0
NSpalding,WNewton,132,28,0,44,123,0,176,151,0,160,167,327
NSpalding,ENewton,8,3,0,2,5,0,10,8,0,11,7,18
NSpalding,NPaulding,0,0,0,1,0,0,1,0,0,0,1,1
NSpalding,WPaulding,0,0,0,0,0,0,0,0,0,0,0,0
NSpalding,EPaulding,1,0,0,2,0,0,3,0,0,1,2,3
NSpalding,NSpalding,9964,2054,0,18976,45786,0,28940,47840,0,12018,64762,76780
NSpalding,SSpalding,4361,892,0,6692,15844,0,11053,16736,0,5253,22536,27789
NSpalding,WWalton,2,0,0,3,3,0,5,3,0,2,6,8
NSpalding,EWalton,1,1,0,2,1,0,3,2,0,2,3,5
SSpalding,NFulton,3,2,0,3,1,0,6,3,0,5,4,9
SSpalding,Roswell,0,0,0,0,1,0,0,1,0,0,1,1
SSpalding,SandySprings,16,1,0,5,4,0,21,5,0,17,9,26
SSpalding,Buckhead,31,5,0,7,17,0,38,22,0,36,24,60
SSpalding,NWAtlanta,26,5,0,4,75,0,30,80,0,31,79,110
SSpalding,NEAtlanta,44,9,0,15,27,0,59,36,0,53,42,95
SSpalding,SWAtlanta,27,5,0,6,31,0,33,36,0,32,37,69
SSpalding,CBDAtlanta,42,12,7,14,53,0,56,65,7,61,67,128
SSpalding,SEAtlanta,64,13,0,11,44,0,75,57,0,77,55,132
SSpalding,SFulton,18,3,0,3,13,0,21,16,0,21,16,37
SSpalding,Tri-Cities,113,22,0,9,35,0,122,57,0,135,44,179
SSpalding,Shannon,91,16,0,27,76,0,118,92,0,107,103,210
SSpalding,WCherokee,0,0,0,0,0,0,0,0,0,0,0,0
SSpalding,NCherokee,0,0,0,0,0,0,0,0,0,0,0,0
SSpalding,ECentCherokee,0,0,0,0,0,0,0,0,0,0,0,0
SSpalding,Woodstock,0,0,0,0,0,0,0,0,0,0,0,0
SSpalding,Airport,88,8,0,10,11,0,98,19,0,96,21,117
SSpalding,NEClayton,309,43,0,34,96,0,343,139,0,352,130,482
SSpalding,Riverdale,117,14,0,38,108,0,155,122,0,131,146,277
SSpalding,SClayton,423,52,0,106,216,0,529,268,0,475,322,797
SSpalding,NWCobb,1,1,0,0,0,0,1,1,0,2,0,2
SSpalding,NECobb,6,0,0,2,1,0,8,1,0,6,3,9
SSpalding,SWCobb,0,0,0,2,0,0,2,0,0,0,2,2
SSpalding,Marietta,11,3,0,0,1,0,11,4,0,14,1,15
SSpalding,Cumberland,42,4,0,8,11,0,50,15,0,46,19,65
SSpalding,SCobb,13,5,0,1,2,0,14,7,0,18,3,21
SSpalding,Chamblee,16,3,0,4,22,0,20,25,0,19,26,45
SSpalding,NWDeKalb,34,3,0,5,18,0,39,21,0,37,23,60
SSpalding,NEDeKalb,25,4,0,4,19,0,29,23,0,29,23,52
SSpalding,Atlanta-DeKalb,7,0,0,3,12,0,10,12,0,7,15,22
SSpalding,Decatur,9,0,0,4,6,0,13,6,0,9,10,19
SSpalding,SWDeKalb,22,2,0,10,14,0,32,16,0,24,24,48
SSpalding,SEDeKalb,16,3,0,6,12,0,22,15,0,19,18,37
SSpalding,SDeKalb,46,6,0,9,22,0,55,28,0,52,31,83
SSpalding,WDouglas,4,0,0,3,14,0,7,14,0,4,17,21
SSpalding,EDouglas,18,1,0,4,19,0,22,20,0,19,23,42
SSpalding,WFayette,420,65,0,128,314,0,548,379,0,485,442,927
SSpalding,EFayette,463,64,0,208,560,0,671,624,0,527,768,1295
SSpalding,NGwinnett,1,0,0,0,0,0,1,0,0,1,0,1
SSpalding,CentGwinnett,7,0,0,2,1,0,9,1,0,7,3,10
SSpalding,EGwinnett,1,0,0,0,0,0,1,0,0,1,0,1
SSpalding,Norcross,10,3,0,0,2,0,10,5,0,13,2,15
SSpalding,Lilburn,7,0,0,1,4,0,8,4,0,7,5,12
SSpalding,Snellville,5,3,0,3,5,0,8,8,0,8,8,16
SSpalding,NHenry,154,19,0,26,135,0,180,154,0,173,161,334
SSpalding,EHenry,140,26,0,29,79,0,169,105,0,166,108,274
SSpalding,SHenry,1231,221,0,397,1266,0,1628,1487,0,1452,1663,3115
SSpalding,SRockdale,27,6,0,3,11,0,30,17,0,33,14,47
SSpalding,NRockdale,35,5,0,2,22,0,37,27,0,40,24,64
SSpalding,NBarrow,0,0,0,0,0,0,0,0,0,0,0,0
SSpalding,SBarrow,1,0,0,0,0,0,1,0,0,1,0,1
SSpalding,NWBartow,0,0,0,0,0,0,0,0,0,0,0,0
SSpalding,NEBartow,0,0,0,0,0,0,0,0,0,0,0,0
SSpalding,SWBartow,0,0,0,0,9,0,0,9,0,0,9,9
SSpalding,Cartersville,0,0,0,0,0,0,0,0,0,0,0,0
SSpalding,NECarroll,1,2,0,0,0,0,1,2,0,3,0,3
SSpalding,WCarroll,2,0,0,0,0,0,2,0,0,2,0,2
SSpalding,CentralCarroll,2,1,0,3,1,0,5,2,0,3,4,7
SSpalding,SECarroll,2,0,0,1,0,0,3,0,0,2,1,3
SSpalding,WCoweta,26,4,0,4,19,0,30,23,0,30,23,53
SSpalding,NCoweta,179,37,0,57,134,0,236,171,0,216,191,407
SSpalding,SCoweta,38,7,0,7,11,0,45,18,0,45,18,63
SSpalding,SECoweta,193,31,0,97,209,0,290,240,0,224,306,530
SSpalding,NForsyth,0,0,0,0,0,0,0,0,0,0,0,0
SSpalding,Cumming,0,0,0,0,0,0,0,0,0,0,0,0
SSpalding,SForsyth,0,0,0,0,0,0,0,0,0,0,0,0
SSpalding,NHall,0,0,0,0,0,0,0,0,0,0,0,0
SSpalding,Gainesville,0,0,0,0,0,0,0,0,0,0,0,0
SSpalding,SHall,0,0,0,0,0,0,0,0,0,0,0,0
SSpalding,WNewton,64,10,0,18,46,0,82,56,0,74,64,138
SSpalding,ENewton,6,0,0,0,10,0,6,10,0,6,10,16
SSpalding,NPaulding,0,0,0,0,0,0,0,0,0,0,0,0
SSpalding,WPaulding,0,0,0,0,0,0,0,0,0,0,0,0
SSpalding,EPaulding,1,0,0,0,0,0,1,0,0,1,0,1
SSpalding,NSpalding,4326,872,0,6696,15951,0,11022,16823,0,5198,22647,27845
SSpalding,SSpalding,7284,1368,0,10445,23488,0,17729,24856,0,8652,33933,42585
SSpalding,WWalton,2,3,0,0,5,0,2,8,0,5,5,10
SSpalding,EWalton,0,1,0,0,21,0,0,22,0,1,21,22
WWalton,NFulton,204,45,0,39,115,0,243,160,0,249,154,403
WWalton,Roswell,68,16,0,12,58,0,80,74,0,84,70,154
WWalton,SandySprings,141,31,0,32,54,0,173,85,0,172,86,258
WWalton,Buckhead,111,23,1,22,122,0,133,145,1,135,144,279
WWalton,NWAtlanta,48,9,0,8,33,0,56,42,0,57,41,98
WWalton,NEAtlanta,109,16,1,43,195,3,152,211,4,126,241,367
WWalton,SWAtlanta,38,5,0,11,51,1,49,56,1,43,63,106
WWalton,CBDAtlanta,89,17,8,35,190,2,124,207,10,114,227,341
WWalton,SEAtlanta,39,12,0,14,44,0,53,56,0,51,58,109
WWalton,SFulton,12,0,0,2,1,0,14,1,0,12,3,15
WWalton,Tri-Cities,61,12,1,12,21,0,73,33,1,74,33,107
WWalton,Shannon,8,1,0,0,10,0,8,11,0,9,10,19
WWalton,WCherokee,0,0,0,1,1,0,1,1,0,0,2,2
WWalton,NCherokee,1,0,0,0,0,0,1,0,0,1,0,1
WWalton,ECentCherokee,4,1,0,2,0,0,6,1,0,5,2,7
WWalton,Woodstock,4,1,0,1,10,0,5,11,0,5,11,16
WWalton,Airport,42,4,1,3,16,0,45,20,1,47,19,66
WWalton,NEClayton,103,17,0,18,28,0,121,45,0,120,46,166
WWalton,Riverdale,12,3,0,6,30,0,18,33,0,15,36,51
WWalton,SClayton,23,5,0,10,12,0,33,17,0,28,22,50
WWalton,NWCobb,8,0,0,8,8,0,16,8,0,8,16,24
WWalton,NECobb,19,0,0,8,9,0,27,9,0,19,17,36
WWalton,SWCobb,1,0,0,1,4,0,2,4,0,1,5,6
WWalton,Marietta,17,5,0,4,15,0,21,20,0,22,19,41
WWalton,Cumberland,60,17,0,13,24,0,73,41,0,77,37,114
WWalton,SCobb,13,0,0,5,23,0,18,23,0,13,28,41
WWalton,Chamblee,232,39,1,50,118,0,282,157,1,272,168,440
WWalton,NWDeKalb,235,43,1,100,326,2,335,369,3,279,428,707
WWalton,NEDeKalb,538,95,0,202,533,0,740,628,0,633,735,1368
WWalton,Atlanta-DeKalb,26,2,0,8,35,0,34,37,0,28,43,71
WWalton,Decatur,27,3,1,16,57,0,43,60,1,31,73,104
WWalton,SWDeKalb,96,12,0,32,122,0,128,134,0,108,154,262
WWalton,SEDeKalb,338,59,0,165,751,0,503,810,0,397,916,1313
WWalton,SDeKalb,187,47,0,106,299,0,293,346,0,234,405,639
WWalton,WDouglas,2,1,0,0,0,0,2,1,0,3,0,3
WWalton,EDouglas,5,2,0,1,0,0,6,2,0,7,1,8
WWalton,WFayette,3,0,0,0,1,0,3,1,0,3,1,4
WWalton,EFayette,6,0,0,3,21,0,9,21,0,6,24,30
WWalton,NGwinnett,646,119,0,237,666,0,883,785,0,765,903,1668
WWalton,CentGwinnett,1540,308,1,763,2419,0,2303,2727,1,1849,3182,5031
WWalton,EGwinnett,966,206,0,1316,4617,0,2282,4823,0,1172,5933,7105
WWalton,Norcross,547,101,0,84,235,1,631,336,1,648,320,968
WWalton,Lilburn,358,55,0,173,677,0,531,732,0,413,850,1263
WWalton,Snellville,1702,336,0,2590,8316,0,4292,8652,0,2038,10906,12944
WWalton,NHenry,64,16,0,13,22,0,77,38,0,80,35,115
WWalton,EHenry,53,8,0,11,83,0,64,91,0,61,94,155
WWalton,SHenry,96,14,0,22,73,0,118,87,0,110,95,205
WWalton,SRockdale,150,26,0,61,205,0,211,231,0,176,266,442
WWalton,NRockdale,987,177,0,607,2051,0,1594,2228,0,1164,2658,3822
WWalton,NBarrow,274,65,0,148,423,0,422,488,0,339,571,910
WWalton,SBarrow,302,58,0,187,710,0,489,768,0,360,897,1257
WWalton,NWBartow,0,0,0,0,0,0,0,0,0,0,0,0
WWalton,NEBartow,0,0,0,0,0,0,0,0,0,0,0,0
WWalton,SWBartow,0,0,0,0,0,0,0,0,0,0,0,0
WWalton,Cartersville,0,0,0,0,0,0,0,0,0,0,0,0
WWalton,NECarroll,0,0,0,0,0,0,0,0,0,0,0,0
WWalton,WCarroll,0,0,0,0,0,0,0,0,0,0,0,0
WWalton,CentralCarroll,0,0,0,0,0,0,0,0,0,0,0,0
WWalton,SECarroll,0,0,0,0,0,0,0,0,0,0,0,0
WWalton,WCoweta,0,0,0,0,0,0,0,0,0,0,0,0
WWalton,NCoweta,2,0,0,0,4,0,2,4,0,2,4,6
WWalton,SCoweta,0,0,0,0,0,0,0,0,0,0,0,0
WWalton,SECoweta,1,0,0,0,0,0,1,0,0,1,0,1
WWalton,NForsyth,2,0,0,1,1,0,3,1,0,2,2,4
WWalton,Cumming,51,11,0,11,19,0,62,30,0,62,30,92
WWalton,SForsyth,84,20,0,18,14,0,102,34,0,104,32,136
WWalton,NHall,3,1,0,3,5,0,6,6,0,4,8,12
WWalton,Gainesville,70,13,0,17,46,0,87,59,0,83,63,146
WWalton,SHall,75,15,0,40,31,0,115,46,0,90,71,161
WWalton,WNewton,1053,232,0,745,2456,0,1798,2688,0,1285,3201,4486
WWalton,ENewton,88,14,0,77,113,0,165,127,0,102,190,292
WWalton,NPaulding,0,0,0,0,0,0,0,0,0,0,0,0
WWalton,WPaulding,0,0,0,0,0,0,0,0,0,0,0,0
WWalton,EPaulding,0,0,0,0,1,0,0,1,0,0,1,1
WWalton,NSpalding,1,1,0,3,16,0,4,17,0,2,19,21
WWalton,SSpalding,1,3,0,0,0,0,1,3,0,4,0,4
WWalton,WWalton,4612,971,0,12025,34719,0,16637,35690,0,5583,46744,52327
WWalton,EWalton,1412,301,0,1600,5240,0,3012,5541,0,1713,6840,8553
EWalton,NFulton,110,26,0,23,37,0,133,63,0,136,60,196
EWalton,Roswell,42,4,0,11,14,0,53,18,0,46,25,71
EWalton,SandySprings,61,10,0,18,43,0,79,53,0,71,61,132
EWalton,Buckhead,36,10,0,18,46,0,54,56,0,46,64,110
EWalton,NWAtlanta,19,1,0,4,21,0,23,22,0,20,25,45
EWalton,NEAtlanta,42,9,0,20,109,0,62,118,0,51,129,180
EWalton,SWAtlanta,15,5,0,5,27,0,20,32,0,20,32,52
EWalton,CBDAtlanta,30,6,2,23,99,0,53,105,2,38,122,160
EWalton,SEAtlanta,23,3,0,3,12,0,26,15,0,26,15,41
EWalton,SFulton,2,0,0,1,1,0,3,1,0,2,2,4
EWalton,Tri-Cities,18,2,0,5,24,0,23,26,0,20,29,49
EWalton,Shannon,5,0,0,1,5,0,6,5,0,5,6,11
EWalton,WCherokee,0,0,0,0,0,0,0,0,0,0,0,0
EWalton,NCherokee,1,0,0,0,0,0,1,0,0,1,0,1
EWalton,ECentCherokee,3,0,0,0,1,0,3,1,0,3,1,4
EWalton,Woodstock,1,0,0,0,9,0,1,9,0,1,9,10
EWalton,Airport,12,1,0,3,1,0,15,2,0,13,4,17
EWalton,NEClayton,45,9,0,13,8,0,58,17,0,54,21,75
EWalton,Riverdale,1,3,0,5,8,0,6,11,0,4,13,17
EWalton,SClayton,23,3,0,4,5,0,27,8,0,26,9,35
EWalton,NWCobb,2,0,0,2,2,0,4,2,0,2,4,6
EWalton,NECobb,15,1,0,5,58,0,20,59,0,16,63,79
EWalton,SWCobb,1,0,0,1,2,0,2,2,0,1,3,4
EWalton,Marietta,6,3,0,3,4,0,9,7,0,9,7,16
EWalton,Cumberland,24,5,0,9,19,0,33,24,0,29,28,57
EWalton,SCobb,7,0,0,4,4,0,11,4,0,7,8,15
EWalton,Chamblee,87,25,0,28,171,0,115,196,0,112,199,311
EWalton,NWDeKalb,108,24,0,49,132,0,157,156,0,132,181,313
EWalton,NEDeKalb,223,49,0,58,139,0,281,188,0,272,197,469
EWalton,Atlanta-DeKalb,7,4,0,4,17,0,11,21,0,11,21,32
EWalton,Decatur,8,5,0,8,14,0,16,19,0,13,22,35
EWalton,SWDeKalb,53,4,1,23,36,0,76,40,1,58,59,117
EWalton,SEDeKalb,144,31,0,23,178,0,167,209,0,175,201,376
EWalton,SDeKalb,119,22,0,33,94,0,152,116,0,141,127,268
EWalton,WDouglas,3,0,0,0,0,0,3,0,0,3,0,3
EWalton,EDouglas,2,0,0,0,0,0,2,0,0,2,0,2
EWalton,WFayette,1,0,0,1,1,0,2,1,0,1,2,3
EWalton,EFayette,0,0,0,4,6,0,4,6,0,0,10,10
EWalton,NGwinnett,565,110,0,162,481,0,727,591,0,675,643,1318
EWalton,CentGwinnett,818,153,0,284,704,0,1102,857,0,971,988,1959
EWalton,EGwinnett,667,141,0,387,1039,0,1054,1180,0,808,1426,2234
EWalton,Norcross,276,48,0,40,108,0,316,156,0,324,148,472
EWalton,Lilburn,159,26,0,36,99,0,195,125,0,185,135,320
EWalton,Snellville,597,115,0,241,912,0,838,1027,0,712,1153,1865
EWalton,NHenry,38,8,0,15,41,0,53,49,0,46,56,102
EWalton,EHenry,63,14,0,16,18,0,79,32,0,77,34,111
EWalton,SHenry,74,10,0,13,18,0,87,28,0,84,31,115
EWalton,SRockdale,117,17,0,29,75,0,146,92,0,134,104,238
EWalton,NRockdale,559,100,0,123,393,0,682,493,0,659,516,1175
EWalton,NBarrow,567,104,0,342,1035,0,909,1139,0,671,1377,2048
EWalton,SBarrow,760,170,0,547,1983,0,1307,2153,0,930,2530,3460
EWalton,NWBartow,0,0,0,0,0,0,0,0,0,0,0,0
EWalton,NEBartow,0,0,0,0,0,0,0,0,0,0,0,0
EWalton,SWBartow,0,0,0,0,1,0,0,1,0,0,1,1
EWalton,Cartersville,0,0,0,0,0,0,0,0,0,0,0,0
EWalton,NECarroll,0,0,0,0,0,0,0,0,0,0,0,0
EWalton,WCarroll,0,0,0,0,0,0,0,0,0,0,0,0
EWalton,CentralCarroll,0,0,0,0,0,0,0,0,0,0,0,0
EWalton,SECarroll,0,0,0,0,0,0,0,0,0,0,0,0
EWalton,WCoweta,0,0,0,0,0,0,0,0,0,0,0,0
EWalton,NCoweta,0,0,0,0,0,0,0,0,0,0,0,0
EWalton,SCoweta,0,0,0,0,0,0,0,0,0,0,0,0
EWalton,SECoweta,0,0,0,0,0,0,0,0,0,0,0,0
EWalton,NForsyth,7,0,0,2,10,0,9,10,0,7,12,19
EWalton,Cumming,36,8,0,14,13,0,50,21,0,44,27,71
EWalton,SForsyth,44,4,0,10,3,0,54,7,0,48,13,61
EWalton,NHall,9,1,0,6,23,0,15,24,0,10,29,39
EWalton,Gainesville,97,17,0,16,100,0,113,117,0,114,116,230
EWalton,SHall,114,30,0,48,93,0,162,123,0,144,141,285
EWalton,WNewton,1070,198,0,459,1233,0,1529,1431,0,1268,1692,2960
EWalton,ENewton,255,58,0,293,717,0,548,775,0,313,1010,1323
EWalton,NPaulding,0,0,0,0,0,0,0,0,0,0,0,0
EWalton,WPaulding,0,0,0,0,0,0,0,0,0,0,0,0
EWalton,EPaulding,0,0,0,0,0,0,0,0,0,0,0,0
EWalton,NSpalding,2,0,0,1,2,0,3,2,0,2,3,5
EWalton,SSpalding,1,2,0,1,25,0,2,27,0,3,26,29
EWalton,WWalton,1357,320,0,1614,5246,0,2971,5566,0,1677,6860,8537
EWalton,EWalton,12412,2377,0,21554,53469,0,33966,55846,0,14789,75023,89812
