FROM,TO,Work trips SOV,Work trips HOV,Work trips Transit,Non-work SOV,Non-work HOV,Non-work Transit,All SOV,All HOV,All Transit,Work trips All,Non-work All,All Trips
NFulton,NFulton,77027,14688,605,114236,201165,1143,191263,215853,1748,92320,316544,408864
NFulton,Roswell,17399,3293,155,20264,45134,318,37663,48427,473,20847,65716,86563
NFulton,SandySprings,7104,1225,300,2611,5848,183,9715,7073,483,8629,8642,17271
NFulton,Buckhead,2516,395,342,344,1017,57,2860,1412,399,3253,1418,4671
NFulton,NWAtlanta,431,94,55,56,106,5,487,200,60,580,167,747
NFulton,NEAtlanta,1382,237,274,192,656,93,1574,893,367,1893,941,2834
NFulton,SWAtlanta,335,58,69,62,136,12,397,194,81,462,210,672
NFulton,CBDAtlanta,785,150,506,112,434,110,897,584,616,1441,656,2097
NFulton,SEAtlanta,293,69,38,59,116,12,352,185,50,400,187,587
NFulton,SFulton,76,15,3,21,21,1,97,36,4,94,43,137
NFulton,Tri-Cities,247,60,27,27,90,3,274,150,30,334,120,454
NFulton,Shannon,110,20,6,20,48,1,130,68,7,136,69,205
NFulton,WCherokee,381,63,0,102,290,0,483,353,0,444,392,836
NFulton,NCherokee,324,46,0,71,256,0,395,302,0,370,327,697
NFulton,ECentCherokee,5287,985,1,2934,7689,10,8221,8674,11,6273,10633,16906
NFulton,Woodstock,3244,615,4,1755,4574,5,4999,5189,9,3863,6334,10197
NFulton,Airport,80,18,31,10,24,1,90,42,32,129,35,164
NFulton,NEClayton,137,40,8,49,42,0,186,82,8,185,91,276
NFulton,Riverdale,74,26,2,11,23,1,85,49,3,102,35,137
NFulton,SClayton,88,21,0,19,7,1,107,28,1,109,27,136
NFulton,NWCobb,1665,299,5,467,914,30,2132,1213,35,1969,1411,3380
NFulton,NECobb,5354,996,7,3064,9195,8,8418,10191,15,6357,12267,18624
NFulton,SWCobb,268,44,1,54,128,0,322,172,1,313,182,495
NFulton,Marietta,909,166,2,253,610,16,1162,776,18,1077,879,1956
NFulton,Cumberland,1826,377,25,366,649,6,2192,1026,31,2228,1021,3249
NFulton,SCobb,424,78,9,87,290,1,511,368,10,511,378,889
NFulton,Chamblee,4450,824,174,1495,4015,88,5945,4839,262,5448,5598,11046
NFulton,NWDeKalb,1136,221,39,191,633,19,1327,854,58,1396,843,2239
NFulton,NEDeKalb,1451,255,37,412,914,16,1863,1169,53,1743,1342,3085
NFulton,Atlanta-DeKalb,143,17,18,19,61,7,162,78,25,178,87,265
NFulton,Decatur,160,20,19,35,72,5,195,92,24,199,112,311
NFulton,SWDeKalb,266,56,32,56,104,1,322,160,33,354,161,515
NFulton,SEDeKalb,353,60,14,44,153,3,397,213,17,427,200,627
NFulton,SDeKalb,241,54,10,40,82,2,281,136,12,305,124,429
NFulton,WDouglas,51,7,1,13,53,1,64,60,2,59,67,126
NFulton,EDouglas,132,30,3,26,42,0,158,72,3,165,68,233
NFulton,WFayette,17,8,1,10,23,0,27,31,1,26,33,59
NFulton,EFayette,29,10,1,6,22,0,35,32,1,40,28,68
NFulton,NGwinnett,4839,955,3,2132,5858,17,6971,6813,20,5797,8007,13804
NFulton,CentGwinnett,8706,1748,22,7688,18253,42,16394,20001,64,10476,25983,36459
NFulton,EGwinnett,830,137,0,175,365,3,1005,502,3,967,543,1510
NFulton,Norcross,6993,1364,22,3998,10453,31,10991,11817,53,8379,14482,22861
NFulton,Lilburn,843,145,4,340,809,3,1183,954,7,992,1152,2144
NFulton,Snellville,876,151,2,203,416,4,1079,567,6,1029,623,1652
NFulton,NHenry,79,17,0,22,35,0,101,52,0,96,57,153
NFulton,EHenry,42,9,0,11,24,0,53,33,0,51,35,86
NFulton,SHenry,45,5,0,16,15,0,61,20,0,50,31,81
NFulton,SRockdale,65,4,0,12,28,0,77,32,0,69,40,109
NFulton,NRockdale,106,17,1,26,19,2,132,36,3,124,47,171
NFulton,NBarrow,243,47,0,44,67,1,287,114,1,290,112,402
NFulton,SBarrow,179,25,0,32,45,0,211,70,0,204,77,281
NFulton,NWBartow,41,6,0,9,32,0,50,38,0,47,41,88
NFulton,NEBartow,68,16,0,30,56,0,98,72,0,84,86,170
NFulton,SWBartow,60,13,0,24,53,0,84,66,0,73,77,150
NFulton,Cartersville,237,44,0,61,109,0,298,153,0,281,170,451
NFulton,NECarroll,9,2,0,6,8,0,15,10,0,11,14,25
NFulton,WCarroll,0,0,0,0,0,0,0,0,0,0,0,0
NFulton,CentralCarroll,7,0,0,3,1,0,10,1,0,7,4,11
NFulton,SECarroll,1,0,0,0,0,0,1,0,0,1,0,1
NFulton,WCoweta,4,1,1,0,0,0,4,1,1,6,0,6
NFulton,NCoweta,15,1,0,2,22,0,17,23,0,16,24,40
NFulton,SCoweta,1,0,0,0,0,0,1,0,0,1,0,1
NFulton,SECoweta,1,1,0,0,1,0,1,2,0,2,1,3
NFulton,NForsyth,2039,333,0,424,1261,0,2463,1594,0,2372,1685,4057
NFulton,Cumming,8619,1522,12,3785,11469,19,12404,12991,31,10153,15273,25426
NFulton,SForsyth,13061,2595,42,13750,29335,73,26811,31930,115,15698,43158,58856
NFulton,NHall,242,50,0,45,125,0,287,175,0,292,170,462
NFulton,Gainesville,621,131,0,95,238,0,716,369,0,752,333,1085
NFulton,SHall,760,128,1,152,286,0,912,414,1,889,438,1327
NFulton,WNewton,99,20,1,9,51,1,108,71,2,120,61,181
NFulton,ENewton,4,1,0,2,3,0,6,4,0,5,5,10
NFulton,NPaulding,133,25,0,22,62,0,155,87,0,158,84,242
NFulton,WPaulding,19,5,0,4,6,0,23,11,0,24,10,34
NFulton,EPaulding,232,34,0,44,56,1,276,90,1,266,101,367
NFulton,NSpalding,7,2,0,1,2,0,8,4,0,9,3,12
NFulton,SSpalding,0,0,0,2,0,0,2,0,0,0,2,2
NFulton,WWalton,199,40,0,43,69,1,242,109,1,239,113,352
NFulton,EWalton,99,15,0,23,32,0,122,47,0,114,55,169
Roswell,NFulton,17591,3320,136,20213,45345,313,37804,48665,449,21047,65871,86918
Roswell,Roswell,27095,4932,195,51732,104697,348,78827,109629,543,32222,156777,188999
Roswell,SandySprings,7210,1251,202,6000,13456,211,13210,14707,413,8663,19667,28330
Roswell,Buckhead,2294,373,278,447,1356,78,2741,1729,356,2945,1881,4826
Roswell,NWAtlanta,348,65,28,53,79,7,401,144,35,441,139,580
Roswell,NEAtlanta,1201,188,272,204,577,155,1405,765,427,1661,936,2597
Roswell,SWAtlanta,223,30,26,43,102,9,266,132,35,279,154,433
Roswell,CBDAtlanta,731,148,661,112,335,110,843,483,771,1540,557,2097
Roswell,SEAtlanta,196,56,26,38,121,11,234,177,37,278,170,448
Roswell,SFulton,75,19,1,15,37,0,90,56,1,95,52,147
Roswell,Tri-Cities,227,55,21,24,43,3,251,98,24,303,70,373
Roswell,Shannon,49,17,2,17,21,0,66,38,2,68,38,106
Roswell,WCherokee,164,23,0,44,149,0,208,172,0,187,193,380
Roswell,NCherokee,83,14,0,37,83,0,120,97,0,97,120,217
Roswell,ECentCherokee,1846,331,3,881,2638,2,2727,2969,5,2180,3521,5701
Roswell,Woodstock,2331,400,2,1304,3503,2,3635,3903,4,2733,4809,7542
Roswell,Airport,69,18,36,6,3,0,75,21,36,123,9,132
Roswell,NEClayton,129,33,3,22,89,1,151,122,4,165,112,277
Roswell,Riverdale,60,11,4,5,37,0,65,48,4,75,42,117
Roswell,SClayton,45,22,0,14,36,0,59,58,0,67,50,117
Roswell,NWCobb,1358,274,0,461,1054,27,1819,1328,27,1632,1542,3174
Roswell,NECobb,6009,1121,23,6288,16848,15,12297,17969,38,7153,23151,30304
Roswell,SWCobb,207,41,0,46,93,0,253,134,0,248,139,387
Roswell,Marietta,838,132,2,399,735,32,1237,867,34,972,1166,2138
Roswell,Cumberland,1764,274,16,513,1201,8,2277,1475,24,2054,1722,3776
Roswell,SCobb,299,49,4,81,169,1,380,218,5,352,251,603
Roswell,Chamblee,3787,684,109,2241,5879,98,6028,6563,207,4580,8218,12798
Roswell,NWDeKalb,893,159,38,214,616,25,1107,775,63,1090,855,1945
Roswell,NEDeKalb,1025,199,9,414,1106,14,1439,1305,23,1233,1534,2767
Roswell,Atlanta-DeKalb,76,14,8,14,23,5,90,37,13,98,42,140
Roswell,Decatur,99,16,11,27,52,5,126,68,16,126,84,210
Roswell,SWDeKalb,177,36,18,36,115,1,213,151,19,231,152,383
Roswell,SEDeKalb,194,34,5,49,99,1,243,133,6,233,149,382
Roswell,SDeKalb,152,30,4,39,79,0,191,109,4,186,118,304
Roswell,WDouglas,37,9,1,16,36,0,53,45,1,47,52,99
Roswell,EDouglas,91,16,2,27,59,0,118,75,2,109,86,195
Roswell,WFayette,19,2,0,5,1,0,24,3,0,21,6,27
Roswell,EFayette,22,7,1,3,16,0,25,23,1,30,19,49
Roswell,NGwinnett,996,169,0,272,687,1,1268,856,1,1165,960,2125
Roswell,CentGwinnett,2358,421,4,1101,2929,1,3459,3350,5,2783,4031,6814
Roswell,EGwinnett,240,38,1,55,143,1,295,181,2,279,199,478
Roswell,Norcross,4871,915,21,3796,9210,8,8667,10125,29,5807,13014,18821
Roswell,Lilburn,430,83,0,184,561,0,614,644,0,513,745,1258
Roswell,Snellville,314,56,2,75,183,0,389,239,2,372,258,630
Roswell,NHenry,62,10,0,9,40,0,71,50,0,72,49,121
Roswell,EHenry,23,4,0,6,2,0,29,6,0,27,8,35
Roswell,SHenry,36,8,0,14,8,0,50,16,0,44,22,66
Roswell,SRockdale,30,5,0,6,13,0,36,18,0,35,19,54
Roswell,NRockdale,51,8,0,20,19,0,71,27,0,59,39,98
Roswell,NBarrow,63,12,0,18,20,0,81,32,0,75,38,113
Roswell,SBarrow,45,13,0,16,35,0,61,48,0,58,51,109
Roswell,NWBartow,32,3,0,11,20,0,43,23,0,35,31,66
Roswell,NEBartow,42,4,0,15,15,0,57,19,0,46,30,76
Roswell,SWBartow,39,9,0,21,38,0,60,47,0,48,59,107
Roswell,Cartersville,165,28,0,41,116,0,206,144,0,193,157,350
Roswell,NECarroll,11,1,0,5,3,0,16,4,0,12,8,20
Roswell,WCarroll,0,0,0,0,0,0,0,0,0,0,0,0
Roswell,CentralCarroll,2,2,0,2,0,0,4,2,0,4,2,6
Roswell,SECarroll,1,0,0,1,0,0,2,0,0,1,1,2
Roswell,WCoweta,3,0,0,1,0,0,4,0,0,3,1,4
Roswell,NCoweta,5,3,0,5,17,0,10,20,0,8,22,30
Roswell,SCoweta,0,0,0,1,0,0,1,0,0,0,1,1
Roswell,SECoweta,2,0,0,0,0,0,2,0,0,2,0,2
Roswell,NForsyth,502,85,0,120,320,0,622,405,0,587,440,1027
Roswell,Cumming,1856,291,0,549,1567,2,2405,1858,2,2147,2118,4265
Roswell,SForsyth,1925,385,3,1042,2840,3,2967,3225,6,2313,3885,6198
Roswell,NHall,56,5,0,23,12,0,79,17,0,61,35,96
Roswell,Gainesville,133,26,0,39,68,0,172,94,0,159,107,266
Roswell,SHall,178,19,0,35,37,0,213,56,0,197,72,269
Roswell,WNewton,36,6,0,9,47,0,45,53,0,42,56,98
Roswell,ENewton,1,0,0,0,9,0,1,9,0,1,9,10
Roswell,NPaulding,74,20,0,21,16,0,95,36,0,94,37,131
Roswell,WPaulding,15,5,0,5,43,0,20,48,0,20,48,68
Roswell,EPaulding,186,29,0,49,69,0,235,98,0,215,118,333
Roswell,NSpalding,4,2,0,2,5,0,6,7,0,6,7,13
Roswell,SSpalding,4,0,0,0,0,0,4,0,0,4,0,4
Roswell,WWalton,58,12,0,10,34,0,68,46,0,70,44,114
Roswell,EWalton,41,4,0,7,25,0,48,29,0,45,32,77
SandySprings,NFulton,7243,1246,295,2617,6122,201,9860,7368,496,8784,8940,17724
SandySprings,Roswell,7586,1313,196,6023,13435,245,13609,14748,441,9095,19703,28798
SandySprings,SandySprings,44375,7254,1259,72974,83822,1428,117349,91076,2687,52888,158224,211112
SandySprings,Buckhead,10360,1570,1036,7404,11318,500,17764,12888,1536,12966,19222,32188
SandySprings,NWAtlanta,1671,314,293,438,743,63,2109,1057,356,2278,1244,3522
SandySprings,NEAtlanta,4667,712,1233,1322,1988,394,5989,2700,1627,6612,3704,10316
SandySprings,SWAtlanta,1371,242,414,197,454,96,1568,696,510,2027,747,2774
SandySprings,CBDAtlanta,2564,469,1990,497,928,368,3061,1397,2358,5023,1793,6816
SandySprings,SEAtlanta,954,249,360,178,227,77,1132,476,437,1563,482,2045
SandySprings,SFulton,424,88,30,57,120,4,481,208,34,542,181,723
SandySprings,Tri-Cities,826,188,263,49,155,22,875,343,285,1277,226,1503
SandySprings,Shannon,459,114,94,47,110,15,506,224,109,667,172,839
SandySprings,WCherokee,112,24,0,26,96,0,138,120,0,136,122,258
SandySprings,NCherokee,39,10,0,10,58,0,49,68,0,49,68,117
SandySprings,ECentCherokee,1073,194,2,253,724,6,1326,918,8,1269,983,2252
SandySprings,Woodstock,1500,240,19,383,796,10,1883,1036,29,1759,1189,2948
SandySprings,Airport,264,73,146,12,47,4,276,120,150,483,63,546
SandySprings,NEClayton,517,150,73,57,128,12,574,278,85,740,197,937
SandySprings,Riverdale,395,118,97,42,91,7,437,209,104,610,140,750
SandySprings,SClayton,287,100,24,40,155,7,327,255,31,411,202,613
SandySprings,NWCobb,2107,353,21,406,858,21,2513,1211,42,2481,1285,3766
SandySprings,NECobb,7685,1286,63,5352,11784,43,13037,13070,106,9034,17179,26213
SandySprings,SWCobb,799,131,7,153,361,6,952,492,13,937,520,1457
SandySprings,Marietta,1606,316,11,708,1257,31,2314,1573,42,1933,1996,3929
SandySprings,Cumberland,7650,1253,143,5625,8188,89,13275,9441,232,9046,13902,22948
SandySprings,SCobb,1894,344,58,538,1179,25,2432,1523,83,2296,1742,4038
SandySprings,Chamblee,18580,3215,666,24284,33312,517,42864,36527,1183,22461,58113,80574
SandySprings,NWDeKalb,3067,462,255,1048,1618,88,4115,2080,343,3784,2754,6538
SandySprings,NEDeKalb,3801,678,184,1398,2419,57,5199,3097,241,4663,3874,8537
SandySprings,Atlanta-DeKalb,504,83,142,88,189,17,592,272,159,729,294,1023
SandySprings,Decatur,464,64,108,84,136,28,548,200,136,636,248,884
SandySprings,SWDeKalb,1050,227,226,145,254,40,1195,481,266,1503,439,1942
SandySprings,SEDeKalb,1226,238,175,151,348,45,1377,586,220,1639,544,2183
SandySprings,SDeKalb,927,159,92,96,193,14,1023,352,106,1178,303,1481
SandySprings,WDouglas,294,57,12,59,80,1,353,137,13,363,140,503
SandySprings,EDouglas,485,98,28,81,155,12,566,253,40,611,248,859
SandySprings,WFayette,100,16,5,27,40,1,127,56,6,121,68,189
SandySprings,EFayette,133,28,14,28,36,4,161,64,18,175,68,243
SandySprings,NGwinnett,1459,261,21,253,447,16,1712,708,37,1741,716,2457
SandySprings,CentGwinnett,3099,535,72,666,1232,46,3765,1767,118,3706,1944,5650
SandySprings,EGwinnett,546,86,2,87,143,1,633,229,3,634,231,865
SandySprings,Norcross,5233,963,114,3509,6789,111,8742,7752,225,6310,10409,16719
SandySprings,Lilburn,1004,171,22,303,571,13,1307,742,35,1197,887,2084
SandySprings,Snellville,742,111,15,145,222,20,887,333,35,868,387,1255
SandySprings,NHenry,286,64,21,39,55,5,325,119,26,371,99,470
SandySprings,EHenry,159,28,4,26,55,2,185,83,6,191,83,274
SandySprings,SHenry,166,57,9,34,48,1,200,105,10,232,83,315
SandySprings,SRockdale,191,37,6,22,51,3,213,88,9,234,76,310
SandySprings,NRockdale,233,38,10,40,66,4,273,104,14,281,110,391
SandySprings,NBarrow,122,16,1,15,47,0,137,63,1,139,62,201
SandySprings,SBarrow,106,20,0,29,60,0,135,80,0,126,89,215
SandySprings,NWBartow,36,7,0,9,19,0,45,26,0,43,28,71
SandySprings,NEBartow,55,9,0,14,66,0,69,75,0,64,80,144
SandySprings,SWBartow,72,13,0,30,44,0,102,57,0,85,74,159
SandySprings,Cartersville,200,40,1,58,81,0,258,121,1,241,139,380
SandySprings,NECarroll,62,12,0,17,29,0,79,41,0,74,46,120
SandySprings,WCarroll,5,0,0,0,0,0,5,0,0,5,0,5
SandySprings,CentralCarroll,25,9,0,4,15,0,29,24,0,34,19,53
SandySprings,SECarroll,2,2,0,3,0,0,5,2,0,4,3,7
SandySprings,WCoweta,14,1,0,7,6,0,21,7,0,15,13,28
SandySprings,NCoweta,116,19,9,29,31,4,145,50,13,144,64,208
SandySprings,SCoweta,6,0,0,3,4,0,9,4,0,6,7,13
SandySprings,SECoweta,11,1,0,3,7,0,14,8,0,12,10,22
SandySprings,NForsyth,374,70,2,94,243,1,468,313,3,446,338,784
SandySprings,Cumming,1332,223,17,323,630,24,1655,853,41,1572,977,2549
SandySprings,SForsyth,1121,200,17,298,667,25,1419,867,42,1338,990,2328
SandySprings,NHall,38,3,0,13,27,0,51,30,0,41,40,81
SandySprings,Gainesville,122,22,0,33,58,0,155,80,0,144,91,235
SandySprings,SHall,263,31,1,50,98,1,313,129,2,295,149,444
SandySprings,WNewton,229,36,10,35,44,1,264,80,11,275,80,355
SandySprings,ENewton,20,1,0,6,3,0,26,4,0,21,9,30
SandySprings,NPaulding,217,43,1,36,59,1,253,102,2,261,96,357
SandySprings,WPaulding,75,11,0,11,58,0,86,69,0,86,69,155
SandySprings,EPaulding,572,92,6,103,132,1,675,224,7,670,236,906
SandySprings,NSpalding,25,2,1,7,9,0,32,11,1,28,16,44
SandySprings,SSpalding,12,3,0,0,10,9,12,13,9,15,19,34
SandySprings,WWalton,146,24,1,30,75,0,176,99,1,171,105,276
SandySprings,EWalton,65,7,0,17,37,0,82,44,0,72,54,126
Buckhead,NFulton,2456,394,324,361,999,95,2817,1393,419,3174,1455,4629
Buckhead,Roswell,2138,348,273,418,1251,81,2556,1599,354,2759,1750,4509
Buckhead,SandySprings,10417,1609,984,7451,11576,527,17868,13185,1511,13010,19554,32564
Buckhead,Buckhead,38457,5152,1963,65165,57678,2063,103622,62830,4026,45572,124906,170478
Buckhead,NWAtlanta,4281,804,441,5407,6579,391,9688,7383,832,5526,12377,17903
Buckhead,NEAtlanta,12292,1773,1408,14655,13339,1081,26947,15112,2489,15473,29075,44548
Buckhead,SWAtlanta,2476,479,835,996,1600,419,3472,2079,1254,3790,3015,6805
Buckhead,CBDAtlanta,5496,957,2356,2902,3736,963,8398,4693,3319,8809,7601,16410
Buckhead,SEAtlanta,1995,483,610,714,1550,406,2709,2033,1016,3088,2670,5758
Buckhead,SFulton,652,112,72,182,363,7,834,475,79,836,552,1388
Buckhead,Tri-Cities,1643,411,524,252,461,116,1895,872,640,2578,829,3407
Buckhead,Shannon,928,212,223,118,343,24,1046,555,247,1363,485,1848
Buckhead,WCherokee,74,8,0,21,41,0,95,49,0,82,62,144
Buckhead,NCherokee,24,9,0,11,35,0,35,44,0,33,46,79
Buckhead,ECentCherokee,482,72,8,108,333,0,590,405,8,562,441,1003
Buckhead,Woodstock,809,146,19,124,382,1,933,528,20,974,507,1481
Buckhead,Airport,580,126,375,50,44,19,630,170,394,1081,113,1194
Buckhead,NEClayton,1046,252,90,159,501,17,1205,753,107,1388,677,2065
Buckhead,Riverdale,723,219,124,101,246,21,824,465,145,1066,368,1434
Buckhead,SClayton,574,174,61,79,288,7,653,462,68,809,374,1183
Buckhead,NWCobb,1828,343,42,333,812,25,2161,1155,67,2213,1170,3383
Buckhead,NECobb,2728,447,83,1005,2436,14,3733,2883,97,3258,3455,6713
Buckhead,SWCobb,766,125,31,197,503,7,963,628,38,922,707,1629
Buckhead,Marietta,1477,291,48,577,1084,52,2054,1375,100,1816,1713,3529
Buckhead,Cumberland,8366,1286,266,7382,9012,200,15748,10298,466,9918,16594,26512
Buckhead,SCobb,2538,448,149,1118,2640,41,3656,3088,190,3135,3799,6934
Buckhead,Chamblee,11559,1838,1083,10663,18303,917,22222,20141,2000,14480,29883,44363
Buckhead,NWDeKalb,6060,944,281,5962,8376,257,12022,9320,538,7285,14595,21880
Buckhead,NEDeKalb,4095,743,359,1580,3311,184,5675,4054,543,5197,5075,10272
Buckhead,Atlanta-DeKalb,1011,179,170,581,884,95,1592,1063,265,1360,1560,2920
Buckhead,Decatur,834,138,161,374,576,82,1208,714,243,1133,1032,2165
Buckhead,SWDeKalb,1805,327,433,492,1171,132,2297,1498,565,2565,1795,4360
Buckhead,SEDeKalb,1774,299,327,243,713,102,2017,1012,429,2400,1058,3458
Buckhead,SDeKalb,1471,347,149,282,729,27,1753,1076,176,1967,1038,3005
Buckhead,WDouglas,492,77,16,71,218,2,563,295,18,585,291,876
Buckhead,EDouglas,776,128,49,182,535,14,958,663,63,953,731,1684
Buckhead,WFayette,166,34,12,39,109,3,205,143,15,212,151,363
Buckhead,EFayette,273,60,24,39,86,2,312,146,26,357,127,484
Buckhead,NGwinnett,976,169,20,156,462,6,1132,631,26,1165,624,1789
Buckhead,CentGwinnett,2291,377,84,328,781,34,2619,1158,118,2752,1143,3895
Buckhead,EGwinnett,456,75,6,76,217,3,532,292,9,537,296,833
Buckhead,Norcross,3224,597,214,856,2010,94,4080,2607,308,4035,2960,6995
Buckhead,Lilburn,929,170,49,180,622,13,1109,792,62,1148,815,1963
Buckhead,Snellville,718,130,23,148,483,10,866,613,33,871,641,1512
Buckhead,NHenry,538,120,37,85,230,4,623,350,41,695,319,1014
Buckhead,EHenry,172,55,10,39,125,1,211,180,11,237,165,402
Buckhead,SHenry,371,99,19,76,191,4,447,290,23,489,271,760
Buckhead,SRockdale,249,44,17,33,48,3,282,92,20,310,84,394
Buckhead,NRockdale,253,51,10,43,106,1,296,157,11,314,150,464
Buckhead,NBarrow,90,13,0,9,104,1,99,117,1,103,114,217
Buckhead,SBarrow,77,10,0,32,93,0,109,103,0,87,125,212
Buckhead,NWBartow,20,8,0,12,46,0,32,54,0,28,58,86
Buckhead,NEBartow,30,10,0,12,31,0,42,41,0,40,43,83
Buckhead,SWBartow,57,10,1,35,85,0,92,95,1,68,120,188
Buckhead,Cartersville,208,32,4,53,149,0,261,181,4,244,202,446
Buckhead,NECarroll,87,11,1,23,57,1,110,68,2,99,81,180
Buckhead,WCarroll,9,2,0,1,10,0,10,12,0,11,11,22
Buckhead,CentralCarroll,60,10,0,21,47,0,81,57,0,70,68,138
Buckhead,SECarroll,12,0,0,3,13,0,15,13,0,12,16,28
Buckhead,WCoweta,29,2,2,11,17,0,40,19,2,33,28,61
Buckhead,NCoweta,259,59,21,61,122,5,320,181,26,339,188,527
Buckhead,SCoweta,13,1,0,5,4,0,18,5,0,14,9,23
Buckhead,SECoweta,30,7,0,4,22,0,34,29,0,37,26,63
Buckhead,NForsyth,127,25,1,42,183,0,169,208,1,153,225,378
Buckhead,Cumming,463,76,12,87,305,7,550,381,19,551,399,950
Buckhead,SForsyth,382,54,18,75,243,6,457,297,24,454,324,778
Buckhead,NHall,16,6,0,4,32,0,20,38,0,22,36,58
Buckhead,Gainesville,39,7,1,21,69,0,60,76,1,47,90,137
Buckhead,SHall,167,27,2,50,153,0,217,180,2,196,203,399
Buckhead,WNewton,296,64,14,53,111,0,349,175,14,374,164,538
Buckhead,ENewton,18,3,0,6,23,0,24,26,0,21,29,50
Buckhead,NPaulding,182,27,1,35,60,0,217,87,1,210,95,305
Buckhead,WPaulding,41,9,0,21,81,0,62,90,0,50,102,152
Buckhead,EPaulding,584,95,11,91,287,2,675,382,13,690,380,1070
Buckhead,NSpalding,58,8,1,22,29,0,80,37,1,67,51,118
Buckhead,SSpalding,31,8,1,13,22,0,44,30,1,40,35,75
Buckhead,WWalton,126,21,2,26,113,0,152,134,2,149,139,288
Buckhead,EWalton,46,7,0,26,45,0,72,52,0,53,71,124
NWAtlanta,NFulton,421,83,53,58,121,5,479,204,58,557,184,741
NWAtlanta,Roswell,324,68,31,47,88,9,371,156,40,423,144,567
NWAtlanta,SandySprings,1640,319,311,449,630,57,2089,949,368,2270,1136,3406
NWAtlanta,Buckhead,4387,842,428,5377,6665,333,9764,7507,761,5657,12375,18032
NWAtlanta,NWAtlanta,8103,1830,373,14584,23222,678,22687,25052,1051,10306,38484,48790
NWAtlanta,NEAtlanta,5648,1146,680,8483,10964,959,14131,12110,1639,7474,20406,27880
NWAtlanta,SWAtlanta,3367,794,246,4994,10244,650,8361,11038,896,4407,15888,20295
NWAtlanta,CBDAtlanta,4395,864,1462,5186,7398,1690,9581,8262,3152,6721,14274,20995
NWAtlanta,SEAtlanta,1370,343,143,1308,2493,159,2678,2836,302,1856,3960,5816
NWAtlanta,SFulton,721,140,17,401,767,11,1122,907,28,878,1179,2057
NWAtlanta,Tri-Cities,1281,273,182,568,1036,117,1849,1309,299,1736,1721,3457
NWAtlanta,Shannon,733,126,43,149,338,34,882,464,77,902,521,1423
NWAtlanta,WCherokee,23,6,0,7,38,0,30,44,0,29,45,74
NWAtlanta,NCherokee,8,3,0,5,8,0,13,11,0,11,13,24
NWAtlanta,ECentCherokee,144,28,0,26,72,0,170,100,0,172,98,270
NWAtlanta,Woodstock,262,45,4,46,104,0,308,149,4,311,150,461
NWAtlanta,Airport,575,118,288,86,92,23,661,210,311,981,201,1182
NWAtlanta,NEClayton,698,145,20,138,394,9,836,539,29,863,541,1404
NWAtlanta,Riverdale,463,114,16,83,184,14,546,298,30,593,281,874
NWAtlanta,SClayton,346,77,15,51,84,4,397,161,19,438,139,577
NWAtlanta,NWCobb,705,140,6,114,263,9,819,403,15,851,386,1237
NWAtlanta,NECobb,763,163,6,233,532,1,996,695,7,932,766,1698
NWAtlanta,SWCobb,700,126,8,195,497,5,895,623,13,834,697,1531
NWAtlanta,Marietta,705,137,23,307,557,21,1012,694,44,865,885,1750
NWAtlanta,Cumberland,4067,840,155,3630,5766,84,7697,6606,239,5062,9480,14542
NWAtlanta,SCobb,2808,558,42,2185,5115,56,4993,5673,98,3408,7356,10764
NWAtlanta,Chamblee,1648,344,302,530,1076,104,2178,1420,406,2294,1710,4004
NWAtlanta,NWDeKalb,1440,256,175,817,1134,120,2257,1390,295,1871,2071,3942
NWAtlanta,NEDeKalb,1036,217,128,217,402,52,1253,619,180,1381,671,2052
NWAtlanta,Atlanta-DeKalb,389,74,59,273,634,43,662,708,102,522,950,1472
NWAtlanta,Decatur,287,62,75,131,129,90,418,191,165,424,350,774
NWAtlanta,SWDeKalb,782,185,122,267,598,72,1049,783,194,1089,937,2026
NWAtlanta,SEDeKalb,550,106,59,99,194,40,649,300,99,715,333,1048
NWAtlanta,SDeKalb,734,147,36,195,471,26,929,618,62,917,692,1609
NWAtlanta,WDouglas,553,101,2,105,287,1,658,388,3,656,393,1049
NWAtlanta,EDouglas,1056,197,11,418,894,5,1474,1091,16,1264,1317,2581
NWAtlanta,WFayette,204,26,0,23,73,1,227,99,1,230,97,327
NWAtlanta,EFayette,198,35,3,33,83,0,231,118,3,236,116,352
NWAtlanta,NGwinnett,218,48,2,56,76,2,274,124,4,268,134,402
NWAtlanta,CentGwinnett,558,111,10,71,156,7,629,267,17,679,234,913
NWAtlanta,EGwinnett,126,22,1,14,84,1,140,106,2,149,99,248
NWAtlanta,Norcross,659,149,43,89,259,10,748,408,53,851,358,1209
NWAtlanta,Lilburn,208,45,7,37,149,10,245,194,17,260,196,456
NWAtlanta,Snellville,218,46,4,35,59,5,253,105,9,268,99,367
NWAtlanta,NHenry,287,55,4,33,159,3,320,214,7,346,195,541
NWAtlanta,EHenry,124,22,3,17,81,1,141,103,4,149,99,248
NWAtlanta,SHenry,217,58,2,34,121,1,251,179,3,277,156,433
NWAtlanta,SRockdale,148,25,2,18,41,1,166,66,3,175,60,235
NWAtlanta,NRockdale,151,28,3,12,27,1,163,55,4,182,40,222
NWAtlanta,NBarrow,31,6,0,3,4,0,34,10,0,37,7,44
NWAtlanta,SBarrow,23,5,0,7,20,0,30,25,0,28,27,55
NWAtlanta,NWBartow,13,2,0,4,12,0,17,14,0,15,16,31
NWAtlanta,NEBartow,10,4,0,9,26,0,19,30,0,14,35,49
NWAtlanta,SWBartow,23,9,0,4,31,0,27,40,0,32,35,67
NWAtlanta,Cartersville,97,19,0,18,65,1,115,84,1,116,84,200
NWAtlanta,NECarroll,127,23,1,21,54,0,148,77,1,151,75,226
NWAtlanta,WCarroll,14,3,0,5,1,0,19,4,0,17,6,23
NWAtlanta,CentralCarroll,126,12,0,19,28,0,145,40,0,138,47,185
NWAtlanta,SECarroll,12,3,0,5,19,0,17,22,0,15,24,39
NWAtlanta,WCoweta,49,13,1,8,11,0,57,24,1,63,19,82
NWAtlanta,NCoweta,271,53,7,23,63,0,294,116,7,331,86,417
NWAtlanta,SCoweta,16,1,0,5,26,0,21,27,0,17,31,48
NWAtlanta,SECoweta,24,7,2,8,6,0,32,13,2,33,14,47
NWAtlanta,NForsyth,27,3,0,6,21,0,33,24,0,30,27,57
NWAtlanta,Cumming,70,14,0,27,82,4,97,96,4,84,113,197
NWAtlanta,SForsyth,54,15,3,16,23,1,70,38,4,72,40,112
NWAtlanta,NHall,2,0,0,3,1,0,5,1,0,2,4,6
NWAtlanta,Gainesville,18,2,0,5,11,0,23,13,0,20,16,36
NWAtlanta,SHall,43,11,0,16,19,0,59,30,0,54,35,89
NWAtlanta,WNewton,168,37,0,33,35,1,201,72,1,205,69,274
NWAtlanta,ENewton,10,3,0,9,3,0,19,6,0,13,12,25
NWAtlanta,NPaulding,92,20,0,19,72,0,111,92,0,112,91,203
NWAtlanta,WPaulding,62,4,0,18,48,0,80,52,0,66,66,132
NWAtlanta,EPaulding,573,91,2,99,220,1,672,311,3,666,320,986
NWAtlanta,NSpalding,50,7,0,10,7,0,60,14,0,57,17,74
NWAtlanta,SSpalding,26,6,0,5,4,0,31,10,0,32,9,41
NWAtlanta,WWalton,36,8,1,8,14,1,44,22,2,45,23,68
NWAtlanta,EWalton,12,2,0,3,18,0,15,20,0,14,21,35
NEAtlanta,NFulton,1319,236,261,178,604,101,1497,840,362,1816,883,2699
NEAtlanta,Roswell,1097,167,264,223,563,144,1320,730,408,1528,930,2458
NEAtlanta,SandySprings,4690,716,1273,1307,1980,389,5997,2696,1662,6679,3676,10355
NEAtlanta,Buckhead,12309,1838,1381,14679,13707,1218,26988,15545,2599,15528,29604,45132
NEAtlanta,NWAtlanta,6064,1190,697,8579,11294,918,14643,12484,1615,7951,20791,28742
NEAtlanta,NEAtlanta,33406,4729,3153,56161,45700,4666,89567,50429,7819,41288,106527,147815
NEAtlanta,SWAtlanta,4359,895,1020,3084,5639,938,7443,6534,1958,6274,9661,15935
NEAtlanta,CBDAtlanta,16173,2440,3167,21586,16802,2928,37759,19242,6095,21780,41316,63096
NEAtlanta,SEAtlanta,4131,902,777,4717,7853,741,8848,8755,1518,5810,13311,19121
NEAtlanta,SFulton,966,187,116,373,908,64,1339,1095,180,1269,1345,2614
NEAtlanta,Tri-Cities,3000,644,809,1119,1951,425,4119,2595,1234,4453,3495,7948
NEAtlanta,Shannon,1767,409,431,383,1003,207,2150,1412,638,2607,1593,4200
NEAtlanta,WCherokee,44,10,1,22,42,1,66,52,2,55,65,120
NEAtlanta,NCherokee,16,1,0,12,32,0,28,33,0,17,44,61
NEAtlanta,ECentCherokee,237,43,7,90,198,8,327,241,15,287,296,583
NEAtlanta,Woodstock,514,93,16,94,224,8,608,317,24,623,326,949
NEAtlanta,Airport,1209,211,682,257,329,103,1466,540,785,2102,689,2791
NEAtlanta,NEClayton,2071,487,163,786,1824,101,2857,2311,264,2721,2711,5432
NEAtlanta,Riverdale,1523,335,252,351,972,139,1874,1307,391,2110,1462,3572
NEAtlanta,SClayton,1027,245,85,257,677,48,1284,922,133,1357,982,2339
NEAtlanta,NWCobb,1345,250,54,246,443,46,1591,693,100,1649,735,2384
NEAtlanta,NECobb,1597,306,96,429,1012,43,2026,1318,139,1999,1484,3483
NEAtlanta,SWCobb,629,132,21,231,560,23,860,692,44,782,814,1596
NEAtlanta,Marietta,958,207,73,211,607,56,1169,814,129,1238,874,2112
NEAtlanta,Cumberland,4829,823,450,2084,2737,181,6913,3560,631,6102,5002,11104
NEAtlanta,SCobb,2553,502,223,928,2352,142,3481,2854,365,3278,3422,6700
NEAtlanta,Chamblee,6217,1080,1561,3140,6129,747,9357,7209,2308,8858,10016,18874
NEAtlanta,NWDeKalb,7929,1199,546,9220,9855,479,17149,11054,1025,9674,19554,29228
NEAtlanta,NEDeKalb,4508,742,723,1746,2887,412,6254,3629,1135,5973,5045,11018
NEAtlanta,Atlanta-DeKalb,2682,438,307,4142,5727,351,6824,6165,658,3427,10220,13647
NEAtlanta,Decatur,1549,210,262,1332,2162,168,2881,2372,430,2021,3662,5683
NEAtlanta,SWDeKalb,3226,615,643,2006,4556,325,5232,5171,968,4484,6887,11371
NEAtlanta,SEDeKalb,2576,509,565,636,1500,244,3212,2009,809,3650,2380,6030
NEAtlanta,SDeKalb,2875,582,216,1182,3111,145,4057,3693,361,3673,4438,8111
NEAtlanta,WDouglas,555,94,27,131,432,18,686,526,45,676,581,1257
NEAtlanta,EDouglas,997,160,71,338,655,38,1335,815,109,1228,1031,2259
NEAtlanta,WFayette,266,70,21,81,175,18,347,245,39,357,274,631
NEAtlanta,EFayette,449,99,30,131,341,29,580,440,59,578,501,1079
NEAtlanta,NGwinnett,757,136,42,197,522,32,954,658,74,935,751,1686
NEAtlanta,CentGwinnett,1731,357,155,389,946,114,2120,1303,269,2243,1449,3692
NEAtlanta,EGwinnett,356,57,19,103,280,13,459,337,32,432,396,828
NEAtlanta,Norcross,2302,459,319,646,1840,282,2948,2299,601,3080,2768,5848
NEAtlanta,Lilburn,908,162,66,328,707,69,1236,869,135,1136,1104,2240
NEAtlanta,Snellville,766,137,39,304,603,76,1070,740,115,942,983,1925
NEAtlanta,NHenry,908,180,56,289,601,27,1197,781,83,1144,917,2061
NEAtlanta,EHenry,330,63,12,92,244,8,422,307,20,405,344,749
NEAtlanta,SHenry,604,138,25,161,257,16,765,395,41,767,434,1201
NEAtlanta,SRockdale,433,84,25,126,242,19,559,326,44,542,387,929
NEAtlanta,NRockdale,451,84,33,112,146,11,563,230,44,568,269,837
NEAtlanta,NBarrow,65,7,1,20,55,4,85,62,5,73,79,152
NEAtlanta,SBarrow,59,4,0,14,56,1,73,60,1,63,71,134
NEAtlanta,NWBartow,12,4,0,11,20,0,23,24,0,16,31,47
NEAtlanta,NEBartow,20,2,0,13,63,0,33,65,0,22,76,98
NEAtlanta,SWBartow,26,7,0,28,118,0,54,125,0,33,146,179
NEAtlanta,Cartersville,124,25,2,40,118,0,164,143,2,151,158,309
NEAtlanta,NECarroll,94,12,1,22,82,0,116,94,1,107,104,211
NEAtlanta,WCarroll,8,1,0,6,15,0,14,16,0,9,21,30
NEAtlanta,CentralCarroll,68,6,1,26,50,0,94,56,1,75,76,151
NEAtlanta,SECarroll,7,0,0,4,1,0,11,1,0,7,5,12
NEAtlanta,WCoweta,65,10,4,12,54,1,77,64,5,79,67,146
NEAtlanta,NCoweta,419,76,57,111,321,20,530,397,77,552,452,1004
NEAtlanta,SCoweta,23,5,0,16,42,0,39,47,0,28,58,86
NEAtlanta,SECoweta,50,11,2,20,70,0,70,81,2,63,90,153
NEAtlanta,NForsyth,40,4,2,34,121,0,74,125,2,46,155,201
NEAtlanta,Cumming,203,30,10,69,269,27,272,299,37,243,365,608
NEAtlanta,SForsyth,191,29,22,56,158,20,247,187,42,242,234,476
NEAtlanta,NHall,13,0,0,6,30,0,19,30,0,13,36,49
NEAtlanta,Gainesville,24,1,0,15,29,0,39,30,0,25,44,69
NEAtlanta,SHall,108,22,2,40,152,3,148,174,5,132,195,327
NEAtlanta,WNewton,469,105,23,117,211,4,586,316,27,597,332,929
NEAtlanta,ENewton,38,6,0,23,58,0,61,64,0,44,81,125
NEAtlanta,NPaulding,103,13,0,37,58,1,140,71,1,116,96,212
NEAtlanta,WPaulding,36,10,0,21,40,0,57,50,0,46,61,107
NEAtlanta,EPaulding,482,83,9,139,280,12,621,363,21,574,431,1005
NEAtlanta,NSpalding,88,15,1,36,20,0,124,35,1,104,56,160
NEAtlanta,SSpalding,42,11,0,24,34,0,66,45,0,53,58,111
NEAtlanta,WWalton,128,32,1,35,151,3,163,183,4,161,189,350
NEAtlanta,EWalton,41,8,0,26,46,0,67,54,0,49,72,121
SWAtlanta,NFulton,332,81,80,71,143,10,403,224,90,493,224,717
SWAtlanta,Roswell,177,52,31,60,127,10,237,179,41,260,197,457
SWAtlanta,SandySprings,1386,252,427,187,426,106,1573,678,533,2065,719,2784
SWAtlanta,Buckhead,2451,517,835,961,1683,409,3412,2200,1244,3803,3053,6856
SWAtlanta,NWAtlanta,3138,804,233,4913,9947,591,8051,10751,824,4175,15451,19626
SWAtlanta,NEAtlanta,4181,880,1011,3031,5332,980,7212,6212,1991,6072,9343,15415
SWAtlanta,SWAtlanta,10184,2394,723,25472,52757,2597,35656,55151,3320,13301,80826,94127
SWAtlanta,CBDAtlanta,5655,1078,2324,5026,8432,2449,10681,9510,4773,9057,15907,24964
SWAtlanta,SEAtlanta,2683,592,219,4011,8460,581,6694,9052,800,3494,13052,16546
SWAtlanta,SFulton,2764,501,35,3446,7476,66,6210,7977,101,3300,10988,14288
SWAtlanta,Tri-Cities,3792,897,272,6424,14786,582,10216,15683,854,4961,21792,26753
SWAtlanta,Shannon,1790,361,79,1201,3354,103,2991,3715,182,2230,4658,6888
SWAtlanta,WCherokee,9,1,0,1,17,0,10,18,0,10,18,28
SWAtlanta,NCherokee,3,2,0,1,22,0,4,24,0,5,23,28
SWAtlanta,ECentCherokee,66,9,0,30,38,4,96,47,4,75,72,147
SWAtlanta,Woodstock,151,27,0,28,56,3,179,83,3,178,87,265
SWAtlanta,Airport,1555,291,503,644,949,86,2199,1240,589,2349,1679,4028
SWAtlanta,NEClayton,994,214,35,548,1202,49,1542,1416,84,1243,1799,3042
SWAtlanta,Riverdale,737,136,43,370,864,46,1107,1000,89,916,1280,2196
SWAtlanta,SClayton,452,94,8,160,375,22,612,469,30,554,557,1111
SWAtlanta,NWCobb,432,78,13,140,212,18,572,290,31,523,370,893
SWAtlanta,NECobb,458,81,5,140,358,7,598,439,12,544,505,1049
SWAtlanta,SWCobb,729,135,6,315,744,14,1044,879,20,870,1073,1943
SWAtlanta,Marietta,533,113,16,195,354,28,728,467,44,662,577,1239
SWAtlanta,Cumberland,2528,501,208,1380,2126,74,3908,2627,282,3237,3580,6817
SWAtlanta,SCobb,3327,615,76,3284,7360,105,6611,7975,181,4018,10749,14767
SWAtlanta,Chamblee,1324,316,438,246,558,158,1570,874,596,2078,962,3040
SWAtlanta,NWDeKalb,1479,314,242,504,989,131,1983,1303,373,2035,1624,3659
SWAtlanta,NEDeKalb,939,197,167,214,360,114,1153,557,281,1303,688,1991
SWAtlanta,Atlanta-DeKalb,576,70,81,387,806,88,963,876,169,727,1281,2008
SWAtlanta,Decatur,392,62,120,128,346,95,520,408,215,574,569,1143
SWAtlanta,SWDeKalb,958,185,185,477,1097,167,1435,1282,352,1328,1741,3069
SWAtlanta,SEDeKalb,614,136,89,147,290,53,761,426,142,839,490,1329
SWAtlanta,SDeKalb,857,214,47,435,904,41,1292,1118,88,1118,1380,2498
SWAtlanta,WDouglas,892,148,7,228,728,6,1120,876,13,1047,962,2009
SWAtlanta,EDouglas,1860,327,24,1207,2833,33,3067,3160,57,2211,4073,6284
SWAtlanta,WFayette,333,58,2,105,184,2,438,242,4,393,291,684
SWAtlanta,EFayette,330,71,5,163,368,6,493,439,11,406,537,943
SWAtlanta,NGwinnett,93,30,7,35,78,7,128,108,14,130,120,250
SWAtlanta,CentGwinnett,242,62,7,103,167,25,345,229,32,311,295,606
SWAtlanta,EGwinnett,55,15,0,19,38,3,74,53,3,70,60,130
SWAtlanta,Norcross,397,136,44,93,183,27,490,319,71,577,303,880
SWAtlanta,Lilburn,135,22,7,56,100,12,191,122,19,164,168,332
SWAtlanta,Snellville,161,27,2,66,71,14,227,98,16,190,151,341
SWAtlanta,NHenry,269,54,3,150,290,14,419,344,17,326,454,780
SWAtlanta,EHenry,124,22,0,42,85,2,166,107,2,146,129,275
SWAtlanta,SHenry,294,51,2,91,224,7,385,275,9,347,322,669
SWAtlanta,SRockdale,122,20,6,35,79,0,157,99,6,148,114,262
SWAtlanta,NRockdale,121,30,4,45,78,6,166,108,10,155,129,284
SWAtlanta,NBarrow,8,2,0,2,25,1,10,27,1,10,28,38
SWAtlanta,SBarrow,7,0,0,5,14,0,12,14,0,7,19,26
SWAtlanta,NWBartow,8,2,0,5,10,0,13,12,0,10,15,25
SWAtlanta,NEBartow,11,2,0,5,8,0,16,10,0,13,13,26
SWAtlanta,SWBartow,11,1,1,5,17,0,16,18,1,13,22,35
SWAtlanta,Cartersville,27,14,0,20,42,1,47,56,1,41,63,104
SWAtlanta,NECarroll,163,26,0,29,97,0,192,123,0,189,126,315
SWAtlanta,WCarroll,14,2,0,11,6,0,25,8,0,16,17,33
SWAtlanta,CentralCarroll,129,21,0,37,61,0,166,82,0,150,98,248
SWAtlanta,SECarroll,21,1,0,10,4,0,31,5,0,22,14,36
SWAtlanta,WCoweta,82,13,0,21,53,0,103,66,0,95,74,169
SWAtlanta,NCoweta,484,81,2,126,323,8,610,404,10,567,457,1024
SWAtlanta,SCoweta,28,6,0,8,11,0,36,17,0,34,19,53
SWAtlanta,SECoweta,62,8,0,16,36,0,78,44,0,70,52,122
SWAtlanta,NForsyth,8,3,0,3,17,0,11,20,0,11,20,31
SWAtlanta,Cumming,26,6,0,22,79,10,48,85,10,32,111,143
SWAtlanta,SForsyth,51,6,1,16,41,4,67,47,5,58,61,119
SWAtlanta,NHall,0,0,0,1,6,0,1,6,0,0,7,7
SWAtlanta,Gainesville,3,0,0,0,3,0,3,3,0,3,3,6
SWAtlanta,SHall,17,3,0,7,36,2,24,39,2,20,45,65
SWAtlanta,WNewton,150,26,3,48,69,4,198,95,7,179,121,300
SWAtlanta,ENewton,10,1,0,0,24,0,10,25,0,11,24,35
SWAtlanta,NPaulding,90,14,0,27,43,2,117,57,2,104,72,176
SWAtlanta,WPaulding,49,5,0,10,51,0,59,56,0,54,61,115
SWAtlanta,EPaulding,599,113,3,148,412,5,747,525,8,715,565,1280
SWAtlanta,NSpalding,52,9,0,16,20,1,68,29,1,61,37,98
SWAtlanta,SSpalding,29,2,0,7,27,0,36,29,0,31,34,65
SWAtlanta,WWalton,27,6,0,15,52,2,42,58,2,33,69,102
SWAtlanta,EWalton,9,1,0,7,9,0,16,10,0,10,16,26
CBDAtlanta,NFulton,674,157,483,120,394,86,794,551,569,1314,600,1914
CBDAtlanta,Roswell,659,134,641,101,334,100,760,468,741,1434,535,1969
CBDAtlanta,SandySprings,2278,424,1845,465,972,366,2743,1396,2211,4547,1803,6350
CBDAtlanta,Buckhead,5202,860,2355,2944,3196,1075,8146,4056,3430,8417,7215,15632
CBDAtlanta,NWAtlanta,4487,852,1487,5160,7395,1717,9647,8247,3204,6826,14272,21098
CBDAtlanta,NEAtlanta,15782,2302,3171,21056,16246,2985,36838,18548,6156,21255,40287,61542
CBDAtlanta,SWAtlanta,6055,1169,2503,5049,8541,2368,11104,9710,4871,9727,15958,25685
CBDAtlanta,CBDAtlanta,21126,3463,4040,33051,21331,4778,54177,24794,8818,28629,59160,87789
CBDAtlanta,SEAtlanta,6180,1236,1902,7364,12383,2990,13544,13619,4892,9318,22737,32055
CBDAtlanta,SFulton,1213,216,404,443,1062,150,1656,1278,554,1833,1655,3488
CBDAtlanta,Tri-Cities,3091,632,1742,1285,2647,1151,4376,3279,2893,5465,5083,10548
CBDAtlanta,Shannon,2116,435,1483,435,1444,474,2551,1879,1957,4034,2353,6387
CBDAtlanta,WCherokee,39,7,3,19,46,0,58,53,3,49,65,114
CBDAtlanta,NCherokee,6,5,0,6,24,0,12,29,0,11,30,41
CBDAtlanta,ECentCherokee,156,32,24,55,106,7,211,138,31,212,168,380
CBDAtlanta,Woodstock,421,89,89,58,157,10,479,246,99,599,225,824
CBDAtlanta,Airport,948,166,470,277,389,199,1225,555,669,1584,865,2449
CBDAtlanta,NEClayton,2446,566,539,835,2052,318,3281,2618,857,3551,3205,6756
CBDAtlanta,Riverdale,1939,449,933,451,1222,315,2390,1671,1248,3321,1988,5309
CBDAtlanta,SClayton,1223,311,367,278,800,90,1501,1111,457,1901,1168,3069
CBDAtlanta,NWCobb,950,233,199,142,261,18,1092,494,217,1382,421,1803
CBDAtlanta,NECobb,1118,251,320,216,717,49,1334,968,369,1689,982,2671
CBDAtlanta,SWCobb,671,118,143,188,461,47,859,579,190,932,696,1628
CBDAtlanta,Marietta,589,131,159,122,274,31,711,405,190,879,427,1306
CBDAtlanta,Cumberland,2927,582,669,1015,1352,223,3942,1934,892,4178,2590,6768
CBDAtlanta,SCobb,2803,482,838,815,1888,267,3618,2370,1105,4123,2970,7093
CBDAtlanta,Chamblee,3007,705,2985,762,1988,1050,3769,2693,4035,6697,3800,10497
CBDAtlanta,NWDeKalb,3504,628,1032,2000,2509,584,5504,3137,1616,5164,5093,10257
CBDAtlanta,NEDeKalb,3117,583,2242,654,1354,751,3771,1937,2993,5942,2759,8701
CBDAtlanta,Atlanta-DeKalb,2290,366,691,1991,3448,536,4281,3814,1227,3347,5975,9322
CBDAtlanta,Decatur,1136,163,637,471,728,243,1607,891,880,1936,1442,3378
CBDAtlanta,SWDeKalb,3739,712,1752,1486,4236,861,5225,4948,2613,6203,6583,12786
CBDAtlanta,SEDeKalb,2741,524,2006,477,1099,639,3218,1623,2645,5271,2215,7486
CBDAtlanta,SDeKalb,3897,807,1103,1073,2802,414,4970,3609,1517,5807,4289,10096
CBDAtlanta,WDouglas,720,108,158,157,338,32,877,446,190,986,527,1513
CBDAtlanta,EDouglas,1430,216,372,366,1125,92,1796,1341,464,2018,1583,3601
CBDAtlanta,WFayette,289,63,67,65,173,22,354,236,89,419,260,679
CBDAtlanta,EFayette,566,121,148,150,339,48,716,460,196,835,537,1372
CBDAtlanta,NGwinnett,460,123,142,108,300,33,568,423,175,725,441,1166
CBDAtlanta,CentGwinnett,1090,274,429,170,586,80,1260,860,509,1793,836,2629
CBDAtlanta,EGwinnett,273,56,42,53,156,12,326,212,54,371,221,592
CBDAtlanta,Norcross,1260,308,763,275,766,270,1535,1074,1033,2331,1311,3642
CBDAtlanta,Lilburn,645,142,274,149,370,92,794,512,366,1061,611,1672
CBDAtlanta,Snellville,709,115,220,184,424,83,893,539,303,1044,691,1735
CBDAtlanta,NHenry,1068,202,215,268,635,85,1336,837,300,1485,988,2473
CBDAtlanta,EHenry,372,61,45,67,149,14,439,210,59,478,230,708
CBDAtlanta,SHenry,780,166,141,178,320,28,958,486,169,1087,526,1613
CBDAtlanta,SRockdale,487,105,113,99,241,34,586,346,147,705,374,1079
CBDAtlanta,NRockdale,427,83,84,81,158,36,508,241,120,594,275,869
CBDAtlanta,NBarrow,25,15,4,13,26,0,38,41,4,44,39,83
CBDAtlanta,SBarrow,28,8,3,10,52,0,38,60,3,39,62,101
CBDAtlanta,NWBartow,8,2,0,8,14,1,16,16,1,10,23,33
CBDAtlanta,NEBartow,17,2,1,12,56,0,29,58,1,20,68,88
CBDAtlanta,SWBartow,19,5,0,17,67,0,36,72,0,24,84,108
CBDAtlanta,Cartersville,72,14,7,26,103,1,98,117,8,93,130,223
CBDAtlanta,NECarroll,118,18,11,36,62,1,154,80,12,147,99,246
CBDAtlanta,WCarroll,12,2,0,10,7,0,22,9,0,14,17,31
CBDAtlanta,CentralCarroll,80,9,2,21,72,0,101,81,2,91,93,184
CBDAtlanta,SECarroll,10,1,0,9,4,0,19,5,0,11,13,24
CBDAtlanta,WCoweta,86,15,11,25,46,1,111,61,12,112,72,184
CBDAtlanta,NCoweta,505,85,143,109,286,47,614,371,190,733,442,1175
CBDAtlanta,SCoweta,30,6,2,17,22,0,47,28,2,38,39,77
CBDAtlanta,SECoweta,64,9,5,16,45,0,80,54,5,78,61,139
CBDAtlanta,NForsyth,25,1,2,22,112,3,47,113,5,28,137,165
CBDAtlanta,Cumming,111,22,43,37,302,36,148,324,79,176,375,551
CBDAtlanta,SForsyth,126,32,47,47,111,21,173,143,68,205,179,384
CBDAtlanta,NHall,4,0,0,2,6,0,6,6,0,4,8,12
CBDAtlanta,Gainesville,7,4,1,11,25,0,18,29,1,12,36,48
CBDAtlanta,SHall,54,18,11,39,52,2,93,70,13,83,93,176
CBDAtlanta,WNewton,457,90,62,84,192,15,541,282,77,609,291,900
CBDAtlanta,ENewton,26,6,4,22,32,0,48,38,4,36,54,90
CBDAtlanta,NPaulding,89,21,2,25,87,1,114,108,3,112,113,225
CBDAtlanta,WPaulding,36,4,0,10,70,0,46,74,0,40,80,120
CBDAtlanta,EPaulding,657,97,80,116,244,22,773,341,102,834,382,1216
CBDAtlanta,NSpalding,119,19,9,21,50,0,140,69,9,147,71,218
CBDAtlanta,SSpalding,49,12,2,13,19,1,62,31,3,63,33,96
CBDAtlanta,WWalton,94,22,11,35,143,4,129,165,15,127,182,309
CBDAtlanta,EWalton,19,12,2,18,38,0,37,50,2,33,56,89
SEAtlanta,NFulton,283,66,43,61,98,9,344,164,52,392,168,560
SEAtlanta,Roswell,169,50,30,31,110,12,200,160,42,249,153,402
SEAtlanta,SandySprings,985,284,370,165,251,88,1150,535,458,1639,504,2143
SEAtlanta,Buckhead,1854,452,610,774,1449,409,2628,1901,1019,2916,2632,5548
SEAtlanta,NWAtlanta,1357,288,149,1303,2696,194,2660,2984,343,1794,4193,5987
SEAtlanta,NEAtlanta,3933,809,776,4656,7503,718,8589,8312,1494,5518,12877,18395
SEAtlanta,SWAtlanta,2731,595,230,3941,8520,522,6672,9115,752,3556,12983,16539
SEAtlanta,CBDAtlanta,5586,1130,1823,7354,12243,2936,12940,13373,4759,8539,22533,31072
SEAtlanta,SEAtlanta,6844,1772,444,15218,36634,991,22062,38406,1435,9060,52843,61903
SEAtlanta,SFulton,684,134,13,416,826,13,1100,960,26,831,1255,2086
SEAtlanta,Tri-Cities,3891,951,237,5942,11754,450,9833,12705,687,5079,18146,23225
SEAtlanta,Shannon,1345,266,69,656,1695,101,2001,1961,170,1680,2452,4132
SEAtlanta,WCherokee,7,4,0,2,16,0,9,20,0,11,18,29
SEAtlanta,NCherokee,0,1,0,2,18,0,2,19,0,1,20,21
SEAtlanta,ECentCherokee,49,8,0,19,28,0,68,36,0,57,47,104
SEAtlanta,Woodstock,94,23,2,27,34,1,121,57,3,119,62,181
SEAtlanta,Airport,1523,309,356,1127,1521,81,2650,1830,437,2188,2729,4917
SEAtlanta,NEClayton,2944,669,44,3181,7406,131,6125,8075,175,3657,10718,14375
SEAtlanta,Riverdale,1139,271,11,718,1884,81,1857,2155,92,1421,2683,4104
SEAtlanta,SClayton,942,189,15,386,901,16,1328,1090,31,1146,1303,2449
SEAtlanta,NWCobb,258,70,10,63,66,12,321,136,22,338,141,479
SEAtlanta,NECobb,217,63,4,83,182,2,300,245,6,284,267,551
SEAtlanta,SWCobb,184,34,2,68,167,3,252,201,5,220,238,458
SEAtlanta,Marietta,211,61,17,57,137,14,268,198,31,289,208,497
SEAtlanta,Cumberland,1117,283,139,302,568,49,1419,851,188,1539,919,2458
SEAtlanta,SCobb,748,169,31,347,763,22,1095,932,53,948,1132,2080
SEAtlanta,Chamblee,1079,332,347,260,649,129,1339,981,476,1758,1038,2796
SEAtlanta,NWDeKalb,1477,318,163,1023,2047,126,2500,2365,289,1958,3196,5154
SEAtlanta,NEDeKalb,995,205,119,323,754,76,1318,959,195,1319,1153,2472
SEAtlanta,Atlanta-DeKalb,906,183,72,1756,3560,102,2662,3743,174,1161,5418,6579
SEAtlanta,Decatur,410,73,69,278,708,62,688,781,131,552,1048,1600
SEAtlanta,SWDeKalb,1757,400,125,1910,4561,105,3667,4961,230,2282,6576,8858
SEAtlanta,SEDeKalb,883,188,61,290,677,65,1173,865,126,1132,1032,2164
SEAtlanta,SDeKalb,1884,415,47,1475,3796,63,3359,4211,110,2346,5334,7680
SEAtlanta,WDouglas,255,51,5,82,247,9,337,298,14,311,338,649
SEAtlanta,EDouglas,420,78,6,152,395,7,572,473,13,504,554,1058
SEAtlanta,WFayette,307,58,4,74,246,6,381,304,10,369,326,695
SEAtlanta,EFayette,381,66,3,182,384,2,563,450,5,450,568,1018
SEAtlanta,NGwinnett,110,33,1,48,77,4,158,110,5,144,129,273
SEAtlanta,CentGwinnett,259,75,9,72,132,9,331,207,18,343,213,556
SEAtlanta,EGwinnett,50,11,1,26,48,1,76,59,2,62,75,137
SEAtlanta,Norcross,423,146,35,82,242,23,505,388,58,604,347,951
SEAtlanta,Lilburn,170,39,3,50,126,5,220,165,8,212,181,393
SEAtlanta,Snellville,210,41,1,66,158,10,276,199,11,252,234,486
SEAtlanta,NHenry,799,158,4,342,823,22,1141,981,26,961,1187,2148
SEAtlanta,EHenry,293,55,1,83,184,3,376,239,4,349,270,619
SEAtlanta,SHenry,604,113,1,136,297,4,740,410,5,718,437,1155
SEAtlanta,SRockdale,224,42,0,61,59,1,285,101,1,266,121,387
SEAtlanta,NRockdale,195,39,2,58,75,2,253,114,4,236,135,371
SEAtlanta,NBarrow,9,3,0,6,14,0,15,17,0,12,20,32
SEAtlanta,SBarrow,14,2,0,4,18,0,18,20,0,16,22,38
SEAtlanta,NWBartow,2,0,0,1,2,0,3,2,0,2,3,5
SEAtlanta,NEBartow,1,0,0,3,7,0,4,7,0,1,10,11
SEAtlanta,SWBartow,8,1,0,6,13,0,14,14,0,9,19,28
SEAtlanta,Cartersville,24,8,0,8,17,0,32,25,0,32,25,57
SEAtlanta,NECarroll,43,7,0,13,16,0,56,23,0,50,29,79
SEAtlanta,WCarroll,5,0,0,4,1,0,9,1,0,5,5,10
SEAtlanta,CentralCarroll,39,4,0,13,16,0,52,20,0,43,29,72
SEAtlanta,SECarroll,6,2,0,3,5,0,9,7,0,8,8,16
SEAtlanta,WCoweta,69,21,0,16,49,1,85,70,1,90,66,156
SEAtlanta,NCoweta,409,76,1,104,204,4,513,280,5,486,312,798
SEAtlanta,SCoweta,28,4,0,8,21,0,36,25,0,32,29,61
SEAtlanta,SECoweta,46,8,0,17,24,0,63,32,0,54,41,95
SEAtlanta,NForsyth,10,1,0,4,20,0,14,21,0,11,24,35
SEAtlanta,Cumming,36,2,0,22,70,3,58,72,3,38,95,133
SEAtlanta,SForsyth,26,8,0,22,15,3,48,23,3,34,40,74
SEAtlanta,NHall,0,0,0,1,4,0,1,4,0,0,5,5
SEAtlanta,Gainesville,8,0,0,2,11,0,10,11,0,8,13,21
SEAtlanta,SHall,19,2,0,7,29,0,26,31,0,21,36,57
SEAtlanta,WNewton,251,49,2,47,106,0,298,155,2,302,153,455
SEAtlanta,ENewton,27,7,0,7,11,0,34,18,0,34,18,52
SEAtlanta,NPaulding,33,7,0,10,21,0,43,28,0,40,31,71
SEAtlanta,WPaulding,11,7,0,8,25,0,19,32,0,18,33,51
SEAtlanta,EPaulding,207,47,0,53,128,1,260,175,1,254,182,436
SEAtlanta,NSpalding,86,15,0,24,33,0,110,48,0,101,57,158
SEAtlanta,SSpalding,48,7,0,16,11,0,64,18,0,55,27,82
SEAtlanta,WWalton,50,16,0,18,76,0,68,92,0,66,94,160
SEAtlanta,EWalton,12,3,0,8,15,0,20,18,0,15,23,38
SFulton,NFulton,80,12,3,16,21,1,96,33,4,95,38,133
SFulton,Roswell,83,21,2,18,62,0,101,83,2,106,80,186
SFulton,SandySprings,459,71,32,74,158,4,533,229,36,562,236,798
SFulton,Buckhead,739,147,71,185,427,4,924,574,75,957,616,1573
SFulton,NWAtlanta,723,123,18,419,683,9,1142,806,27,864,1111,1975
SFulton,NEAtlanta,990,205,116,369,921,64,1359,1126,180,1311,1354,2665
SFulton,SWAtlanta,2598,465,36,3425,7267,65,6023,7732,101,3099,10757,13856
SFulton,CBDAtlanta,1229,209,414,449,1133,152,1678,1342,566,1852,1734,3586
SFulton,SEAtlanta,662,113,16,452,814,9,1114,927,25,791,1275,2066
SFulton,SFulton,6474,1179,17,11819,25878,14,18293,27057,31,7670,37711,45381
SFulton,Tri-Cities,1731,355,20,1443,4308,24,3174,4663,44,2106,5775,7881
SFulton,Shannon,2510,560,9,2820,8600,20,5330,9160,29,3079,11440,14519
SFulton,WCherokee,5,0,0,1,2,0,6,2,0,5,3,8
SFulton,NCherokee,0,0,0,0,0,0,0,0,0,0,0,0
SFulton,ECentCherokee,23,4,0,5,72,0,28,76,0,27,77,104
SFulton,Woodstock,59,9,0,10,24,0,69,33,0,68,34,102
SFulton,Airport,792,129,45,281,708,3,1073,837,48,966,992,1958
SFulton,NEClayton,561,106,1,183,334,2,744,440,3,668,519,1187
SFulton,Riverdale,408,70,2,201,515,2,609,585,4,480,718,1198
SFulton,SClayton,265,38,0,72,108,0,337,146,0,303,180,483
SFulton,NWCobb,270,49,0,71,142,2,341,191,2,319,215,534
SFulton,NECobb,180,29,0,46,84,0,226,113,0,209,130,339
SFulton,SWCobb,555,95,2,199,460,1,754,555,3,652,660,1312
SFulton,Marietta,254,50,1,122,90,7,376,140,8,305,219,524
SFulton,Cumberland,1041,188,9,317,607,5,1358,795,14,1238,929,2167
SFulton,SCobb,1453,295,4,1134,2513,6,2587,2808,10,1752,3653,5405
SFulton,Chamblee,374,84,26,52,158,5,426,242,31,484,215,699
SFulton,NWDeKalb,356,79,8,112,158,5,468,237,13,443,275,718
SFulton,NEDeKalb,230,28,4,67,117,7,297,145,11,262,191,453
SFulton,Atlanta-DeKalb,97,20,3,32,65,1,129,85,4,120,98,218
SFulton,Decatur,94,19,6,27,77,8,121,96,14,119,112,231
SFulton,SWDeKalb,202,37,4,46,126,2,248,163,6,243,174,417
SFulton,SEDeKalb,111,16,1,24,53,1,135,69,2,128,78,206
SFulton,SDeKalb,204,43,1,81,187,1,285,230,2,248,269,517
SFulton,WDouglas,1244,236,0,610,1873,0,1854,2109,0,1480,2483,3963
SFulton,EDouglas,2335,372,9,1830,4548,2,4165,4920,11,2716,6380,9096
SFulton,WFayette,771,130,0,477,1556,0,1248,1686,0,901,2033,2934
SFulton,EFayette,428,90,0,194,466,0,622,556,0,518,660,1178
SFulton,NGwinnett,24,6,0,5,7,0,29,13,0,30,12,42
SFulton,CentGwinnett,97,24,0,17,34,1,114,58,1,121,52,173
SFulton,EGwinnett,12,3,0,1,0,0,13,3,0,15,1,16
SFulton,Norcross,133,30,1,20,29,0,153,59,1,164,49,213
SFulton,Lilburn,32,6,1,9,14,0,41,20,1,39,23,62
SFulton,Snellville,30,5,0,7,31,0,37,36,0,35,38,73
SFulton,NHenry,135,29,0,46,98,0,181,127,0,164,144,308
SFulton,EHenry,44,11,0,7,24,0,51,35,0,55,31,86
SFulton,SHenry,129,29,0,35,54,0,164,83,0,158,89,247
SFulton,SRockdale,20,4,1,6,15,0,26,19,1,25,21,46
SFulton,NRockdale,35,10,0,13,53,0,48,63,0,45,66,111
SFulton,NBarrow,0,0,0,1,0,0,1,0,0,0,1,1
SFulton,SBarrow,0,0,0,0,0,0,0,0,0,0,0,0
SFulton,NWBartow,4,0,0,1,0,0,5,0,0,4,1,5
SFulton,NEBartow,5,1,0,0,2,0,5,3,0,6,2,8
SFulton,SWBartow,10,2,0,3,4,0,13,6,0,12,7,19
SFulton,Cartersville,24,6,0,9,10,0,33,16,0,30,19,49
SFulton,NECarroll,223,43,0,26,80,0,249,123,0,266,106,372
SFulton,WCarroll,33,8,0,7,16,0,40,24,0,41,23,64
SFulton,CentralCarroll,300,50,0,94,215,0,394,265,0,350,309,659
SFulton,SECarroll,49,6,0,13,59,0,62,65,0,55,72,127
SFulton,WCoweta,221,37,0,73,221,0,294,258,0,258,294,552
SFulton,NCoweta,1348,268,0,1204,3049,2,2552,3317,2,1616,4255,5871
SFulton,SCoweta,54,8,0,8,29,0,62,37,0,62,37,99
SFulton,SECoweta,80,13,0,33,47,0,113,60,0,93,80,173
SFulton,NForsyth,3,0,0,0,0,0,3,0,0,3,0,3
SFulton,Cumming,13,2,0,5,2,0,18,4,0,15,7,22
SFulton,SForsyth,19,3,0,6,26,0,25,29,0,22,32,54
SFulton,NHall,0,0,0,0,0,0,0,0,0,0,0,0
SFulton,Gainesville,1,0,0,0,1,0,1,1,0,1,1,2
SFulton,SHall,1,0,0,2,3,0,3,3,0,1,5,6
SFulton,WNewton,32,9,0,8,7,0,40,16,0,41,15,56
SFulton,ENewton,3,1,0,1,1,0,4,2,0,4,2,6
SFulton,NPaulding,58,10,0,15,14,0,73,24,0,68,29,97
SFulton,WPaulding,41,8,0,7,43,0,48,51,0,49,50,99
SFulton,EPaulding,509,93,0,110,224,0,619,317,0,602,334,936
SFulton,NSpalding,44,4,0,10,17,0,54,21,0,48,27,75
SFulton,SSpalding,24,5,0,2,5,0,26,10,0,29,7,36
SFulton,WWalton,7,2,0,2,0,0,9,2,0,9,2,11
SFulton,EWalton,2,1,0,2,0,0,4,1,0,3,2,5
Tri-Cities,NFulton,232,70,29,25,154,1,257,224,30,331,180,511
Tri-Cities,Roswell,216,58,22,23,47,2,239,105,24,296,72,368
Tri-Cities,SandySprings,790,214,281,63,155,23,853,369,304,1285,241,1526
Tri-Cities,Buckhead,1649,391,536,266,436,101,1915,827,637,2576,803,3379
Tri-Cities,NWAtlanta,1213,270,168,571,1019,91,1784,1289,259,1651,1681,3332
Tri-Cities,NEAtlanta,2909,580,829,1084,1895,488,3993,2475,1317,4318,3467,7785
Tri-Cities,SWAtlanta,3880,919,259,6434,14848,545,10314,15767,804,5058,21827,26885
Tri-Cities,CBDAtlanta,3011,598,1689,1291,2688,1117,4302,3286,2806,5298,5096,10394
Tri-Cities,SEAtlanta,3806,924,220,5853,11932,436,9659,12856,656,4950,18221,23171
Tri-Cities,SFulton,1814,355,20,1496,4132,24,3310,4487,44,2189,5652,7841
Tri-Cities,Tri-Cities,14362,3188,380,32872,59773,1006,47234,62961,1386,17930,93651,111581
Tri-Cities,Shannon,4248,887,92,3676,10066,208,7924,10953,300,5227,13950,19177
Tri-Cities,WCherokee,7,0,0,0,10,0,7,10,0,7,10,17
Tri-Cities,NCherokee,1,2,0,1,17,0,2,19,0,3,18,21
Tri-Cities,ECentCherokee,60,11,0,14,63,0,74,74,0,71,77,148
Tri-Cities,Woodstock,98,30,0,16,33,3,114,63,3,128,52,180
Tri-Cities,Airport,3484,668,324,4818,5473,217,8302,6141,541,4476,10508,14984
Tri-Cities,NEClayton,3902,791,60,2545,5065,79,6447,5856,139,4753,7689,12442
Tri-Cities,Riverdale,2683,542,36,1378,3860,58,4061,4402,94,3261,5296,8557
Tri-Cities,SClayton,1632,320,25,428,1068,7,2060,1388,32,1977,1503,3480
Tri-Cities,NWCobb,322,65,13,52,100,12,374,165,25,400,164,564
Tri-Cities,NECobb,332,87,5,59,94,0,391,181,5,424,153,577
Tri-Cities,SWCobb,267,52,6,50,138,1,317,190,7,325,189,514
Tri-Cities,Marietta,256,68,14,67,61,30,323,129,44,338,158,496
Tri-Cities,Cumberland,1285,255,118,259,485,33,1544,740,151,1658,777,2435
Tri-Cities,SCobb,1020,180,23,282,834,14,1302,1014,37,1223,1130,2353
Tri-Cities,Chamblee,936,274,276,92,233,52,1028,507,328,1486,377,1863
Tri-Cities,NWDeKalb,1091,243,133,223,552,62,1314,795,195,1467,837,2304
Tri-Cities,NEDeKalb,794,197,102,81,220,46,875,417,148,1093,347,1440
Tri-Cities,Atlanta-DeKalb,470,106,72,172,366,41,642,472,113,648,579,1227
Tri-Cities,Decatur,281,55,84,74,122,24,355,177,108,420,220,640
Tri-Cities,SWDeKalb,960,174,106,317,766,46,1277,940,152,1240,1129,2369
Tri-Cities,SEDeKalb,771,153,55,93,238,13,864,391,68,979,344,1323
Tri-Cities,SDeKalb,1388,260,38,495,1066,18,1883,1326,56,1686,1579,3265
Tri-Cities,WDouglas,535,74,5,127,360,0,662,434,5,614,487,1101
Tri-Cities,EDouglas,717,139,10,223,566,6,940,705,16,866,795,1661
Tri-Cities,WFayette,865,153,8,173,412,1,1038,565,9,1026,586,1612
Tri-Cities,EFayette,1079,177,9,319,945,0,1398,1122,9,1265,1264,2529
Tri-Cities,NGwinnett,140,29,5,22,50,6,162,79,11,174,78,252
Tri-Cities,CentGwinnett,304,85,18,42,90,2,346,175,20,407,134,541
Tri-Cities,EGwinnett,58,26,2,9,29,1,67,55,3,86,39,125
Tri-Cities,Norcross,360,119,42,42,102,5,402,221,47,521,149,670
Tri-Cities,Lilburn,164,23,3,24,66,0,188,89,3,190,90,280
Tri-Cities,Snellville,202,28,1,25,121,0,227,149,1,231,146,377
Tri-Cities,NHenry,1149,186,4,228,493,3,1377,679,7,1339,724,2063
Tri-Cities,EHenry,482,96,3,62,183,0,544,279,3,581,245,826
Tri-Cities,SHenry,977,167,4,149,311,2,1126,478,6,1148,462,1610
Tri-Cities,SRockdale,235,42,2,30,82,0,265,124,2,279,112,391
Tri-Cities,NRockdale,171,28,3,30,42,0,201,70,3,202,72,274
Tri-Cities,NBarrow,8,1,0,2,11,0,10,12,0,9,13,22
Tri-Cities,SBarrow,5,1,0,2,7,0,7,8,0,6,9,15
Tri-Cities,NWBartow,2,0,0,1,11,0,3,11,0,2,12,14
Tri-Cities,NEBartow,2,0,0,3,6,0,5,6,0,2,9,11
Tri-Cities,SWBartow,3,1,0,2,23,0,5,24,0,4,25,29
Tri-Cities,Cartersville,33,5,0,5,13,0,38,18,0,38,18,56
Tri-Cities,NECarroll,70,12,0,17,24,0,87,36,0,82,41,123
Tri-Cities,WCarroll,16,2,0,4,1,0,20,3,0,18,5,23
Tri-Cities,CentralCarroll,108,30,0,22,23,0,130,53,0,138,45,183
Tri-Cities,SECarroll,22,5,0,5,26,0,27,31,0,27,31,58
Tri-Cities,WCoweta,239,39,0,22,50,0,261,89,0,278,72,350
Tri-Cities,NCoweta,1244,213,14,184,330,4,1428,543,18,1471,518,1989
Tri-Cities,SCoweta,99,16,0,22,33,0,121,49,0,115,55,170
Tri-Cities,SECoweta,159,20,0,26,80,0,185,100,0,179,106,285
Tri-Cities,NForsyth,7,1,1,7,41,0,14,42,1,9,48,57
Tri-Cities,Cumming,29,15,0,13,17,0,42,32,0,44,30,74
Tri-Cities,SForsyth,34,9,0,11,16,1,45,25,1,43,28,71
Tri-Cities,NHall,0,0,0,1,0,0,1,0,0,0,1,1
Tri-Cities,Gainesville,7,0,0,1,13,0,8,13,0,7,14,21
Tri-Cities,SHall,16,6,0,4,22,0,20,28,0,22,26,48
Tri-Cities,WNewton,240,55,2,25,100,1,265,155,3,297,126,423
Tri-Cities,ENewton,22,4,0,1,1,0,23,5,0,26,2,28
Tri-Cities,NPaulding,48,7,0,6,28,0,54,35,0,55,34,89
Tri-Cities,WPaulding,28,3,0,6,15,0,34,18,0,31,21,52
Tri-Cities,EPaulding,286,63,0,63,102,0,349,165,0,349,165,514
Tri-Cities,NSpalding,170,28,0,26,51,0,196,79,0,198,77,275
Tri-Cities,SSpalding,105,25,0,19,52,0,124,77,0,130,71,201
Tri-Cities,WWalton,65,10,0,14,38,0,79,48,0,75,52,127
Tri-Cities,EWalton,17,5,0,7,4,0,24,9,0,22,11,33
Shannon,NFulton,114,26,6,27,33,1,141,59,7,146,61,207
Shannon,Roswell,54,17,1,18,13,0,72,30,1,72,31,103
Shannon,SandySprings,534,138,100,62,87,14,596,225,114,772,163,935
Shannon,Buckhead,978,248,223,130,326,27,1108,574,250,1449,483,1932
Shannon,NWAtlanta,721,149,39,136,427,31,857,576,70,909,594,1503
Shannon,NEAtlanta,1846,414,437,388,933,209,2234,1347,646,2697,1530,4227
Shannon,SWAtlanta,1635,306,68,1196,3277,107,2831,3583,175,2009,4580,6589
Shannon,CBDAtlanta,2227,444,1499,448,1421,509,2675,1865,2008,4170,2378,6548
Shannon,SEAtlanta,1198,274,63,655,1633,102,1853,1907,165,1535,2390,3925
Shannon,SFulton,2608,540,12,2800,8792,18,5408,9332,30,3160,11610,14770
Shannon,Tri-Cities,3876,747,81,3640,9688,166,7516,10435,247,4704,13494,18198
Shannon,Shannon,17548,3520,68,40052,89817,380,57600,93337,448,21136,130249,151385
Shannon,WCherokee,2,0,0,0,0,0,2,0,0,2,0,2
Shannon,NCherokee,0,0,0,1,1,0,1,1,0,0,2,2
Shannon,ECentCherokee,17,3,0,7,17,0,24,20,0,20,24,44
Shannon,Woodstock,39,7,0,11,24,0,50,31,0,46,35,81
Shannon,Airport,2924,523,136,2053,4563,62,4977,5086,198,3583,6678,10261
Shannon,NEClayton,1561,317,12,841,2115,20,2402,2432,32,1890,2976,4866
Shannon,Riverdale,2076,397,6,2863,8680,29,4939,9077,35,2479,11572,14051
Shannon,SClayton,1030,217,2,668,1579,5,1698,1796,7,1249,2252,3501
Shannon,NWCobb,142,27,0,62,53,5,204,80,5,169,120,289
Shannon,NECobb,155,26,1,36,87,0,191,113,1,182,123,305
Shannon,SWCobb,187,34,0,48,69,0,235,103,0,221,117,338
Shannon,Marietta,226,52,7,90,113,14,316,165,21,285,217,502
Shannon,Cumberland,1064,183,28,157,357,9,1221,540,37,1275,523,1798
Shannon,SCobb,607,101,1,185,459,0,792,560,1,709,644,1353
Shannon,Chamblee,532,151,86,59,149,19,591,300,105,769,227,996
Shannon,NWDeKalb,704,139,34,116,298,20,820,437,54,877,434,1311
Shannon,NEDeKalb,361,82,18,88,127,18,449,209,36,461,233,694
Shannon,Atlanta-DeKalb,159,37,22,30,142,5,189,179,27,218,177,395
Shannon,Decatur,162,28,22,36,89,9,198,117,31,212,134,346
Shannon,SWDeKalb,353,67,18,101,281,5,454,348,23,438,387,825
Shannon,SEDeKalb,227,41,7,50,118,5,277,159,12,275,173,448
Shannon,SDeKalb,521,112,4,182,623,7,703,735,11,637,812,1449
Shannon,WDouglas,637,132,1,228,604,0,865,736,1,770,832,1602
Shannon,EDouglas,747,151,1,343,1063,1,1090,1214,2,899,1407,2306
Shannon,WFayette,2399,448,3,1767,4643,3,4166,5091,6,2850,6413,9263
Shannon,EFayette,1905,370,3,2009,4964,10,3914,5334,13,2278,6983,9261
Shannon,NGwinnett,19,3,0,9,11,0,28,14,0,22,20,42
Shannon,CentGwinnett,96,26,1,25,85,0,121,111,1,123,110,233
Shannon,EGwinnett,10,1,0,7,31,0,17,32,0,11,38,49
Shannon,Norcross,171,55,7,33,104,0,204,159,7,233,137,370
Shannon,Lilburn,42,6,0,15,57,0,57,63,0,48,72,120
Shannon,Snellville,40,5,0,21,23,0,61,28,0,45,44,89
Shannon,NHenry,392,79,0,132,362,0,524,441,0,471,494,965
Shannon,EHenry,146,17,0,29,69,0,175,86,0,163,98,261
Shannon,SHenry,407,75,0,119,179,0,526,254,0,482,298,780
Shannon,SRockdale,56,15,0,12,15,0,68,30,0,71,27,98
Shannon,NRockdale,77,14,0,21,35,0,98,49,0,91,56,147
Shannon,NBarrow,4,0,0,0,0,0,4,0,0,4,0,4
Shannon,SBarrow,3,1,0,1,9,0,4,10,0,4,10,14
Shannon,NWBartow,0,0,0,0,4,0,0,4,0,0,4,4
Shannon,NEBartow,2,1,0,0,1,0,2,2,0,3,1,4
Shannon,SWBartow,1,0,0,1,1,0,2,1,0,1,2,3
Shannon,Cartersville,9,0,0,5,6,0,14,6,0,9,11,20
Shannon,NECarroll,87,18,0,12,54,0,99,72,0,105,66,171
Shannon,WCarroll,9,4,0,16,8,0,25,12,0,13,24,37
Shannon,CentralCarroll,177,30,0,64,95,0,241,125,0,207,159,366
Shannon,SECarroll,39,5,0,19,12,0,58,17,0,44,31,75
Shannon,WCoweta,351,64,0,86,129,0,437,193,0,415,215,630
Shannon,NCoweta,2444,474,11,1002,2643,11,3446,3117,22,2929,3656,6585
Shannon,SCoweta,120,32,0,31,172,0,151,204,0,152,203,355
Shannon,SECoweta,253,37,0,68,163,0,321,200,0,290,231,521
Shannon,NForsyth,0,0,0,0,1,0,0,1,0,0,1,1
Shannon,Cumming,5,1,0,3,7,0,8,8,0,6,10,16
Shannon,SForsyth,8,1,0,5,4,0,13,5,0,9,9,18
Shannon,NHall,0,0,0,0,0,0,0,0,0,0,0,0
Shannon,Gainesville,0,0,0,1,0,0,1,0,0,0,1,1
Shannon,SHall,0,2,0,3,6,0,3,8,0,2,9,11
Shannon,WNewton,77,12,1,27,24,0,104,36,1,90,51,141
Shannon,ENewton,2,2,0,1,1,0,3,3,0,4,2,6
Shannon,NPaulding,17,2,0,10,21,0,27,23,0,19,31,50
Shannon,WPaulding,25,1,0,7,3,0,32,4,0,26,10,36
Shannon,EPaulding,203,34,0,43,107,0,246,141,0,237,150,387
Shannon,NSpalding,135,30,0,32,59,0,167,89,0,165,91,256
Shannon,SSpalding,100,23,0,31,23,0,131,46,0,123,54,177
Shannon,WWalton,14,4,0,2,2,0,16,6,0,18,4,22
Shannon,EWalton,3,2,0,4,2,0,7,4,0,5,6,11
WCherokee,NFulton,425,65,0,112,263,0,537,328,0,490,375,865
WCherokee,Roswell,177,29,0,38,129,0,215,158,0,206,167,373
WCherokee,SandySprings,123,30,0,33,95,0,156,125,0,153,128,281
WCherokee,Buckhead,85,11,0,27,95,0,112,106,0,96,122,218
WCherokee,NWAtlanta,32,6,0,3,42,0,35,48,0,38,45,83
WCherokee,NEAtlanta,46,7,1,24,64,1,70,71,2,54,89,143
WCherokee,SWAtlanta,10,2,0,2,17,0,12,19,0,12,19,31
WCherokee,CBDAtlanta,36,4,3,19,37,0,55,41,3,43,56,99
WCherokee,SEAtlanta,11,2,0,5,15,0,16,17,0,13,20,33
WCherokee,SFulton,9,1,0,1,2,0,10,3,0,10,3,13
WCherokee,Tri-Cities,12,2,0,3,12,0,15,14,0,14,15,29
WCherokee,Shannon,3,0,0,0,2,0,3,2,0,3,2,5
WCherokee,WCherokee,1727,351,0,3512,8922,0,5239,9273,0,2078,12434,14512
WCherokee,NCherokee,171,33,0,303,849,0,474,882,0,204,1152,1356
WCherokee,ECentCherokee,2812,484,11,3670,9898,13,6482,10382,24,3307,13581,16888
WCherokee,Woodstock,622,113,0,402,1125,0,1024,1238,0,735,1527,2262
WCherokee,Airport,5,0,0,0,1,0,5,1,0,5,1,6
WCherokee,NEClayton,3,0,0,2,2,0,5,2,0,3,4,7
WCherokee,Riverdale,2,0,0,1,2,0,3,2,0,2,3,5
WCherokee,SClayton,3,0,0,1,0,0,4,0,0,3,1,4
WCherokee,NWCobb,554,76,0,235,484,3,789,560,3,630,722,1352
WCherokee,NECobb,372,62,0,119,395,0,491,457,0,434,514,948
WCherokee,SWCobb,31,7,0,18,30,0,49,37,0,38,48,86
WCherokee,Marietta,262,29,0,72,180,0,334,209,0,291,252,543
WCherokee,Cumberland,234,34,0,58,204,0,292,238,0,268,262,530
WCherokee,SCobb,36,12,0,15,39,0,51,51,0,48,54,102
WCherokee,Chamblee,59,12,0,23,33,0,82,45,0,71,56,127
WCherokee,NWDeKalb,18,5,0,13,70,0,31,75,0,23,83,106
WCherokee,NEDeKalb,21,2,0,3,5,0,24,7,0,23,8,31
WCherokee,Atlanta-DeKalb,3,1,0,1,3,0,4,4,0,4,4,8
WCherokee,Decatur,1,0,0,0,2,0,1,2,0,1,2,3
WCherokee,SWDeKalb,2,1,0,3,2,0,5,3,0,3,5,8
WCherokee,SEDeKalb,2,0,0,1,0,0,3,0,0,2,1,3
WCherokee,SDeKalb,5,1,0,2,1,0,7,2,0,6,3,9
WCherokee,WDouglas,6,0,0,4,0,0,10,0,0,6,4,10
WCherokee,EDouglas,14,3,0,7,15,0,21,18,0,17,22,39
WCherokee,WFayette,0,0,0,0,0,0,0,0,0,0,0,0
WCherokee,EFayette,1,0,0,0,0,0,1,0,0,1,0,1
WCherokee,NGwinnett,20,5,0,19,37,0,39,42,0,25,56,81
WCherokee,CentGwinnett,64,6,0,15,70,0,79,76,0,70,85,155
WCherokee,EGwinnett,0,0,0,3,5,0,3,5,0,0,8,8
WCherokee,Norcross,66,8,0,24,39,0,90,47,0,74,63,137
WCherokee,Lilburn,0,0,0,1,2,0,1,2,0,0,3,3
WCherokee,Snellville,2,1,0,1,4,0,3,5,0,3,5,8
WCherokee,NHenry,0,0,0,0,0,0,0,0,0,0,0,0
WCherokee,EHenry,0,0,0,0,0,0,0,0,0,0,0,0
WCherokee,SHenry,0,0,0,0,0,0,0,0,0,0,0,0
WCherokee,SRockdale,0,0,0,0,0,0,0,0,0,0,0,0
WCherokee,NRockdale,0,1,0,0,1,0,0,2,0,1,1,2
WCherokee,NBarrow,0,0,0,0,0,0,0,0,0,0,0,0
WCherokee,SBarrow,1,0,0,0,0,0,1,0,0,1,0,1
WCherokee,NWBartow,63,15,0,31,23,0,94,38,0,78,54,132
WCherokee,NEBartow,265,44,0,133,513,0,398,557,0,309,646,955
WCherokee,SWBartow,32,3,0,9,28,0,41,31,0,35,37,72
WCherokee,Cartersville,621,128,0,334,861,0,955,989,0,749,1195,1944
WCherokee,NECarroll,0,0,0,0,0,0,0,0,0,0,0,0
WCherokee,WCarroll,0,0,0,0,0,0,0,0,0,0,0,0
WCherokee,CentralCarroll,0,0,0,0,1,0,0,1,0,0,1,1
WCherokee,SECarroll,1,0,0,0,0,0,1,0,0,1,0,1
WCherokee,WCoweta,0,0,0,0,0,0,0,0,0,0,0,0
WCherokee,NCoweta,0,0,0,0,4,0,0,4,0,0,4,4
WCherokee,SCoweta,0,0,0,0,0,0,0,0,0,0,0,0
WCherokee,SECoweta,0,0,0,0,0,0,0,0,0,0,0,0
WCherokee,NForsyth,47,9,0,32,60,0,79,69,0,56,92,148
WCherokee,Cumming,187,33,0,47,150,0,234,183,0,220,197,417
WCherokee,SForsyth,147,25,0,15,37,0,162,62,0,172,52,224
WCherokee,NHall,0,0,0,2,0,0,2,0,0,0,2,2
WCherokee,Gainesville,11,3,0,8,11,0,19,14,0,14,19,33
WCherokee,SHall,6,0,0,6,1,0,12,1,0,6,7,13
WCherokee,WNewton,0,0,0,0,0,0,0,0,0,0,0,0
WCherokee,ENewton,0,0,0,0,0,0,0,0,0,0,0,0
WCherokee,NPaulding,38,2,0,8,31,0,46,33,0,40,39,79
WCherokee,WPaulding,5,0,0,1,0,0,6,0,0,5,1,6
WCherokee,EPaulding,33,7,0,17,35,0,50,42,0,40,52,92
WCherokee,NSpalding,0,0,0,0,0,0,0,0,0,0,0,0
WCherokee,SSpalding,0,0,0,0,0,0,0,0,0,0,0,0
WCherokee,WWalton,1,0,0,1,0,0,2,0,0,1,1,2
WCherokee,EWalton,1,0,0,0,0,0,1,0,0,1,0,1
NCherokee,NFulton,306,48,0,80,243,0,386,291,0,354,323,677
NCherokee,Roswell,87,12,0,27,53,0,114,65,0,99,80,179
NCherokee,SandySprings,51,7,0,16,42,0,67,49,0,58,58,116
NCherokee,Buckhead,34,9,0,9,30,0,43,39,0,43,39,82
NCherokee,NWAtlanta,9,1,0,4,11,0,13,12,0,10,15,25
NCherokee,NEAtlanta,15,2,0,16,56,0,31,58,0,17,72,89
NCherokee,SWAtlanta,4,2,0,2,26,0,6,28,0,6,28,34
NCherokee,CBDAtlanta,7,3,0,8,39,0,15,42,0,10,47,57
NCherokee,SEAtlanta,0,0,0,1,19,0,1,19,0,0,20,20
NCherokee,SFulton,0,0,0,0,11,0,0,11,0,0,11,11
NCherokee,Tri-Cities,0,3,0,1,0,0,1,3,0,3,1,4
NCherokee,Shannon,1,0,0,0,1,0,1,1,0,1,1,2
NCherokee,WCherokee,188,25,0,286,891,0,474,916,0,213,1177,1390
NCherokee,NCherokee,1039,222,0,1829,4196,0,2868,4418,0,1261,6025,7286
NCherokee,ECentCherokee,1280,252,2,1489,3804,1,2769,4056,3,1534,5294,6828
NCherokee,Woodstock,208,41,0,90,258,0,298,299,0,249,348,597
NCherokee,Airport,3,1,0,1,0,0,4,1,0,4,1,5
NCherokee,NEClayton,3,0,0,0,4,0,3,4,0,3,4,7
NCherokee,Riverdale,1,0,0,0,0,0,1,0,0,1,0,1
NCherokee,SClayton,0,0,0,0,0,0,0,0,0,0,0,0
NCherokee,NWCobb,180,25,0,98,151,2,278,176,2,205,251,456
NCherokee,NECobb,129,24,0,40,95,0,169,119,0,153,135,288
NCherokee,SWCobb,9,1,0,1,1,0,10,2,0,10,2,12
NCherokee,Marietta,79,18,0,38,82,0,117,100,0,97,120,217
NCherokee,Cumberland,74,12,0,25,47,0,99,59,0,86,72,158
NCherokee,SCobb,11,7,0,10,12,0,21,19,0,18,22,40
NCherokee,Chamblee,36,3,0,11,29,0,47,32,0,39,40,79
NCherokee,NWDeKalb,11,0,0,6,41,0,17,41,0,11,47,58
NCherokee,NEDeKalb,8,1,0,0,26,0,8,27,0,9,26,35
NCherokee,Atlanta-DeKalb,1,0,0,3,0,0,4,0,0,1,3,4
NCherokee,Decatur,0,0,0,0,0,0,0,0,0,0,0,0
NCherokee,SWDeKalb,0,0,0,3,0,0,3,0,0,0,3,3
NCherokee,SEDeKalb,0,0,0,0,3,0,0,3,0,0,3,3
NCherokee,SDeKalb,0,0,0,0,3,0,0,3,0,0,3,3
NCherokee,WDouglas,1,0,0,0,0,0,1,0,0,1,0,1
NCherokee,EDouglas,2,1,0,2,1,0,4,2,0,3,3,6
NCherokee,WFayette,0,0,0,0,0,0,0,0,0,0,0,0
NCherokee,EFayette,0,0,0,0,0,0,0,0,0,0,0,0
NCherokee,NGwinnett,30,8,0,8,33,0,38,41,0,38,41,79
NCherokee,CentGwinnett,50,13,0,15,56,0,65,69,0,63,71,134
NCherokee,EGwinnett,4,1,0,2,0,0,6,1,0,5,2,7
NCherokee,Norcross,40,4,0,11,32,0,51,36,0,44,43,87
NCherokee,Lilburn,3,0,0,2,4,0,5,4,0,3,6,9
NCherokee,Snellville,3,1,0,2,9,0,5,10,0,4,11,15
NCherokee,NHenry,0,0,0,0,0,0,0,0,0,0,0,0
NCherokee,EHenry,0,0,0,0,0,0,0,0,0,0,0,0
NCherokee,SHenry,0,0,0,0,0,0,0,0,0,0,0,0
NCherokee,SRockdale,0,0,0,0,0,0,0,0,0,0,0,0
NCherokee,NRockdale,1,0,0,0,0,0,1,0,0,1,0,1
NCherokee,NBarrow,3,0,0,0,0,0,3,0,0,3,0,3
NCherokee,SBarrow,1,0,0,1,0,0,2,0,0,1,1,2
NCherokee,NWBartow,13,4,0,6,1,0,19,5,0,17,7,24
NCherokee,NEBartow,30,7,0,12,35,0,42,42,0,37,47,84
NCherokee,SWBartow,4,2,0,0,6,0,4,8,0,6,6,12
NCherokee,Cartersville,57,13,0,24,23,0,81,36,0,70,47,117
NCherokee,NECarroll,0,0,0,1,0,0,1,0,0,0,1,1
NCherokee,WCarroll,0,0,0,0,0,0,0,0,0,0,0,0
NCherokee,CentralCarroll,0,0,0,1,0,0,1,0,0,0,1,1
NCherokee,SECarroll,0,0,0,0,0,0,0,0,0,0,0,0
NCherokee,WCoweta,0,0,0,0,0,0,0,0,0,0,0,0
NCherokee,NCoweta,0,0,0,0,0,0,0,0,0,0,0,0
NCherokee,SCoweta,0,0,0,0,0,0,0,0,0,0,0,0
NCherokee,SECoweta,0,0,0,0,0,0,0,0,0,0,0,0
NCherokee,NForsyth,99,20,0,55,154,0,154,174,0,119,209,328
NCherokee,Cumming,301,64,0,129,486,0,430,550,0,365,615,980
NCherokee,SForsyth,152,34,0,38,99,0,190,133,0,186,137,323
NCherokee,NHall,3,1,0,2,3,0,5,4,0,4,5,9
NCherokee,Gainesville,34,8,0,8,31,0,42,39,0,42,39,81
NCherokee,SHall,14,1,0,15,14,0,29,15,0,15,29,44
NCherokee,WNewton,0,0,0,0,0,0,0,0,0,0,0,0
NCherokee,ENewton,0,0,0,0,0,0,0,0,0,0,0,0
NCherokee,NPaulding,7,1,0,1,0,0,8,1,0,8,1,9
NCherokee,WPaulding,0,0,0,0,0,0,0,0,0,0,0,0
NCherokee,EPaulding,9,0,0,2,9,0,11,9,0,9,11,20
NCherokee,NSpalding,0,0,0,0,0,0,0,0,0,0,0,0
NCherokee,SSpalding,0,0,0,0,0,0,0,0,0,0,0,0
NCherokee,WWalton,1,1,0,0,0,0,1,1,0,2,0,2
NCherokee,EWalton,0,0,0,0,1,0,0,1,0,0,1,1
ECentCherokee,NFulton,5016,948,1,2866,7582,10,7882,8530,11,5965,10458,16423
ECentCherokee,Roswell,1782,331,3,902,2657,2,2684,2988,5,2116,3561,5677
ECentCherokee,SandySprings,1123,196,2,269,691,6,1392,887,8,1321,966,2287
ECentCherokee,Buckhead,509,64,8,102,361,0,611,425,8,581,463,1044
ECentCherokee,NWAtlanta,141,23,0,32,58,0,173,81,0,164,90,254
ECentCherokee,NEAtlanta,245,66,7,89,231,8,334,297,15,318,328,646
ECentCherokee,SWAtlanta,72,19,0,36,55,4,108,74,4,91,95,186
ECentCherokee,CBDAtlanta,173,40,24,55,173,7,228,213,31,237,235,472
ECentCherokee,SEAtlanta,57,7,0,18,40,0,75,47,0,64,58,122
ECentCherokee,SFulton,29,4,0,1,75,0,30,79,0,33,76,109
ECentCherokee,Tri-Cities,67,15,0,21,75,0,88,90,0,82,96,178
ECentCherokee,Shannon,15,4,0,7,6,0,22,10,0,19,13,32
ECentCherokee,WCherokee,2961,535,11,3643,10238,11,6604,10773,22,3507,13892,17399
ECentCherokee,NCherokee,1373,231,2,1502,3906,1,2875,4137,3,1606,5409,7015
ECentCherokee,ECentCherokee,35646,6341,92,59907,130695,241,95553,137036,333,42079,190843,232922
ECentCherokee,Woodstock,5799,1070,3,5728,16259,1,11527,17329,4,6872,21988,28860
ECentCherokee,Airport,19,6,3,5,23,0,24,29,3,28,28,56
ECentCherokee,NEClayton,25,7,0,10,5,0,35,12,0,32,15,47
ECentCherokee,Riverdale,2,1,0,4,7,0,6,8,0,3,11,14
ECentCherokee,SClayton,6,5,0,4,12,0,10,17,0,11,16,27
ECentCherokee,NWCobb,3357,605,3,1664,3715,48,5021,4320,51,3965,5427,9392
ECentCherokee,NECobb,2672,507,0,1188,3469,0,3860,3976,0,3179,4657,7836
ECentCherokee,SWCobb,205,35,0,59,120,0,264,155,0,240,179,419
ECentCherokee,Marietta,1168,184,0,410,911,3,1578,1095,3,1352,1324,2676
ECentCherokee,Cumberland,1117,211,1,225,427,0,1342,638,1,1329,652,1981
ECentCherokee,SCobb,218,43,0,64,178,0,282,221,0,261,242,503
ECentCherokee,Chamblee,597,108,1,164,420,4,761,528,5,706,588,1294
ECentCherokee,NWDeKalb,129,27,0,66,168,1,195,195,1,156,235,391
ECentCherokee,NEDeKalb,159,31,0,69,69,0,228,100,0,190,138,328
ECentCherokee,Atlanta-DeKalb,15,3,0,7,10,0,22,13,0,18,17,35
ECentCherokee,Decatur,20,4,0,10,22,0,30,26,0,24,32,56
ECentCherokee,SWDeKalb,23,6,0,10,10,0,33,16,0,29,20,49
ECentCherokee,SEDeKalb,10,3,0,11,17,0,21,20,0,13,28,41
ECentCherokee,SDeKalb,29,2,0,14,19,0,43,21,0,31,33,64
ECentCherokee,WDouglas,21,2,0,10,13,0,31,15,0,23,23,46
ECentCherokee,EDouglas,77,14,0,20,30,0,97,44,0,91,50,141
ECentCherokee,WFayette,4,1,0,2,6,0,6,7,0,5,8,13
ECentCherokee,EFayette,4,0,0,5,3,0,9,3,0,4,8,12
ECentCherokee,NGwinnett,373,51,0,105,209,0,478,260,0,424,314,738
ECentCherokee,CentGwinnett,497,82,0,126,351,0,623,433,0,579,477,1056
ECentCherokee,EGwinnett,29,8,0,17,21,0,46,29,0,37,38,75
ECentCherokee,Norcross,627,107,0,99,246,0,726,353,0,734,345,1079
ECentCherokee,Lilburn,51,8,0,26,79,0,77,87,0,59,105,164
ECentCherokee,Snellville,34,10,0,18,39,0,52,49,0,44,57,101
ECentCherokee,NHenry,6,0,0,2,8,0,8,8,0,6,10,16
ECentCherokee,EHenry,0,0,0,0,6,0,0,6,0,0,6,6
ECentCherokee,SHenry,5,1,0,1,2,0,6,3,0,6,3,9
ECentCherokee,SRockdale,2,0,0,1,0,0,3,0,0,2,1,3
ECentCherokee,NRockdale,4,1,0,0,6,0,4,7,0,5,6,11
ECentCherokee,NBarrow,18,3,0,8,8,0,26,11,0,21,16,37
ECentCherokee,SBarrow,11,1,0,9,30,0,20,31,0,12,39,51
ECentCherokee,NWBartow,178,27,0,43,114,0,221,141,0,205,157,362
ECentCherokee,NEBartow,416,77,0,216,510,0,632,587,0,493,726,1219
ECentCherokee,SWBartow,114,27,0,35,116,0,149,143,0,141,151,292
ECentCherokee,Cartersville,813,131,0,263,482,0,1076,613,0,944,745,1689
ECentCherokee,NECarroll,8,3,0,3,22,0,11,25,0,11,25,36
ECentCherokee,WCarroll,0,0,0,0,0,0,0,0,0,0,0,0
ECentCherokee,CentralCarroll,3,0,0,1,1,0,4,1,0,3,2,5
ECentCherokee,SECarroll,0,0,0,0,0,0,0,0,0,0,0,0
ECentCherokee,WCoweta,2,0,0,0,0,0,2,0,0,2,0,2
ECentCherokee,NCoweta,3,0,0,1,4,0,4,4,0,3,5,8
ECentCherokee,SCoweta,0,0,0,0,0,0,0,0,0,0,0,0
ECentCherokee,SECoweta,1,0,0,0,0,0,1,0,0,1,0,1
ECentCherokee,NForsyth,779,150,0,415,1310,0,1194,1460,0,929,1725,2654
ECentCherokee,Cumming,2713,518,0,2167,5825,0,4880,6343,0,3231,7992,11223
ECentCherokee,SForsyth,1590,284,0,565,1103,0,2155,1387,0,1874,1668,3542
ECentCherokee,NHall,41,3,0,9,40,0,50,43,0,44,49,93
ECentCherokee,Gainesville,190,31,0,49,54,0,239,85,0,221,103,324
ECentCherokee,SHall,98,17,0,34,57,0,132,74,0,115,91,206
ECentCherokee,WNewton,0,0,0,1,0,0,1,0,0,0,1,1
ECentCherokee,ENewton,0,0,0,0,0,0,0,0,0,0,0,0
ECentCherokee,NPaulding,124,31,0,39,60,0,163,91,0,155,99,254
ECentCherokee,WPaulding,12,1,0,6,6,0,18,7,0,13,12,25
ECentCherokee,EPaulding,170,41,0,51,81,0,221,122,0,211,132,343
ECentCherokee,NSpalding,0,0,0,0,0,0,0,0,0,0,0,0
ECentCherokee,SSpalding,0,0,0,0,0,0,0,0,0,0,0,0
ECentCherokee,WWalton,5,1,0,2,0,0,7,1,0,6,2,8
ECentCherokee,EWalton,0,0,0,1,1,0,1,1,0,0,2,2
Woodstock,NFulton,3146,598,4,1732,4513,5,4878,5111,9,3748,6250,9998
Woodstock,Roswell,2221,421,2,1335,3450,2,3556,3871,4,2644,4787,7431
Woodstock,SandySprings,1620,249,19,348,749,10,1968,998,29,1888,1107,2995
Woodstock,Buckhead,875,152,20,127,371,1,1002,523,21,1047,499,1546
Woodstock,NWAtlanta,306,52,4,37,109,0,343,161,4,362,146,508
Woodstock,NEAtlanta,570,112,16,105,259,8,675,371,24,698,372,1070
Woodstock,SWAtlanta,159,30,0,28,33,3,187,63,3,189,64,253
Woodstock,CBDAtlanta,438,102,89,68,169,10,506,271,99,629,247,876
Woodstock,SEAtlanta,93,17,2,24,38,1,117,55,3,112,63,175
Woodstock,SFulton,59,8,0,13,28,0,72,36,0,67,41,108
Woodstock,Tri-Cities,125,21,0,22,18,3,147,39,3,146,43,189
Woodstock,Shannon,41,8,0,11,28,0,52,36,0,49,39,88
Woodstock,WCherokee,663,112,0,377,1123,0,1040,1235,0,775,1500,2275
Woodstock,NCherokee,197,55,0,91,232,0,288,287,0,252,323,575
Woodstock,ECentCherokee,6170,1123,3,5750,16638,1,11920,17761,4,7296,22389,29685
Woodstock,Woodstock,25950,4767,0,51773,122032,0,77723,126799,0,30717,173805,204522
Woodstock,Airport,50,12,7,4,10,0,54,22,7,69,14,83
Woodstock,NEClayton,67,19,0,13,37,0,80,56,0,86,50,136
Woodstock,Riverdale,31,11,0,7,8,0,38,19,0,42,15,57
Woodstock,SClayton,15,8,0,5,15,0,20,23,0,23,20,43
Woodstock,NWCobb,10639,2004,32,11620,29626,224,22259,31630,256,12675,41470,54145
Woodstock,NECobb,6597,1218,0,6879,18923,1,13476,20141,1,7815,25803,33618
Woodstock,SWCobb,465,95,0,163,555,0,628,650,0,560,718,1278
Woodstock,Marietta,2644,482,6,1206,2959,42,3850,3441,48,3132,4207,7339
Woodstock,Cumberland,2413,446,7,500,1262,6,2913,1708,13,2866,1768,4634
Woodstock,SCobb,479,68,2,152,470,0,631,538,2,549,622,1171
Woodstock,Chamblee,809,153,6,161,401,2,970,554,8,968,564,1532
Woodstock,NWDeKalb,277,58,4,60,168,1,337,226,5,339,229,568
Woodstock,NEDeKalb,192,38,3,44,114,0,236,152,3,233,158,391
Woodstock,Atlanta-DeKalb,28,1,0,10,92,0,38,93,0,29,102,131
Woodstock,Decatur,27,7,1,5,38,0,32,45,1,35,43,78
Woodstock,SWDeKalb,44,6,0,20,14,0,64,20,0,50,34,84
Woodstock,SEDeKalb,17,10,0,5,42,0,22,52,0,27,47,74
Woodstock,SDeKalb,27,8,0,20,66,0,47,74,0,35,86,121
Woodstock,WDouglas,54,10,0,20,18,0,74,28,0,64,38,102
Woodstock,EDouglas,164,36,0,38,83,0,202,119,0,200,121,321
Woodstock,WFayette,10,3,0,4,5,0,14,8,0,13,9,22
Woodstock,EFayette,13,2,0,8,16,0,21,18,0,15,24,39
Woodstock,NGwinnett,142,25,0,22,75,0,164,100,0,167,97,264
Woodstock,CentGwinnett,318,46,0,84,275,0,402,321,0,364,359,723
Woodstock,EGwinnett,26,4,0,8,35,0,34,39,0,30,43,73
Woodstock,Norcross,686,118,0,105,283,1,791,401,1,804,389,1193
Woodstock,Lilburn,54,7,0,19,42,0,73,49,0,61,61,122
Woodstock,Snellville,31,4,0,11,39,0,42,43,0,35,50,85
Woodstock,NHenry,11,3,0,5,4,0,16,7,0,14,9,23
Woodstock,EHenry,3,0,0,0,2,0,3,2,0,3,2,5
Woodstock,SHenry,4,0,0,1,3,0,5,3,0,4,4,8
Woodstock,SRockdale,4,1,0,1,18,0,5,19,0,5,19,24
Woodstock,NRockdale,7,0,0,6,21,0,13,21,0,7,27,34
Woodstock,NBarrow,7,1,0,1,3,0,8,4,0,8,4,12
Woodstock,SBarrow,6,1,0,0,18,0,6,19,0,7,18,25
Woodstock,NWBartow,131,25,0,47,73,0,178,98,0,156,120,276
Woodstock,NEBartow,162,43,0,64,195,0,226,238,0,205,259,464
Woodstock,SWBartow,249,36,0,102,298,0,351,334,0,285,400,685
Woodstock,Cartersville,1461,259,0,661,1760,0,2122,2019,0,1720,2421,4141
Woodstock,NECarroll,38,0,0,7,8,0,45,8,0,38,15,53
Woodstock,WCarroll,2,0,0,2,1,0,4,1,0,2,3,5
Woodstock,CentralCarroll,15,3,0,2,21,0,17,24,0,18,23,41
Woodstock,SECarroll,2,0,0,1,0,0,3,0,0,2,1,3
Woodstock,WCoweta,1,0,0,0,0,0,1,0,0,1,0,1
Woodstock,NCoweta,4,0,0,3,5,0,7,5,0,4,8,12
Woodstock,SCoweta,0,0,0,0,0,0,0,0,0,0,0,0
Woodstock,SECoweta,0,0,0,0,0,0,0,0,0,0,0,0
Woodstock,NForsyth,120,28,0,31,160,0,151,188,0,148,191,339
Woodstock,Cumming,498,76,0,116,320,0,614,396,0,574,436,1010
Woodstock,SForsyth,495,84,0,94,184,0,589,268,0,579,278,857
Woodstock,NHall,9,1,0,2,22,0,11,23,0,10,24,34
Woodstock,Gainesville,30,4,0,7,37,0,37,41,0,34,44,78
Woodstock,SHall,27,4,0,6,4,0,33,8,0,31,10,41
Woodstock,WNewton,2,2,0,2,3,0,4,5,0,4,5,9
Woodstock,ENewton,0,0,0,0,0,0,0,0,0,0,0,0
Woodstock,NPaulding,448,74,0,182,492,0,630,566,0,522,674,1196
Woodstock,WPaulding,47,11,0,5,53,0,52,64,0,58,58,116
Woodstock,EPaulding,475,92,0,111,372,0,586,464,0,567,483,1050
Woodstock,NSpalding,1,0,0,1,0,0,2,0,0,1,1,2
Woodstock,SSpalding,2,0,0,0,0,0,2,0,0,2,0,2
Woodstock,WWalton,4,2,0,5,3,0,9,5,0,6,8,14
Woodstock,EWalton,1,1,0,1,1,0,2,2,0,2,2,4
Airport,NFulton,65,22,33,9,27,1,74,49,34,120,37,157
Airport,Roswell,65,17,37,6,8,0,71,25,37,119,14,133
Airport,SandySprings,256,72,150,23,11,3,279,83,153,478,37,515
Airport,Buckhead,576,147,381,41,80,12,617,227,393,1104,133,1237
Airport,NWAtlanta,548,108,274,95,111,29,643,219,303,930,235,1165
Airport,NEAtlanta,1221,186,680,255,271,80,1476,457,760,2087,606,2693
Airport,SWAtlanta,1593,282,496,607,887,96,2200,1169,592,2371,1590,3961
Airport,CBDAtlanta,1002,181,544,290,370,189,1292,551,733,1727,849,2576
Airport,SEAtlanta,1590,322,348,1097,1508,75,2687,1830,423,2260,2680,4940
Airport,SFulton,777,133,44,267,682,4,1044,815,48,954,953,1907
Airport,Tri-Cities,3624,695,333,4796,5523,169,8420,6218,502,4652,10488,15140
Airport,Shannon,2974,512,131,2068,4363,76,5042,4875,207,3617,6507,10124
Airport,WCherokee,6,0,0,1,1,0,7,1,0,6,2,8
Airport,NCherokee,2,1,0,1,0,0,3,1,0,3,1,4
Airport,ECentCherokee,11,6,3,5,11,0,16,17,3,20,16,36
Airport,Woodstock,44,12,7,5,12,0,49,24,7,63,17,80
Airport,Airport,4991,841,71,7518,7195,75,12509,8036,146,5903,14788,20691
Airport,NEClayton,3390,650,85,2552,3877,57,5942,4527,142,4125,6486,10611
Airport,Riverdale,3587,587,119,2973,6173,117,6560,6760,236,4293,9263,13556
Airport,SClayton,1417,272,63,369,871,7,1786,1143,70,1752,1247,2999
Airport,NWCobb,121,39,19,17,20,2,138,59,21,179,39,218
Airport,NECobb,130,34,32,14,23,0,144,57,32,196,37,233
Airport,SWCobb,171,21,18,11,46,0,182,67,18,210,57,267
Airport,Marietta,104,13,19,7,20,2,111,33,21,136,29,165
Airport,Cumberland,463,84,74,39,48,2,502,132,76,621,89,710
Airport,SCobb,600,92,105,49,85,2,649,177,107,797,136,933
Airport,Chamblee,348,89,329,30,49,12,378,138,341,766,91,857
Airport,NWDeKalb,409,85,170,47,64,34,456,149,204,664,145,809
Airport,NEDeKalb,457,86,189,25,54,3,482,140,192,732,82,814
Airport,Atlanta-DeKalb,319,56,150,54,53,10,373,109,160,525,117,642
Airport,Decatur,147,23,88,8,17,4,155,40,92,258,29,287
Airport,SWDeKalb,791,142,239,115,195,9,906,337,248,1172,319,1491
Airport,SEDeKalb,742,102,179,42,70,2,784,172,181,1023,114,1137
Airport,SDeKalb,1216,220,102,240,411,6,1456,631,108,1538,657,2195
Airport,WDouglas,269,51,16,23,132,0,292,183,16,336,155,491
Airport,EDouglas,395,68,47,50,73,0,445,141,47,510,123,633
Airport,WFayette,505,97,17,89,239,0,594,336,17,619,328,947
Airport,EFayette,856,138,12,336,754,1,1192,892,13,1006,1091,2097
Airport,NGwinnett,32,12,16,10,10,0,42,22,16,60,20,80
Airport,CentGwinnett,150,33,34,14,32,0,164,65,34,217,46,263
Airport,EGwinnett,36,11,5,3,2,0,39,13,5,52,5,57
Airport,Norcross,138,48,68,7,24,0,145,72,68,254,31,285
Airport,Lilburn,108,17,30,12,5,0,120,22,30,155,17,172
Airport,Snellville,136,28,14,8,23,0,144,51,14,178,31,209
Airport,NHenry,930,163,24,154,332,13,1084,495,37,1117,499,1616
Airport,EHenry,336,63,5,26,60,1,362,123,6,404,87,491
Airport,SHenry,816,109,21,68,105,0,884,214,21,946,173,1119
Airport,SRockdale,205,30,14,10,27,0,215,57,14,249,37,286
Airport,NRockdale,192,23,20,8,16,0,200,39,20,235,24,259
Airport,NBarrow,9,0,0,1,1,0,10,1,0,9,2,11
Airport,SBarrow,5,1,0,2,0,0,7,1,0,6,2,8
Airport,NWBartow,0,1,0,1,0,0,1,1,0,1,1,2
Airport,NEBartow,1,1,0,2,0,0,3,1,0,2,2,4
Airport,SWBartow,4,0,0,0,2,0,4,2,0,4,2,6
Airport,Cartersville,9,1,1,1,0,0,10,1,1,11,1,12
Airport,NECarroll,25,3,1,4,17,1,29,20,2,29,22,51
Airport,WCarroll,4,1,0,1,4,0,5,5,0,5,5,10
Airport,CentralCarroll,51,9,0,9,11,0,60,20,0,60,20,80
Airport,SECarroll,15,1,0,3,10,0,18,11,0,16,13,29
Airport,WCoweta,123,21,5,11,45,1,134,66,6,149,57,206
Airport,NCoweta,675,95,56,70,141,1,745,236,57,826,212,1038
Airport,SCoweta,40,3,1,8,13,0,48,16,1,44,21,65
Airport,SECoweta,89,11,0,9,36,0,98,47,0,100,45,145
Airport,NForsyth,1,1,1,2,1,0,3,2,1,3,3,6
Airport,Cumming,16,6,2,5,10,0,21,16,2,24,15,39
Airport,SForsyth,10,1,5,6,8,0,16,9,5,16,14,30
Airport,NHall,0,0,0,0,0,0,0,0,0,0,0,0
Airport,Gainesville,0,0,1,0,1,0,0,1,1,1,1,2
Airport,SHall,6,2,0,1,10,0,7,12,0,8,11,19
Airport,WNewton,218,25,10,12,51,0,230,76,10,253,63,316
Airport,ENewton,17,1,2,1,0,0,18,1,2,20,1,21
Airport,NPaulding,17,5,0,2,2,0,19,7,0,22,4,26
Airport,WPaulding,9,2,0,0,0,0,9,2,0,11,0,11
Airport,EPaulding,149,22,8,15,19,0,164,41,8,179,34,213
Airport,NSpalding,152,28,0,14,33,0,166,61,0,180,47,227
Airport,SSpalding,80,14,0,6,13,1,86,27,1,94,20,114
Airport,WWalton,47,4,1,6,6,0,53,10,1,52,12,64
Airport,EWalton,7,4,0,0,4,0,7,8,0,11,4,15
NEClayton,NFulton,149,33,8,44,52,0,193,85,8,190,96,286
NEClayton,Roswell,100,34,3,20,74,0,120,108,3,137,94,231
NEClayton,SandySprings,536,158,76,52,127,12,588,285,88,770,191,961
NEClayton,Buckhead,1053,262,90,179,510,19,1232,772,109,1405,708,2113
NEClayton,NWAtlanta,727,151,18,149,410,11,876,561,29,896,570,1466
NEClayton,NEAtlanta,2124,473,181,795,1850,99,2919,2323,280,2778,2744,5522
NEClayton,SWAtlanta,989,196,38,544,1215,52,1533,1411,90,1223,1811,3034
NEClayton,CBDAtlanta,2419,516,549,817,2210,320,3236,2726,869,3484,3347,6831
NEClayton,SEAtlanta,2700,618,49,3170,7298,133,5870,7916,182,3367,10601,13968
NEClayton,SFulton,556,103,1,194,380,2,750,483,3,660,576,1236
NEClayton,Tri-Cities,3719,740,56,2497,5104,78,6216,5844,134,4515,7679,12194
NEClayton,Shannon,1561,337,8,847,1979,16,2408,2316,24,1906,2842,4748
NEClayton,WCherokee,4,0,0,0,2,0,4,2,0,4,2,6
NEClayton,NCherokee,1,0,0,0,4,0,1,4,0,1,4,5
NEClayton,ECentCherokee,33,6,0,12,8,0,45,14,0,39,20,59
NEClayton,Woodstock,60,15,0,11,19,0,71,34,0,75,30,105
NEClayton,Airport,3227,611,84,2544,4008,54,5771,4619,138,3922,6606,10528
NEClayton,NEClayton,24823,5003,228,42388,91744,365,67211,96747,593,30054,134497,164551
NEClayton,Riverdale,4805,999,53,5677,14393,103,10482,15392,156,5857,20173,26030
NEClayton,SClayton,7438,1480,56,8939,21013,111,16377,22493,167,8974,30063,39037
NEClayton,NWCobb,170,54,1,49,37,1,219,91,2,225,87,312
NEClayton,NECobb,201,63,0,38,114,0,239,177,0,264,152,416
NEClayton,SWCobb,112,21,1,13,17,0,125,38,1,134,30,164
NEClayton,Marietta,140,46,3,35,49,8,175,95,11,189,92,281
NEClayton,Cumberland,679,179,12,81,188,1,760,367,13,870,270,1140
NEClayton,SCobb,332,76,4,61,91,0,393,167,4,412,152,564
NEClayton,Chamblee,657,171,40,103,284,8,760,455,48,868,395,1263
NEClayton,NWDeKalb,976,204,17,355,935,13,1331,1139,30,1197,1303,2500
NEClayton,NEDeKalb,801,159,13,176,454,10,977,613,23,973,640,1613
NEClayton,Atlanta-DeKalb,386,69,6,253,604,6,639,673,12,461,863,1324
NEClayton,Decatur,271,51,17,118,359,13,389,410,30,339,490,829
NEClayton,SWDeKalb,1196,213,16,690,1910,20,1886,2123,36,1425,2620,4045
NEClayton,SEDeKalb,712,146,3,262,627,4,974,773,7,861,893,1754
NEClayton,SDeKalb,3093,629,14,2709,7049,28,5802,7678,42,3736,9786,13522
NEClayton,WDouglas,184,26,0,41,56,0,225,82,0,210,97,307
NEClayton,EDouglas,280,50,0,52,80,1,332,130,1,330,133,463
NEClayton,WFayette,631,118,0,183,348,3,814,466,3,749,534,1283
NEClayton,EFayette,1369,264,4,736,1729,1,2105,1993,5,1637,2466,4103
NEClayton,NGwinnett,85,13,0,22,28,0,107,41,0,98,50,148
NEClayton,CentGwinnett,229,54,2,48,74,0,277,128,2,285,122,407
NEClayton,EGwinnett,64,11,1,11,17,0,75,28,1,76,28,104
NEClayton,Norcross,335,74,2,62,139,2,397,213,4,411,203,614
NEClayton,Lilburn,155,38,0,31,103,1,186,141,1,193,135,328
NEClayton,Snellville,208,47,0,50,110,1,258,157,1,255,161,416
NEClayton,NHenry,4894,907,10,4921,13795,24,9815,14702,34,5811,18740,24551
NEClayton,EHenry,1196,225,1,487,1361,5,1683,1586,6,1422,1853,3275
NEClayton,SHenry,2721,501,2,943,2359,7,3664,2860,9,3224,3309,6533
NEClayton,SRockdale,561,95,2,165,448,0,726,543,2,658,613,1271
NEClayton,NRockdale,329,64,0,77,176,2,406,240,2,393,255,648
NEClayton,NBarrow,8,4,0,1,4,0,9,8,0,12,5,17
NEClayton,SBarrow,11,3,0,4,5,0,15,8,0,14,9,23
NEClayton,NWBartow,3,2,0,2,0,0,5,2,0,5,2,7
NEClayton,NEBartow,0,0,0,0,2,0,0,2,0,0,2,2
NEClayton,SWBartow,2,1,0,1,1,0,3,2,0,3,2,5
NEClayton,Cartersville,13,7,0,2,23,0,15,30,0,20,25,45
NEClayton,NECarroll,24,6,0,5,2,0,29,8,0,30,7,37
NEClayton,WCarroll,2,1,0,0,4,0,2,5,0,3,4,7
NEClayton,CentralCarroll,52,9,0,11,27,0,63,36,0,61,38,99
NEClayton,SECarroll,16,1,0,5,0,0,21,1,0,17,5,22
NEClayton,WCoweta,105,15,0,10,22,0,115,37,0,120,32,152
NEClayton,NCoweta,559,87,4,81,153,5,640,240,9,650,239,889
NEClayton,SCoweta,33,5,0,13,27,0,46,32,0,38,40,78
NEClayton,SECoweta,160,38,0,40,65,0,200,103,0,198,105,303
NEClayton,NForsyth,6,0,0,6,1,0,12,1,0,6,7,13
NEClayton,Cumming,20,4,0,10,4,0,30,8,0,24,14,38
NEClayton,SForsyth,24,15,0,11,5,0,35,20,0,39,16,55
NEClayton,NHall,0,0,0,0,0,0,0,0,0,0,0,0
NEClayton,Gainesville,0,0,0,1,2,0,1,2,0,0,3,3
NEClayton,SHall,9,3,0,7,9,0,16,12,0,12,16,28
NEClayton,WNewton,541,89,0,103,127,3,644,216,3,630,233,863
NEClayton,ENewton,41,6,0,14,13,0,55,19,0,47,27,74
NEClayton,NPaulding,18,2,0,5,5,0,23,7,0,20,10,30
NEClayton,WPaulding,9,2,0,4,2,0,13,4,0,11,6,17
NEClayton,EPaulding,125,13,0,23,23,1,148,36,1,138,47,185
NEClayton,NSpalding,396,65,0,72,180,0,468,245,0,461,252,713
NEClayton,SSpalding,226,40,0,39,66,0,265,106,0,266,105,371
NEClayton,WWalton,98,10,0,19,63,1,117,73,1,108,83,191
NEClayton,EWalton,26,2,0,13,22,0,39,24,0,28,35,63
Riverdale,NFulton,99,29,3,8,16,1,107,45,4,131,25,156
Riverdale,Roswell,57,22,4,12,25,0,69,47,4,83,37,120
Riverdale,SandySprings,452,131,100,38,76,7,490,207,107,683,121,804
Riverdale,Buckhead,752,209,120,94,323,20,846,532,140,1081,437,1518
Riverdale,NWAtlanta,488,102,14,73,168,17,561,270,31,604,258,862
Riverdale,NEAtlanta,1534,370,257,350,945,131,1884,1315,388,2161,1426,3587
Riverdale,SWAtlanta,746,161,36,372,947,47,1118,1108,83,943,1366,2309
Riverdale,CBDAtlanta,1847,456,928,443,1254,340,2290,1710,1268,3231,2037,5268
Riverdale,SEAtlanta,1056,235,12,675,1990,72,1731,2225,84,1303,2737,4040
Riverdale,SFulton,391,78,2,217,492,1,608,570,3,471,710,1181
Riverdale,Tri-Cities,2393,517,35,1372,3752,51,3765,4269,86,2945,5175,8120
Riverdale,Shannon,2103,449,5,2890,8832,35,4993,9281,40,2557,11757,14314
Riverdale,WCherokee,1,0,0,1,1,0,2,1,0,1,2,3
Riverdale,NCherokee,0,0,0,0,0,0,0,0,0,0,0,0
Riverdale,ECentCherokee,2,0,0,4,6,0,6,6,0,2,10,12
Riverdale,Woodstock,23,6,0,9,11,0,32,17,0,29,20,49
Riverdale,Airport,3402,556,110,2968,6063,96,6370,6619,206,4068,9127,13195
Riverdale,NEClayton,4674,991,53,5619,14525,104,10293,15516,157,5718,20248,25966
Riverdale,Riverdale,10546,2091,86,26853,65884,408,37399,67975,494,12723,93145,105868
Riverdale,SClayton,4103,802,33,5499,14752,76,9602,15554,109,4938,20327,25265
Riverdale,NWCobb,79,24,0,25,60,8,104,84,8,103,93,196
Riverdale,NECobb,96,14,0,12,74,0,108,88,0,110,86,196
Riverdale,SWCobb,68,12,0,14,68,0,82,80,0,80,82,162
Riverdale,Marietta,126,32,5,40,46,6,166,78,11,163,92,255
Riverdale,Cumberland,663,134,25,56,132,2,719,266,27,822,190,1012
Riverdale,SCobb,293,60,1,60,130,1,353,190,2,354,191,545
Riverdale,Chamblee,450,138,63,52,141,13,502,279,76,651,206,857
Riverdale,NWDeKalb,528,134,24,99,295,11,627,429,35,686,405,1091
Riverdale,NEDeKalb,322,80,13,67,150,11,389,230,24,415,228,643
Riverdale,Atlanta-DeKalb,121,28,12,39,123,2,160,151,14,161,164,325
Riverdale,Decatur,119,23,22,32,56,7,151,79,29,164,95,259
Riverdale,SWDeKalb,299,61,6,129,293,1,428,354,7,366,423,789
Riverdale,SEDeKalb,161,32,5,56,158,2,217,190,7,198,216,414
Riverdale,SDeKalb,505,114,2,262,622,4,767,736,6,621,888,1509
Riverdale,WDouglas,121,20,0,30,123,0,151,143,0,141,153,294
Riverdale,EDouglas,122,34,0,36,187,0,158,221,0,156,223,379
Riverdale,WFayette,758,140,1,364,1096,1,1122,1236,2,899,1461,2360
Riverdale,EFayette,2360,444,2,2974,8408,4,5334,8852,6,2806,11386,14192
Riverdale,NGwinnett,19,3,0,9,6,0,28,9,0,22,15,37
Riverdale,CentGwinnett,66,24,0,19,70,0,85,94,0,90,89,179
Riverdale,EGwinnett,14,4,0,3,4,0,17,8,0,18,7,25
Riverdale,Norcross,173,53,4,24,62,0,197,115,4,230,86,316
Riverdale,Lilburn,42,6,0,8,30,0,50,36,0,48,38,86
Riverdale,Snellville,48,6,0,14,24,0,62,30,0,54,38,92
Riverdale,NHenry,813,186,2,634,1900,0,1447,2086,2,1001,2534,3535
Riverdale,EHenry,253,48,0,106,224,0,359,272,0,301,330,631
Riverdale,SHenry,890,176,2,339,1002,1,1229,1178,3,1068,1342,2410
Riverdale,SRockdale,97,14,0,30,86,0,127,100,0,111,116,227
Riverdale,NRockdale,86,20,0,18,22,0,104,42,0,106,40,146
Riverdale,NBarrow,0,0,0,1,10,0,1,10,0,0,11,11
Riverdale,SBarrow,1,0,0,0,1,0,1,1,0,1,1,2
Riverdale,NWBartow,0,0,0,0,0,0,0,0,0,0,0,0
Riverdale,NEBartow,0,0,0,0,0,0,0,0,0,0,0,0
Riverdale,SWBartow,0,0,0,1,0,0,1,0,0,0,1,1
Riverdale,Cartersville,2,2,0,0,1,0,2,3,0,4,1,5
Riverdale,NECarroll,13,5,0,2,22,0,15,27,0,18,24,42
Riverdale,WCarroll,3,0,0,3,2,0,6,2,0,3,5,8
Riverdale,CentralCarroll,27,8,0,18,74,0,45,82,0,35,92,127
Riverdale,SECarroll,5,3,0,5,17,0,10,20,0,8,22,30
Riverdale,WCoweta,59,11,0,16,71,0,75,82,0,70,87,157
Riverdale,NCoweta,422,91,2,139,273,0,561,364,2,515,412,927
Riverdale,SCoweta,31,5,0,12,26,0,43,31,0,36,38,74
Riverdale,SECoweta,118,16,0,50,130,0,168,146,0,134,180,314
Riverdale,NForsyth,0,0,0,1,3,0,1,3,0,0,4,4
Riverdale,Cumming,8,0,1,5,12,0,13,12,1,9,17,26
Riverdale,SForsyth,9,5,0,2,17,0,11,22,0,14,19,33
Riverdale,NHall,0,0,0,0,0,0,0,0,0,0,0,0
Riverdale,Gainesville,0,0,0,0,1,0,0,1,0,0,1,1
Riverdale,SHall,1,0,0,1,5,0,2,5,0,1,6,7
Riverdale,WNewton,116,26,0,37,34,0,153,60,0,142,71,213
Riverdale,ENewton,1,1,0,1,12,0,2,13,0,2,13,15
Riverdale,NPaulding,5,0,0,2,0,0,7,0,0,5,2,7
Riverdale,WPaulding,2,2,0,1,1,0,3,3,0,4,2,6
Riverdale,EPaulding,48,13,0,16,52,0,64,65,0,61,68,129
Riverdale,NSpalding,203,57,0,73,158,0,276,215,0,260,231,491
Riverdale,SSpalding,143,19,0,23,30,0,166,49,0,162,53,215
Riverdale,WWalton,18,3,0,3,14,0,21,17,0,21,17,38
Riverdale,EWalton,7,3,0,2,4,0,9,7,0,10,6,16
SClayton,NFulton,78,31,0,19,15,1,97,46,1,109,35,144
SClayton,Roswell,55,22,0,16,36,0,71,58,0,77,52,129
SClayton,SandySprings,337,102,28,43,70,7,380,172,35,467,120,587
SClayton,Buckhead,629,183,58,70,203,6,699,386,64,870,279,1149
SClayton,NWAtlanta,355,89,15,53,83,3,408,172,18,459,139,598
SClayton,NEAtlanta,976,249,85,263,679,46,1239,928,131,1310,988,2298
SClayton,SWAtlanta,446,87,7,147,377,22,593,464,29,540,546,1086
SClayton,CBDAtlanta,1283,282,374,282,687,95,1565,969,469,1939,1064,3003
SClayton,SEAtlanta,873,168,12,390,898,18,1263,1066,30,1053,1306,2359
SClayton,SFulton,293,47,0,74,129,0,367,176,0,340,203,543
SClayton,Tri-Cities,1546,334,21,429,1111,6,1975,1445,27,1901,1546,3447
SClayton,Shannon,1007,188,1,632,1541,5,1639,1729,6,1196,2178,3374
SClayton,WCherokee,4,0,0,1,0,0,5,0,0,4,1,5
SClayton,NCherokee,0,0,0,0,0,0,0,0,0,0,0,0
SClayton,ECentCherokee,7,3,0,4,7,0,11,10,0,10,11,21
SClayton,Woodstock,13,8,0,5,21,0,18,29,0,21,26,47
SClayton,Airport,1343,265,67,356,767,8,1699,1032,75,1675,1131,2806
SClayton,NEClayton,7176,1427,52,8945,21114,104,16121,22541,156,8655,30163,38818
SClayton,Riverdale,3993,805,27,5479,15063,67,9472,15868,94,4825,20609,25434
SClayton,SClayton,18205,3571,150,31547,69842,225,49752,73413,375,21926,101614,123540
SClayton,NWCobb,60,19,0,27,44,0,87,63,0,79,71,150
SClayton,NECobb,98,35,0,20,60,0,118,95,0,133,80,213
SClayton,SWCobb,39,16,0,9,15,0,48,31,0,55,24,79
SClayton,Marietta,99,42,0,24,67,1,123,109,1,141,92,233
SClayton,Cumberland,441,126,10,62,110,1,503,236,11,577,173,750
SClayton,SCobb,183,22,1,27,80,0,210,102,1,206,107,313
SClayton,Chamblee,342,111,20,52,96,1,394,207,21,473,149,622
SClayton,NWDeKalb,487,81,4,103,196,5,590,277,9,572,304,876
SClayton,NEDeKalb,356,76,2,69,130,2,425,206,4,434,201,635
SClayton,Atlanta-DeKalb,118,24,4,33,91,1,151,115,5,146,125,271
SClayton,Decatur,111,14,5,32,97,4,143,111,9,130,133,263
SClayton,SWDeKalb,311,46,2,105,263,1,416,309,3,359,369,728
SClayton,SEDeKalb,185,36,0,69,109,0,254,145,0,221,178,399
SClayton,SDeKalb,753,157,0,349,1022,3,1102,1179,3,910,1374,2284
SClayton,WDouglas,91,20,0,28,21,0,119,41,0,111,49,160
SClayton,EDouglas,117,20,0,42,67,0,159,87,0,137,109,246
SClayton,WFayette,1142,227,0,531,1166,1,1673,1393,1,1369,1698,3067
SClayton,EFayette,3253,632,9,3476,9214,6,6729,9846,15,3894,12696,16590
SClayton,NGwinnett,16,4,0,11,14,0,27,18,0,20,25,45
SClayton,CentGwinnett,95,25,1,15,38,0,110,63,1,121,53,174
SClayton,EGwinnett,11,5,0,7,7,0,18,12,0,16,14,30
SClayton,Norcross,178,42,2,23,57,0,201,99,2,222,80,302
SClayton,Lilburn,59,15,0,9,11,0,68,26,0,74,20,94
SClayton,Snellville,70,8,0,15,20,0,85,28,0,78,35,113
SClayton,NHenry,3454,725,17,4854,12507,5,8308,13232,22,4196,17366,21562
SClayton,EHenry,836,161,0,402,1190,1,1238,1351,1,997,1593,2590
SClayton,SHenry,3898,758,5,2748,7857,10,6646,8615,15,4661,10615,15276
SClayton,SRockdale,223,53,1,87,212,1,310,265,2,277,300,577
SClayton,NRockdale,194,54,0,28,98,0,222,152,0,248,126,374
SClayton,NBarrow,1,0,0,0,2,0,1,2,0,1,2,3
SClayton,SBarrow,5,0,0,1,1,0,6,1,0,5,2,7
SClayton,NWBartow,0,0,0,0,0,0,0,0,0,0,0,0
SClayton,NEBartow,0,0,0,0,0,0,0,0,0,0,0,0
SClayton,SWBartow,1,0,0,1,8,0,2,8,0,1,9,10
SClayton,Cartersville,4,0,0,2,13,0,6,13,0,4,15,19
SClayton,NECarroll,14,2,0,1,14,0,15,16,0,16,15,31
SClayton,WCarroll,0,0,0,0,0,0,0,0,0,0,0,0
SClayton,CentralCarroll,22,4,0,14,12,0,36,16,0,26,26,52
SClayton,SECarroll,2,2,0,3,5,0,5,7,0,4,8,12
SClayton,WCoweta,74,20,0,12,11,0,86,31,0,94,23,117
SClayton,NCoweta,451,87,0,105,275,1,556,362,1,538,381,919
SClayton,SCoweta,37,7,0,16,12,0,53,19,0,44,28,72
SClayton,SECoweta,183,28,0,66,150,0,249,178,0,211,216,427
SClayton,NForsyth,0,0,0,1,0,0,1,0,0,0,1,1
SClayton,Cumming,4,0,0,2,2,0,6,2,0,4,4,8
SClayton,SForsyth,12,8,0,2,2,0,14,10,0,20,4,24
SClayton,NHall,1,0,0,0,0,0,1,0,0,1,0,1
SClayton,Gainesville,0,0,0,3,0,0,3,0,0,0,3,3
SClayton,SHall,3,0,0,1,1,0,4,1,0,3,2,5
SClayton,WNewton,288,61,0,70,165,0,358,226,0,349,235,584
SClayton,ENewton,18,3,0,6,3,0,24,6,0,21,9,30
SClayton,NPaulding,2,0,0,0,2,0,2,2,0,2,2,4
SClayton,WPaulding,2,0,0,0,1,0,2,1,0,2,1,3
SClayton,EPaulding,35,7,0,15,9,0,50,16,0,42,24,66
SClayton,NSpalding,902,163,1,418,832,1,1320,995,2,1066,1251,2317
SClayton,SSpalding,433,73,0,122,304,0,555,377,0,506,426,932
SClayton,WWalton,36,1,0,10,22,0,46,23,0,37,32,69
SClayton,EWalton,15,4,0,7,22,0,22,26,0,19,29,48
NWCobb,NFulton,1715,332,5,457,904,31,2172,1236,36,2052,1392,3444
NWCobb,Roswell,1321,251,0,453,1070,27,1774,1321,27,1572,1550,3122
NWCobb,SandySprings,2195,383,22,397,812,21,2592,1195,43,2600,1230,3830
NWCobb,Buckhead,1827,352,41,373,902,22,2200,1254,63,2220,1297,3517
NWCobb,NWAtlanta,723,162,5,124,210,8,847,372,13,890,342,1232
NWCobb,NEAtlanta,1335,288,53,214,463,54,1549,751,107,1676,731,2407
NWCobb,SWAtlanta,440,77,16,139,177,25,579,254,41,533,341,874
NWCobb,CBDAtlanta,1078,258,200,144,333,19,1222,591,219,1536,496,2032
NWCobb,SEAtlanta,257,66,8,79,76,12,336,142,20,331,167,498
NWCobb,SFulton,280,44,0,66,135,1,346,179,1,324,202,526
NWCobb,Tri-Cities,339,81,13,52,115,10,391,196,23,433,177,610
NWCobb,Shannon,141,38,0,75,81,4,216,119,4,179,160,339
NWCobb,WCherokee,541,85,0,256,505,3,797,590,3,626,764,1390
NWCobb,NCherokee,180,30,0,80,161,2,260,191,2,210,243,453
NWCobb,ECentCherokee,3325,584,3,1692,3758,47,5017,4342,50,3912,5497,9409
NWCobb,Woodstock,11075,2021,32,11639,30397,224,22714,32418,256,13128,42260,55388
NWCobb,Airport,141,41,20,17,25,1,158,66,21,202,43,245
NWCobb,NEClayton,198,58,1,46,54,1,244,112,2,257,101,358
NWCobb,Riverdale,66,21,0,31,56,7,97,77,7,87,94,181
NWCobb,SClayton,64,21,0,26,46,0,90,67,0,85,72,157
NWCobb,NWCobb,68455,12713,252,116222,233899,1116,184677,246612,1368,81420,351237,432657
NWCobb,NECobb,11951,2093,38,11899,24268,274,23850,26361,312,14082,36441,50523
NWCobb,SWCobb,4316,817,3,5022,13773,37,9338,14590,40,5136,18832,23968
NWCobb,Marietta,11565,2133,94,11280,22174,204,22845,24307,298,13792,33658,47450
NWCobb,Cumberland,6892,1215,90,2170,4637,125,9062,5852,215,8197,6932,15129
NWCobb,SCobb,2232,451,9,1402,3304,24,3634,3755,33,2692,4730,7422
NWCobb,Chamblee,1252,214,22,191,326,17,1443,540,39,1488,534,2022
NWCobb,NWDeKalb,580,133,5,112,238,5,692,371,10,718,355,1073
NWCobb,NEDeKalb,364,79,2,94,127,11,458,206,13,445,232,677
NWCobb,Atlanta-DeKalb,89,20,2,23,32,3,112,52,5,111,58,169
NWCobb,Decatur,75,17,4,19,34,0,94,51,4,96,53,149
NWCobb,SWDeKalb,120,28,3,40,78,9,160,106,12,151,127,278
NWCobb,SEDeKalb,46,16,1,34,63,6,80,79,7,63,103,166
NWCobb,SDeKalb,139,38,1,60,119,3,199,157,4,178,182,360
NWCobb,WDouglas,461,83,0,125,266,5,586,349,5,544,396,940
NWCobb,EDouglas,1062,205,0,307,690,9,1369,895,9,1267,1006,2273
NWCobb,WFayette,43,10,0,30,25,0,73,35,0,53,55,108
NWCobb,EFayette,35,7,0,20,71,2,55,78,2,42,93,135
NWCobb,NGwinnett,110,12,0,74,93,3,184,105,3,122,170,292
NWCobb,CentGwinnett,323,48,1,108,122,11,431,170,12,372,241,613
NWCobb,EGwinnett,36,2,0,26,19,2,62,21,2,38,47,85
NWCobb,Norcross,628,115,1,165,186,24,793,301,25,744,375,1119
NWCobb,Lilburn,94,14,0,42,42,3,136,56,3,108,87,195
NWCobb,Snellville,74,16,0,49,38,5,123,54,5,90,92,182
NWCobb,NHenry,47,14,0,14,26,5,61,40,5,61,45,106
NWCobb,EHenry,9,1,0,10,3,0,19,4,0,10,13,23
NWCobb,SHenry,31,12,0,8,10,0,39,22,0,43,18,61
NWCobb,SRockdale,9,2,0,7,20,3,16,22,3,11,30,41
NWCobb,NRockdale,9,4,0,11,10,1,20,14,1,13,22,35
NWCobb,NBarrow,12,1,0,4,2,0,16,3,0,13,6,19
NWCobb,SBarrow,0,1,0,3,10,0,3,11,0,1,13,14
NWCobb,NWBartow,483,96,0,139,239,1,622,335,1,579,379,958
NWCobb,NEBartow,536,91,0,203,445,1,739,536,1,627,649,1276
NWCobb,SWBartow,891,178,0,371,864,1,1262,1042,1,1069,1236,2305
NWCobb,Cartersville,4830,940,2,3292,7738,14,8122,8678,16,5772,11044,16816
NWCobb,NECarroll,269,39,0,40,104,0,309,143,0,308,144,452
NWCobb,WCarroll,20,3,0,7,24,0,27,27,0,23,31,54
NWCobb,CentralCarroll,156,27,0,30,58,0,186,85,0,183,88,271
NWCobb,SECarroll,12,3,0,7,17,0,19,20,0,15,24,39
NWCobb,WCoweta,13,3,0,1,2,0,14,5,0,16,3,19
NWCobb,NCoweta,51,10,0,27,54,0,78,64,0,61,81,142
NWCobb,SCoweta,1,0,0,1,1,0,2,1,0,1,2,3
NWCobb,SECoweta,8,0,0,1,1,0,9,1,0,8,2,10
NWCobb,NForsyth,107,25,0,44,40,0,151,65,0,132,84,216
NWCobb,Cumming,291,67,0,112,173,6,403,240,6,358,291,649
NWCobb,SForsyth,255,51,1,62,112,3,317,163,4,307,177,484
NWCobb,NHall,7,2,0,6,5,0,13,7,0,9,11,20
NWCobb,Gainesville,16,1,0,8,9,0,24,10,0,17,17,34
NWCobb,SHall,12,2,0,5,14,0,17,16,0,14,19,33
NWCobb,WNewton,13,2,0,8,10,0,21,12,0,15,18,33
NWCobb,ENewton,0,0,0,0,1,0,0,1,0,0,1,1
NWCobb,NPaulding,3342,606,0,3649,10882,4,6991,11488,4,3948,14535,18483
NWCobb,WPaulding,386,63,0,141,403,0,527,466,0,449,544,993
NWCobb,EPaulding,4686,887,0,3337,9691,6,8023,10578,6,5573,13034,18607
NWCobb,NSpalding,6,1,0,2,0,0,8,1,0,7,2,9
NWCobb,SSpalding,3,0,0,1,0,0,4,0,0,3,1,4
NWCobb,WWalton,6,2,0,4,0,0,10,2,0,8,4,12
NWCobb,EWalton,3,1,0,1,0,0,4,1,0,4,1,5
NECobb,NFulton,5622,1031,7,3099,9055,8,8721,10086,15,6660,12162,18822
NECobb,Roswell,6006,1101,22,6377,16680,15,12383,17781,37,7129,23072,30201
NECobb,SandySprings,7311,1273,65,5317,11718,43,12628,12991,108,8649,17078,25727
NECobb,Buckhead,2674,443,83,978,2543,16,3652,2986,99,3200,3537,6737
NECobb,NWAtlanta,739,161,6,214,466,2,953,627,8,906,682,1588
NECobb,NEAtlanta,1573,332,99,420,1055,41,1993,1387,140,2004,1516,3520
NECobb,SWAtlanta,468,85,5,159,358,5,627,443,10,558,522,1080
NECobb,CBDAtlanta,1230,258,321,227,638,50,1457,896,371,1809,915,2724
NECobb,SEAtlanta,229,51,3,73,207,2,302,258,5,283,282,565
NECobb,SFulton,196,30,0,34,69,0,230,99,0,226,103,329
NECobb,Tri-Cities,340,104,6,45,130,0,385,234,6,450,175,625
NECobb,Shannon,154,28,1,33,105,1,187,133,2,183,139,322
NECobb,WCherokee,380,69,0,117,310,0,497,379,0,449,427,876
NECobb,NCherokee,118,18,0,47,98,0,165,116,0,136,145,281
NECobb,ECentCherokee,2713,485,0,1194,3605,0,3907,4090,0,3198,4799,7997
NECobb,Woodstock,7057,1280,0,6956,18844,1,14013,20124,1,8337,25801,34138
NECobb,Airport,145,31,32,11,21,0,156,52,32,208,32,240
NECobb,NEClayton,204,53,0,45,92,0,249,145,0,257,137,394
NECobb,Riverdale,92,18,0,20,62,0,112,80,0,110,82,192
NECobb,SClayton,105,30,0,16,52,0,121,82,0,135,68,203
NECobb,NWCobb,12405,2236,38,12039,24814,274,24444,27050,312,14679,37127,51806
NECobb,NECobb,40630,7279,13,82247,174069,35,122877,181348,48,47922,256351,304273
NECobb,SWCobb,1553,267,1,807,2182,0,2360,2449,1,1821,2989,4810
NECobb,Marietta,10958,1885,77,13193,22746,218,24151,24631,295,12920,36157,49077
NECobb,Cumberland,11414,1955,94,9213,18996,85,20627,20951,179,13463,28294,41757
NECobb,SCobb,1799,347,11,1067,2643,4,2866,2990,15,2157,3714,5871
NECobb,Chamblee,3091,549,37,1479,3624,20,4570,4173,57,3677,5123,8800
NECobb,NWDeKalb,724,138,11,200,382,1,924,520,12,873,583,1456
NECobb,NEDeKalb,726,107,1,222,547,5,948,654,6,834,774,1608
NECobb,Atlanta-DeKalb,89,18,1,23,55,0,112,73,1,108,78,186
NECobb,Decatur,71,14,5,27,17,2,98,31,7,90,46,136
NECobb,SWDeKalb,163,35,2,41,134,0,204,169,2,200,175,375
NECobb,SEDeKalb,103,27,0,38,75,0,141,102,0,130,113,243
NECobb,SDeKalb,166,34,0,41,178,0,207,212,0,200,219,419
NECobb,WDouglas,249,30,0,47,92,0,296,122,0,279,139,418
NECobb,EDouglas,500,74,0,107,264,0,607,338,0,574,371,945
NECobb,WFayette,61,5,0,12,24,0,73,29,0,66,36,102
NECobb,EFayette,66,8,0,19,50,0,85,58,0,74,69,143
NECobb,NGwinnett,367,51,0,89,155,0,456,206,0,418,244,662
NECobb,CentGwinnett,768,125,1,183,474,1,951,599,2,894,658,1552
NECobb,EGwinnett,110,13,0,16,110,0,126,123,0,123,126,249
NECobb,Norcross,1512,275,0,420,853,1,1932,1128,1,1787,1274,3061
NECobb,Lilburn,225,30,0,48,103,0,273,133,0,255,151,406
NECobb,Snellville,136,27,0,36,84,0,172,111,0,163,120,283
NECobb,NHenry,73,16,0,20,44,0,93,60,0,89,64,153
NECobb,EHenry,43,4,0,9,20,0,52,24,0,47,29,76
NECobb,SHenry,63,19,0,9,78,0,72,97,0,82,87,169
NECobb,SRockdale,23,7,0,7,30,0,30,37,0,30,37,67
NECobb,NRockdale,42,10,0,10,13,0,52,23,0,52,23,75
NECobb,NBarrow,20,5,0,10,6,0,30,11,0,25,16,41
NECobb,SBarrow,15,4,0,11,20,0,26,24,0,19,31,50
NECobb,NWBartow,163,23,0,43,120,0,206,143,0,186,163,349
NECobb,NEBartow,132,20,0,47,107,0,179,127,0,152,154,306
NECobb,SWBartow,208,47,0,78,212,0,286,259,0,255,290,545
NECobb,Cartersville,979,184,0,218,482,0,1197,666,0,1163,700,1863
NECobb,NECarroll,62,8,0,8,46,0,70,54,0,70,54,124
NECobb,WCarroll,4,1,0,3,1,0,7,2,0,5,4,9
NECobb,CentralCarroll,44,4,0,11,24,0,55,28,0,48,35,83
NECobb,SECarroll,4,1,0,1,2,0,5,3,0,5,3,8
NECobb,WCoweta,18,1,0,1,9,0,19,10,0,19,10,29
NECobb,NCoweta,62,9,0,17,22,0,79,31,0,71,39,110
NECobb,SCoweta,3,1,0,1,1,0,4,2,0,4,2,6
NECobb,SECoweta,9,1,0,3,8,0,12,9,0,10,11,21
NECobb,NForsyth,194,37,0,60,193,0,254,230,0,231,253,484
NECobb,Cumming,830,124,0,180,482,0,1010,606,0,954,662,1616
NECobb,SForsyth,722,137,1,160,392,0,882,529,1,860,552,1412
NECobb,NHall,18,5,0,6,10,0,24,15,0,23,16,39
NECobb,Gainesville,56,9,0,16,32,0,72,41,0,65,48,113
NECobb,SHall,48,3,0,13,33,0,61,36,0,51,46,97
NECobb,WNewton,38,12,0,12,10,0,50,22,0,50,22,72
NECobb,ENewton,2,0,0,0,0,0,2,0,0,2,0,2
NECobb,NPaulding,558,105,0,152,384,0,710,489,0,663,536,1199
NECobb,WPaulding,128,19,0,26,72,0,154,91,0,147,98,245
NECobb,EPaulding,1121,194,0,268,751,0,1389,945,0,1315,1019,2334
NECobb,NSpalding,7,1,0,3,4,0,10,5,0,8,7,15
NECobb,SSpalding,9,2,0,3,36,0,12,38,0,11,39,50
NECobb,WWalton,26,1,0,9,29,0,35,30,0,27,38,65
NECobb,EWalton,11,0,0,5,3,0,16,3,0,11,8,19
SWCobb,NFulton,306,48,1,58,117,0,364,165,1,355,175,530
SWCobb,Roswell,220,43,0,50,117,0,270,160,0,263,167,430
SWCobb,SandySprings,807,151,9,144,311,6,951,462,15,967,461,1428
SWCobb,Buckhead,794,154,31,209,596,9,1003,750,40,979,814,1793
SWCobb,NWAtlanta,711,120,8,203,510,6,914,630,14,839,719,1558
SWCobb,NEAtlanta,654,127,22,225,530,29,879,657,51,803,784,1587
SWCobb,SWAtlanta,706,123,5,296,867,9,1002,990,14,834,1172,2006
SWCobb,CBDAtlanta,714,122,147,175,514,48,889,636,195,983,737,1720
SWCobb,SEAtlanta,188,23,2,74,162,2,262,185,4,213,238,451
SWCobb,SFulton,528,100,2,204,463,1,732,563,3,630,668,1298
SWCobb,Tri-Cities,298,56,6,53,108,1,351,164,7,360,162,522
SWCobb,Shannon,183,38,0,44,87,0,227,125,0,221,131,352
SWCobb,WCherokee,25,3,0,13,10,0,38,13,0,28,23,51
SWCobb,NCherokee,12,2,0,3,1,0,15,3,0,14,4,18
SWCobb,ECentCherokee,210,39,0,62,146,0,272,185,0,249,208,457
SWCobb,Woodstock,461,84,0,163,487,0,624,571,0,545,650,1195
SWCobb,Airport,192,33,18,4,26,0,196,59,18,243,30,273
SWCobb,NEClayton,134,24,1,20,21,0,154,45,1,159,41,200
SWCobb,Riverdale,70,12,0,11,43,0,81,55,0,82,54,136
SWCobb,SClayton,51,10,0,8,19,0,59,29,0,61,27,88
SWCobb,NWCobb,4334,863,3,5020,13760,38,9354,14623,41,5200,18818,24018
SWCobb,NECobb,1499,275,1,781,2167,0,2280,2442,1,1775,2948,4723
SWCobb,SWCobb,9752,1977,0,23020,56829,0,32772,58806,0,11729,79849,91578
SWCobb,Marietta,3959,734,24,3725,9890,49,7684,10624,73,4717,13664,18381
SWCobb,Cumberland,3837,738,32,1468,3876,12,5305,4614,44,4607,5356,9963
SWCobb,SCobb,4631,944,24,6857,18680,52,11488,19624,76,5599,25589,31188
SWCobb,Chamblee,456,101,7,88,272,1,544,373,8,564,361,925
SWCobb,NWDeKalb,257,43,7,61,207,0,318,250,7,307,268,575
SWCobb,NEDeKalb,164,28,2,53,62,4,217,90,6,194,119,313
SWCobb,Atlanta-DeKalb,45,7,6,11,21,1,56,28,7,58,33,91
SWCobb,Decatur,40,3,3,12,22,3,52,25,6,46,37,83
SWCobb,SWDeKalb,90,23,1,28,59,2,118,82,3,114,89,203
SWCobb,SEDeKalb,32,7,1,17,50,0,49,57,1,40,67,107
SWCobb,SDeKalb,86,18,0,21,26,3,107,44,3,104,50,154
SWCobb,WDouglas,690,122,0,324,1023,0,1014,1145,0,812,1347,2159
SWCobb,EDouglas,2988,566,5,3361,7608,7,6349,8174,12,3559,10976,14535
SWCobb,WFayette,62,6,0,16,42,0,78,48,0,68,58,126
SWCobb,EFayette,40,8,0,14,13,0,54,21,0,48,27,75
SWCobb,NGwinnett,23,4,0,9,30,0,32,34,0,27,39,66
SWCobb,CentGwinnett,89,20,0,29,41,0,118,61,0,109,70,179
SWCobb,EGwinnett,10,1,0,2,4,0,12,5,0,11,6,17
SWCobb,Norcross,256,46,0,44,87,0,300,133,0,302,131,433
SWCobb,Lilburn,28,5,0,14,16,0,42,21,0,33,30,63
SWCobb,Snellville,25,4,0,6,2,0,31,6,0,29,8,37
SWCobb,NHenry,32,4,0,6,14,0,38,18,0,36,20,56
SWCobb,EHenry,3,1,0,2,1,0,5,2,0,4,3,7
SWCobb,SHenry,19,5,0,8,6,0,27,11,0,24,14,38
SWCobb,SRockdale,10,0,0,3,1,0,13,1,0,10,4,14
SWCobb,NRockdale,14,3,0,1,20,0,15,23,0,17,21,38
SWCobb,NBarrow,4,0,0,0,0,0,4,0,0,4,0,4
SWCobb,SBarrow,3,0,0,2,1,0,5,1,0,3,3,6
SWCobb,NWBartow,39,4,0,9,23,0,48,27,0,43,32,75
SWCobb,NEBartow,36,9,0,7,26,0,43,35,0,45,33,78
SWCobb,SWBartow,70,10,0,33,75,0,103,85,0,80,108,188
SWCobb,Cartersville,296,54,0,100,310,0,396,364,0,350,410,760
SWCobb,NECarroll,184,43,0,34,118,0,218,161,0,227,152,379
SWCobb,WCarroll,27,0,0,4,8,0,31,8,0,27,12,39
SWCobb,CentralCarroll,142,23,0,43,25,0,185,48,0,165,68,233
SWCobb,SECarroll,16,5,0,1,6,0,17,11,0,21,7,28
SWCobb,WCoweta,31,4,0,1,15,0,32,19,0,35,16,51
SWCobb,NCoweta,107,20,0,26,54,0,133,74,0,127,80,207
SWCobb,SCoweta,6,1,0,0,11,0,6,12,0,7,11,18
SWCobb,SECoweta,7,3,0,3,4,0,10,7,0,10,7,17
SWCobb,NForsyth,11,2,0,2,22,0,13,24,0,13,24,37
SWCobb,Cumming,40,5,0,12,40,0,52,45,0,45,52,97
SWCobb,SForsyth,62,3,0,8,30,0,70,33,0,65,38,103
SWCobb,NHall,0,0,0,1,0,0,1,0,0,0,1,1
SWCobb,Gainesville,2,0,0,2,1,0,4,1,0,2,3,5
SWCobb,SHall,2,0,0,1,1,0,3,1,0,2,2,4
SWCobb,WNewton,9,0,0,4,1,0,13,1,0,9,5,14
SWCobb,ENewton,1,0,0,0,0,0,1,0,0,1,0,1
SWCobb,NPaulding,559,122,0,355,1365,0,914,1487,0,681,1720,2401
SWCobb,WPaulding,220,50,0,91,183,0,311,233,0,270,274,544
SWCobb,EPaulding,4019,856,1,4519,13411,1,8538,14267,2,4876,17931,22807
SWCobb,NSpalding,3,0,0,0,1,0,3,1,0,3,1,4
SWCobb,SSpalding,2,0,0,1,4,0,3,4,0,2,5,7
SWCobb,WWalton,1,0,0,2,0,0,3,0,0,1,2,3
SWCobb,EWalton,0,1,0,0,0,0,0,1,0,1,0,1
Marietta,NFulton,890,142,6,241,623,16,1131,765,22,1038,880,1918
Marietta,Roswell,761,149,2,394,773,29,1155,922,31,912,1196,2108
Marietta,SandySprings,1523,292,15,758,1275,27,2281,1567,42,1830,2060,3890
Marietta,Buckhead,1485,272,49,563,987,60,2048,1259,109,1806,1610,3416
Marietta,NWAtlanta,652,117,23,330,494,23,982,611,46,792,847,1639
Marietta,NEAtlanta,981,190,76,231,520,54,1212,710,130,1247,805,2052
Marietta,SWAtlanta,542,119,15,218,333,32,760,452,47,676,583,1259
Marietta,CBDAtlanta,664,156,172,140,295,49,804,451,221,992,484,1476
Marietta,SEAtlanta,206,57,23,57,94,14,263,151,37,286,165,451
Marietta,SFulton,234,55,1,123,146,7,357,201,8,290,276,566
Marietta,Tri-Cities,256,63,17,59,84,25,315,147,42,336,168,504
Marietta,Shannon,208,27,9,77,79,14,285,106,23,244,170,414
Marietta,WCherokee,231,40,0,80,192,0,311,232,0,271,272,543
Marietta,NCherokee,73,11,0,29,54,0,102,65,0,84,83,167
Marietta,ECentCherokee,1110,183,0,385,898,3,1495,1081,3,1293,1286,2579
Marietta,Woodstock,2688,441,6,1168,2984,42,3856,3425,48,3135,4194,7329
Marietta,Airport,104,21,19,13,17,2,117,38,21,144,32,176
Marietta,NEClayton,159,46,3,34,51,8,193,97,11,208,93,301
Marietta,Riverdale,107,33,2,32,25,7,139,58,9,142,64,206
Marietta,SClayton,101,31,0,18,47,1,119,78,1,132,66,198
Marietta,NWCobb,12092,2268,99,11357,22483,199,23449,24751,298,14459,34039,48498
Marietta,NECobb,11037,1873,79,13156,22675,232,24193,24548,311,12989,36063,49052
Marietta,SWCobb,4148,795,24,3770,10041,50,7918,10836,74,4967,13861,18828
Marietta,Marietta,25531,4810,425,39931,67495,998,65462,72305,1423,30766,108424,139190
Marietta,Cumberland,12162,2100,334,10816,19684,595,22978,21784,929,14596,31095,45691
Marietta,SCobb,5949,1168,140,6373,15816,338,12322,16984,478,7257,22527,29784
Marietta,Chamblee,970,177,22,249,562,20,1219,739,42,1169,831,2000
Marietta,NWDeKalb,358,75,7,87,242,9,445,317,16,440,338,778
Marietta,NEDeKalb,307,65,9,94,152,10,401,217,19,381,256,637
Marietta,Atlanta-DeKalb,70,20,7,20,41,8,90,61,15,97,69,166
Marietta,Decatur,72,10,7,16,8,4,88,18,11,89,28,117
Marietta,SWDeKalb,144,24,12,36,52,9,180,76,21,180,97,277
Marietta,SEDeKalb,107,35,11,41,35,7,148,70,18,153,83,236
Marietta,SDeKalb,148,49,5,44,91,8,192,140,13,202,143,345
Marietta,WDouglas,423,57,0,97,199,1,520,256,1,480,297,777
Marietta,EDouglas,941,190,5,361,706,15,1302,896,20,1136,1082,2218
Marietta,WFayette,67,6,0,22,35,3,89,41,3,73,60,133
Marietta,EFayette,69,15,0,20,39,1,89,54,1,84,60,144
Marietta,NGwinnett,146,13,0,61,57,3,207,70,3,159,121,280
Marietta,CentGwinnett,297,51,1,109,74,16,406,125,17,349,199,548
Marietta,EGwinnett,67,8,0,29,40,2,96,48,2,75,71,146
Marietta,Norcross,451,83,3,164,185,24,615,268,27,537,373,910
Marietta,Lilburn,107,17,0,56,44,7,163,61,7,124,107,231
Marietta,Snellville,97,16,1,39,30,4,136,46,5,114,73,187
Marietta,NHenry,83,17,1,21,29,5,104,46,6,101,55,156
Marietta,EHenry,45,9,0,7,18,0,52,27,0,54,25,79
Marietta,SHenry,56,16,0,22,38,0,78,54,0,72,60,132
Marietta,SRockdale,40,11,0,8,21,1,48,32,1,51,30,81
Marietta,NRockdale,30,7,1,11,13,0,41,20,1,38,24,62
Marietta,NBarrow,16,1,0,4,2,0,20,3,0,17,6,23
Marietta,SBarrow,13,2,0,4,4,0,17,6,0,15,8,23
Marietta,NWBartow,123,29,0,37,56,0,160,85,0,152,93,245
Marietta,NEBartow,105,22,0,45,149,0,150,171,0,127,194,321
Marietta,SWBartow,205,45,0,62,168,0,267,213,0,250,230,480
Marietta,Cartersville,757,132,1,204,511,0,961,643,1,890,715,1605
Marietta,NECarroll,161,27,0,22,34,1,183,61,1,188,57,245
Marietta,WCarroll,10,1,0,2,1,0,12,2,0,11,3,14
Marietta,CentralCarroll,79,9,0,21,33,0,100,42,0,88,54,142
Marietta,SECarroll,11,4,0,4,1,0,15,5,0,15,5,20
Marietta,WCoweta,18,4,0,3,17,1,21,21,1,22,21,43
Marietta,NCoweta,94,17,0,31,42,2,125,59,2,111,75,186
Marietta,SCoweta,5,0,0,2,17,0,7,17,0,5,19,24
Marietta,SECoweta,10,2,0,1,4,0,11,6,0,12,5,17
Marietta,NForsyth,73,14,0,22,38,2,95,52,2,87,62,149
Marietta,Cumming,180,36,0,88,91,5,268,127,5,216,184,400
Marietta,SForsyth,139,18,0,45,39,6,184,57,6,157,90,247
Marietta,NHall,3,2,0,0,11,0,3,13,0,5,11,16
Marietta,Gainesville,11,5,0,2,6,0,13,11,0,16,8,24
Marietta,SHall,22,7,0,11,18,0,33,25,0,29,29,58
Marietta,WNewton,47,7,0,11,36,2,58,43,2,54,49,103
Marietta,ENewton,1,1,0,1,4,0,2,5,0,2,5,7
Marietta,NPaulding,838,151,0,332,870,1,1170,1021,1,989,1203,2192
Marietta,WPaulding,208,27,0,48,67,0,256,94,0,235,115,350
Marietta,EPaulding,2115,398,0,721,1932,2,2836,2330,2,2513,2655,5168
Marietta,NSpalding,14,1,0,1,1,0,15,2,0,15,2,17
Marietta,SSpalding,4,2,0,2,3,0,6,5,0,6,5,11
Marietta,WWalton,11,2,0,3,26,0,14,28,0,13,29,42
Marietta,EWalton,5,1,0,2,1,0,7,2,0,6,3,9
Cumberland,NFulton,1701,330,27,329,682,11,2030,1012,38,2058,1022,3080
Cumberland,Roswell,1717,276,18,510,1136,7,2227,1412,25,2011,1653,3664
Cumberland,SandySprings,7588,1271,137,5632,8128,88,13220,9399,225,8996,13848,22844
Cumberland,Buckhead,7931,1330,274,7280,8482,188,15211,9812,462,9535,15950,25485
Cumberland,NWAtlanta,4004,825,143,3623,5847,91,7627,6672,234,4972,9561,14533
Cumberland,NEAtlanta,4624,769,431,2023,2551,181,6647,3320,612,5824,4755,10579
Cumberland,SWAtlanta,2616,559,195,1373,2073,61,3989,2632,256,3370,3507,6877
Cumberland,CBDAtlanta,3194,646,724,1046,1428,241,4240,2074,965,4564,2715,7279
Cumberland,SEAtlanta,1109,286,126,315,550,48,1424,836,174,1521,913,2434
Cumberland,SFulton,1016,176,12,316,573,7,1332,749,19,1204,896,2100
Cumberland,Tri-Cities,1250,267,101,241,468,30,1491,735,131,1618,739,2357
Cumberland,Shannon,1044,185,24,148,257,9,1192,442,33,1253,414,1667
Cumberland,WCherokee,225,26,0,62,174,0,287,200,0,251,236,487
Cumberland,NCherokee,66,9,0,20,48,0,86,57,0,75,68,143
Cumberland,ECentCherokee,1080,189,1,226,470,0,1306,659,1,1270,696,1966
Cumberland,Woodstock,2420,437,7,513,1215,6,2933,1652,13,2864,1734,4598
Cumberland,Airport,486,83,77,34,87,2,520,170,79,646,123,769
Cumberland,NEClayton,646,156,12,76,193,3,722,349,15,814,272,1086
Cumberland,Riverdale,578,134,30,56,203,4,634,337,34,742,263,1005
Cumberland,SClayton,401,117,11,50,127,1,451,244,12,529,178,707
Cumberland,NWCobb,7012,1271,95,2172,4860,122,9184,6131,217,8378,7154,15532
Cumberland,NECobb,12035,2042,99,9419,19331,86,21454,21373,185,14176,28836,43012
Cumberland,SWCobb,3837,752,32,1419,3747,13,5256,4499,45,4621,5179,9800
Cumberland,Marietta,12325,2126,322,10741,19687,625,23066,21813,947,14773,31053,45826
Cumberland,Cumberland,75400,11435,1752,107958,127899,2180,183358,139334,3932,88587,238037,326624
Cumberland,SCobb,12962,2318,191,10898,23551,198,23860,25869,389,15471,34647,50118
Cumberland,Chamblee,4331,756,188,1556,2524,90,5887,3280,278,5275,4170,9445
Cumberland,NWDeKalb,1613,327,59,445,661,20,2058,988,79,1999,1126,3125
Cumberland,NEDeKalb,1574,263,78,303,551,12,1877,814,90,1915,866,2781
Cumberland,Atlanta-DeKalb,440,76,50,85,180,10,525,256,60,566,275,841
Cumberland,Decatur,302,59,59,43,101,18,345,160,77,420,162,582
Cumberland,SWDeKalb,761,177,71,96,324,14,857,501,85,1009,434,1443
Cumberland,SEDeKalb,600,148,43,68,149,14,668,297,57,791,231,1022
Cumberland,SDeKalb,777,184,21,119,273,5,896,457,26,982,397,1379
Cumberland,WDouglas,961,162,1,141,373,2,1102,535,3,1124,516,1640
Cumberland,EDouglas,1745,311,5,484,1124,10,2229,1435,15,2061,1618,3679
Cumberland,WFayette,299,66,1,54,94,0,353,160,1,366,148,514
Cumberland,EFayette,319,56,3,49,91,1,368,147,4,378,141,519
Cumberland,NGwinnett,623,102,0,97,186,1,720,288,1,725,284,1009
Cumberland,CentGwinnett,1278,215,15,190,314,6,1468,529,21,1508,510,2018
Cumberland,EGwinnett,285,40,1,38,75,2,323,115,3,326,115,441
Cumberland,Norcross,1724,324,19,393,797,14,2117,1121,33,2067,1204,3271
Cumberland,Lilburn,476,83,7,71,150,2,547,233,9,566,223,789
Cumberland,Snellville,380,65,5,44,44,1,424,109,6,450,89,539
Cumberland,NHenry,350,85,5,54,130,0,404,215,5,440,184,624
Cumberland,EHenry,129,43,1,21,45,0,150,88,1,173,66,239
Cumberland,SHenry,300,67,2,53,104,0,353,171,2,369,157,526
Cumberland,SRockdale,143,42,1,18,39,1,161,81,2,186,58,244
Cumberland,NRockdale,162,49,3,26,47,1,188,96,4,214,74,288
Cumberland,NBarrow,54,10,0,18,30,0,72,40,0,64,48,112
Cumberland,SBarrow,55,8,0,17,11,0,72,19,0,63,28,91
Cumberland,NWBartow,132,24,0,19,62,0,151,86,0,156,81,237
Cumberland,NEBartow,120,22,0,36,74,0,156,96,0,142,110,252
Cumberland,SWBartow,206,42,0,56,197,0,262,239,0,248,253,501
Cumberland,Cartersville,652,99,2,134,274,0,786,373,2,753,408,1161
Cumberland,NECarroll,234,40,1,42,63,0,276,103,1,275,105,380
Cumberland,WCarroll,28,2,0,6,18,0,34,20,0,30,24,54
Cumberland,CentralCarroll,173,29,0,33,53,0,206,82,0,202,86,288
Cumberland,SECarroll,24,6,0,7,10,0,31,16,0,30,17,47
Cumberland,WCoweta,94,9,0,17,19,0,111,28,0,103,36,139
Cumberland,NCoweta,475,69,4,75,114,1,550,183,5,548,190,738
Cumberland,SCoweta,25,5,0,9,13,0,34,18,0,30,22,52
Cumberland,SECoweta,58,6,0,9,32,0,67,38,0,64,41,105
Cumberland,NForsyth,134,21,0,34,61,0,168,82,0,155,95,250
Cumberland,Cumming,486,70,0,93,198,3,579,268,3,556,294,850
Cumberland,SForsyth,334,63,0,60,146,0,394,209,0,397,206,603
Cumberland,NHall,11,3,0,1,9,0,12,12,0,14,10,24
Cumberland,Gainesville,36,6,0,10,33,0,46,39,0,42,43,85
Cumberland,SHall,98,18,0,31,38,0,129,56,0,116,69,185
Cumberland,WNewton,170,40,0,22,60,0,192,100,0,210,82,292
Cumberland,ENewton,24,4,0,3,7,0,27,11,0,28,10,38
Cumberland,NPaulding,545,118,1,109,359,0,654,477,1,664,468,1132
Cumberland,WPaulding,240,41,0,49,80,0,289,121,0,281,129,410
Cumberland,EPaulding,2194,429,1,377,1027,2,2571,1456,3,2624,1406,4030
Cumberland,NSpalding,44,12,0,13,18,0,57,30,0,56,31,87
Cumberland,SSpalding,24,2,0,9,2,0,33,4,0,26,11,37
Cumberland,WWalton,68,15,0,17,47,0,85,62,0,83,64,147
Cumberland,EWalton,20,2,0,8,18,0,28,20,0,22,26,48
SCobb,NFulton,419,72,8,99,270,2,518,342,10,499,371,870
SCobb,Roswell,303,52,5,79,185,2,382,237,7,360,266,626
SCobb,SandySprings,1892,346,62,527,1239,26,2419,1585,88,2300,1792,4092
SCobb,Buckhead,2490,437,158,1137,2693,35,3627,3130,193,3085,3865,6950
SCobb,NWAtlanta,2645,486,47,2211,4902,57,4856,5388,104,3178,7170,10348
SCobb,NEAtlanta,2576,458,224,952,2357,156,3528,2815,380,3258,3465,6723
SCobb,SWAtlanta,2966,586,73,3265,7113,92,6231,7699,165,3625,10470,14095
SCobb,CBDAtlanta,2831,518,841,779,1955,270,3610,2473,1111,4190,3004,7194
SCobb,SEAtlanta,785,162,33,360,776,23,1145,938,56,980,1159,2139
SCobb,SFulton,1455,294,5,1118,2645,6,2573,2939,11,1754,3769,5523
SCobb,Tri-Cities,1042,185,21,279,721,10,1321,906,31,1248,1010,2258
SCobb,Shannon,620,103,2,194,511,0,814,614,2,725,705,1430
SCobb,WCherokee,37,6,0,11,30,0,48,36,0,43,41,84
SCobb,NCherokee,11,5,0,11,16,0,22,21,0,16,27,43
SCobb,ECentCherokee,206,48,0,48,180,0,254,228,0,254,228,482
SCobb,Woodstock,481,76,2,148,392,0,629,468,2,559,540,1099
SCobb,Airport,684,99,115,62,113,1,746,212,116,898,176,1074
SCobb,NEClayton,351,80,3,72,97,1,423,177,4,434,170,604
SCobb,Riverdale,281,68,2,58,162,1,339,230,3,351,221,572
SCobb,SClayton,170,29,1,27,60,0,197,89,1,200,87,287
SCobb,NWCobb,2303,507,11,1347,3173,30,3650,3680,41,2821,4550,7371
SCobb,NECobb,1819,312,10,1092,2613,4,2911,2925,14,2141,3709,5850
SCobb,SWCobb,5152,994,25,6860,19242,59,12012,20236,84,6171,26161,32332
SCobb,Marietta,5876,1168,131,6394,15891,324,12270,17059,455,7175,22609,29784
SCobb,Cumberland,12190,2138,191,10809,23025,185,22999,25163,376,14519,34019,48538
SCobb,SCobb,23573,4579,241,50983,115062,772,74556,119641,1013,28393,166817,195210
SCobb,Chamblee,1273,273,55,258,607,11,1531,880,66,1601,876,2477
SCobb,NWDeKalb,819,155,27,227,398,9,1046,553,36,1001,634,1635
SCobb,NEDeKalb,455,112,20,108,227,13,563,339,33,587,348,935
SCobb,Atlanta-DeKalb,193,42,17,61,261,6,254,303,23,252,328,580
SCobb,Decatur,187,21,35,34,62,10,221,83,45,243,106,349
SCobb,SWDeKalb,356,66,24,86,206,5,442,272,29,446,297,743
SCobb,SEDeKalb,196,49,9,39,121,3,235,170,12,254,163,417
SCobb,SDeKalb,361,70,3,78,223,1,439,293,4,434,302,736
SCobb,WDouglas,1247,256,1,516,1432,1,1763,1688,2,1504,1949,3453
SCobb,EDouglas,4643,874,16,5732,12850,38,10375,13724,54,5533,18620,24153
SCobb,WFayette,179,26,0,48,144,0,227,170,0,205,192,397
SCobb,EFayette,175,31,0,52,98,0,227,129,0,206,150,356
SCobb,NGwinnett,109,23,0,36,59,0,145,82,0,132,95,227
SCobb,CentGwinnett,245,40,1,54,148,0,299,188,1,286,202,488
SCobb,EGwinnett,46,6,0,13,29,1,59,35,1,52,43,95
SCobb,Norcross,480,90,8,84,146,0,564,236,8,578,230,808
SCobb,Lilburn,96,19,0,19,40,0,115,59,0,115,59,174
SCobb,Snellville,79,10,1,19,33,0,98,43,1,90,52,142
SCobb,NHenry,125,24,0,16,86,0,141,110,0,149,102,251
SCobb,EHenry,70,9,0,9,67,0,79,76,0,79,76,155
SCobb,SHenry,113,15,0,20,101,0,133,116,0,128,121,249
SCobb,SRockdale,56,12,0,9,31,0,65,43,0,68,40,108
SCobb,NRockdale,66,13,0,12,34,1,78,47,1,79,47,126
SCobb,NBarrow,10,1,0,2,2,0,12,3,0,11,4,15
SCobb,SBarrow,8,2,0,1,10,0,9,12,0,10,11,21
SCobb,NWBartow,21,5,0,12,42,0,33,47,0,26,54,80
SCobb,NEBartow,29,6,0,17,28,0,46,34,0,35,45,80
SCobb,SWBartow,46,8,0,26,64,0,72,72,0,54,90,144
SCobb,Cartersville,170,36,0,51,117,0,221,153,0,206,168,374
SCobb,NECarroll,320,58,0,52,138,0,372,196,0,378,190,568
SCobb,WCarroll,42,4,0,10,21,0,52,25,0,46,31,77
SCobb,CentralCarroll,206,30,0,35,72,0,241,102,0,236,107,343
SCobb,SECarroll,31,6,0,15,23,0,46,29,0,37,38,75
SCobb,WCoweta,66,16,0,11,27,0,77,43,0,82,38,120
SCobb,NCoweta,295,53,0,59,102,1,354,155,1,348,162,510
SCobb,SCoweta,20,3,0,4,9,0,24,12,0,23,13,36
SCobb,SECoweta,31,6,0,12,25,0,43,31,0,37,37,74
SCobb,NForsyth,16,3,0,8,14,0,24,17,0,19,22,41
SCobb,Cumming,55,14,0,24,47,0,79,61,0,69,71,140
SCobb,SForsyth,61,9,0,18,30,0,79,39,0,70,48,118
SCobb,NHall,0,0,0,0,4,0,0,4,0,0,4,4
SCobb,Gainesville,5,1,0,2,3,0,7,4,0,6,5,11
SCobb,SHall,10,5,0,7,14,0,17,19,0,15,21,36
SCobb,WNewton,78,14,1,18,25,0,96,39,1,93,43,136
SCobb,ENewton,2,2,0,3,5,0,5,7,0,4,8,12
SCobb,NPaulding,401,79,0,149,347,0,550,426,0,480,496,976
SCobb,WPaulding,213,45,0,73,205,0,286,250,0,258,278,536
SCobb,EPaulding,2223,444,1,1047,3336,0,3270,3780,1,2668,4383,7051
SCobb,NSpalding,20,7,0,3,9,0,23,16,0,27,12,39
SCobb,SSpalding,13,1,0,7,6,0,20,7,0,14,13,27
SCobb,WWalton,23,2,0,4,8,0,27,10,0,25,12,37
SCobb,EWalton,4,1,0,5,6,0,9,7,0,5,11,16
Chamblee,NFulton,4615,842,179,1497,4012,49,6112,4854,228,5636,5558,11194
Chamblee,Roswell,4096,714,111,2328,6169,66,6424,6883,177,4921,8563,13484
Chamblee,SandySprings,18351,3128,671,24208,33352,566,42559,36480,1237,22150,58126,80276
Chamblee,Buckhead,11053,1833,969,10580,18220,873,21633,20053,1842,13855,29673,43528
Chamblee,NWAtlanta,1704,357,268,569,1033,109,2273,1390,377,2329,1711,4040
Chamblee,NEAtlanta,6131,1053,1548,3188,6158,713,9319,7211,2261,8732,10059,18791
Chamblee,SWAtlanta,1311,305,441,241,534,154,1552,839,595,2057,929,2986
Chamblee,CBDAtlanta,3284,735,3098,783,1979,1044,4067,2714,4142,7117,3806,10923
Chamblee,SEAtlanta,1108,333,356,247,664,144,1355,997,500,1797,1055,2852
Chamblee,SFulton,363,76,26,53,116,4,416,192,30,465,173,638
Chamblee,Tri-Cities,964,257,271,103,223,47,1067,480,318,1492,373,1865
Chamblee,Shannon,500,138,76,66,126,15,566,264,91,714,207,921
Chamblee,WCherokee,51,10,0,24,42,0,75,52,0,61,66,127
Chamblee,NCherokee,29,3,0,12,9,0,41,12,0,32,21,53
Chamblee,ECentCherokee,583,94,1,165,430,4,748,524,5,678,599,1277
Chamblee,Woodstock,739,130,7,150,354,2,889,484,9,876,506,1382
Chamblee,Airport,327,105,326,29,35,9,356,140,335,758,73,831
Chamblee,NEClayton,636,191,45,100,306,6,736,497,51,872,412,1284
Chamblee,Riverdale,393,142,64,45,147,10,438,289,74,599,202,801
Chamblee,SClayton,329,111,21,51,120,2,380,231,23,461,173,634
Chamblee,NWCobb,1203,217,23,199,430,20,1402,647,43,1443,649,2092
Chamblee,NECobb,3196,586,36,1469,3628,20,4665,4214,56,3818,5117,8935
Chamblee,SWCobb,446,104,7,90,207,1,536,311,8,557,298,855
Chamblee,Marietta,1020,195,27,269,459,26,1289,654,53,1242,754,1996
Chamblee,Cumberland,4331,777,183,1539,2599,103,5870,3376,286,5291,4241,9532
Chamblee,SCobb,1203,265,49,259,608,9,1462,873,58,1517,876,2393
Chamblee,Chamblee,40991,7366,1339,71811,125377,2183,112802,132743,3522,49696,199371,249067
Chamblee,NWDeKalb,7116,1327,340,7390,15163,507,14506,16490,847,8783,23060,31843
Chamblee,NEDeKalb,8728,1659,181,9637,19710,180,18365,21369,361,10568,29527,40095
Chamblee,Atlanta-DeKalb,710,111,117,321,577,34,1031,688,151,938,932,1870
Chamblee,Decatur,820,141,109,492,985,67,1312,1126,176,1070,1544,2614
Chamblee,SWDeKalb,1689,304,221,572,1574,78,2261,1878,299,2214,2224,4438
Chamblee,SEDeKalb,1816,357,93,392,1116,51,2208,1473,144,2266,1559,3825
Chamblee,SDeKalb,1472,240,63,312,631,14,1784,871,77,1775,957,2732
Chamblee,WDouglas,237,44,9,36,59,2,273,103,11,290,97,387
Chamblee,EDouglas,337,67,21,60,192,1,397,259,22,425,253,678
Chamblee,WFayette,100,34,5,27,80,0,127,114,5,139,107,246
Chamblee,EFayette,140,44,9,33,44,5,173,88,14,193,82,275
Chamblee,NGwinnett,2466,374,20,475,1041,12,2941,1415,32,2860,1528,4388
Chamblee,CentGwinnett,5840,971,64,1849,4105,79,7689,5076,143,6875,6033,12908
Chamblee,EGwinnett,998,169,2,184,439,7,1182,608,9,1169,630,1799
Chamblee,Norcross,11074,2113,192,11095,23733,205,22169,25846,397,13379,35033,48412
Chamblee,Lilburn,2024,355,22,960,2399,24,2984,2754,46,2401,3383,5784
Chamblee,Snellville,1332,239,10,285,521,11,1617,760,21,1581,817,2398
Chamblee,NHenry,404,57,18,71,164,4,475,221,22,479,239,718
Chamblee,EHenry,218,31,4,46,77,3,264,108,7,253,126,379
Chamblee,SHenry,254,48,5,60,62,2,314,110,7,307,124,431
Chamblee,SRockdale,290,48,4,45,72,2,335,120,6,342,119,461
Chamblee,NRockdale,384,53,4,60,98,3,444,151,7,441,161,602
Chamblee,NBarrow,235,20,0,54,56,1,289,76,1,255,111,366
Chamblee,SBarrow,193,27,0,51,61,0,244,88,0,220,112,332
Chamblee,NWBartow,20,2,0,6,8,0,26,10,0,22,14,36
Chamblee,NEBartow,25,6,0,5,48,0,30,54,0,31,53,84
Chamblee,SWBartow,45,5,0,11,55,0,56,60,0,50,66,116
Chamblee,Cartersville,134,21,2,34,30,0,168,51,2,157,64,221
Chamblee,NECarroll,45,6,0,11,23,0,56,29,0,51,34,85
Chamblee,WCarroll,0,0,0,3,3,0,3,3,0,0,6,6
Chamblee,CentralCarroll,20,5,0,4,3,0,24,8,0,25,7,32
Chamblee,SECarroll,2,0,0,0,1,0,2,1,0,2,1,3
Chamblee,WCoweta,18,5,0,4,3,0,22,8,0,23,7,30
Chamblee,NCoweta,127,31,7,39,52,1,166,83,8,165,92,257
Chamblee,SCoweta,7,3,0,1,19,0,8,22,0,10,20,30
Chamblee,SECoweta,18,5,1,7,20,0,25,25,1,24,27,51
Chamblee,NForsyth,254,46,0,56,239,0,310,285,0,300,295,595
Chamblee,Cumming,800,149,9,189,397,6,989,546,15,958,592,1550
Chamblee,SForsyth,828,162,5,236,578,7,1064,740,12,995,821,1816
Chamblee,NHall,45,6,0,9,52,0,54,58,0,51,61,112
Chamblee,Gainesville,139,27,0,42,109,0,181,136,0,166,151,317
Chamblee,SHall,400,55,1,78,152,1,478,207,2,456,231,687
Chamblee,WNewton,354,57,6,72,154,1,426,211,7,417,227,644
Chamblee,ENewton,24,5,0,12,11,0,36,16,0,29,23,52
Chamblee,NPaulding,99,16,0,22,110,0,121,126,0,115,132,247
Chamblee,WPaulding,35,3,0,8,48,0,43,51,0,38,56,94
Chamblee,EPaulding,361,70,3,55,144,2,416,214,5,434,201,635
Chamblee,NSpalding,31,6,1,10,10,0,41,16,1,38,20,58
Chamblee,SSpalding,8,2,0,6,1,0,14,3,0,10,7,17
Chamblee,WWalton,246,46,0,57,134,0,303,180,0,292,191,483
Chamblee,EWalton,106,15,0,36,35,0,142,50,0,121,71,192
NWDeKalb,NFulton,1063,196,41,173,586,18,1236,782,59,1300,777,2077
NWDeKalb,Roswell,818,140,38,212,595,27,1030,735,65,996,834,1830
NWDeKalb,SandySprings,2980,488,229,1056,1464,85,4036,1952,314,3697,2605,6302
NWDeKalb,Buckhead,6010,866,284,6074,8573,291,12084,9439,575,7160,14938,22098
NWDeKalb,NWAtlanta,1314,271,150,815,1203,92,2129,1474,242,1735,2110,3845
NWDeKalb,NEAtlanta,7548,1209,556,9142,9894,461,16690,11103,1017,9313,19497,28810
NWDeKalb,SWAtlanta,1462,260,207,538,1039,135,2000,1299,342,1929,1712,3641
NWDeKalb,CBDAtlanta,3499,584,1087,2075,2653,658,5574,3237,1745,5170,5386,10556
NWDeKalb,SEAtlanta,1540,308,162,1026,2112,132,2566,2420,294,2010,3270,5280
NWDeKalb,SFulton,320,72,8,98,147,5,418,219,13,400,250,650
NWDeKalb,Tri-Cities,1093,231,135,236,478,50,1329,709,185,1459,764,2223
NWDeKalb,Shannon,640,135,35,117,240,17,757,375,52,810,374,1184
NWDeKalb,WCherokee,18,5,0,7,36,0,25,41,0,23,43,66
NWDeKalb,NCherokee,7,1,0,7,29,0,14,30,0,8,36,44
NWDeKalb,ECentCherokee,131,23,0,52,154,1,183,177,1,154,207,361
NWDeKalb,Woodstock,235,55,4,49,143,1,284,198,5,294,193,487
NWDeKalb,Airport,414,66,184,52,80,9,466,146,193,664,141,805
NWDeKalb,NEClayton,1013,174,22,330,860,15,1343,1034,37,1209,1205,2414
NWDeKalb,Riverdale,516,108,24,99,316,15,615,424,39,648,430,1078
NWDeKalb,SClayton,427,81,4,82,123,5,509,204,9,512,210,722
NWDeKalb,NWCobb,510,119,5,111,310,6,621,429,11,634,427,1061
NWDeKalb,NECobb,679,137,10,198,368,1,877,505,11,826,567,1393
NWDeKalb,SWCobb,249,42,7,57,220,0,306,262,7,298,277,575
NWDeKalb,Marietta,323,72,5,91,254,10,414,326,15,400,355,755
NWDeKalb,Cumberland,1577,334,56,429,720,20,2006,1054,76,1967,1169,3136
NWDeKalb,SCobb,731,143,24,229,423,9,960,566,33,898,661,1559
NWDeKalb,Chamblee,7225,1270,354,7403,15673,466,14628,16943,820,8849,23542,32391
NWDeKalb,NWDeKalb,27449,4348,1918,40465,52046,2597,67914,56394,4515,33715,95108,128823
NWDeKalb,NEDeKalb,10043,1743,427,10248,22365,682,20291,24108,1109,12213,33295,45508
NWDeKalb,Atlanta-DeKalb,1987,319,100,3042,4834,157,5029,5153,257,2406,8033,10439
NWDeKalb,Decatur,3503,596,248,6233,7929,387,9736,8525,635,4347,14549,18896
NWDeKalb,SWDeKalb,4342,854,308,5545,11567,416,9887,12421,724,5504,17528,23032
NWDeKalb,SEDeKalb,3761,672,134,2196,6823,235,5957,7495,369,4567,9254,13821
NWDeKalb,SDeKalb,2761,598,78,1487,3362,83,4248,3960,161,3437,4932,8369
NWDeKalb,WDouglas,228,49,0,56,179,2,284,228,2,277,237,514
NWDeKalb,EDouglas,377,66,8,86,177,4,463,243,12,451,267,718
NWDeKalb,WFayette,128,33,5,38,72,4,166,105,9,166,114,280
NWDeKalb,EFayette,182,49,1,55,91,1,237,140,2,232,147,379
NWDeKalb,NGwinnett,995,139,4,206,528,18,1201,667,22,1138,752,1890
NWDeKalb,CentGwinnett,2145,392,10,603,1909,50,2748,2301,60,2547,2562,5109
NWDeKalb,EGwinnett,543,92,1,133,405,11,676,497,12,636,549,1185
NWDeKalb,Norcross,2775,548,39,1439,4544,146,4214,5092,185,3362,6129,9491
NWDeKalb,Lilburn,1621,301,27,892,3023,78,2513,3324,105,1949,3993,5942
NWDeKalb,Snellville,1454,303,6,543,2226,47,1997,2529,53,1763,2816,4579
NWDeKalb,NHenry,656,120,3,249,490,15,905,610,18,779,754,1533
NWDeKalb,EHenry,340,62,0,75,203,2,415,265,2,402,280,682
NWDeKalb,SHenry,435,71,1,99,162,3,534,233,4,507,264,771
NWDeKalb,SRockdale,380,76,1,117,330,3,497,406,4,457,450,907
NWDeKalb,NRockdale,408,75,5,75,277,3,483,352,8,488,355,843
NWDeKalb,NBarrow,78,22,0,26,117,1,104,139,1,100,144,244
NWDeKalb,SBarrow,73,12,0,28,75,0,101,87,0,85,103,188
NWDeKalb,NWBartow,7,1,0,1,16,0,8,17,0,8,17,25
NWDeKalb,NEBartow,7,4,0,6,29,0,13,33,0,11,35,46
NWDeKalb,SWBartow,24,2,0,5,51,0,29,53,0,26,56,82
NWDeKalb,Cartersville,57,15,0,18,51,0,75,66,0,72,69,141
NWDeKalb,NECarroll,38,10,0,19,47,0,57,57,0,48,66,114
NWDeKalb,WCarroll,2,0,0,3,1,0,5,1,0,2,4,6
NWDeKalb,CentralCarroll,29,5,0,14,62,0,43,67,0,34,76,110
NWDeKalb,SECarroll,0,0,0,0,2,0,0,2,0,0,2,2
NWDeKalb,WCoweta,28,6,0,5,20,0,33,26,0,34,25,59
NWDeKalb,NCoweta,201,53,3,65,72,0,266,125,3,257,137,394
NWDeKalb,SCoweta,8,1,0,8,13,0,16,14,0,9,21,30
NWDeKalb,SECoweta,25,4,0,4,38,0,29,42,0,29,42,71
NWDeKalb,NForsyth,49,10,0,26,88,0,75,98,0,59,114,173
NWDeKalb,Cumming,182,20,1,55,219,5,237,239,6,203,279,482
NWDeKalb,SForsyth,197,44,1,60,158,6,257,202,7,242,224,466
NWDeKalb,NHall,12,3,0,7,12,0,19,15,0,15,19,34
NWDeKalb,Gainesville,46,9,1,13,38,0,59,47,1,56,51,107
NWDeKalb,SHall,164,29,0,42,112,1,206,141,1,193,155,348
NWDeKalb,WNewton,573,105,14,107,249,9,680,354,23,692,365,1057
NWDeKalb,ENewton,59,13,1,12,43,1,71,56,2,73,56,129
NWDeKalb,NPaulding,51,11,2,20,55,0,71,66,2,64,75,139
NWDeKalb,WPaulding,13,3,0,11,22,0,24,25,0,16,33,49
NWDeKalb,EPaulding,214,35,2,49,146,0,263,181,2,251,195,446
NWDeKalb,NSpalding,50,8,0,16,17,1,66,25,1,58,34,92
NWDeKalb,SSpalding,27,7,0,12,32,0,39,39,0,34,44,78
NWDeKalb,WWalton,245,52,0,87,285,1,332,337,1,297,373,670
NWDeKalb,EWalton,93,10,0,30,66,0,123,76,0,103,96,199
NEDeKalb,NFulton,1383,275,45,379,885,14,1762,1160,59,1703,1278,2981
NEDeKalb,Roswell,1085,181,8,414,937,12,1499,1118,20,1274,1363,2637
NEDeKalb,SandySprings,3701,719,177,1458,2354,57,5159,3073,234,4597,3869,8466
NEDeKalb,Buckhead,4005,717,349,1526,3151,176,5531,3868,525,5071,4853,9924
NEDeKalb,NWAtlanta,1068,204,130,218,438,53,1286,642,183,1402,709,2111
NEDeKalb,NEAtlanta,4331,724,723,1748,2618,416,6079,3342,1139,5778,4782,10560
NEDeKalb,SWAtlanta,924,179,156,223,333,116,1147,512,272,1259,672,1931
NEDeKalb,CBDAtlanta,3454,592,2262,698,1498,779,4152,2090,3041,6308,2975,9283
NEDeKalb,SEAtlanta,1004,189,108,315,671,86,1319,860,194,1301,1072,2373
NEDeKalb,SFulton,202,34,6,50,89,6,252,123,12,242,145,387
NEDeKalb,Tri-Cities,790,191,107,91,208,45,881,399,152,1088,344,1432
NEDeKalb,Shannon,383,66,18,74,125,19,457,191,37,467,218,685
NEDeKalb,WCherokee,15,0,0,2,9,0,17,9,0,15,11,26
NEDeKalb,NCherokee,1,4,0,4,5,0,5,9,0,5,9,14
NEDeKalb,ECentCherokee,123,33,0,59,68,0,182,101,0,156,127,283
NEDeKalb,Woodstock,180,35,3,50,72,0,230,107,3,218,122,340
NEDeKalb,Airport,487,81,195,25,37,5,512,118,200,763,67,830
NEDeKalb,NEClayton,837,165,12,209,405,11,1046,570,23,1014,625,1639
NEDeKalb,Riverdale,314,77,8,62,156,12,376,233,20,399,230,629
NEDeKalb,SClayton,325,69,2,81,158,2,406,227,4,396,241,637
NEDeKalb,NWCobb,366,48,3,93,94,11,459,142,14,417,198,615
NEDeKalb,NECobb,689,127,1,226,474,5,915,601,6,817,705,1522
NEDeKalb,SWCobb,156,25,1,51,74,3,207,99,4,182,128,310
NEDeKalb,Marietta,322,69,8,99,94,10,421,163,18,399,203,602
NEDeKalb,Cumberland,1548,276,73,302,469,16,1850,745,89,1897,787,2684
NEDeKalb,SCobb,449,85,18,102,139,12,551,224,30,552,253,805
NEDeKalb,Chamblee,8548,1592,173,9653,19669,187,18201,21261,360,10313,29509,39822
NEDeKalb,NWDeKalb,9422,1613,416,10069,21979,654,19491,23592,1070,11451,32702,44153
NEDeKalb,NEDeKalb,36421,6792,1056,66386,120768,2160,102807,127560,3216,44269,189314,233583
NEDeKalb,Atlanta-DeKalb,798,138,48,585,1261,74,1383,1399,122,984,1920,2904
NEDeKalb,Decatur,1425,242,78,1444,3285,189,2869,3527,267,1745,4918,6663
NEDeKalb,SWDeKalb,3641,761,165,4770,11651,369,8411,12412,534,4567,16790,21357
NEDeKalb,SEDeKalb,5792,1173,112,6733,19134,329,12525,20307,441,7077,26196,33273
NEDeKalb,SDeKalb,2548,496,32,1502,3571,65,4050,4067,97,3076,5138,8214
NEDeKalb,WDouglas,104,25,1,38,55,2,142,80,3,130,95,225
NEDeKalb,EDouglas,203,46,2,39,83,5,242,129,7,251,127,378
NEDeKalb,WFayette,104,12,0,29,39,1,133,51,1,116,69,185
NEDeKalb,EFayette,133,20,1,46,132,0,179,152,1,154,178,332
NEDeKalb,NGwinnett,1842,284,2,421,816,12,2263,1100,14,2128,1249,3377
NEDeKalb,CentGwinnett,5063,919,13,2297,6021,50,7360,6940,63,5995,8368,14363
NEDeKalb,EGwinnett,1161,227,1,320,733,9,1481,960,10,1389,1062,2451
NEDeKalb,Norcross,8375,1638,73,9160,22349,109,17535,23987,182,10086,31618,41704
NEDeKalb,Lilburn,6509,1207,61,7576,19430,93,14085,20637,154,7777,27099,34876
NEDeKalb,Snellville,3668,715,13,2170,6783,53,5838,7498,66,4396,9006,13402
NEDeKalb,NHenry,674,133,3,252,496,5,926,629,8,810,753,1563
NEDeKalb,EHenry,338,86,1,120,322,1,458,408,2,425,443,868
NEDeKalb,SHenry,399,53,0,111,211,4,510,264,4,452,326,778
NEDeKalb,SRockdale,506,101,2,161,495,3,667,596,5,609,659,1268
NEDeKalb,NRockdale,754,166,3,234,549,1,988,715,4,923,784,1707
NEDeKalb,NBarrow,227,38,0,35,117,1,262,155,1,265,153,418
NEDeKalb,SBarrow,167,33,0,45,77,0,212,110,0,200,122,322
NEDeKalb,NWBartow,6,1,0,2,3,0,8,4,0,7,5,12
NEDeKalb,NEBartow,4,0,0,0,18,0,4,18,0,4,18,22
NEDeKalb,SWBartow,7,2,0,7,19,0,14,21,0,9,26,35
NEDeKalb,Cartersville,29,9,0,12,15,0,41,24,0,38,27,65
NEDeKalb,NECarroll,13,3,0,12,19,0,25,22,0,16,31,47
NEDeKalb,WCarroll,0,0,0,2,16,0,2,16,0,0,18,18
NEDeKalb,CentralCarroll,7,2,0,4,16,0,11,18,0,9,20,29
NEDeKalb,SECarroll,1,0,0,1,1,0,2,1,0,1,2,3
NEDeKalb,WCoweta,12,3,0,4,40,1,16,43,1,15,45,60
NEDeKalb,NCoweta,95,22,1,48,42,1,143,64,2,118,91,209
NEDeKalb,SCoweta,9,1,0,1,4,0,10,5,0,10,5,15
NEDeKalb,SECoweta,11,2,0,5,8,0,16,10,0,13,13,26
NEDeKalb,NForsyth,45,8,0,23,51,0,68,59,0,53,74,127
NEDeKalb,Cumming,240,39,0,62,166,2,302,205,2,279,230,509
NEDeKalb,SForsyth,347,66,0,87,213,2,434,279,2,413,302,715
NEDeKalb,NHall,48,4,0,15,34,0,63,38,0,52,49,101
NEDeKalb,Gainesville,146,22,0,42,50,0,188,72,0,168,92,260
NEDeKalb,SHall,391,50,1,59,161,0,450,211,1,442,220,662
NEDeKalb,WNewton,777,132,0,162,369,6,939,501,6,909,537,1446
NEDeKalb,ENewton,67,13,0,20,77,0,87,90,0,80,97,177
NEDeKalb,NPaulding,39,9,0,11,55,0,50,64,0,48,66,114
NEDeKalb,WPaulding,13,0,0,4,15,0,17,15,0,13,19,32
NEDeKalb,EPaulding,143,14,0,36,54,1,179,68,1,157,91,248
NEDeKalb,NSpalding,35,5,0,18,56,0,53,61,0,40,74,114
NEDeKalb,SSpalding,24,3,0,6,1,0,30,4,0,27,7,34
NEDeKalb,WWalton,663,128,0,195,560,3,858,688,3,791,758,1549
NEDeKalb,EWalton,226,33,0,71,114,0,297,147,0,259,185,444
Atlanta-DeKalb,NFulton,145,25,19,26,42,7,171,67,26,189,75,264
Atlanta-DeKalb,Roswell,89,9,8,18,37,5,107,46,13,106,60,166
Atlanta-DeKalb,SandySprings,523,90,152,92,163,24,615,253,176,765,279,1044
Atlanta-DeKalb,Buckhead,956,165,155,550,935,94,1506,1100,249,1276,1579,2855
Atlanta-DeKalb,NWAtlanta,423,66,58,283,644,67,706,710,125,547,994,1541
Atlanta-DeKalb,NEAtlanta,2437,391,284,4090,5416,274,6527,5807,558,3112,9780,12892
Atlanta-DeKalb,SWAtlanta,574,102,73,359,859,126,933,961,199,749,1344,2093
Atlanta-DeKalb,CBDAtlanta,2061,320,661,1944,3229,497,4005,3549,1158,3042,5670,8712
Atlanta-DeKalb,SEAtlanta,890,202,57,1709,3383,125,2599,3585,182,1149,5217,6366
Atlanta-DeKalb,SFulton,90,15,5,40,87,1,130,102,6,110,128,238
Atlanta-DeKalb,Tri-Cities,435,99,83,177,480,74,612,579,157,617,731,1348
Atlanta-DeKalb,Shannon,179,31,23,45,148,5,224,179,28,233,198,431
Atlanta-DeKalb,WCherokee,5,0,0,2,2,0,7,2,0,5,4,9
Atlanta-DeKalb,NCherokee,1,0,0,2,2,0,3,2,0,1,4,5
Atlanta-DeKalb,ECentCherokee,10,2,0,8,14,0,18,16,0,12,22,34
Atlanta-DeKalb,Woodstock,29,1,0,7,85,0,36,86,0,30,92,122
Atlanta-DeKalb,Airport,318,68,151,50,54,7,368,122,158,537,111,648
Atlanta-DeKalb,NEClayton,395,79,9,271,685,10,666,764,19,483,966,1449
Atlanta-DeKalb,Riverdale,138,30,14,47,133,2,185,163,16,182,182,364
Atlanta-DeKalb,SClayton,127,25,5,34,116,1,161,141,6,157,151,308
Atlanta-DeKalb,NWCobb,77,18,0,26,33,4,103,51,4,95,63,158
Atlanta-DeKalb,NECobb,84,26,1,24,53,0,108,79,1,111,77,188
Atlanta-DeKalb,SWCobb,37,8,6,12,35,1,49,43,7,51,48,99
Atlanta-DeKalb,Marietta,81,16,2,15,40,13,96,56,15,99,68,167
Atlanta-DeKalb,Cumberland,426,89,46,80,200,13,506,289,59,561,293,854
Atlanta-DeKalb,SCobb,207,24,14,67,215,7,274,239,21,245,289,534
Atlanta-DeKalb,Chamblee,670,108,119,300,766,38,970,874,157,897,1104,2001
Atlanta-DeKalb,NWDeKalb,1854,346,94,3070,4640,131,4924,4986,225,2294,7841,10135
Atlanta-DeKalb,NEDeKalb,845,146,54,569,1411,81,1414,1557,135,1045,2061,3106
Atlanta-DeKalb,Atlanta-DeKalb,1350,251,60,4207,8383,158,5557,8634,218,1661,12748,14409
Atlanta-DeKalb,Decatur,684,145,51,1500,2492,81,2184,2637,132,880,4073,4953
Atlanta-DeKalb,SWDeKalb,1482,276,92,2684,6845,157,4166,7121,249,1850,9686,11536
Atlanta-DeKalb,SEDeKalb,581,114,48,359,994,73,940,1108,121,743,1426,2169
Atlanta-DeKalb,SDeKalb,870,185,25,887,2324,65,1757,2509,90,1080,3276,4356
Atlanta-DeKalb,WDouglas,49,12,0,19,60,0,68,72,0,61,79,140
Atlanta-DeKalb,EDouglas,113,18,1,38,85,0,151,103,1,132,123,255
Atlanta-DeKalb,WFayette,30,6,1,12,23,0,42,29,1,37,35,72
Atlanta-DeKalb,EFayette,46,11,1,16,59,0,62,70,1,58,75,133
Atlanta-DeKalb,NGwinnett,73,11,1,16,38,0,89,49,1,85,54,139
Atlanta-DeKalb,CentGwinnett,164,28,2,42,139,2,206,167,4,194,183,377
Atlanta-DeKalb,EGwinnett,29,7,1,8,33,1,37,40,2,37,42,79
Atlanta-DeKalb,Norcross,239,42,19,72,203,20,311,245,39,300,295,595
Atlanta-DeKalb,Lilburn,141,14,8,64,219,2,205,233,10,163,285,448
Atlanta-DeKalb,Snellville,110,22,5,40,148,5,150,170,10,137,193,330
Atlanta-DeKalb,NHenry,174,36,4,80,223,1,254,259,5,214,304,518
Atlanta-DeKalb,EHenry,67,17,0,26,58,0,93,75,0,84,84,168
Atlanta-DeKalb,SHenry,92,19,3,25,108,1,117,127,4,114,134,248
Atlanta-DeKalb,SRockdale,95,10,1,30,59,1,125,69,2,106,90,196
Atlanta-DeKalb,NRockdale,106,18,0,33,88,2,139,106,2,124,123,247
Atlanta-DeKalb,NBarrow,6,3,0,0,3,0,6,6,0,9,3,12
Atlanta-DeKalb,SBarrow,6,0,0,1,12,0,7,12,0,6,13,19
Atlanta-DeKalb,NWBartow,0,0,0,0,0,0,0,0,0,0,0,0
Atlanta-DeKalb,NEBartow,0,0,0,1,6,0,1,6,0,0,7,7
Atlanta-DeKalb,SWBartow,5,0,0,2,6,0,7,6,0,5,8,13
Atlanta-DeKalb,Cartersville,5,3,0,4,9,0,9,12,0,8,13,21
Atlanta-DeKalb,NECarroll,7,1,0,7,19,0,14,20,0,8,26,34
Atlanta-DeKalb,WCarroll,0,1,0,0,0,0,0,1,0,1,0,1
Atlanta-DeKalb,CentralCarroll,8,1,0,6,1,0,14,2,0,9,7,16
Atlanta-DeKalb,SECarroll,1,0,0,2,5,0,3,5,0,1,7,8
Atlanta-DeKalb,WCoweta,4,0,0,3,2,0,7,2,0,4,5,9
Atlanta-DeKalb,NCoweta,36,3,2,11,48,0,47,51,2,41,59,100
Atlanta-DeKalb,SCoweta,3,1,0,1,1,0,4,2,0,4,2,6
Atlanta-DeKalb,SECoweta,3,1,0,0,2,0,3,3,0,4,2,6
Atlanta-DeKalb,NForsyth,2,0,0,2,7,0,4,7,0,2,9,11
Atlanta-DeKalb,Cumming,16,0,0,10,21,4,26,21,4,16,35,51
Atlanta-DeKalb,SForsyth,12,3,0,5,29,0,17,32,0,15,34,49
Atlanta-DeKalb,NHall,0,0,0,0,2,0,0,2,0,0,2,2
Atlanta-DeKalb,Gainesville,1,1,0,3,1,0,4,2,0,2,4,6
Atlanta-DeKalb,SHall,11,0,0,2,8,0,13,8,0,11,10,21
Atlanta-DeKalb,WNewton,99,20,1,15,36,2,114,56,3,120,53,173
Atlanta-DeKalb,ENewton,7,2,0,4,34,0,11,36,0,9,38,47
Atlanta-DeKalb,NPaulding,9,1,0,4,11,0,13,12,0,10,15,25
Atlanta-DeKalb,WPaulding,7,1,0,4,18,0,11,19,0,8,22,30
Atlanta-DeKalb,EPaulding,48,10,0,12,14,0,60,24,0,58,26,84
Atlanta-DeKalb,NSpalding,15,3,0,3,2,0,18,5,0,18,5,23
Atlanta-DeKalb,SSpalding,7,1,0,6,5,0,13,6,0,8,11,19
Atlanta-DeKalb,WWalton,20,4,0,10,37,0,30,41,0,24,47,71
Atlanta-DeKalb,EWalton,7,2,0,6,14,0,13,16,0,9,20,29
Decatur,NFulton,139,20,21,34,77,6,173,97,27,180,117,297
Decatur,Roswell,94,9,9,26,67,4,120,76,13,112,97,209
Decatur,SandySprings,454,75,103,81,122,29,535,197,132,632,232,864
Decatur,Buckhead,800,151,156,381,536,89,1181,687,245,1107,1006,2113
Decatur,NWAtlanta,278,61,67,128,238,46,406,299,113,406,412,818
Decatur,NEAtlanta,1438,200,255,1312,2092,167,2750,2292,422,1893,3571,5464
Decatur,SWAtlanta,354,57,121,141,303,89,495,360,210,532,533,1065
Decatur,CBDAtlanta,1097,164,614,465,643,253,1562,807,867,1875,1361,3236
Decatur,SEAtlanta,412,68,60,294,733,64,706,801,124,540,1091,1631
Decatur,SFulton,86,14,5,30,67,7,116,81,12,105,104,209
Decatur,Tri-Cities,267,61,84,58,113,32,325,174,116,412,203,615
Decatur,Shannon,155,18,21,31,85,12,186,103,33,194,128,322
Decatur,WCherokee,0,0,0,0,1,0,0,1,0,0,1,1
Decatur,NCherokee,0,0,0,0,0,0,0,0,0,0,0,0
Decatur,ECentCherokee,15,4,0,8,22,0,23,26,0,19,30,49
Decatur,Woodstock,18,5,1,4,34,0,22,39,1,24,38,62
Decatur,Airport,128,21,92,13,22,3,141,43,95,241,38,279
Decatur,NEClayton,272,55,14,106,355,15,378,410,29,341,476,817
Decatur,Riverdale,111,23,23,30,83,8,141,106,31,157,121,278
Decatur,SClayton,98,15,6,24,119,2,122,134,8,119,145,264
Decatur,NWCobb,64,21,4,12,27,0,76,48,4,89,39,128
Decatur,NECobb,68,3,5,23,28,2,91,31,7,76,53,129
Decatur,SWCobb,38,4,3,14,13,4,52,17,7,45,31,76
Decatur,Marietta,55,15,5,16,12,5,71,27,10,75,33,108
Decatur,Cumberland,290,46,54,48,84,16,338,130,70,390,148,538
Decatur,SCobb,169,23,37,34,73,10,203,96,47,229,117,346
Decatur,Chamblee,793,135,121,485,827,65,1278,962,186,1049,1377,2426
Decatur,NWDeKalb,3395,507,242,6215,7750,415,9610,8257,657,4144,14380,18524
Decatur,NEDeKalb,1521,259,83,1416,3441,182,2937,3700,265,1863,5039,6902
Decatur,Atlanta-DeKalb,715,156,39,1509,2589,132,2224,2745,171,910,4230,5140
Decatur,Decatur,2209,377,189,5391,7312,281,7600,7689,470,2775,12984,15759
Decatur,SWDeKalb,1739,353,163,3416,7743,396,5155,8096,559,2255,11555,13810
Decatur,SEDeKalb,1075,209,97,776,2562,211,1851,2771,308,1381,3549,4930
Decatur,SDeKalb,1003,186,54,815,2215,126,1818,2401,180,1243,3156,4399
Decatur,WDouglas,36,4,2,10,25,4,46,29,6,42,39,81
Decatur,EDouglas,86,12,11,22,47,11,108,59,22,109,80,189
Decatur,WFayette,25,5,0,11,8,3,36,13,3,30,22,52
Decatur,EFayette,28,6,1,9,9,2,37,15,3,35,20,55
Decatur,NGwinnett,102,17,2,38,39,4,140,56,6,121,81,202
Decatur,CentGwinnett,255,43,10,97,216,18,352,259,28,308,331,639
Decatur,EGwinnett,59,15,1,24,77,5,83,92,6,75,106,181
Decatur,Norcross,290,57,13,164,431,24,454,488,37,360,619,979
Decatur,Lilburn,220,42,7,163,482,26,383,524,33,269,671,940
Decatur,Snellville,243,37,10,116,331,21,359,368,31,290,468,758
Decatur,NHenry,185,41,6,88,219,15,273,260,21,232,322,554
Decatur,EHenry,68,8,0,27,45,2,95,53,2,76,74,150
Decatur,SHenry,104,13,3,32,70,2,136,83,5,120,104,224
Decatur,SRockdale,104,19,5,41,90,12,145,109,17,128,143,271
Decatur,NRockdale,111,15,3,23,88,11,134,103,14,129,122,251
Decatur,NBarrow,9,2,0,4,2,0,13,4,0,11,6,17
Decatur,SBarrow,5,2,0,5,10,0,10,12,0,7,15,22
Decatur,NWBartow,1,0,0,0,1,0,1,1,0,1,1,2
Decatur,NEBartow,0,0,0,1,0,0,1,0,0,0,1,1
Decatur,SWBartow,2,1,0,1,4,0,3,5,0,3,5,8
Decatur,Cartersville,2,1,0,5,17,0,7,18,0,3,22,25
Decatur,NECarroll,7,2,0,4,7,0,11,9,0,9,11,20
Decatur,WCarroll,1,0,0,1,1,0,2,1,0,1,2,3
Decatur,CentralCarroll,5,2,0,5,0,0,10,2,0,7,5,12
Decatur,SECarroll,1,0,0,1,9,0,2,9,0,1,10,11
Decatur,WCoweta,5,2,1,2,4,1,7,6,2,8,7,15
Decatur,NCoweta,34,5,5,19,16,0,53,21,5,44,35,79
Decatur,SCoweta,0,1,0,1,1,0,1,2,0,1,2,3
Decatur,SECoweta,2,1,0,4,2,0,6,3,0,3,6,9
Decatur,NForsyth,3,0,0,2,8,0,5,8,0,3,10,13
Decatur,Cumming,19,2,0,9,31,1,28,33,1,21,41,62
Decatur,SForsyth,21,2,1,6,9,3,27,11,4,24,18,42
Decatur,NHall,0,0,0,3,5,0,3,5,0,0,8,8
Decatur,Gainesville,7,1,0,2,1,0,9,2,0,8,3,11
Decatur,SHall,20,3,1,4,27,0,24,30,1,24,31,55
Decatur,WNewton,127,23,1,36,51,2,163,74,3,151,89,240
Decatur,ENewton,14,2,0,6,3,0,20,5,0,16,9,25
Decatur,NPaulding,6,2,0,4,2,0,10,4,0,8,6,14
Decatur,WPaulding,0,0,0,1,5,0,1,5,0,0,6,6
Decatur,EPaulding,33,6,1,14,36,2,47,42,3,40,52,92
Decatur,NSpalding,2,3,0,2,0,0,4,3,0,5,2,7
Decatur,SSpalding,5,1,0,2,1,0,7,2,0,6,3,9
Decatur,WWalton,39,7,0,8,42,1,47,49,1,46,51,97
Decatur,EWalton,11,1,0,13,35,0,24,36,0,12,48,60
SWDeKalb,NFulton,288,55,37,55,118,2,343,173,39,380,175,555
SWDeKalb,Roswell,177,31,21,33,155,1,210,186,22,229,189,418
SWDeKalb,SandySprings,1112,259,236,134,281,44,1246,540,280,1607,459,2066
SWDeKalb,Buckhead,1792,355,401,473,1336,123,2265,1691,524,2548,1932,4480
SWDeKalb,NWAtlanta,769,158,124,259,631,71,1028,789,195,1051,961,2012
SWDeKalb,NEAtlanta,3105,618,598,1957,4390,347,5062,5008,945,4321,6694,11015
SWDeKalb,SWAtlanta,905,194,176,479,1170,130,1384,1364,306,1275,1779,3054
SWDeKalb,CBDAtlanta,3512,689,1733,1521,4049,903,5033,4738,2636,5934,6473,12407
SWDeKalb,SEAtlanta,1630,365,108,1920,4670,115,3550,5035,223,2103,6705,8808
SWDeKalb,SFulton,190,33,4,40,110,1,230,143,5,227,151,378
SWDeKalb,Tri-Cities,960,208,97,323,786,44,1283,994,141,1265,1153,2418
SWDeKalb,Shannon,344,66,18,105,293,6,449,359,24,428,404,832
SWDeKalb,WCherokee,3,0,0,4,3,0,7,3,0,3,7,10
SWDeKalb,NCherokee,0,0,0,1,1,0,1,1,0,0,2,2
SWDeKalb,ECentCherokee,22,6,0,14,28,0,36,34,0,28,42,70
SWDeKalb,Woodstock,44,7,0,18,12,0,62,19,0,51,30,81
SWDeKalb,Airport,798,160,241,114,142,6,912,302,247,1199,262,1461
SWDeKalb,NEClayton,1183,245,21,720,2153,15,1903,2398,36,1449,2888,4337
SWDeKalb,Riverdale,327,73,6,118,318,4,445,391,10,406,440,846
SWDeKalb,SClayton,316,67,2,117,390,1,433,457,3,385,508,893
SWDeKalb,NWCobb,114,25,5,33,83,11,147,108,16,144,127,271
SWDeKalb,NECobb,139,46,2,46,89,0,185,135,2,187,135,322
SWDeKalb,SWCobb,76,21,1,19,36,2,95,57,3,98,57,155
SWDeKalb,Marietta,154,40,12,33,93,8,187,133,20,206,134,340
SWDeKalb,Cumberland,815,191,72,98,370,13,913,561,85,1078,481,1559
SWDeKalb,SCobb,338,85,25,81,203,6,419,288,31,448,290,738
SWDeKalb,Chamblee,1607,314,230,593,1426,87,2200,1740,317,2151,2106,4257
SWDeKalb,NWDeKalb,3962,815,280,5455,11322,401,9417,12137,681,5057,17178,22235
SWDeKalb,NEDeKalb,3727,737,173,4792,11277,370,8519,12014,543,4637,16439,21076
SWDeKalb,Atlanta-DeKalb,1291,250,90,2619,6716,212,3910,6966,302,1631,9547,11178
SWDeKalb,Decatur,1555,289,125,3350,7682,383,4905,7971,508,1969,11415,13384
SWDeKalb,SWDeKalb,7462,1588,337,20395,49199,925,27857,50787,1262,9387,70519,79906
SWDeKalb,SEDeKalb,3407,641,154,5184,15539,433,8591,16180,587,4202,21156,25358
SWDeKalb,SDeKalb,4352,862,86,6572,19551,282,10924,20413,368,5300,26405,31705
SWDeKalb,WDouglas,76,15,0,24,69,0,100,84,0,91,93,184
SWDeKalb,EDouglas,155,34,5,55,129,1,210,163,6,194,185,379
SWDeKalb,WFayette,82,12,0,34,153,0,116,165,0,94,187,281
SWDeKalb,EFayette,139,17,2,36,69,2,175,86,4,158,107,265
SWDeKalb,NGwinnett,194,30,2,60,88,1,254,118,3,226,149,375
SWDeKalb,CentGwinnett,560,94,6,183,488,8,743,582,14,660,679,1339
SWDeKalb,EGwinnett,110,20,0,49,118,2,159,138,2,130,169,299
SWDeKalb,Norcross,775,188,33,337,1009,11,1112,1197,44,996,1357,2353
SWDeKalb,Lilburn,533,89,9,383,1183,9,916,1272,18,631,1575,2206
SWDeKalb,Snellville,513,107,7,243,911,7,756,1018,14,627,1161,1788
SWDeKalb,NHenry,691,139,7,426,1191,6,1117,1330,13,837,1623,2460
SWDeKalb,EHenry,296,50,1,94,289,0,390,339,1,347,383,730
SWDeKalb,SHenry,338,60,1,87,269,1,425,329,2,399,357,756
SWDeKalb,SRockdale,371,69,2,162,404,4,533,473,6,442,570,1012
SWDeKalb,NRockdale,450,91,2,142,552,3,592,643,5,543,697,1240
SWDeKalb,NBarrow,25,3,0,8,9,0,33,12,0,28,17,45
SWDeKalb,SBarrow,14,2,0,8,9,0,22,11,0,16,17,33
SWDeKalb,NWBartow,0,0,0,1,0,0,1,0,0,0,1,1
SWDeKalb,NEBartow,1,0,0,3,4,0,4,4,0,1,7,8
SWDeKalb,SWBartow,3,2,0,0,10,0,3,12,0,5,10,15
SWDeKalb,Cartersville,8,0,0,4,15,0,12,15,0,8,19,27
SWDeKalb,NECarroll,26,1,0,7,8,0,33,9,0,27,15,42
SWDeKalb,WCarroll,3,1,0,0,0,0,3,1,0,4,0,4
SWDeKalb,CentralCarroll,11,2,0,5,5,0,16,7,0,13,10,23
SWDeKalb,SECarroll,0,0,0,0,4,0,0,4,0,0,4,4
SWDeKalb,WCoweta,19,4,0,2,15,0,21,19,0,23,17,40
SWDeKalb,NCoweta,125,18,1,23,119,1,148,137,2,144,143,287
SWDeKalb,SCoweta,5,0,0,1,2,0,6,2,0,5,3,8
SWDeKalb,SECoweta,16,1,0,5,12,0,21,13,0,17,17,34
SWDeKalb,NForsyth,8,2,0,6,11,0,14,13,0,10,17,27
SWDeKalb,Cumming,27,5,0,16,47,0,43,52,0,32,63,95
SWDeKalb,SForsyth,28,7,1,18,18,2,46,25,3,36,38,74
SWDeKalb,NHall,5,0,0,1,1,0,6,1,0,5,2,7
SWDeKalb,Gainesville,8,2,0,6,19,0,14,21,0,10,25,35
SWDeKalb,SHall,14,7,0,20,14,0,34,21,0,21,34,55
SWDeKalb,WNewton,429,85,6,97,284,1,526,369,7,520,382,902
SWDeKalb,ENewton,47,4,1,13,16,0,60,20,1,52,29,81
SWDeKalb,NPaulding,9,0,0,6,17,0,15,17,0,9,23,32
SWDeKalb,WPaulding,7,2,0,8,6,0,15,8,0,9,14,23
SWDeKalb,EPaulding,84,14,0,23,24,0,107,38,0,98,47,145
SWDeKalb,NSpalding,37,7,0,9,19,0,46,26,0,44,28,72
SWDeKalb,SSpalding,16,4,0,7,15,0,23,19,0,20,22,42
SWDeKalb,WWalton,119,20,1,40,143,0,159,163,1,140,183,323
SWDeKalb,EWalton,35,4,0,22,61,0,57,65,0,39,83,122
SEDeKalb,NFulton,390,69,12,60,134,2,450,203,14,471,196,667
SEDeKalb,Roswell,221,39,3,51,105,1,272,144,4,263,157,420
SEDeKalb,SandySprings,1366,280,174,157,355,42,1523,635,216,1820,554,2374
SEDeKalb,Buckhead,1897,366,343,268,756,95,2165,1122,438,2606,1119,3725
SEDeKalb,NWAtlanta,553,120,64,93,188,34,646,308,98,737,315,1052
SEDeKalb,NEAtlanta,2688,553,600,620,1340,239,3308,1893,839,3841,2199,6040
SEDeKalb,SWAtlanta,638,137,84,171,264,64,809,401,148,859,499,1358
SEDeKalb,CBDAtlanta,2926,586,2029,499,1169,669,3425,1755,2698,5541,2337,7878
SEDeKalb,SEAtlanta,883,165,57,279,658,63,1162,823,120,1105,1000,2105
SEDeKalb,SFulton,96,19,1,29,43,1,125,62,2,116,73,189
SEDeKalb,Tri-Cities,822,145,52,91,315,8,913,460,60,1019,414,1433
SEDeKalb,Shannon,229,39,7,57,136,6,286,175,13,275,199,474
SEDeKalb,WCherokee,1,1,0,0,1,0,1,2,0,2,1,3
SEDeKalb,NCherokee,0,0,0,1,1,0,1,1,0,0,2,2
SEDeKalb,ECentCherokee,17,4,0,11,15,0,28,19,0,21,26,47
SEDeKalb,Woodstock,19,6,0,6,24,0,25,30,0,25,30,55
SEDeKalb,Airport,765,141,184,40,55,1,805,196,185,1090,96,1186
SEDeKalb,NEClayton,688,146,5,241,668,5,929,814,10,839,914,1753
SEDeKalb,Riverdale,182,34,7,39,105,0,221,139,7,223,144,367
SEDeKalb,SClayton,176,33,0,74,117,0,250,150,0,209,191,400
SEDeKalb,NWCobb,67,10,1,42,79,7,109,89,8,78,128,206
SEDeKalb,NECobb,120,25,0,28,132,0,148,157,0,145,160,305
SEDeKalb,SWCobb,38,6,1,16,41,0,54,47,1,45,57,102
SEDeKalb,Marietta,130,34,11,43,57,9,173,91,20,175,109,284
SEDeKalb,Cumberland,679,166,42,71,150,13,750,316,55,887,234,1121
SEDeKalb,SCobb,210,51,12,39,133,3,249,184,15,273,175,448
SEDeKalb,Chamblee,1904,351,105,422,1092,39,2326,1443,144,2360,1553,3913
SEDeKalb,NWDeKalb,3521,690,130,2230,7272,260,5751,7962,390,4341,9762,14103
SEDeKalb,NEDeKalb,5295,1037,89,6676,19265,345,11971,20302,434,6421,26286,32707
SEDeKalb,Atlanta-DeKalb,498,102,34,352,887,41,850,989,75,634,1280,1914
SEDeKalb,Decatur,895,169,87,779,2559,214,1674,2728,301,1151,3552,4703
SEDeKalb,SWDeKalb,2950,545,104,5002,15156,436,7952,15701,540,3599,20594,24193
SEDeKalb,SEDeKalb,15047,2853,276,34960,85320,820,50007,88173,1096,18176,121100,139276
SEDeKalb,SDeKalb,5260,1046,85,9392,24450,270,14652,25496,355,6391,34112,40503
SEDeKalb,WDouglas,33,8,0,17,39,0,50,47,0,41,56,97
SEDeKalb,EDouglas,79,12,0,24,66,0,103,78,0,91,90,181
SEDeKalb,WFayette,55,9,0,20,25,0,75,34,0,64,45,109
SEDeKalb,EFayette,67,13,0,23,30,0,90,43,0,80,53,133
SEDeKalb,NGwinnett,320,52,0,80,228,0,400,280,0,372,308,680
SEDeKalb,CentGwinnett,1055,214,2,460,1092,6,1515,1306,8,1271,1558,2829
SEDeKalb,EGwinnett,284,56,0,146,410,0,430,466,0,340,556,896
SEDeKalb,Norcross,1326,264,15,456,1266,4,1782,1530,19,1605,1726,3331
SEDeKalb,Lilburn,1484,299,2,2100,6200,6,3584,6499,8,1785,8306,10091
SEDeKalb,Snellville,1859,391,8,2027,7074,9,3886,7465,17,2258,9110,11368
SEDeKalb,NHenry,674,139,5,476,1226,2,1150,1365,7,818,1704,2522
SEDeKalb,EHenry,438,78,1,179,485,2,617,563,3,517,666,1183
SEDeKalb,SHenry,363,64,1,124,270,0,487,334,1,428,394,822
SEDeKalb,SRockdale,1156,235,13,995,2959,8,2151,3194,21,1404,3962,5366
SEDeKalb,NRockdale,2187,412,11,1527,4199,11,3714,4611,22,2610,5737,8347
SEDeKalb,NBarrow,52,11,0,18,32,0,70,43,0,63,50,113
SEDeKalb,SBarrow,59,8,0,15,26,0,74,34,0,67,41,108
SEDeKalb,NWBartow,0,0,0,0,0,0,0,0,0,0,0,0
SEDeKalb,NEBartow,1,0,0,0,0,0,1,0,0,1,0,1
SEDeKalb,SWBartow,1,0,0,0,16,0,1,16,0,1,16,17
SEDeKalb,Cartersville,5,1,0,2,0,0,7,1,0,6,2,8
SEDeKalb,NECarroll,4,0,0,5,3,0,9,3,0,4,8,12
SEDeKalb,WCarroll,1,0,0,0,0,0,1,0,0,1,0,1
SEDeKalb,CentralCarroll,6,1,0,2,2,0,8,3,0,7,4,11
SEDeKalb,SECarroll,0,0,0,0,2,0,0,2,0,0,2,2
SEDeKalb,WCoweta,4,1,0,3,1,0,7,2,0,5,4,9
SEDeKalb,NCoweta,37,13,0,34,35,0,71,48,0,50,69,119
SEDeKalb,SCoweta,1,1,0,1,4,0,2,5,0,2,5,7
SEDeKalb,SECoweta,3,0,0,1,5,0,4,5,0,3,6,9
SEDeKalb,NForsyth,3,0,0,0,5,0,3,5,0,3,5,8
SEDeKalb,Cumming,26,7,0,14,16,1,40,23,1,33,31,64
SEDeKalb,SForsyth,61,11,0,21,36,0,82,47,0,72,57,129
SEDeKalb,NHall,0,1,0,0,4,0,0,5,0,1,4,5
SEDeKalb,Gainesville,27,5,0,14,46,0,41,51,0,32,60,92
SEDeKalb,SHall,35,4,0,13,10,0,48,14,0,39,23,62
SEDeKalb,WNewton,1136,189,5,320,795,3,1456,984,8,1330,1118,2448
SEDeKalb,ENewton,93,18,1,32,46,0,125,64,1,112,78,190
SEDeKalb,NPaulding,4,0,0,1,0,0,5,0,0,4,1,5
SEDeKalb,WPaulding,3,0,0,0,9,0,3,9,0,3,9,12
SEDeKalb,EPaulding,26,7,0,16,50,0,42,57,0,33,66,99
SEDeKalb,NSpalding,29,8,0,19,4,0,48,12,0,37,23,60
SEDeKalb,SSpalding,22,3,0,5,6,0,27,9,0,25,11,36
SEDeKalb,WWalton,472,73,0,232,634,1,704,707,1,545,867,1412
SEDeKalb,EWalton,169,25,0,49,129,0,218,154,0,194,178,372
SDeKalb,NFulton,259,59,12,38,70,1,297,129,13,330,109,439
SDeKalb,Roswell,166,32,4,35,86,0,201,118,4,202,121,323
SDeKalb,SandySprings,974,176,101,114,248,18,1088,424,119,1251,380,1631
SDeKalb,Buckhead,1565,375,168,302,776,24,1867,1151,192,2108,1102,3210
SDeKalb,NWAtlanta,749,169,41,185,421,22,934,590,63,959,628,1587
SDeKalb,NEAtlanta,2849,579,217,1206,3009,131,4055,3588,348,3645,4346,7991
SDeKalb,SWAtlanta,832,204,39,418,797,37,1250,1001,76,1075,1252,2327
SDeKalb,CBDAtlanta,3975,799,1071,1114,2878,426,5089,3677,1497,5845,4418,10263
SDeKalb,SEAtlanta,1682,364,45,1472,3575,56,3154,3939,101,2091,5103,7194
SDeKalb,SFulton,216,48,3,70,170,2,286,218,5,267,242,509
SDeKalb,Tri-Cities,1398,270,35,488,1245,15,1886,1515,50,1703,1748,3451
SDeKalb,Shannon,530,101,2,180,482,7,710,583,9,633,669,1302
SDeKalb,WCherokee,2,0,0,2,2,0,4,2,0,2,4,6
SDeKalb,NCherokee,0,0,0,1,3,0,1,3,0,0,4,4
SDeKalb,ECentCherokee,16,2,0,14,19,0,30,21,0,18,33,51
SDeKalb,Woodstock,31,10,0,15,76,0,46,86,0,41,91,132
SDeKalb,Airport,1204,194,101,241,429,7,1445,623,108,1499,677,2176
SDeKalb,NEClayton,3032,657,13,2721,7053,21,5753,7710,34,3702,9795,13497
SDeKalb,Riverdale,517,135,1,273,637,4,790,772,5,653,914,1567
SDeKalb,SClayton,815,149,1,352,947,4,1167,1096,5,965,1303,2268
SDeKalb,NWCobb,134,41,0,51,100,3,185,141,3,175,154,329
SDeKalb,NECobb,167,44,0,36,138,0,203,182,0,211,174,385
SDeKalb,SWCobb,74,18,0,25,22,3,99,40,3,92,50,142
SDeKalb,Marietta,182,63,3,46,115,10,228,178,13,248,171,419
SDeKalb,Cumberland,812,195,20,103,225,6,915,420,26,1027,334,1361
SDeKalb,SCobb,343,73,4,88,226,1,431,299,5,420,315,735
SDeKalb,Chamblee,1479,253,59,296,657,8,1775,910,67,1791,961,2752
SDeKalb,NWDeKalb,2768,550,88,1454,3410,98,4222,3960,186,3406,4962,8368
SDeKalb,NEDeKalb,2516,498,36,1488,3768,78,4004,4266,114,3050,5334,8384
SDeKalb,Atlanta-DeKalb,670,151,17,849,2219,45,1519,2370,62,838,3113,3951
SDeKalb,Decatur,913,170,47,800,2158,127,1713,2328,174,1130,3085,4215
SDeKalb,SWDeKalb,3968,826,89,6627,19325,303,10595,20151,392,4883,26255,31138
SDeKalb,SEDeKalb,5275,1026,84,9208,24390,260,14483,25416,344,6385,33858,40243
SDeKalb,SDeKalb,15439,3264,189,38061,103118,731,53500,106382,920,18892,141910,160802
SDeKalb,WDouglas,112,31,0,25,46,0,137,77,0,143,71,214
SDeKalb,EDouglas,167,25,0,55,95,1,222,120,1,192,151,343
SDeKalb,WFayette,144,27,0,57,98,1,201,125,1,171,156,327
SDeKalb,EFayette,254,50,0,65,227,1,319,277,1,304,293,597
SDeKalb,NGwinnett,198,26,0,51,145,0,249,171,0,224,196,420
SDeKalb,CentGwinnett,593,142,0,161,435,4,754,577,4,735,600,1335
SDeKalb,EGwinnett,176,21,0,54,155,2,230,176,2,197,211,408
SDeKalb,Norcross,772,144,7,194,681,8,966,825,15,923,883,1806
SDeKalb,Lilburn,569,108,3,364,897,7,933,1005,10,680,1268,1948
SDeKalb,Snellville,762,159,6,453,1330,12,1215,1489,18,927,1795,2722
SDeKalb,NHenry,2243,484,11,2739,8896,27,4982,9380,38,2738,11662,14400
SDeKalb,EHenry,790,151,2,478,1452,8,1268,1603,10,943,1938,2881
SDeKalb,SHenry,969,161,0,318,606,3,1287,767,3,1130,927,2057
SDeKalb,SRockdale,1432,250,5,1632,4928,13,3064,5178,18,1687,6573,8260
SDeKalb,NRockdale,1856,334,10,1452,4410,10,3308,4744,20,2200,5872,8072
SDeKalb,NBarrow,23,4,0,16,29,0,39,33,0,27,45,72
SDeKalb,SBarrow,27,6,0,16,10,0,43,16,0,33,26,59
SDeKalb,NWBartow,2,0,0,1,10,0,3,10,0,2,11,13
SDeKalb,NEBartow,1,0,0,1,1,0,2,1,0,1,2,3
SDeKalb,SWBartow,1,0,0,0,8,0,1,8,0,1,8,9
SDeKalb,Cartersville,10,2,0,10,9,0,20,11,0,12,19,31
SDeKalb,NECarroll,15,4,0,12,26,0,27,30,0,19,38,57
SDeKalb,WCarroll,1,0,0,0,0,0,1,0,0,1,0,1
SDeKalb,CentralCarroll,15,4,0,4,23,0,19,27,0,19,27,46
SDeKalb,SECarroll,1,2,0,2,0,0,3,2,0,3,2,5
SDeKalb,WCoweta,35,2,1,9,15,0,44,17,1,38,24,62
SDeKalb,NCoweta,205,26,1,48,105,0,253,131,1,232,153,385
SDeKalb,SCoweta,14,3,0,3,10,0,17,13,0,17,13,30
SDeKalb,SECoweta,31,3,0,13,16,0,44,19,0,34,29,63
SDeKalb,NForsyth,2,1,0,2,5,0,4,6,0,3,7,10
SDeKalb,Cumming,18,8,0,13,34,0,31,42,0,26,47,73
SDeKalb,SForsyth,36,7,0,10,52,1,46,59,1,43,63,106
SDeKalb,NHall,1,0,0,2,5,0,3,5,0,1,7,8
SDeKalb,Gainesville,10,2,0,11,18,0,21,20,0,12,29,41
SDeKalb,SHall,24,6,0,12,34,0,36,40,0,30,46,76
SDeKalb,WNewton,1126,200,0,460,1209,4,1586,1409,4,1326,1673,2999
SDeKalb,ENewton,111,15,0,36,53,0,147,68,0,126,89,215
SDeKalb,NPaulding,5,6,0,4,3,0,9,9,0,11,7,18
SDeKalb,WPaulding,5,2,0,7,7,0,12,9,0,7,14,21
SDeKalb,EPaulding,89,22,0,30,74,0,119,96,0,111,104,215
SDeKalb,NSpalding,107,28,0,20,134,1,127,162,1,135,155,290
SDeKalb,SSpalding,59,10,0,15,14,0,74,24,0,69,29,98
SDeKalb,WWalton,232,46,0,97,312,0,329,358,0,278,409,687
SDeKalb,EWalton,93,16,0,46,115,0,139,131,0,109,161,270
WDouglas,NFulton,51,9,1,12,83,1,63,92,2,61,96,157
WDouglas,Roswell,40,7,1,18,24,0,58,31,1,48,42,90
WDouglas,SandySprings,333,55,12,51,117,1,384,172,13,400,169,569
WDouglas,Buckhead,512,84,17,94,234,2,606,318,19,613,330,943
WDouglas,NWAtlanta,528,94,2,96,245,1,624,339,3,624,342,966
WDouglas,NEAtlanta,576,95,25,139,484,19,715,579,44,696,642,1338
WDouglas,SWAtlanta,782,134,7,229,730,5,1011,864,12,923,964,1887
WDouglas,CBDAtlanta,690,132,158,158,422,33,848,554,191,980,613,1593
WDouglas,SEAtlanta,245,71,5,87,202,8,332,273,13,321,297,618
WDouglas,SFulton,1208,210,0,603,2036,0,1811,2246,0,1418,2639,4057
WDouglas,Tri-Cities,563,86,6,125,361,0,688,447,6,655,486,1141
WDouglas,Shannon,630,124,1,214,658,0,844,782,1,755,872,1627
WDouglas,WCherokee,7,1,0,3,0,0,10,1,0,8,3,11
WDouglas,NCherokee,1,0,0,0,0,0,1,0,0,1,0,1
WDouglas,ECentCherokee,20,1,0,10,12,0,30,13,0,21,22,43
WDouglas,Woodstock,54,10,0,18,19,0,72,29,0,64,37,101
WDouglas,Airport,335,37,16,28,100,0,363,137,16,388,128,516
WDouglas,NEClayton,215,29,0,38,110,0,253,139,0,244,148,392
WDouglas,Riverdale,124,20,0,26,140,0,150,160,0,144,166,310
WDouglas,SClayton,103,16,0,22,15,0,125,31,0,119,37,156
WDouglas,NWCobb,487,91,0,135,275,5,622,366,5,578,415,993
WDouglas,NECobb,247,39,0,50,91,0,297,130,0,286,141,427
WDouglas,SWCobb,674,127,0,327,886,0,1001,1013,0,801,1213,2014
WDouglas,Marietta,443,69,0,103,189,1,546,258,1,512,293,805
WDouglas,Cumberland,968,158,1,134,393,2,1102,551,3,1127,529,1656
WDouglas,SCobb,1176,243,0,513,1348,1,1689,1591,1,1419,1862,3281
WDouglas,Chamblee,267,47,9,31,80,2,298,127,11,323,113,436
WDouglas,NWDeKalb,247,45,0,65,152,2,312,197,2,292,219,511
WDouglas,NEDeKalb,102,38,1,37,55,2,139,93,3,141,94,235
WDouglas,Atlanta-DeKalb,61,9,0,18,65,0,79,74,0,70,83,153
WDouglas,Decatur,40,1,2,10,16,4,50,17,6,43,30,73
WDouglas,SWDeKalb,82,12,0,20,52,0,102,64,0,94,72,166
WDouglas,SEDeKalb,31,7,0,17,55,0,48,62,0,38,72,110
WDouglas,SDeKalb,116,21,0,25,42,0,141,63,0,137,67,204
WDouglas,WDouglas,15105,2994,0,29909,74819,0,45014,77813,0,18099,104728,122827
WDouglas,EDouglas,6281,1280,0,9278,22778,8,15559,24058,8,7561,32064,39625
WDouglas,WFayette,300,46,0,63,155,0,363,201,0,346,218,564
WDouglas,EFayette,182,21,0,46,118,0,228,139,0,203,164,367
WDouglas,NGwinnett,10,2,0,4,7,0,14,9,0,12,11,23
WDouglas,CentGwinnett,40,11,0,15,34,0,55,45,0,51,49,100
WDouglas,EGwinnett,0,2,0,2,0,0,2,2,0,2,2,4
WDouglas,Norcross,88,28,1,14,22,0,102,50,1,117,36,153
WDouglas,Lilburn,22,1,0,6,6,0,28,7,0,23,12,35
WDouglas,Snellville,8,5,0,6,7,0,14,12,0,13,13,26
WDouglas,NHenry,39,6,0,15,20,0,54,26,0,45,35,80
WDouglas,EHenry,10,1,0,6,5,0,16,6,0,11,11,22
WDouglas,SHenry,27,3,0,13,42,0,40,45,0,30,55,85
WDouglas,SRockdale,5,0,0,5,1,0,10,1,0,5,6,11
WDouglas,NRockdale,10,7,0,5,10,0,15,17,0,17,15,32
WDouglas,NBarrow,0,1,0,0,1,0,0,2,0,1,1,2
WDouglas,SBarrow,0,0,0,0,0,0,0,0,0,0,0,0
WDouglas,NWBartow,8,3,0,2,2,0,10,5,0,11,4,15
WDouglas,NEBartow,5,2,0,1,17,0,6,19,0,7,18,25
WDouglas,SWBartow,27,3,0,6,20,0,33,23,0,30,26,56
WDouglas,Cartersville,89,15,0,35,33,0,124,48,0,104,68,172
WDouglas,NECarroll,2163,418,0,2093,6209,0,4256,6627,0,2581,8302,10883
WDouglas,WCarroll,233,32,0,34,148,0,267,180,0,265,182,447
WDouglas,CentralCarroll,1781,330,0,997,2228,0,2778,2558,0,2111,3225,5336
WDouglas,SECarroll,186,41,0,103,287,0,289,328,0,227,390,617
WDouglas,WCoweta,232,40,0,76,168,0,308,208,0,272,244,516
WDouglas,NCoweta,608,100,0,170,469,0,778,569,0,708,639,1347
WDouglas,SCoweta,31,5,0,5,19,0,36,24,0,36,24,60
WDouglas,SECoweta,32,6,0,12,29,0,44,35,0,38,41,79
WDouglas,NForsyth,0,0,0,0,0,0,0,0,0,0,0,0
WDouglas,Cumming,3,3,0,2,1,0,5,4,0,6,3,9
WDouglas,SForsyth,12,1,0,1,1,0,13,2,0,13,2,15
WDouglas,NHall,0,0,0,0,0,0,0,0,0,0,0,0
WDouglas,Gainesville,0,0,0,0,1,0,0,1,0,0,1,1
WDouglas,SHall,0,0,0,0,0,0,0,0,0,0,0,0
WDouglas,WNewton,2,1,0,0,1,0,2,2,0,3,1,4
WDouglas,ENewton,0,0,0,0,0,0,0,0,0,0,0,0
WDouglas,NPaulding,157,29,0,39,87,0,196,116,0,186,126,312
WDouglas,WPaulding,341,66,0,173,460,0,514,526,0,407,633,1040
WDouglas,EPaulding,2271,415,0,2107,6394,0,4378,6809,0,2686,8501,11187
WDouglas,NSpalding,12,2,0,9,28,0,21,30,0,14,37,51
WDouglas,SSpalding,16,2,0,5,9,0,21,11,0,18,14,32
WDouglas,WWalton,2,0,0,1,14,0,3,14,0,2,15,17
WDouglas,EWalton,1,0,0,1,0,0,2,0,0,1,1,2
EDouglas,NFulton,144,28,3,36,45,0,180,73,3,175,81,256
EDouglas,Roswell,86,19,2,19,61,0,105,80,2,107,80,187
EDouglas,SandySprings,527,103,28,81,222,12,608,325,40,658,315,973
EDouglas,Buckhead,805,106,46,197,521,10,1002,627,56,957,728,1685
EDouglas,NWAtlanta,954,175,12,409,899,8,1363,1074,20,1141,1316,2457
EDouglas,NEAtlanta,952,165,74,339,840,34,1291,1005,108,1191,1213,2404
EDouglas,SWAtlanta,1686,312,23,1154,2712,30,2840,3024,53,2021,3896,5917
EDouglas,CBDAtlanta,1414,192,371,358,1098,96,1772,1290,467,1977,1552,3529
EDouglas,SEAtlanta,423,83,6,160,360,8,583,443,14,512,528,1040
EDouglas,SFulton,2229,377,9,1855,4316,1,4084,4693,10,2615,6172,8787
EDouglas,Tri-Cities,706,151,9,211,660,5,917,811,14,866,876,1742
EDouglas,Shannon,746,164,1,347,1005,0,1093,1169,1,911,1352,2263
EDouglas,WCherokee,11,2,0,5,4,0,16,6,0,13,9,22
EDouglas,NCherokee,3,1,0,1,5,0,4,6,0,4,6,10
EDouglas,ECentCherokee,63,7,0,17,36,0,80,43,0,70,53,123
EDouglas,Woodstock,163,32,0,48,63,0,211,95,0,195,111,306
EDouglas,Airport,434,65,50,47,42,0,481,107,50,549,89,638
EDouglas,NEClayton,273,47,0,61,78,1,334,125,1,320,140,460
EDouglas,Riverdale,140,32,0,43,159,0,183,191,0,172,202,374
EDouglas,SClayton,124,22,0,34,81,0,158,103,0,146,115,261
EDouglas,NWCobb,1059,219,0,292,707,9,1351,926,9,1278,1008,2286
EDouglas,NECobb,513,94,0,105,285,0,618,379,0,607,390,997
EDouglas,SWCobb,2986,592,5,3302,7535,6,6288,8127,11,3583,10843,14426
EDouglas,Marietta,1026,187,4,363,773,16,1389,960,20,1217,1152,2369
EDouglas,Cumberland,1682,309,4,467,1069,10,2149,1378,14,1995,1546,3541
EDouglas,SCobb,4336,806,19,5611,12808,38,9947,13614,57,5161,18457,23618
EDouglas,Chamblee,361,75,20,71,143,1,432,218,21,456,215,671
EDouglas,NWDeKalb,369,73,9,97,206,4,466,279,13,451,307,758
EDouglas,NEDeKalb,217,47,2,45,88,5,262,135,7,266,138,404
EDouglas,Atlanta-DeKalb,93,20,1,36,79,0,129,99,1,114,115,229
EDouglas,Decatur,89,11,12,24,35,11,113,46,23,112,70,182
EDouglas,SWDeKalb,158,34,4,53,187,1,211,221,5,196,241,437
EDouglas,SEDeKalb,75,14,0,27,71,0,102,85,0,89,98,187
EDouglas,SDeKalb,181,36,0,58,98,1,239,134,1,217,157,374
EDouglas,WDouglas,6556,1289,0,9306,23410,8,15862,24699,8,7845,32724,40569
EDouglas,EDouglas,19779,3665,5,38434,77027,23,58213,80692,28,23449,115484,138933
EDouglas,WFayette,309,46,0,63,158,0,372,204,0,355,221,576
EDouglas,EFayette,163,39,0,33,144,0,196,183,0,202,177,379
EDouglas,NGwinnett,28,5,0,10,11,0,38,16,0,33,21,54
EDouglas,CentGwinnett,96,18,0,16,41,0,112,59,0,114,57,171
EDouglas,EGwinnett,13,8,0,10,9,0,23,17,0,21,19,40
EDouglas,Norcross,152,36,2,23,72,0,175,108,2,190,95,285
EDouglas,Lilburn,35,7,0,13,8,0,48,15,0,42,21,63
EDouglas,Snellville,41,15,0,16,18,0,57,33,0,56,34,90
EDouglas,NHenry,94,13,0,19,39,0,113,52,0,107,58,165
EDouglas,EHenry,37,2,0,10,8,0,47,10,0,39,18,57
EDouglas,SHenry,58,11,0,17,13,0,75,24,0,69,30,99
EDouglas,SRockdale,30,10,0,6,13,0,36,23,0,40,19,59
EDouglas,NRockdale,23,4,0,16,17,0,39,21,0,27,33,60
EDouglas,NBarrow,0,1,0,1,0,0,1,1,0,1,1,2
EDouglas,SBarrow,5,0,0,0,0,0,5,0,0,5,0,5
EDouglas,NWBartow,20,3,0,6,10,0,26,13,0,23,16,39
EDouglas,NEBartow,15,0,0,9,22,0,24,22,0,15,31,46
EDouglas,SWBartow,34,6,0,16,20,0,50,26,0,40,36,76
EDouglas,Cartersville,108,24,0,35,36,0,143,60,0,132,71,203
EDouglas,NECarroll,967,187,0,308,838,0,1275,1025,0,1154,1146,2300
EDouglas,WCarroll,115,11,0,16,93,0,131,104,0,126,109,235
EDouglas,CentralCarroll,711,130,0,179,313,0,890,443,0,841,492,1333
EDouglas,SECarroll,89,14,0,27,110,0,116,124,0,103,137,240
EDouglas,WCoweta,129,29,0,27,63,0,156,92,0,158,90,248
EDouglas,NCoweta,504,117,0,132,311,0,636,428,0,621,443,1064
EDouglas,SCoweta,38,4,0,6,15,0,44,19,0,42,21,63
EDouglas,SECoweta,56,7,0,9,5,0,65,12,0,63,14,77
EDouglas,NForsyth,2,0,0,1,1,0,3,1,0,2,2,4
EDouglas,Cumming,13,3,0,8,23,0,21,26,0,16,31,47
EDouglas,SForsyth,31,1,1,5,19,0,36,20,1,33,24,57
EDouglas,NHall,0,0,0,0,0,0,0,0,0,0,0,0
EDouglas,Gainesville,0,0,0,0,1,0,0,1,0,0,1,1
EDouglas,SHall,0,1,0,0,1,0,0,2,0,1,1,2
EDouglas,WNewton,32,4,0,8,22,0,40,26,0,36,30,66
EDouglas,ENewton,3,0,0,1,1,0,4,1,0,3,2,5
EDouglas,NPaulding,331,56,0,74,182,0,405,238,0,387,256,643
EDouglas,WPaulding,274,44,0,90,290,0,364,334,0,318,380,698
EDouglas,EPaulding,3803,742,3,2812,8139,7,6615,8881,10,4548,10958,15506
EDouglas,NSpalding,11,4,0,4,1,0,15,5,0,15,5,20
EDouglas,SSpalding,12,3,0,2,1,0,14,4,0,15,3,18
EDouglas,WWalton,7,2,0,3,7,0,10,9,0,9,10,19
EDouglas,EWalton,4,0,0,1,0,0,5,0,0,4,1,5
WFayette,NFulton,25,7,1,12,8,0,37,15,1,33,20,53
WFayette,Roswell,19,2,0,5,21,0,24,23,0,21,26,47
WFayette,SandySprings,91,25,5,28,46,1,119,71,6,121,75,196
WFayette,Buckhead,168,45,12,34,73,3,202,118,15,225,110,335
WFayette,NWAtlanta,201,38,0,28,32,1,229,70,1,239,61,300
WFayette,NEAtlanta,293,60,21,82,152,18,375,212,39,374,252,626
WFayette,SWAtlanta,315,51,2,95,207,2,410,258,4,368,304,672
WFayette,CBDAtlanta,276,50,67,69,147,22,345,197,89,393,238,631
WFayette,SEAtlanta,298,58,4,80,220,6,378,278,10,360,306,666
WFayette,SFulton,739,130,0,495,1617,0,1234,1747,0,869,2112,2981
WFayette,Tri-Cities,920,144,8,171,394,1,1091,538,9,1072,566,1638
WFayette,Shannon,2233,439,3,1751,4620,3,3984,5059,6,2675,6374,9049
WFayette,WCherokee,1,0,0,0,0,0,1,0,0,1,0,1
WFayette,NCherokee,0,0,0,0,0,0,0,0,0,0,0,0
WFayette,ECentCherokee,4,1,0,3,14,0,7,15,0,5,17,22
WFayette,Woodstock,9,0,0,6,6,0,15,6,0,9,12,21
WFayette,Airport,547,97,17,78,224,0,625,321,17,661,302,963
WFayette,NEClayton,642,140,0,185,358,3,827,498,3,782,546,1328
WFayette,Riverdale,685,154,1,359,1122,1,1044,1276,2,840,1482,2322
WFayette,SClayton,1125,233,0,533,1084,1,1658,1317,1,1358,1618,2976
WFayette,NWCobb,41,6,0,32,31,0,73,37,0,47,63,110
WFayette,NECobb,58,7,0,13,23,0,71,30,0,65,36,101
WFayette,SWCobb,66,4,0,14,43,0,80,47,0,70,57,127
WFayette,Marietta,66,4,0,24,64,3,90,68,3,70,91,161
WFayette,Cumberland,335,61,1,59,82,0,394,143,1,397,141,538
WFayette,SCobb,179,31,0,43,119,0,222,150,0,210,162,372
WFayette,Chamblee,126,32,5,34,82,0,160,114,5,163,116,279
WFayette,NWDeKalb,155,38,5,48,84,4,203,122,9,198,136,334
WFayette,NEDeKalb,110,20,0,35,34,1,145,54,1,130,70,200
WFayette,Atlanta-DeKalb,40,3,1,15,18,0,55,21,1,44,33,77
WFayette,Decatur,23,3,0,11,6,3,34,9,3,26,20,46
WFayette,SWDeKalb,86,11,0,30,103,0,116,114,0,97,133,230
WFayette,SEDeKalb,59,8,0,26,33,0,85,41,0,67,59,126
WFayette,SDeKalb,153,27,0,52,82,1,205,109,1,180,135,315
WFayette,WDouglas,303,50,0,59,175,0,362,225,0,353,234,587
WFayette,EDouglas,330,45,0,64,158,0,394,203,0,375,222,597
WFayette,WFayette,23889,4144,0,43136,88729,0,67025,92873,0,28033,131865,159898
WFayette,EFayette,4123,745,0,4169,10549,0,8292,11294,0,4868,14718,19586
WFayette,NGwinnett,4,0,0,6,1,0,10,1,0,4,7,11
WFayette,CentGwinnett,27,9,0,9,7,0,36,16,0,36,16,52
WFayette,EGwinnett,5,0,0,1,17,0,6,17,0,5,18,23
WFayette,Norcross,59,11,0,14,56,0,73,67,0,70,70,140
WFayette,Lilburn,5,3,0,4,19,0,9,22,0,8,23,31
WFayette,Snellville,11,0,0,10,11,0,21,11,0,11,21,32
WFayette,NHenry,278,58,0,75,212,0,353,270,0,336,287,623
WFayette,EHenry,148,20,0,30,35,0,178,55,0,168,65,233
WFayette,SHenry,828,131,0,186,420,0,1014,551,0,959,606,1565
WFayette,SRockdale,35,7,0,8,28,0,43,35,0,42,36,78
WFayette,NRockdale,19,4,0,7,2,0,26,6,0,23,9,32
WFayette,NBarrow,0,0,0,0,0,0,0,0,0,0,0,0
WFayette,SBarrow,0,0,0,1,0,0,1,0,0,0,1,1
WFayette,NWBartow,0,0,0,0,0,0,0,0,0,0,0,0
WFayette,NEBartow,0,0,0,0,0,0,0,0,0,0,0,0
WFayette,SWBartow,0,0,0,0,0,0,0,0,0,0,0,0
WFayette,Cartersville,1,0,0,1,2,0,2,2,0,1,3,4
WFayette,NECarroll,68,12,0,15,24,0,83,36,0,80,39,119
WFayette,WCarroll,24,2,0,6,6,0,30,8,0,26,12,38
WFayette,CentralCarroll,171,20,0,104,77,0,275,97,0,191,181,372
WFayette,SECarroll,55,10,0,15,15,0,70,25,0,65,30,95
WFayette,WCoweta,521,96,0,143,306,0,664,402,0,617,449,1066
WFayette,NCoweta,5120,906,0,3608,9847,0,8728,10753,0,6026,13455,19481
WFayette,SCoweta,332,67,0,155,367,0,487,434,0,399,522,921
WFayette,SECoweta,1954,299,0,2017,5076,0,3971,5375,0,2253,7093,9346
WFayette,NForsyth,0,0,0,0,0,0,0,0,0,0,0,0
WFayette,Cumming,1,1,0,1,0,0,2,1,0,2,1,3
WFayette,SForsyth,1,1,0,1,3,0,2,4,0,2,4,6
WFayette,NHall,0,0,0,0,0,0,0,0,0,0,0,0
WFayette,Gainesville,0,0,0,0,0,0,0,0,0,0,0,0
WFayette,SHall,0,0,0,0,0,0,0,0,0,0,0,0
WFayette,WNewton,38,13,0,10,40,0,48,53,0,51,50,101
WFayette,ENewton,3,0,0,1,0,0,4,0,0,3,1,4
WFayette,NPaulding,7,1,0,2,19,0,9,20,0,8,21,29
WFayette,WPaulding,14,3,0,4,2,0,18,5,0,17,6,23
WFayette,EPaulding,91,11,0,22,50,0,113,61,0,102,72,174
WFayette,NSpalding,628,112,0,154,313,0,782,425,0,740,467,1207
WFayette,SSpalding,568,104,0,160,304,0,728,408,0,672,464,1136
WFayette,WWalton,1,1,0,1,1,0,2,2,0,2,2,4
WFayette,EWalton,0,0,0,1,0,0,1,0,0,0,1,1
EFayette,NFulton,32,9,1,4,20,0,36,29,1,42,24,66
EFayette,Roswell,29,5,1,4,14,0,33,19,1,35,18,53
EFayette,SandySprings,143,32,14,31,42,4,174,74,18,189,77,266
EFayette,Buckhead,290,72,24,46,87,2,336,159,26,386,135,521
EFayette,NWAtlanta,213,35,3,35,87,0,248,122,3,251,122,373
EFayette,NEAtlanta,497,86,29,140,327,28,637,413,57,612,495,1107
EFayette,SWAtlanta,348,65,5,165,318,7,513,383,12,418,490,908
EFayette,CBDAtlanta,573,113,148,167,428,47,740,541,195,834,642,1476
EFayette,SEAtlanta,368,79,3,176,367,3,544,446,6,450,546,996
EFayette,SFulton,421,88,0,188,435,0,609,523,0,509,623,1132
EFayette,Tri-Cities,1009,160,8,320,1118,0,1329,1278,8,1177,1438,2615
EFayette,Shannon,1843,345,4,1993,5173,11,3836,5518,15,2192,7177,9369
EFayette,WCherokee,1,0,0,0,0,0,1,0,0,1,0,1
EFayette,NCherokee,0,0,0,0,0,0,0,0,0,0,0,0
EFayette,ECentCherokee,7,0,0,3,1,0,10,1,0,7,4,11
EFayette,Woodstock,11,3,0,6,4,0,17,7,0,14,10,24
EFayette,Airport,820,104,12,325,633,1,1145,737,13,936,959,1895
EFayette,NEClayton,1361,234,4,713,1577,1,2074,1811,5,1599,2291,3890
EFayette,Riverdale,2203,471,2,2976,8258,4,5179,8729,6,2676,11238,13914
EFayette,SClayton,3151,646,9,3425,9264,6,6576,9910,15,3806,12695,16501
EFayette,NWCobb,48,10,0,19,50,2,67,60,2,58,71,129
EFayette,NECobb,70,13,0,18,16,0,88,29,0,83,34,117
EFayette,SWCobb,44,5,0,9,17,0,53,22,0,49,26,75
EFayette,Marietta,73,16,0,17,31,1,90,47,1,89,49,138
EFayette,Cumberland,356,64,3,53,112,1,409,176,4,423,166,589
EFayette,SCobb,193,34,0,47,96,0,240,130,0,227,143,370
EFayette,Chamblee,160,42,9,37,80,5,197,122,14,211,122,333
EFayette,NWDeKalb,206,46,1,59,117,1,265,163,2,253,177,430
EFayette,NEDeKalb,133,31,1,46,163,0,179,194,1,165,209,374
EFayette,Atlanta-DeKalb,49,8,1,11,45,0,60,53,1,58,56,114
EFayette,Decatur,28,9,1,11,5,2,39,14,3,38,18,56
EFayette,SWDeKalb,142,17,2,46,69,2,188,86,4,161,117,278
EFayette,SEDeKalb,80,13,0,30,18,0,110,31,0,93,48,141
EFayette,SDeKalb,250,47,0,85,238,1,335,285,1,297,324,621
EFayette,WDouglas,180,33,0,42,107,0,222,140,0,213,149,362
EFayette,EDouglas,178,44,0,31,137,0,209,181,0,222,168,390
EFayette,WFayette,4255,743,0,4145,10476,0,8400,11219,0,4998,14621,19619
EFayette,EFayette,14988,2651,0,29980,57824,0,44968,60475,0,17639,87804,105443
EFayette,NGwinnett,12,4,0,3,5,0,15,9,0,16,8,24
EFayette,CentGwinnett,36,9,0,16,36,0,52,45,0,45,52,97
EFayette,EGwinnett,6,4,0,2,1,0,8,5,0,10,3,13
EFayette,Norcross,70,20,0,24,29,1,94,49,1,90,54,144
EFayette,Lilburn,19,5,1,7,10,0,26,15,1,25,17,42
EFayette,Snellville,23,11,0,5,16,0,28,27,0,34,21,55
EFayette,NHenry,606,102,0,288,680,0,894,782,0,708,968,1676
EFayette,EHenry,269,50,0,60,159,0,329,209,0,319,219,538
EFayette,SHenry,1561,271,0,554,1489,0,2115,1760,0,1832,2043,3875
EFayette,SRockdale,71,12,0,15,32,0,86,44,0,83,47,130
EFayette,NRockdale,51,12,0,10,33,0,61,45,0,63,43,106
EFayette,NBarrow,1,0,0,0,0,0,1,0,0,1,0,1
EFayette,SBarrow,0,0,0,1,0,0,1,0,0,0,1,1
EFayette,NWBartow,0,0,0,0,0,0,0,0,0,0,0,0
EFayette,NEBartow,1,0,0,1,0,0,2,0,0,1,1,2
EFayette,SWBartow,0,0,0,0,0,0,0,0,0,0,0,0
EFayette,Cartersville,2,0,0,1,5,0,3,5,0,2,6,8
EFayette,NECarroll,27,9,0,9,11,0,36,20,0,36,20,56
EFayette,WCarroll,5,1,0,2,26,0,7,27,0,6,28,34
EFayette,CentralCarroll,58,8,0,23,35,0,81,43,0,66,58,124
EFayette,SECarroll,17,5,0,4,56,0,21,61,0,22,60,82
EFayette,WCoweta,147,28,0,31,74,0,178,102,0,175,105,280
EFayette,NCoweta,1324,240,0,475,1131,0,1799,1371,0,1564,1606,3170
EFayette,SCoweta,106,20,0,31,26,0,137,46,0,126,57,183
EFayette,SECoweta,611,115,0,419,1153,0,1030,1268,0,726,1572,2298
EFayette,NForsyth,1,1,0,1,0,0,2,1,0,2,1,3
EFayette,Cumming,2,1,0,2,1,0,4,2,0,3,3,6
EFayette,SForsyth,5,2,0,1,1,0,6,3,0,7,2,9
EFayette,NHall,0,0,0,0,0,0,0,0,0,0,0,0
EFayette,Gainesville,1,0,0,1,0,0,2,0,0,1,1,2
EFayette,SHall,0,0,0,0,0,0,0,0,0,0,0,0
EFayette,WNewton,87,19,0,19,42,0,106,61,0,106,61,167
EFayette,ENewton,8,0,0,4,1,0,12,1,0,8,5,13
EFayette,NPaulding,9,1,0,2,1,0,11,2,0,10,3,13
EFayette,WPaulding,3,0,0,1,19,0,4,19,0,3,20,23
EFayette,EPaulding,39,10,0,26,16,0,65,26,0,49,42,91
EFayette,NSpalding,869,148,0,523,1076,0,1392,1224,0,1017,1599,2616
EFayette,SSpalding,655,112,0,296,625,0,951,737,0,767,921,1688
EFayette,WWalton,9,2,0,4,22,0,13,24,0,11,26,37
EFayette,EWalton,2,0,0,2,4,0,4,4,0,2,6,8
NGwinnett,NFulton,4801,907,3,2148,5909,17,6949,6816,20,5711,8074,13785
NGwinnett,Roswell,1079,176,0,263,687,1,1342,863,1,1255,951,2206
NGwinnett,SandySprings,1561,253,21,254,402,16,1815,655,37,1835,672,2507
NGwinnett,Buckhead,1040,201,20,154,509,7,1194,710,27,1261,670,1931
NGwinnett,NWAtlanta,253,53,2,45,62,2,298,115,4,308,109,417
NGwinnett,NEAtlanta,808,140,42,204,539,32,1012,679,74,990,775,1765
NGwinnett,SWAtlanta,104,25,7,32,71,5,136,96,12,136,108,244
NGwinnett,CBDAtlanta,524,129,142,104,283,35,628,412,177,795,422,1217
NGwinnett,SEAtlanta,117,32,1,44,93,4,161,125,5,150,141,291
NGwinnett,SFulton,27,9,0,4,4,0,31,13,0,36,8,44
NGwinnett,Tri-Cities,181,35,5,24,53,6,205,88,11,221,83,304
NGwinnett,Shannon,21,6,0,14,5,0,35,11,0,27,19,46
NGwinnett,WCherokee,14,5,0,17,37,0,31,42,0,19,54,73
NGwinnett,NCherokee,26,4,0,12,39,0,38,43,0,30,51,81
NGwinnett,ECentCherokee,346,59,0,110,230,0,456,289,0,405,340,745
NGwinnett,Woodstock,131,26,0,24,64,0,155,90,0,157,88,245
NGwinnett,Airport,39,16,16,11,15,0,50,31,16,71,26,97
NGwinnett,NEClayton,87,16,0,23,30,0,110,46,0,103,53,156
NGwinnett,Riverdale,17,4,0,5,23,0,22,27,0,21,28,49
NGwinnett,SClayton,15,2,0,12,16,0,27,18,0,17,28,45
NGwinnett,NWCobb,115,19,0,82,111,3,197,130,3,134,196,330
NGwinnett,NECobb,383,43,0,92,185,0,475,228,0,426,277,703
NGwinnett,SWCobb,29,7,0,13,34,0,42,41,0,36,47,83
NGwinnett,Marietta,169,26,0,53,53,3,222,79,3,195,109,304
NGwinnett,Cumberland,686,124,0,107,199,1,793,323,1,810,307,1117
NGwinnett,SCobb,104,21,0,40,51,0,144,72,0,125,91,216
NGwinnett,Chamblee,2592,392,20,483,977,12,3075,1369,32,3004,1472,4476
NGwinnett,NWDeKalb,1014,127,4,212,549,15,1226,676,19,1145,776,1921
NGwinnett,NEDeKalb,1861,303,2,446,751,11,2307,1054,13,2166,1208,3374
NGwinnett,Atlanta-DeKalb,56,12,1,16,23,0,72,35,1,69,39,108
NGwinnett,Decatur,108,18,2,42,47,4,150,65,6,128,93,221
NGwinnett,SWDeKalb,170,27,2,71,88,1,241,115,3,199,160,359
NGwinnett,SEDeKalb,291,44,0,82,283,0,373,327,0,335,365,700
NGwinnett,SDeKalb,196,23,0,56,168,0,252,191,0,219,224,443
NGwinnett,WDouglas,7,2,0,4,5,0,11,7,0,9,9,18
NGwinnett,EDouglas,21,3,0,11,19,0,32,22,0,24,30,54
NGwinnett,WFayette,4,0,0,3,1,0,7,1,0,4,4,8
NGwinnett,EFayette,10,4,0,4,10,0,14,14,0,14,14,28
NGwinnett,NGwinnett,66603,12607,7,109673,261561,3,176276,274168,10,79217,371237,450454
NGwinnett,CentGwinnett,24588,4585,39,23151,59953,77,47739,64538,116,29212,83181,112393
NGwinnett,EGwinnett,7263,1373,2,6707,18190,4,13970,19563,6,8638,24901,33539
NGwinnett,Norcross,6136,1063,6,1494,3576,5,7630,4639,11,7205,5075,12280
NGwinnett,Lilburn,1200,173,0,482,1251,2,1682,1424,2,1373,1735,3108
NGwinnett,Snellville,2407,452,0,1084,2766,0,3491,3218,0,2859,3850,6709
NGwinnett,NHenry,42,7,0,19,30,0,61,37,0,49,49,98
NGwinnett,EHenry,28,3,0,21,34,0,49,37,0,31,55,86
NGwinnett,SHenry,20,5,0,11,31,0,31,36,0,25,42,67
NGwinnett,SRockdale,95,7,0,24,20,0,119,27,0,102,44,146
NGwinnett,NRockdale,287,49,0,53,72,0,340,121,0,336,125,461
NGwinnett,NBarrow,3094,580,0,1976,5881,0,5070,6461,0,3674,7857,11531
NGwinnett,SBarrow,1590,260,0,693,2030,0,2283,2290,0,1850,2723,4573
NGwinnett,NWBartow,1,0,0,0,0,0,1,0,0,1,0,1
NGwinnett,NEBartow,1,0,0,3,4,0,4,4,0,1,7,8
NGwinnett,SWBartow,2,0,0,0,0,0,2,0,0,2,0,2
NGwinnett,Cartersville,6,1,0,4,5,0,10,6,0,7,9,16
NGwinnett,NECarroll,0,0,0,1,0,0,1,0,0,0,1,1
NGwinnett,WCarroll,0,0,0,0,0,0,0,0,0,0,0,0
NGwinnett,CentralCarroll,0,0,0,0,0,0,0,0,0,0,0,0
NGwinnett,SECarroll,0,0,0,0,0,0,0,0,0,0,0,0
NGwinnett,WCoweta,0,1,0,1,0,0,1,1,0,1,1,2
NGwinnett,NCoweta,4,1,0,6,2,0,10,3,0,5,8,13
NGwinnett,SCoweta,0,0,0,0,0,0,0,0,0,0,0,0
NGwinnett,SECoweta,0,0,0,0,0,0,0,0,0,0,0,0
NGwinnett,NForsyth,767,133,0,237,746,0,1004,879,0,900,983,1883
NGwinnett,Cumming,3962,729,0,2456,7036,0,6418,7765,0,4691,9492,14183
NGwinnett,SForsyth,3557,664,1,2407,7076,0,5964,7740,1,4222,9483,13705
NGwinnett,NHall,524,89,0,109,340,0,633,429,0,613,449,1062
NGwinnett,Gainesville,3625,791,0,634,2015,0,4259,2806,0,4416,2649,7065
NGwinnett,SHall,7863,1486,0,6892,16962,0,14755,18448,0,9349,23854,33203
NGwinnett,WNewton,268,48,0,66,136,0,334,184,0,316,202,518
NGwinnett,ENewton,47,8,0,9,17,0,56,25,0,55,26,81
NGwinnett,NPaulding,8,0,0,1,0,0,9,0,0,8,1,9
NGwinnett,WPaulding,1,0,0,1,1,0,2,1,0,1,2,3
NGwinnett,EPaulding,18,1,0,7,19,0,25,20,0,19,26,45
NGwinnett,NSpalding,1,0,0,1,0,0,2,0,0,1,1,2
NGwinnett,SSpalding,0,0,0,0,0,0,0,0,0,0,0,0
NGwinnett,WWalton,762,142,0,231,554,0,993,696,0,904,785,1689
NGwinnett,EWalton,635,136,0,179,356,0,814,492,0,771,535,1306
CentGwinnett,NFulton,8739,1800,24,7733,18082,42,16472,19882,66,10563,25857,36420
CentGwinnett,Roswell,2215,404,6,1068,2864,1,3283,3268,7,2625,3933,6558
CentGwinnett,SandySprings,3156,496,75,691,1419,46,3847,1915,121,3727,2156,5883
CentGwinnett,Buckhead,2188,381,81,319,765,32,2507,1146,113,2650,1116,3766
CentGwinnett,NWAtlanta,577,95,12,75,150,7,652,245,19,684,232,916
CentGwinnett,NEAtlanta,1772,356,150,368,949,125,2140,1305,275,2278,1442,3720
CentGwinnett,SWAtlanta,260,67,6,85,186,25,345,253,31,333,296,629
CentGwinnett,CBDAtlanta,1107,311,434,161,590,87,1268,901,521,1852,838,2690
CentGwinnett,SEAtlanta,281,71,8,70,132,11,351,203,19,360,213,573
CentGwinnett,SFulton,82,25,1,18,61,0,100,86,1,108,79,187
CentGwinnett,Tri-Cities,328,83,17,41,86,1,369,169,18,428,128,556
CentGwinnett,Shannon,99,30,1,33,77,0,132,107,1,130,110,240
CentGwinnett,WCherokee,44,7,0,15,52,0,59,59,0,51,67,118
CentGwinnett,NCherokee,55,8,0,20,79,0,75,87,0,63,99,162
CentGwinnett,ECentCherokee,465,84,0,136,243,0,601,327,0,549,379,928
CentGwinnett,Woodstock,277,56,0,86,292,0,363,348,0,333,378,711
CentGwinnett,Airport,149,36,34,19,38,0,168,74,34,219,57,276
CentGwinnett,NEClayton,243,58,3,56,46,0,299,104,3,304,102,406
CentGwinnett,Riverdale,71,19,0,12,62,0,83,81,0,90,74,164
CentGwinnett,SClayton,93,20,1,15,62,0,108,82,1,114,77,191
CentGwinnett,NWCobb,305,46,1,137,127,12,442,173,13,352,276,628
CentGwinnett,NECobb,742,111,1,170,392,1,912,503,2,854,563,1417
CentGwinnett,SWCobb,85,13,0,30,61,0,115,74,0,98,91,189
CentGwinnett,Marietta,306,48,1,99,117,16,405,165,17,355,232,587
CentGwinnett,Cumberland,1322,216,15,176,290,6,1498,506,21,1553,472,2025
CentGwinnett,SCobb,249,39,1,67,176,0,316,215,1,289,243,532
CentGwinnett,Chamblee,5446,933,64,1805,4048,63,7251,4981,127,6443,5916,12359
CentGwinnett,NWDeKalb,2140,351,10,585,2154,56,2725,2505,66,2501,2795,5296
CentGwinnett,NEDeKalb,4917,875,12,2288,6020,46,7205,6895,58,5804,8354,14158
CentGwinnett,Atlanta-DeKalb,157,23,3,46,120,2,203,143,5,183,168,351
CentGwinnett,Decatur,258,48,9,93,235,18,351,283,27,315,346,661
CentGwinnett,SWDeKalb,531,94,5,183,562,3,714,656,8,630,748,1378
CentGwinnett,SEDeKalb,998,227,2,465,1280,4,1463,1507,6,1227,1749,2976
CentGwinnett,SDeKalb,579,124,2,190,379,5,769,503,7,705,574,1279
CentGwinnett,WDouglas,39,5,0,12,19,0,51,24,0,44,31,75
CentGwinnett,EDouglas,86,16,0,24,87,0,110,103,0,102,111,213
CentGwinnett,WFayette,21,6,0,9,17,0,30,23,0,27,26,53
CentGwinnett,EFayette,38,11,0,8,40,0,46,51,0,49,48,97
CentGwinnett,NGwinnett,25525,4901,40,23354,60883,73,48879,65784,113,30466,84310,114776
CentGwinnett,CentGwinnett,112684,21398,655,166891,341993,1088,279575,363391,1743,134737,509972,644709
CentGwinnett,EGwinnett,12177,2331,25,11587,33604,49,23764,35935,74,14533,45240,59773
CentGwinnett,Norcross,20798,3765,141,15749,36562,140,36547,40327,281,24704,52451,77155
CentGwinnett,Lilburn,6845,1302,28,7306,19251,38,14151,20553,66,8175,26595,34770
CentGwinnett,Snellville,10049,1915,13,10400,29234,16,20449,31149,29,11977,39650,51627
CentGwinnett,NHenry,155,29,0,54,84,0,209,113,0,184,138,322
CentGwinnett,EHenry,140,11,0,49,149,0,189,160,0,151,198,349
CentGwinnett,SHenry,105,10,0,28,80,0,133,90,0,115,108,223
CentGwinnett,SRockdale,279,47,0,80,170,0,359,217,0,326,250,576
CentGwinnett,NRockdale,771,141,0,202,517,0,973,658,0,912,719,1631
CentGwinnett,NBarrow,1686,309,0,499,1489,1,2185,1798,1,1995,1989,3984
CentGwinnett,SBarrow,1564,271,0,507,1316,1,2071,1587,1,1835,1824,3659
CentGwinnett,NWBartow,2,0,0,0,1,0,2,1,0,2,1,3
CentGwinnett,NEBartow,6,2,0,3,9,0,9,11,0,8,12,20
CentGwinnett,SWBartow,6,2,0,1,19,0,7,21,0,8,20,28
CentGwinnett,Cartersville,27,4,0,15,40,0,42,44,0,31,55,86
CentGwinnett,NECarroll,4,1,0,1,1,0,5,2,0,5,2,7
CentGwinnett,WCarroll,0,0,0,0,0,0,0,0,0,0,0,0
CentGwinnett,CentralCarroll,3,1,0,2,0,0,5,1,0,4,2,6
CentGwinnett,SECarroll,1,0,0,0,0,0,1,0,0,1,0,1
CentGwinnett,WCoweta,1,0,0,1,0,0,2,0,0,1,1,2
CentGwinnett,NCoweta,18,8,0,8,14,0,26,22,0,26,22,48
CentGwinnett,SCoweta,1,0,0,0,0,0,1,0,0,1,0,1
CentGwinnett,SECoweta,2,0,0,1,0,0,3,0,0,2,1,3
CentGwinnett,NForsyth,486,99,0,129,339,0,615,438,0,585,468,1053
CentGwinnett,Cumming,2089,392,0,731,1948,1,2820,2340,1,2481,2680,5161
CentGwinnett,SForsyth,3310,624,0,2141,6005,2,5451,6629,2,3934,8148,12082
CentGwinnett,NHall,313,46,0,72,299,0,385,345,0,359,371,730
CentGwinnett,Gainesville,1299,203,0,236,448,0,1535,651,0,1502,684,2186
CentGwinnett,SHall,2619,478,0,805,1888,0,3424,2366,0,3097,2693,5790
CentGwinnett,WNewton,751,141,1,181,333,0,932,474,1,893,514,1407
CentGwinnett,ENewton,100,15,0,36,38,0,136,53,0,115,74,189
CentGwinnett,NPaulding,21,3,0,11,17,0,32,20,0,24,28,52
CentGwinnett,WPaulding,3,0,0,1,2,0,4,2,0,3,3,6
CentGwinnett,EPaulding,50,7,0,23,42,0,73,49,0,57,65,122
CentGwinnett,NSpalding,5,0,0,3,5,0,8,5,0,5,8,13
CentGwinnett,SSpalding,1,1,0,2,1,0,3,2,0,2,3,5
CentGwinnett,WWalton,1962,347,0,746,2332,1,2708,2679,1,2309,3079,5388
CentGwinnett,EWalton,923,194,0,279,673,0,1202,867,0,1117,952,2069
EGwinnett,NFulton,865,140,0,172,344,3,1037,484,3,1005,519,1524
EGwinnett,Roswell,267,40,1,44,112,1,311,152,2,308,157,465
EGwinnett,SandySprings,609,80,2,91,172,1,700,252,3,691,264,955
EGwinnett,Buckhead,474,74,6,87,236,1,561,310,7,554,324,878
EGwinnett,NWAtlanta,139,21,1,21,88,1,160,109,2,161,110,271
EGwinnett,NEAtlanta,398,55,19,101,259,13,499,314,32,472,373,845
EGwinnett,SWAtlanta,52,14,0,23,28,3,75,42,3,66,54,120
EGwinnett,CBDAtlanta,312,90,42,56,148,16,368,238,58,444,220,664
EGwinnett,SEAtlanta,51,14,1,30,48,1,81,62,2,66,79,145
EGwinnett,SFulton,22,2,0,2,0,0,24,2,0,24,2,26
EGwinnett,Tri-Cities,79,23,2,12,34,1,91,57,3,104,47,151
EGwinnett,Shannon,12,3,0,7,19,0,19,22,0,15,26,41
EGwinnett,WCherokee,0,0,0,2,5,0,2,5,0,0,7,7
EGwinnett,NCherokee,3,1,0,2,0,0,5,1,0,4,2,6
EGwinnett,ECentCherokee,43,7,0,15,29,0,58,36,0,50,44,94
EGwinnett,Woodstock,27,5,0,9,35,0,36,40,0,32,44,76
EGwinnett,Airport,35,14,5,3,23,0,38,37,5,54,26,80
EGwinnett,NEClayton,71,14,1,10,30,0,81,44,1,86,40,126
EGwinnett,Riverdale,14,3,0,3,6,0,17,9,0,17,9,26
EGwinnett,SClayton,13,4,0,3,8,0,16,12,0,17,11,28
EGwinnett,NWCobb,37,2,0,24,26,2,61,28,2,39,52,91
EGwinnett,NECobb,129,13,0,31,105,0,160,118,0,142,136,278
EGwinnett,SWCobb,11,1,0,3,4,0,14,5,0,12,7,19
EGwinnett,Marietta,76,7,0,38,41,2,114,48,2,83,81,164
EGwinnett,Cumberland,305,48,1,45,108,2,350,156,3,354,155,509
EGwinnett,SCobb,48,11,0,8,31,1,56,42,1,59,40,99
EGwinnett,Chamblee,1055,185,2,172,422,5,1227,607,7,1242,599,1841
EGwinnett,NWDeKalb,552,96,1,144,429,11,696,525,12,649,584,1233
EGwinnett,NEDeKalb,1202,223,1,314,781,9,1516,1004,10,1426,1104,2530
EGwinnett,Atlanta-DeKalb,31,8,1,3,31,1,34,39,2,40,35,75
EGwinnett,Decatur,58,12,1,29,62,5,87,74,6,71,96,167
EGwinnett,SWDeKalb,130,20,0,48,108,2,178,128,2,150,158,308
EGwinnett,SEDeKalb,296,50,0,120,392,0,416,442,0,346,512,858
EGwinnett,SDeKalb,173,29,0,63,139,2,236,168,2,202,204,406
EGwinnett,WDouglas,2,2,0,1,0,0,3,2,0,4,1,5
EGwinnett,EDouglas,17,4,0,9,5,0,26,9,0,21,14,35
EGwinnett,WFayette,5,1,0,1,1,0,6,2,0,6,2,8
EGwinnett,EFayette,7,1,0,5,10,0,12,11,0,8,15,23
EGwinnett,NGwinnett,7012,1295,2,6665,18007,4,13677,19302,6,8309,24676,32985
EGwinnett,CentGwinnett,11457,2178,25,11507,33357,50,22964,35535,75,13660,44914,58574
EGwinnett,EGwinnett,12505,2472,0,26648,68936,3,39153,71408,3,14977,95587,110564
EGwinnett,Norcross,2322,434,0,446,1200,0,2768,1634,0,2756,1646,4402
EGwinnett,Lilburn,987,180,1,550,1647,0,1537,1827,1,1168,2197,3365
EGwinnett,Snellville,4081,813,0,6099,18349,0,10180,19162,0,4894,24448,29342
EGwinnett,NHenry,53,6,0,25,28,0,78,34,0,59,53,112
EGwinnett,EHenry,37,6,0,10,22,0,47,28,0,43,32,75
EGwinnett,SHenry,36,6,0,10,11,0,46,17,0,42,21,63
EGwinnett,SRockdale,98,22,0,24,28,0,122,50,0,120,52,172
EGwinnett,NRockdale,539,92,0,138,361,0,677,453,0,631,499,1130
EGwinnett,NBarrow,1565,294,0,1132,3279,0,2697,3573,0,1859,4411,6270
EGwinnett,SBarrow,1406,274,0,1219,3445,0,2625,3719,0,1680,4664,6344
EGwinnett,NWBartow,0,0,0,0,0,0,0,0,0,0,0,0
EGwinnett,NEBartow,0,0,0,0,0,0,0,0,0,0,0,0
EGwinnett,SWBartow,0,0,0,0,0,0,0,0,0,0,0,0
EGwinnett,Cartersville,2,0,0,1,1,0,3,1,0,2,2,4
EGwinnett,NECarroll,0,0,0,0,0,0,0,0,0,0,0,0
EGwinnett,WCarroll,0,0,0,0,0,0,0,0,0,0,0,0
EGwinnett,CentralCarroll,1,0,0,0,0,0,1,0,0,1,0,1
EGwinnett,SECarroll,0,0,0,0,0,0,0,0,0,0,0,0
EGwinnett,WCoweta,0,0,0,0,0,0,0,0,0,0,0,0
EGwinnett,NCoweta,0,0,0,1,1,0,1,1,0,0,2,2
EGwinnett,SCoweta,0,0,0,0,0,0,0,0,0,0,0,0
EGwinnett,SECoweta,0,0,0,0,0,0,0,0,0,0,0,0
EGwinnett,NForsyth,48,9,0,13,20,0,61,29,0,57,33,90
EGwinnett,Cumming,285,59,0,66,191,0,351,250,0,344,257,601
EGwinnett,SForsyth,405,66,0,66,224,0,471,290,0,471,290,761
EGwinnett,NHall,52,12,0,8,36,0,60,48,0,64,44,108
EGwinnett,Gainesville,462,81,0,59,131,0,521,212,0,543,190,733
EGwinnett,SHall,666,122,0,308,642,0,974,764,0,788,950,1738
EGwinnett,WNewton,433,66,0,109,240,0,542,306,0,499,349,848
EGwinnett,ENewton,41,6,0,22,40,0,63,46,0,47,62,109
EGwinnett,NPaulding,0,0,0,2,0,0,2,0,0,0,2,2
EGwinnett,WPaulding,0,0,0,0,0,0,0,0,0,0,0,0
EGwinnett,EPaulding,3,0,0,4,22,0,7,22,0,3,26,29
EGwinnett,NSpalding,3,1,0,0,4,0,3,5,0,4,4,8
EGwinnett,SSpalding,2,0,0,0,0,0,2,0,0,2,0,2
EGwinnett,WWalton,1457,294,0,1612,4980,0,3069,5274,0,1751,6592,8343
EGwinnett,EWalton,1003,178,0,432,1138,0,1435,1316,0,1181,1570,2751
Norcross,NFulton,7132,1392,21,3983,10655,32,11115,12047,53,8545,14670,23215
Norcross,Roswell,4975,1001,22,3791,9493,7,8766,10494,29,5998,13291,19289
Norcross,SandySprings,5243,920,114,3557,6582,103,8800,7502,217,6277,10242,16519
Norcross,Buckhead,3166,601,209,866,1958,89,4032,2559,298,3976,2913,6889
Norcross,NWAtlanta,664,138,44,98,207,7,762,345,51,846,312,1158
Norcross,NEAtlanta,2292,480,325,621,1959,311,2913,2439,636,3097,2891,5988
Norcross,SWAtlanta,418,127,46,93,176,28,511,303,74,591,297,888
Norcross,CBDAtlanta,1272,335,788,280,808,279,1552,1143,1067,2395,1367,3762
Norcross,SEAtlanta,404,156,37,74,210,23,478,366,60,597,307,904
Norcross,SFulton,126,29,1,23,24,0,149,53,1,156,47,203
Norcross,Tri-Cities,361,114,34,36,106,3,397,220,37,509,145,654
Norcross,Shannon,161,50,7,30,68,0,191,118,7,218,98,316
Norcross,WCherokee,63,12,0,19,28,0,82,40,0,75,47,122
Norcross,NCherokee,40,4,0,7,30,0,47,34,0,44,37,81
Norcross,ECentCherokee,594,96,0,97,261,0,691,357,0,690,358,1048
Norcross,Woodstock,646,106,0,93,318,1,739,424,1,752,412,1164
Norcross,Airport,157,48,69,8,20,0,165,68,69,274,28,302
Norcross,NEClayton,303,74,3,65,172,2,368,246,5,380,239,619
Norcross,Riverdale,171,56,4,24,43,0,195,99,4,231,67,298
Norcross,SClayton,181,36,2,22,56,0,203,92,2,219,78,297
Norcross,NWCobb,582,105,1,154,186,26,736,291,27,688,366,1054
Norcross,NECobb,1508,263,0,414,892,1,1922,1155,1,1771,1307,3078
Norcross,SWCobb,220,41,0,34,81,0,254,122,0,261,115,376
Norcross,Marietta,459,75,1,165,189,28,624,264,29,535,382,917
Norcross,Cumberland,1774,337,23,388,873,11,2162,1210,34,2134,1272,3406
Norcross,SCobb,444,97,7,75,161,0,519,258,7,548,236,784
Norcross,Chamblee,10739,2115,162,11052,23410,221,21791,25525,383,13016,34683,47699
Norcross,NWDeKalb,2720,526,40,1407,4605,178,4127,5131,218,3286,6190,9476
Norcross,NEDeKalb,8197,1574,70,9103,21632,104,17300,23206,174,9841,30839,40680
Norcross,Atlanta-DeKalb,233,36,12,63,223,11,296,259,23,281,297,578
Norcross,Decatur,356,67,14,164,429,22,520,496,36,437,615,1052
Norcross,SWDeKalb,791,161,25,326,991,24,1117,1152,49,977,1341,2318
Norcross,SEDeKalb,1344,287,12,470,1259,7,1814,1546,19,1643,1736,3379
Norcross,SDeKalb,785,137,6,186,554,4,971,691,10,928,744,1672
Norcross,WDouglas,80,18,1,13,23,0,93,41,1,99,36,135
Norcross,EDouglas,138,32,1,30,35,0,168,67,1,171,65,236
Norcross,WFayette,46,9,0,15,50,0,61,59,0,55,65,120
Norcross,EFayette,63,17,0,28,13,1,91,30,1,80,42,122
Norcross,NGwinnett,6125,1075,6,1465,3552,4,7590,4627,10,7206,5021,12227
Norcross,CentGwinnett,21613,3923,145,15908,37440,150,37521,41363,295,25681,53498,79179
Norcross,EGwinnett,2311,404,0,434,1235,0,2745,1639,0,2715,1669,4384
Norcross,Norcross,59973,11659,565,83411,155657,762,143384,167316,1327,72197,239830,312027
Norcross,Lilburn,8220,1507,52,8580,22880,88,16800,24387,140,9779,31548,41327
Norcross,Snellville,3142,638,4,1063,3332,9,4205,3970,13,3784,4404,8188
Norcross,NHenry,301,41,0,53,131,0,354,172,0,342,184,526
Norcross,EHenry,187,38,0,35,37,0,222,75,0,225,72,297
Norcross,SHenry,158,23,0,31,56,1,189,79,1,181,88,269
Norcross,SRockdale,237,59,1,27,100,0,264,159,1,297,127,424
Norcross,NRockdale,392,62,0,59,110,0,451,172,0,454,169,623
Norcross,NBarrow,552,89,0,87,140,1,639,229,1,641,228,869
Norcross,SBarrow,508,77,0,76,127,0,584,204,0,585,203,788
Norcross,NWBartow,6,0,0,1,5,0,7,5,0,6,6,12
Norcross,NEBartow,7,4,0,7,5,0,14,9,0,11,12,23
Norcross,SWBartow,18,3,0,5,4,0,23,7,0,21,9,30
Norcross,Cartersville,68,17,0,15,26,0,83,43,0,85,41,126
Norcross,NECarroll,14,3,0,7,7,0,21,10,0,17,14,31
Norcross,WCarroll,1,0,0,0,0,0,1,0,0,1,0,1
Norcross,CentralCarroll,5,1,0,6,27,0,11,28,0,6,33,39
Norcross,SECarroll,0,0,0,0,0,0,0,0,0,0,0,0
Norcross,WCoweta,9,3,0,1,25,0,10,28,0,12,26,38
Norcross,NCoweta,50,10,0,10,15,0,60,25,0,60,25,85
Norcross,SCoweta,1,1,0,0,0,0,1,1,0,2,0,2
Norcross,SECoweta,6,1,0,0,0,0,6,1,0,7,0,7
Norcross,NForsyth,365,65,0,66,124,0,431,189,0,430,190,620
Norcross,Cumming,1301,219,0,259,805,1,1560,1024,1,1520,1065,2585
Norcross,SForsyth,1827,334,0,791,2123,2,2618,2457,2,2161,2916,5077
Norcross,NHall,120,30,0,32,97,0,152,127,0,150,129,279
Norcross,Gainesville,455,59,0,72,150,0,527,209,0,514,222,736
Norcross,SHall,1048,176,0,164,332,0,1212,508,0,1224,496,1720
Norcross,WNewton,409,69,1,41,124,0,450,193,1,479,165,644
Norcross,ENewton,37,7,0,13,26,0,50,33,0,44,39,83
Norcross,NPaulding,51,12,0,17,11,0,68,23,0,63,28,91
Norcross,WPaulding,21,5,0,4,2,0,25,7,0,26,6,32
Norcross,EPaulding,173,29,0,32,54,0,205,83,0,202,86,288
Norcross,NSpalding,12,2,0,4,1,0,16,3,0,14,5,19
Norcross,SSpalding,9,2,0,4,0,0,13,2,0,11,4,15
Norcross,WWalton,560,104,0,79,294,0,639,398,0,664,373,1037
Norcross,EWalton,283,38,0,47,74,0,330,112,0,321,121,442
Lilburn,NFulton,825,145,4,339,851,1,1164,996,5,974,1191,2165
Lilburn,Roswell,431,92,0,192,541,0,623,633,0,523,733,1256
Lilburn,SandySprings,986,171,23,300,616,13,1286,787,36,1180,929,2109
Lilburn,Buckhead,926,165,50,191,644,13,1117,809,63,1141,848,1989
Lilburn,NWAtlanta,230,36,7,38,70,9,268,106,16,273,117,390
Lilburn,NEAtlanta,878,146,66,332,772,66,1210,918,132,1090,1170,2260
Lilburn,SWAtlanta,168,33,7,58,54,12,226,87,19,208,124,332
Lilburn,CBDAtlanta,748,138,274,157,354,98,905,492,372,1160,609,1769
Lilburn,SEAtlanta,177,40,3,69,144,5,246,184,8,220,218,438
Lilburn,SFulton,29,4,1,9,12,0,38,16,1,34,21,55
Lilburn,Tri-Cities,165,26,3,27,75,0,192,101,3,194,102,296
Lilburn,Shannon,49,8,0,16,49,0,65,57,0,57,65,122
Lilburn,WCherokee,3,1,0,2,1,0,5,2,0,4,3,7
Lilburn,NCherokee,3,1,0,2,11,0,5,12,0,4,13,17
Lilburn,ECentCherokee,51,5,0,22,32,0,73,37,0,56,54,110
Lilburn,Woodstock,70,7,0,21,22,0,91,29,0,77,43,120
Lilburn,Airport,110,26,30,18,2,0,128,28,30,166,20,186
Lilburn,NEClayton,172,52,0,27,124,1,199,176,1,224,152,376
Lilburn,Riverdale,31,11,0,4,25,0,35,36,0,42,29,71
Lilburn,SClayton,61,16,0,14,10,0,75,26,0,77,24,101
Lilburn,NWCobb,105,13,0,51,52,3,156,65,3,118,106,224
Lilburn,NECobb,223,38,0,44,132,0,267,170,0,261,176,437
Lilburn,SWCobb,25,7,0,11,17,0,36,24,0,32,28,60
Lilburn,Marietta,126,20,0,61,57,7,187,77,7,146,125,271
Lilburn,Cumberland,511,87,7,75,169,2,586,256,9,605,246,851
Lilburn,SCobb,93,15,0,23,41,0,116,56,0,108,64,172
Lilburn,Chamblee,1994,314,22,962,2327,23,2956,2641,45,2330,3312,5642
Lilburn,NWDeKalb,1592,270,27,869,3218,87,2461,3488,114,1889,4174,6063
Lilburn,NEDeKalb,6194,1103,62,7471,18729,89,13665,19832,151,7359,26289,33648
Lilburn,Atlanta-DeKalb,119,26,8,51,268,2,170,294,10,153,321,474
Lilburn,Decatur,209,40,7,164,472,28,373,512,35,256,664,920
Lilburn,SWDeKalb,481,113,9,368,978,10,849,1091,19,603,1356,1959
Lilburn,SEDeKalb,1534,309,2,2147,6098,6,3681,6407,8,1845,8251,10096
Lilburn,SDeKalb,572,118,3,346,942,8,918,1060,11,693,1296,1989
Lilburn,WDouglas,19,1,0,9,32,0,28,33,0,20,41,61
Lilburn,EDouglas,36,11,0,14,17,0,50,28,0,47,31,78
Lilburn,WFayette,11,3,0,5,4,0,16,7,0,14,9,23
Lilburn,EFayette,20,4,1,6,30,0,26,34,1,25,36,61
Lilburn,NGwinnett,1238,178,0,501,1201,2,1739,1379,2,1416,1704,3120
Lilburn,CentGwinnett,6904,1356,26,7306,19158,49,14210,20514,75,8286,26513,34799
Lilburn,EGwinnett,1049,186,1,540,1649,0,1589,1835,1,1236,2189,3425
Lilburn,Norcross,7859,1488,52,8535,23167,85,16394,24655,137,9399,31787,41186
Lilburn,Lilburn,13764,2465,37,29854,64410,99,43618,66875,136,16266,94363,110629
Lilburn,Snellville,4302,812,4,5787,17392,7,10089,18204,11,5118,23186,28304
Lilburn,NHenry,134,29,0,39,73,0,173,102,0,163,112,275
Lilburn,EHenry,122,15,0,24,102,0,146,117,0,137,126,263
Lilburn,SHenry,63,8,0,15,62,0,78,70,0,71,77,148
Lilburn,SRockdale,255,44,0,90,257,0,345,301,0,299,347,646
Lilburn,NRockdale,584,107,0,237,673,0,821,780,0,691,910,1601
Lilburn,NBarrow,133,31,0,40,107,0,173,138,0,164,147,311
Lilburn,SBarrow,148,15,0,37,115,0,185,130,0,163,152,315
Lilburn,NWBartow,1,0,0,0,0,0,1,0,0,1,0,1
Lilburn,NEBartow,0,0,0,0,1,0,0,1,0,0,1,1
Lilburn,SWBartow,0,0,0,2,2,0,2,2,0,0,4,4
Lilburn,Cartersville,3,0,0,4,1,0,7,1,0,3,5,8
Lilburn,NECarroll,2,2,0,2,0,0,4,2,0,4,2,6
Lilburn,WCarroll,0,0,0,0,0,0,0,0,0,0,0,0
Lilburn,CentralCarroll,2,0,0,2,1,0,4,1,0,2,3,5
Lilburn,SECarroll,0,0,0,0,0,0,0,0,0,0,0,0
Lilburn,WCoweta,1,1,0,0,0,0,1,1,0,2,0,2
Lilburn,NCoweta,5,2,0,10,18,0,15,20,0,7,28,35
Lilburn,SCoweta,0,0,0,1,0,0,1,0,0,0,1,1
Lilburn,SECoweta,1,0,0,0,0,0,1,0,0,1,0,1
Lilburn,NForsyth,39,8,0,12,41,0,51,49,0,47,53,100
Lilburn,Cumming,169,29,0,45,64,0,214,93,0,198,109,307
Lilburn,SForsyth,249,50,1,76,290,0,325,340,1,300,366,666
Lilburn,NHall,17,3,0,12,16,0,29,19,0,20,28,48
Lilburn,Gainesville,106,16,0,27,83,0,133,99,0,122,110,232
Lilburn,SHall,171,25,0,60,87,0,231,112,0,196,147,343
Lilburn,WNewton,356,59,0,91,240,0,447,299,0,415,331,746
Lilburn,ENewton,29,11,0,13,44,0,42,55,0,40,57,97
Lilburn,NPaulding,3,1,0,3,5,0,6,6,0,4,8,12
Lilburn,WPaulding,1,1,0,3,0,0,4,1,0,2,3,5
Lilburn,EPaulding,15,2,0,11,38,0,26,40,0,17,49,66
Lilburn,NSpalding,2,1,0,2,0,0,4,1,0,3,2,5
Lilburn,SSpalding,2,2,0,1,0,0,3,2,0,4,1,5
Lilburn,WWalton,475,79,0,218,579,1,693,658,1,554,798,1352
Lilburn,EWalton,182,34,0,51,74,0,233,108,0,216,125,341
Snellville,NFulton,912,144,2,201,445,4,1113,589,6,1058,650,1708
Snellville,Roswell,331,55,2,73,113,0,404,168,2,388,186,574
Snellville,SandySprings,781,129,15,138,250,20,919,379,35,925,408,1333
Snellville,Buckhead,819,133,23,141,475,10,960,608,33,975,626,1601
Snellville,NWAtlanta,270,57,4,50,61,5,320,118,9,331,116,447
Snellville,NEAtlanta,834,146,39,349,622,75,1183,768,114,1019,1046,2065
Snellville,SWAtlanta,140,31,2,68,62,15,208,93,17,173,145,318
Snellville,CBDAtlanta,753,122,220,184,459,83,937,581,303,1095,726,1821
Snellville,SEAtlanta,205,33,1,60,178,6,265,211,7,239,244,483
Snellville,SFulton,32,7,0,8,21,0,40,28,0,39,29,68
Snellville,Tri-Cities,239,31,1,28,127,0,267,158,1,271,155,426
Snellville,Shannon,43,4,0,19,24,0,62,28,0,47,43,90
Snellville,WCherokee,5,0,0,2,5,0,7,5,0,5,7,12
Snellville,NCherokee,3,2,0,1,9,0,4,11,0,5,10,15
Snellville,ECentCherokee,38,8,0,11,6,0,49,14,0,46,17,63
Snellville,Woodstock,35,6,0,13,69,0,48,75,0,41,82,123
Snellville,Airport,175,23,14,8,35,0,183,58,14,212,43,255
Snellville,NEClayton,216,47,0,37,101,1,253,148,1,263,139,402
Snellville,Riverdale,44,10,0,16,32,0,60,42,0,54,48,102
Snellville,SClayton,65,14,0,17,37,0,82,51,0,79,54,133
Snellville,NWCobb,71,15,0,49,34,5,120,49,5,86,88,174
Snellville,NECobb,151,26,0,33,104,0,184,130,0,177,137,314
Snellville,SWCobb,14,6,0,5,3,0,19,9,0,20,8,28
Snellville,Marietta,109,20,1,46,31,4,155,51,5,130,81,211
Snellville,Cumberland,414,79,5,53,58,1,467,137,6,498,112,610
Snellville,SCobb,83,13,1,16,56,0,99,69,1,97,72,169
Snellville,Chamblee,1345,231,10,275,625,10,1620,856,20,1586,910,2496
Snellville,NWDeKalb,1462,297,7,554,2561,51,2016,2858,58,1766,3166,4932
Snellville,NEDeKalb,3416,707,13,2125,6809,50,5541,7516,63,4136,8984,13120
Snellville,Atlanta-DeKalb,116,20,5,39,179,4,155,199,9,141,222,363
Snellville,Decatur,224,35,10,115,316,22,339,351,32,269,453,722
Snellville,SWDeKalb,503,100,7,239,927,8,742,1027,15,610,1174,1784
Snellville,SEDeKalb,1862,344,8,2050,6970,9,3912,7314,17,2214,9029,11243
Snellville,SDeKalb,771,150,6,444,1336,11,1215,1486,17,927,1791,2718
Snellville,WDouglas,11,2,0,4,20,0,15,22,0,13,24,37
Snellville,EDouglas,41,7,0,15,19,0,56,26,0,48,34,82
Snellville,WFayette,11,0,0,10,2,0,21,2,0,11,12,23
Snellville,EFayette,26,8,0,10,6,0,36,14,0,34,16,50
Snellville,NGwinnett,2371,440,0,1108,2771,0,3479,3211,0,2811,3879,6690
Snellville,CentGwinnett,9814,1886,13,10314,29594,16,20128,31480,29,11713,39924,51637
Snellville,EGwinnett,4191,851,0,6203,18286,0,10394,19137,0,5042,24489,29531
Snellville,Norcross,3201,616,4,1045,3001,9,4246,3617,13,3821,4055,7876
Snellville,Lilburn,3876,776,4,5719,16991,6,9595,17767,10,4656,22716,27372
Snellville,Snellville,24361,4944,6,57359,139865,9,81720,144809,15,29311,197233,226544
Snellville,NHenry,231,39,0,49,121,0,280,160,0,270,170,440
Snellville,EHenry,169,27,0,60,144,0,229,171,0,196,204,400
Snellville,SHenry,168,26,0,47,99,0,215,125,0,194,146,340
Snellville,SRockdale,407,94,0,238,726,0,645,820,0,501,964,1465
Snellville,NRockdale,2108,417,0,1215,3561,0,3323,3978,0,2525,4776,7301
Snellville,NBarrow,408,76,0,112,220,0,520,296,0,484,332,816
Snellville,SBarrow,418,98,0,162,364,0,580,462,0,516,526,1042
Snellville,NWBartow,0,0,0,0,0,0,0,0,0,0,0,0
Snellville,NEBartow,0,0,0,1,0,0,1,0,0,0,1,1
Snellville,SWBartow,0,0,0,0,0,0,0,0,0,0,0,0
Snellville,Cartersville,2,1,0,3,9,0,5,10,0,3,12,15
Snellville,NECarroll,2,1,0,0,0,0,2,1,0,3,0,3
Snellville,WCarroll,0,0,0,0,0,0,0,0,0,0,0,0
Snellville,CentralCarroll,1,1,0,2,4,0,3,5,0,2,6,8
Snellville,SECarroll,0,0,0,0,0,0,0,0,0,0,0,0
Snellville,WCoweta,0,1,0,0,0,0,0,1,0,1,0,1
Snellville,NCoweta,5,1,0,3,7,0,8,8,0,6,10,16
Snellville,SCoweta,1,0,0,1,0,0,2,0,0,1,1,2
Snellville,SECoweta,0,0,0,0,6,0,0,6,0,0,6,6
Snellville,NForsyth,36,7,0,16,47,0,52,54,0,43,63,106
Snellville,Cumming,176,32,0,48,85,0,224,117,0,208,133,341
Snellville,SForsyth,302,46,0,64,93,0,366,139,0,348,157,505
Snellville,NHall,16,4,0,8,24,0,24,28,0,20,32,52
Snellville,Gainesville,197,35,0,35,84,0,232,119,0,232,119,351
Snellville,SHall,256,54,0,123,193,0,379,247,0,310,316,626
Snellville,WNewton,1063,181,0,317,880,0,1380,1061,0,1244,1197,2441
Snellville,ENewton,98,10,0,65,78,0,163,88,0,108,143,251
Snellville,NPaulding,3,0,0,0,4,0,3,4,0,3,4,7
Snellville,WPaulding,0,0,0,1,0,0,1,0,0,0,1,1
Snellville,EPaulding,14,3,0,6,6,0,20,9,0,17,12,29
Snellville,NSpalding,14,1,0,9,7,0,23,8,0,15,16,31
Snellville,SSpalding,5,0,0,5,2,0,10,2,0,5,7,12
Snellville,WWalton,2632,490,0,3093,9385,0,5725,9875,0,3122,12478,15600
Snellville,EWalton,818,137,0,287,807,0,1105,944,0,955,1094,2049
NHenry,NFulton,86,20,0,17,25,0,103,45,0,106,42,148
NHenry,Roswell,64,12,0,9,42,0,73,54,0,76,51,127
NHenry,SandySprings,330,89,21,32,117,5,362,206,26,440,154,594
NHenry,Buckhead,563,138,37,85,228,2,648,366,39,738,315,1053
NHenry,NWAtlanta,299,62,4,41,114,3,340,176,7,365,158,523
NHenry,NEAtlanta,929,199,56,297,611,30,1226,810,86,1184,938,2122
NHenry,SWAtlanta,276,63,3,158,270,14,434,333,17,342,442,784
NHenry,CBDAtlanta,1102,215,218,276,673,81,1378,888,299,1535,1030,2565
NHenry,SEAtlanta,724,122,4,330,797,22,1054,919,26,850,1149,1999
NHenry,SFulton,144,28,0,36,84,0,180,112,0,172,120,292
NHenry,Tri-Cities,1109,201,4,246,502,3,1355,703,7,1314,751,2065
NHenry,Shannon,409,73,0,118,303,0,527,376,0,482,421,903
NHenry,WCherokee,2,0,0,0,0,0,2,0,0,2,0,2
NHenry,NCherokee,0,0,0,0,0,0,0,0,0,0,0,0
NHenry,ECentCherokee,6,0,0,3,8,0,9,8,0,6,11,17
NHenry,Woodstock,10,3,0,5,3,0,15,6,0,13,8,21
NHenry,Airport,950,163,25,143,279,13,1093,442,38,1138,435,1573
NHenry,NEClayton,4465,874,10,4868,13741,24,9333,14615,34,5349,18633,23982
NHenry,Riverdale,791,180,2,635,1828,0,1426,2008,2,973,2463,3436
NHenry,SClayton,3374,725,17,4866,12476,6,8240,13201,23,4116,17348,21464
NHenry,NWCobb,51,15,0,16,30,5,67,45,5,66,51,117
NHenry,NECobb,69,22,0,18,50,0,87,72,0,91,68,159
NHenry,SWCobb,23,7,0,4,20,0,27,27,0,30,24,54
NHenry,Marietta,96,23,1,22,33,5,118,56,6,120,60,180
NHenry,Cumberland,386,114,5,55,120,0,441,234,5,505,175,680
NHenry,SCobb,119,27,0,17,60,0,136,87,0,146,77,223
NHenry,Chamblee,433,80,19,72,152,4,505,232,23,532,228,760
NHenry,NWDeKalb,687,121,3,224,485,15,911,606,18,811,724,1535
NHenry,NEDeKalb,671,131,3,242,503,5,913,634,8,805,750,1555
NHenry,Atlanta-DeKalb,151,28,4,91,210,1,242,238,5,183,302,485
NHenry,Decatur,189,34,5,112,230,15,301,264,20,228,357,585
NHenry,SWDeKalb,641,123,6,443,1324,5,1084,1447,11,770,1772,2542
NHenry,SEDeKalb,655,137,5,489,1338,1,1144,1475,6,797,1828,2625
NHenry,SDeKalb,2074,469,10,2720,8760,26,4794,9229,36,2553,11506,14059
NHenry,WDouglas,33,4,0,14,48,0,47,52,0,37,62,99
NHenry,EDouglas,81,10,0,22,36,0,103,46,0,91,58,149
NHenry,WFayette,287,54,0,77,185,0,364,239,0,341,262,603
NHenry,EFayette,583,111,0,261,668,0,844,779,0,694,929,1623
NHenry,NGwinnett,52,8,0,20,27,0,72,35,0,60,47,107
NHenry,CentGwinnett,162,37,0,54,135,0,216,172,0,199,189,388
NHenry,EGwinnett,47,4,0,10,14,0,57,18,0,51,24,75
NHenry,Norcross,340,46,0,47,84,0,387,130,0,386,131,517
NHenry,Lilburn,133,29,0,45,83,0,178,112,0,162,128,290
NHenry,Snellville,231,23,0,62,142,0,293,165,0,254,204,458
NHenry,NHenry,13930,2685,8,30796,66903,2,44726,69588,10,16623,97701,114324
NHenry,EHenry,2610,484,0,2960,7863,0,5570,8347,0,3094,10823,13917
NHenry,SHenry,4532,943,0,4683,11650,1,9215,12593,1,5475,16334,21809
NHenry,SRockdale,773,162,0,661,1835,0,1434,1997,0,935,2496,3431
NHenry,NRockdale,666,139,0,229,510,0,895,649,0,805,739,1544
NHenry,NBarrow,3,1,0,3,11,0,6,12,0,4,14,18
NHenry,SBarrow,17,3,0,4,6,0,21,9,0,20,10,30
NHenry,NWBartow,0,0,0,1,4,0,1,4,0,0,5,5
NHenry,NEBartow,0,0,0,0,0,0,0,0,0,0,0,0
NHenry,SWBartow,0,0,0,0,0,0,0,0,0,0,0,0
NHenry,Cartersville,2,0,0,1,1,0,3,1,0,2,2,4
NHenry,NECarroll,3,1,0,4,0,0,7,1,0,4,4,8
NHenry,WCarroll,1,0,0,1,0,0,2,0,0,1,1,2
NHenry,CentralCarroll,6,2,0,3,4,0,9,6,0,8,7,15
NHenry,SECarroll,0,0,0,1,4,0,1,4,0,0,5,5
NHenry,WCoweta,10,1,0,3,33,0,13,34,0,11,36,47
NHenry,NCoweta,116,25,0,41,79,0,157,104,0,141,120,261
NHenry,SCoweta,8,0,0,3,7,0,11,7,0,8,10,18
NHenry,SECoweta,40,6,0,19,8,0,59,14,0,46,27,73
NHenry,NForsyth,0,0,0,1,1,0,1,1,0,0,2,2
NHenry,Cumming,3,2,0,2,2,0,5,4,0,5,4,9
NHenry,SForsyth,15,2,0,5,27,0,20,29,0,17,32,49
NHenry,NHall,0,0,0,1,0,0,1,0,0,0,1,1
NHenry,Gainesville,0,0,0,2,0,0,2,0,0,0,2,2
NHenry,SHall,0,0,0,1,6,0,1,6,0,0,7,7
NHenry,WNewton,808,167,0,327,688,0,1135,855,0,975,1015,1990
NHenry,ENewton,46,7,0,14,7,0,60,14,0,53,21,74
NHenry,NPaulding,3,1,0,1,0,0,4,1,0,4,1,5
NHenry,WPaulding,1,0,0,1,11,0,2,11,0,1,12,13
NHenry,EPaulding,14,1,0,7,10,0,21,11,0,15,17,32
NHenry,NSpalding,323,69,0,104,203,0,427,272,0,392,307,699
NHenry,SSpalding,188,33,0,37,103,0,225,136,0,221,140,361
NHenry,WWalton,94,15,0,17,74,0,111,89,0,109,91,200
NHenry,EWalton,54,12,0,19,24,0,73,36,0,66,43,109
EHenry,NFulton,39,8,0,9,31,0,48,39,0,47,40,87
EHenry,Roswell,33,3,0,5,27,0,38,30,0,36,32,68
EHenry,SandySprings,157,35,4,21,60,2,178,95,6,196,83,279
EHenry,Buckhead,185,54,10,46,166,1,231,220,11,249,213,462
EHenry,NWAtlanta,137,24,3,23,51,1,160,75,4,164,75,239
EHenry,NEAtlanta,334,76,12,91,212,8,425,288,20,422,311,733
EHenry,SWAtlanta,127,27,0,34,122,2,161,149,2,154,158,312
EHenry,CBDAtlanta,405,79,45,92,257,14,497,336,59,529,363,892
EHenry,SEAtlanta,289,62,1,85,112,3,374,174,4,352,200,552
EHenry,SFulton,51,13,0,10,28,0,61,41,0,64,38,102
EHenry,Tri-Cities,502,107,3,60,218,0,562,325,3,612,278,890
EHenry,Shannon,166,25,0,30,86,0,196,111,0,191,116,307
EHenry,WCherokee,0,0,0,0,0,0,0,0,0,0,0,0
EHenry,NCherokee,0,0,0,0,0,0,0,0,0,0,0,0
EHenry,ECentCherokee,0,0,0,0,5,0,0,5,0,0,5,5
EHenry,Woodstock,7,0,0,0,0,0,7,0,0,7,0,7
EHenry,Airport,354,71,5,25,91,1,379,162,6,430,117,547
EHenry,NEClayton,1181,216,1,476,1338,5,1657,1554,6,1398,1819,3217
EHenry,Riverdale,253,54,0,99,171,0,352,225,0,307,270,577
EHenry,SClayton,815,151,0,426,1225,1,1241,1376,1,966,1652,2618
EHenry,NWCobb,7,4,0,12,9,0,19,13,0,11,21,32
EHenry,NECobb,40,7,0,8,34,0,48,41,0,47,42,89
EHenry,SWCobb,4,0,0,2,1,0,6,1,0,4,3,7
EHenry,Marietta,53,7,0,10,37,0,63,44,0,60,47,107
EHenry,Cumberland,170,49,1,20,58,0,190,107,1,220,78,298
EHenry,SCobb,70,15,0,11,40,0,81,55,0,85,51,136
EHenry,Chamblee,236,40,4,48,106,3,284,146,7,280,157,437
EHenry,NWDeKalb,369,55,0,88,220,2,457,275,2,424,310,734
EHenry,NEDeKalb,393,81,1,123,281,1,516,362,2,475,405,880
EHenry,Atlanta-DeKalb,68,20,0,9,89,0,77,109,0,88,98,186
EHenry,Decatur,70,14,0,21,69,2,91,83,2,84,92,176
EHenry,SWDeKalb,271,43,1,103,310,0,374,353,1,315,413,728
EHenry,SEDeKalb,377,75,1,172,469,2,549,544,3,453,643,1096
EHenry,SDeKalb,753,171,2,495,1449,8,1248,1620,10,926,1952,2878
EHenry,WDouglas,12,2,0,4,5,0,16,7,0,14,9,23
EHenry,EDouglas,30,7,0,9,8,0,39,15,0,37,17,54
EHenry,WFayette,146,27,0,32,47,0,178,74,0,173,79,252
EHenry,EFayette,287,52,0,69,107,0,356,159,0,339,176,515
EHenry,NGwinnett,38,3,0,22,41,0,60,44,0,41,63,104
EHenry,CentGwinnett,162,22,0,51,79,0,213,101,0,184,130,314
EHenry,EGwinnett,37,8,0,5,14,0,42,22,0,45,19,64
EHenry,Norcross,199,45,0,40,50,0,239,95,0,244,90,334
EHenry,Lilburn,110,23,0,22,116,0,132,139,0,133,138,271
EHenry,Snellville,172,28,0,63,143,0,235,171,0,200,206,406
EHenry,NHenry,2355,463,0,2948,7774,0,5303,8237,0,2818,10722,13540
EHenry,EHenry,5323,970,0,12496,31366,0,17819,32336,0,6293,43862,50155
EHenry,SHenry,5633,1087,0,7349,19079,0,12982,20166,0,6720,26428,33148
EHenry,SRockdale,683,138,0,708,2314,0,1391,2452,0,821,3022,3843
EHenry,NRockdale,1093,201,0,533,1250,0,1626,1451,0,1294,1783,3077
EHenry,NBarrow,8,2,0,2,2,0,10,4,0,10,4,14
EHenry,SBarrow,8,2,0,2,21,0,10,23,0,10,23,33
EHenry,NWBartow,0,0,0,0,0,0,0,0,0,0,0,0
EHenry,NEBartow,0,0,0,0,0,0,0,0,0,0,0,0
EHenry,SWBartow,0,0,0,0,0,0,0,0,0,0,0,0
EHenry,Cartersville,0,0,0,0,0,0,0,0,0,0,0,0
EHenry,NECarroll,0,0,0,1,0,0,1,0,0,0,1,1
EHenry,WCarroll,0,0,0,0,0,0,0,0,0,0,0,0
EHenry,CentralCarroll,1,0,0,1,0,0,2,0,0,1,1,2
EHenry,SECarroll,0,0,0,0,1,0,0,1,0,0,1,1
EHenry,WCoweta,3,0,0,1,2,0,4,2,0,3,3,6
EHenry,NCoweta,35,7,0,6,17,0,41,24,0,42,23,65
EHenry,SCoweta,2,1,0,0,0,0,2,1,0,3,0,3
EHenry,SECoweta,18,3,0,4,28,0,22,31,0,21,32,53
EHenry,NForsyth,0,0,0,0,0,0,0,0,0,0,0,0
EHenry,Cumming,1,0,0,1,0,0,2,0,0,1,1,2
EHenry,SForsyth,11,1,0,1,1,0,12,2,0,12,2,14
EHenry,NHall,0,0,0,0,0,0,0,0,0,0,0,0
EHenry,Gainesville,0,0,0,1,1,0,1,1,0,0,2,2
EHenry,SHall,1,0,0,2,17,0,3,17,0,1,19,20
EHenry,WNewton,1733,319,0,1253,3940,0,2986,4259,0,2052,5193,7245
EHenry,ENewton,66,12,0,51,112,0,117,124,0,78,163,241
EHenry,NPaulding,0,0,0,0,0,0,0,0,0,0,0,0
EHenry,WPaulding,0,0,0,0,0,0,0,0,0,0,0,0
EHenry,EPaulding,2,0,0,2,15,0,4,15,0,2,17,19
EHenry,NSpalding,396,70,0,148,238,0,544,308,0,466,386,852
EHenry,SSpalding,217,51,0,42,116,0,259,167,0,268,158,426
EHenry,WWalton,61,15,0,18,37,0,79,52,0,76,55,131
EHenry,EWalton,73,15,0,23,62,0,96,77,0,88,85,173
SHenry,NFulton,49,11,0,21,21,0,70,32,0,60,42,102
SHenry,Roswell,33,14,0,16,11,0,49,25,0,47,27,74
SHenry,SandySprings,221,61,9,42,86,1,263,147,10,291,129,420
SHenry,Buckhead,388,107,19,70,168,4,458,275,23,514,242,756
SHenry,NWAtlanta,263,47,2,34,100,1,297,147,3,312,135,447
SHenry,NEAtlanta,626,154,25,171,317,16,797,471,41,805,504,1309
SHenry,SWAtlanta,276,46,2,86,210,7,362,256,9,324,303,627
SHenry,CBDAtlanta,891,167,141,182,415,30,1073,582,171,1199,627,1826
SHenry,SEAtlanta,549,104,1,141,348,4,690,452,5,654,493,1147
SHenry,SFulton,137,31,0,30,103,0,167,134,0,168,133,301
SHenry,Tri-Cities,1010,183,4,125,307,2,1135,490,6,1197,434,1631
SHenry,Shannon,422,63,0,116,196,0,538,259,0,485,312,797
SHenry,WCherokee,0,0,0,0,0,0,0,0,0,0,0,0
SHenry,NCherokee,0,0,0,0,0,0,0,0,0,0,0,0
SHenry,ECentCherokee,4,0,0,2,1,0,6,1,0,4,3,7
SHenry,Woodstock,2,1,0,0,3,0,2,4,0,3,3,6
SHenry,Airport,834,135,20,63,141,0,897,276,20,989,204,1193
SHenry,NEClayton,2609,485,2,928,2202,7,3537,2687,9,3096,3137,6233
SHenry,Riverdale,821,146,2,340,1003,1,1161,1149,3,969,1344,2313
SHenry,SClayton,3747,718,5,2806,7685,10,6553,8403,15,4470,10501,14971
SHenry,NWCobb,35,12,0,10,9,0,45,21,0,47,19,66
SHenry,NECobb,78,13,0,16,57,0,94,70,0,91,73,164
SHenry,SWCobb,21,4,0,8,12,0,29,16,0,25,20,45
SHenry,Marietta,70,14,0,21,52,0,91,66,0,84,73,157
SHenry,Cumberland,320,81,2,50,153,0,370,234,2,403,203,606
SHenry,SCobb,107,29,0,24,68,0,131,97,0,136,92,228
SHenry,Chamblee,269,49,5,52,104,2,321,153,7,323,158,481
SHenry,NWDeKalb,450,72,1,115,200,3,565,272,4,523,318,841
SHenry,NEDeKalb,413,71,0,116,182,4,529,253,4,484,302,786
SHenry,Atlanta-DeKalb,90,14,3,37,85,0,127,99,3,107,122,229
SHenry,Decatur,105,17,3,33,51,2,138,68,5,125,86,211
SHenry,SWDeKalb,334,59,1,85,228,1,419,287,2,394,314,708
SHenry,SEDeKalb,359,67,1,114,221,0,473,288,1,427,335,762
SHenry,SDeKalb,939,143,0,310,643,3,1249,786,3,1082,956,2038
SHenry,WDouglas,25,4,0,12,49,0,37,53,0,29,61,90
SHenry,EDouglas,74,12,0,17,9,0,91,21,0,86,26,112
SHenry,WFayette,848,129,0,187,410,0,1035,539,0,977,597,1574
SHenry,EFayette,1507,276,0,546,1390,0,2053,1666,0,1783,1936,3719
SHenry,NGwinnett,19,4,0,7,12,0,26,16,0,23,19,42
SHenry,CentGwinnett,96,13,0,36,74,0,132,87,0,109,110,219
SHenry,EGwinnett,36,6,0,12,13,0,48,19,0,42,25,67
SHenry,Norcross,193,24,0,42,56,1,235,80,1,217,99,316
SHenry,Lilburn,75,14,0,15,45,0,90,59,0,89,60,149
SHenry,Snellville,154,29,0,41,114,0,195,143,0,183,155,338
SHenry,NHenry,4404,868,0,4620,11501,1,9024,12369,1,5272,16122,21394
SHenry,EHenry,5818,1139,0,7361,19397,0,13179,20536,0,6957,26758,33715
SHenry,SHenry,39742,7366,0,65716,141613,0,105458,148979,0,47108,207329,254437
SHenry,SRockdale,717,133,0,349,898,0,1066,1031,0,850,1247,2097
SHenry,NRockdale,746,112,0,167,335,0,913,447,0,858,502,1360
SHenry,NBarrow,4,0,0,1,0,0,5,0,0,4,1,5
SHenry,SBarrow,8,1,0,4,54,0,12,55,0,9,58,67
SHenry,NWBartow,0,0,0,0,0,0,0,0,0,0,0,0
SHenry,NEBartow,1,0,0,0,0,0,1,0,0,1,0,1
SHenry,SWBartow,0,0,0,0,0,0,0,0,0,0,0,0
SHenry,Cartersville,1,0,0,1,2,0,2,2,0,1,3,4
SHenry,NECarroll,5,0,0,1,1,0,6,1,0,5,2,7
SHenry,WCarroll,0,0,0,0,0,0,0,0,0,0,0,0
SHenry,CentralCarroll,4,1,0,2,2,0,6,3,0,5,4,9
SHenry,SECarroll,1,0,0,2,1,0,3,1,0,1,3,4
SHenry,WCoweta,24,2,0,8,15,0,32,17,0,26,23,49
SHenry,NCoweta,259,42,0,44,119,0,303,161,0,301,163,464
SHenry,SCoweta,22,3,0,7,10,0,29,13,0,25,17,42
SHenry,SECoweta,154,29,0,42,94,0,196,123,0,183,136,319
SHenry,NForsyth,0,0,0,0,0,0,0,0,0,0,0,0
SHenry,Cumming,1,1,0,0,0,0,1,1,0,2,0,2
SHenry,SForsyth,7,3,0,2,0,0,9,3,0,10,2,12
SHenry,NHall,0,0,0,0,0,0,0,0,0,0,0,0
SHenry,Gainesville,0,0,0,0,0,0,0,0,0,0,0,0
SHenry,SHall,3,0,0,0,17,0,3,17,0,3,17,20
SHenry,WNewton,1821,341,0,615,1742,0,2436,2083,0,2162,2357,4519
SHenry,ENewton,130,18,0,48,78,0,178,96,0,148,126,274
SHenry,NPaulding,0,0,0,0,0,0,0,0,0,0,0,0
SHenry,WPaulding,0,0,0,0,4,0,0,4,0,0,4,4
SHenry,EPaulding,7,2,0,5,6,0,12,8,0,9,11,20
SHenry,NSpalding,2973,602,0,2186,5576,0,5159,6178,0,3575,7762,11337
SHenry,SSpalding,1508,293,0,494,1134,0,2002,1427,0,1801,1628,3429
SHenry,WWalton,87,19,0,14,39,0,101,58,0,106,53,159
SHenry,EWalton,64,11,0,17,46,0,81,57,0,75,63,138
SRockdale,NFulton,74,11,0,11,29,0,85,40,0,85,40,125
SRockdale,Roswell,41,6,0,9,29,0,50,35,0,47,38,85
SRockdale,SandySprings,218,40,6,25,65,3,243,105,9,264,93,357
SRockdale,Buckhead,289,49,18,34,97,3,323,146,21,356,134,490
SRockdale,NWAtlanta,140,34,2,22,41,1,162,75,3,176,64,240
SRockdale,NEAtlanta,436,88,25,117,241,20,553,329,45,549,378,927
SRockdale,SWAtlanta,136,20,5,46,82,0,182,102,5,161,128,289
SRockdale,CBDAtlanta,516,106,113,106,274,33,622,380,146,735,413,1148
SRockdale,SEAtlanta,202,43,0,67,62,1,269,105,1,245,130,375
SRockdale,SFulton,25,5,1,5,22,0,30,27,1,31,27,58
SRockdale,Tri-Cities,256,50,2,29,60,0,285,110,2,308,89,397
SRockdale,Shannon,75,10,0,21,18,0,96,28,0,85,39,124
SRockdale,WCherokee,0,0,0,0,0,0,0,0,0,0,0,0
SRockdale,NCherokee,0,0,0,0,0,0,0,0,0,0,0,0
SRockdale,ECentCherokee,0,1,0,1,0,0,1,1,0,1,1,2
SRockdale,Woodstock,8,1,0,1,4,0,9,5,0,9,5,14
SRockdale,Airport,230,36,14,10,19,0,240,55,14,280,29,309
SRockdale,NEClayton,532,110,2,159,443,0,691,553,2,644,602,1246
SRockdale,Riverdale,84,20,0,28,82,0,112,102,0,104,110,214
SRockdale,SClayton,231,45,1,84,265,1,315,310,2,277,350,627
SRockdale,NWCobb,12,0,0,9,18,3,21,18,3,12,30,42
SRockdale,NECobb,23,8,0,12,30,0,35,38,0,31,42,73
SRockdale,SWCobb,13,0,0,4,1,0,17,1,0,13,5,18
SRockdale,Marietta,50,15,0,8,18,1,58,33,1,65,27,92
SRockdale,Cumberland,165,44,1,18,43,0,183,87,1,210,61,271
SRockdale,SCobb,52,12,0,8,28,0,60,40,0,64,36,100
SRockdale,Chamblee,338,47,4,37,79,2,375,126,6,389,118,507
SRockdale,NWDeKalb,402,90,1,129,253,3,531,343,4,493,385,878
SRockdale,NEDeKalb,510,100,2,172,433,3,682,533,5,612,608,1220
SRockdale,Atlanta-DeKalb,70,14,1,37,66,1,107,80,2,85,104,189
SRockdale,Decatur,98,19,5,38,73,12,136,92,17,122,123,245
SRockdale,SWDeKalb,343,64,1,149,498,3,492,562,4,408,650,1058
SRockdale,SEDeKalb,1135,207,13,984,2926,8,2119,3133,21,1355,3918,5273
SRockdale,SDeKalb,1261,243,5,1622,4840,13,2883,5083,18,1509,6475,7984
SRockdale,WDouglas,4,1,0,4,1,0,8,2,0,5,5,10
SRockdale,EDouglas,27,12,0,6,11,0,33,23,0,39,17,56
SRockdale,WFayette,44,4,0,8,25,0,52,29,0,48,33,81
SRockdale,EFayette,76,15,0,14,40,0,90,55,0,91,54,145
SRockdale,NGwinnett,80,14,0,29,29,0,109,43,0,94,58,152
SRockdale,CentGwinnett,305,75,0,74,160,0,379,235,0,380,234,614
SRockdale,EGwinnett,90,17,0,25,21,0,115,38,0,107,46,153
SRockdale,Norcross,297,64,1,27,142,0,324,206,1,362,169,531
SRockdale,Lilburn,244,43,0,97,218,0,341,261,0,287,315,602
SRockdale,Snellville,400,86,0,248,719,0,648,805,0,486,967,1453
SRockdale,NHenry,735,154,0,657,1793,0,1392,1947,0,889,2450,3339
SRockdale,EHenry,653,138,0,672,2175,0,1325,2313,0,791,2847,3638
SRockdale,SHenry,747,154,0,327,948,0,1074,1102,0,901,1275,2176
SRockdale,SRockdale,3384,696,0,9021,22268,2,12405,22964,2,4080,31291,35371
SRockdale,NRockdale,3642,794,0,5991,15168,0,9633,15962,0,4436,21159,25595
SRockdale,NBarrow,26,3,0,7,22,0,33,25,0,29,29,58
SRockdale,SBarrow,28,6,0,10,9,0,38,15,0,34,19,53
SRockdale,NWBartow,0,0,0,0,0,0,0,0,0,0,0,0
SRockdale,NEBartow,0,0,0,0,0,0,0,0,0,0,0,0
SRockdale,SWBartow,0,0,0,0,0,0,0,0,0,0,0,0
SRockdale,Cartersville,0,0,0,2,0,0,2,0,0,0,2,2
SRockdale,NECarroll,2,1,0,1,1,0,3,2,0,3,2,5
SRockdale,WCarroll,0,0,0,0,4,0,0,4,0,0,4,4
SRockdale,CentralCarroll,0,0,0,0,1,0,0,1,0,0,1,1
SRockdale,SECarroll,0,0,0,1,0,0,1,0,0,0,1,1
SRockdale,WCoweta,0,0,0,1,0,0,1,0,0,0,1,1
SRockdale,NCoweta,8,2,0,4,5,0,12,7,0,10,9,19
SRockdale,SCoweta,1,0,0,0,1,0,1,1,0,1,1,2
SRockdale,SECoweta,0,1,0,0,13,0,0,14,0,1,13,14
SRockdale,NForsyth,0,0,0,0,0,0,0,0,0,0,0,0
SRockdale,Cumming,2,2,0,0,39,0,2,41,0,4,39,43
SRockdale,SForsyth,12,4,0,2,11,0,14,15,0,16,13,29
SRockdale,NHall,0,0,0,1,0,0,1,0,0,0,1,1
SRockdale,Gainesville,7,2,0,4,9,0,11,11,0,9,13,22
SRockdale,SHall,9,1,0,2,2,0,11,3,0,10,4,14
SRockdale,WNewton,1874,404,1,2302,6546,0,4176,6950,1,2279,8848,11127
SRockdale,ENewton,80,10,0,52,145,0,132,155,0,90,197,287
SRockdale,NPaulding,1,0,0,2,0,0,3,0,0,1,2,3
SRockdale,WPaulding,1,0,0,0,0,0,1,0,0,1,0,1
SRockdale,EPaulding,4,0,0,4,9,0,8,9,0,4,13,17
SRockdale,NSpalding,68,14,0,17,37,0,85,51,0,82,54,136
SRockdale,SSpalding,34,8,0,5,8,0,39,16,0,42,13,55
SRockdale,WWalton,196,39,0,65,324,0,261,363,0,235,389,624
SRockdale,EWalton,129,28,0,39,60,0,168,88,0,157,99,256
NRockdale,NFulton,121,12,1,30,28,2,151,40,3,134,60,194
NRockdale,Roswell,55,7,0,10,9,0,65,16,0,62,19,81
NRockdale,SandySprings,255,40,10,39,62,3,294,102,13,305,104,409
NRockdale,Buckhead,285,61,11,41,103,1,326,164,12,357,145,502
NRockdale,NWAtlanta,144,35,3,21,55,2,165,90,5,182,78,260
NRockdale,NEAtlanta,443,83,32,97,144,10,540,227,42,558,251,809
NRockdale,SWAtlanta,122,19,4,40,84,6,162,103,10,145,130,275
NRockdale,CBDAtlanta,496,72,82,87,134,37,583,206,119,650,258,908
NRockdale,SEAtlanta,194,37,2,55,87,3,249,124,5,233,145,378
NRockdale,SFulton,29,10,0,8,24,0,37,34,0,39,32,71
NRockdale,Tri-Cities,183,29,3,31,58,0,214,87,3,215,89,304
NRockdale,Shannon,80,9,0,23,16,0,103,25,0,89,39,128
NRockdale,WCherokee,0,1,0,0,1,0,0,2,0,1,1,2
NRockdale,NCherokee,0,1,0,0,0,0,0,1,0,1,0,1
NRockdale,ECentCherokee,4,0,0,1,6,0,5,6,0,4,7,11
NRockdale,Woodstock,7,0,0,2,9,0,9,9,0,7,11,18
NRockdale,Airport,214,34,20,15,11,0,229,45,20,268,26,294
NRockdale,NEClayton,336,59,0,66,158,2,402,217,2,395,226,621
NRockdale,Riverdale,87,11,0,25,32,0,112,43,0,98,57,155
NRockdale,SClayton,195,47,0,36,72,0,231,119,0,242,108,350
NRockdale,NWCobb,14,5,0,12,13,1,26,18,1,19,26,45
NRockdale,NECobb,45,5,0,8,14,0,53,19,0,50,22,72
NRockdale,SWCobb,10,3,0,2,56,0,12,59,0,13,58,71
NRockdale,Marietta,30,11,1,14,18,0,44,29,1,42,32,74
NRockdale,Cumberland,180,44,3,22,45,0,202,89,3,227,67,294
NRockdale,SCobb,73,15,0,13,34,0,86,49,0,88,47,135
NRockdale,Chamblee,408,61,5,61,110,4,469,171,9,474,175,649
NRockdale,NWDeKalb,430,90,5,92,230,2,522,320,7,525,324,849
NRockdale,NEDeKalb,731,150,3,221,576,1,952,726,4,884,798,1682
NRockdale,Atlanta-DeKalb,71,16,0,20,95,2,91,111,2,87,117,204
NRockdale,Decatur,100,19,3,40,150,9,140,169,12,122,199,321
NRockdale,SWDeKalb,405,68,2,149,437,3,554,505,5,475,589,1064
NRockdale,SEDeKalb,1953,364,11,1535,4297,13,3488,4661,24,2328,5845,8173
NRockdale,SDeKalb,1616,332,10,1415,4172,10,3031,4504,20,1958,5597,7555
NRockdale,WDouglas,8,2,0,3,9,0,11,11,0,10,12,22
NRockdale,EDouglas,27,4,0,16,19,0,43,23,0,31,35,66
NRockdale,WFayette,21,2,0,12,10,0,33,12,0,23,22,45
NRockdale,EFayette,41,7,0,12,30,0,53,37,0,48,42,90
NRockdale,NGwinnett,282,53,0,47,104,0,329,157,0,335,151,486
NRockdale,CentGwinnett,769,150,0,191,526,0,960,676,0,919,717,1636
NRockdale,EGwinnett,493,73,0,132,369,0,625,442,0,566,501,1067
NRockdale,Norcross,434,75,0,64,148,0,498,223,0,509,212,721
NRockdale,Lilburn,560,103,0,245,692,0,805,795,0,663,937,1600
NRockdale,Snellville,2050,431,0,1233,3627,0,3283,4058,0,2481,4860,7341
NRockdale,NHenry,654,127,0,230,646,0,884,773,0,781,876,1657
NRockdale,EHenry,1111,194,0,557,1228,0,1668,1422,0,1305,1785,3090
NRockdale,SHenry,705,118,0,159,319,0,864,437,0,823,478,1301
NRockdale,SRockdale,3844,799,0,5990,15182,0,9834,15981,0,4643,21172,25815
NRockdale,NRockdale,20219,4279,0,38241,72809,0,58460,77088,0,24498,111050,135548
NRockdale,NBarrow,99,15,0,20,25,0,119,40,0,114,45,159
NRockdale,SBarrow,116,25,0,23,90,0,139,115,0,141,113,254
NRockdale,NWBartow,0,0,0,0,0,0,0,0,0,0,0,0
NRockdale,NEBartow,0,0,0,0,0,0,0,0,0,0,0,0
NRockdale,SWBartow,0,0,0,0,0,0,0,0,0,0,0,0
NRockdale,Cartersville,0,0,0,0,1,0,0,1,0,0,1,1
NRockdale,NECarroll,3,0,0,1,2,0,4,2,0,3,3,6
NRockdale,WCarroll,0,0,0,0,0,0,0,0,0,0,0,0
NRockdale,CentralCarroll,1,0,0,0,0,0,1,0,0,1,0,1
NRockdale,SECarroll,0,0,0,0,0,0,0,0,0,0,0,0
NRockdale,WCoweta,0,1,0,0,4,0,0,5,0,1,4,5
NRockdale,NCoweta,13,1,0,6,29,0,19,30,0,14,35,49
NRockdale,SCoweta,0,0,0,0,0,0,0,0,0,0,0,0
NRockdale,SECoweta,4,1,0,1,3,0,5,4,0,5,4,9
NRockdale,NForsyth,1,1,0,1,0,0,2,1,0,2,1,3
NRockdale,Cumming,15,1,0,4,6,0,19,7,0,16,10,26
NRockdale,SForsyth,26,7,0,9,6,0,35,13,0,33,15,48
NRockdale,NHall,3,0,0,0,0,0,3,0,0,3,0,3
NRockdale,Gainesville,19,2,0,5,4,0,24,6,0,21,9,30
NRockdale,SHall,32,10,0,15,19,0,47,29,0,42,34,76
NRockdale,WNewton,6993,1340,0,6137,15310,1,13130,16650,1,8333,21448,29781
NRockdale,ENewton,526,90,0,178,323,0,704,413,0,616,501,1117
NRockdale,NPaulding,0,0,0,0,0,0,0,0,0,0,0,0
NRockdale,WPaulding,1,0,0,1,0,0,2,0,0,1,1,2
NRockdale,EPaulding,9,1,0,6,7,0,15,8,0,10,13,23
NRockdale,NSpalding,62,9,0,15,18,0,77,27,0,71,33,104
NRockdale,SSpalding,30,4,0,12,8,0,42,12,0,34,20,54
NRockdale,WWalton,1314,236,0,729,2007,0,2043,2243,0,1550,2736,4286
NRockdale,EWalton,670,135,0,143,344,0,813,479,0,805,487,1292
NBarrow,NFulton,285,55,0,37,77,1,322,132,1,340,115,455
NBarrow,Roswell,83,5,0,19,40,0,102,45,0,88,59,147
NBarrow,SandySprings,141,20,1,17,56,0,158,76,1,162,73,235
NBarrow,Buckhead,92,19,0,20,51,1,112,70,1,111,72,183
NBarrow,NWAtlanta,32,4,0,3,9,0,35,13,0,36,12,48
NBarrow,NEAtlanta,65,12,1,18,79,4,83,91,5,78,101,179
NBarrow,SWAtlanta,5,2,0,4,4,1,9,6,1,7,9,16
NBarrow,CBDAtlanta,35,12,4,10,46,0,45,58,4,51,56,107
NBarrow,SEAtlanta,10,2,0,5,15,0,15,17,0,12,20,32
NBarrow,SFulton,0,0,0,1,0,0,1,0,0,0,1,1
NBarrow,Tri-Cities,14,1,0,4,4,0,18,5,0,15,8,23
NBarrow,Shannon,2,1,0,0,0,0,2,1,0,3,0,3
NBarrow,WCherokee,0,0,0,0,0,0,0,0,0,0,0,0
NBarrow,NCherokee,1,0,0,0,0,0,1,0,0,1,0,1
NBarrow,ECentCherokee,18,2,0,8,15,0,26,17,0,20,23,43
NBarrow,Woodstock,7,3,0,0,2,0,7,5,0,10,2,12
NBarrow,Airport,7,2,0,2,0,0,9,2,0,9,2,11
NBarrow,NEClayton,10,1,0,0,1,0,10,2,0,11,1,12
NBarrow,Riverdale,1,0,0,2,10,0,3,10,0,1,12,13
NBarrow,SClayton,4,0,0,0,0,0,4,0,0,4,0,4
NBarrow,NWCobb,13,1,0,3,3,0,16,4,0,14,6,20
NBarrow,NECobb,27,5,0,7,8,0,34,13,0,32,15,47
NBarrow,SWCobb,4,0,0,1,2,0,5,2,0,4,3,7
NBarrow,Marietta,21,0,0,5,4,0,26,4,0,21,9,30
NBarrow,Cumberland,66,12,0,12,53,0,78,65,0,78,65,143
NBarrow,SCobb,11,2,0,3,2,0,14,4,0,13,5,18
NBarrow,Chamblee,232,26,0,46,120,1,278,146,1,258,167,425
NBarrow,NWDeKalb,74,18,0,33,90,1,107,108,1,92,124,216
NBarrow,NEDeKalb,239,38,0,42,110,1,281,148,1,277,153,430
NBarrow,Atlanta-DeKalb,8,2,0,1,2,0,9,4,0,10,3,13
NBarrow,Decatur,9,1,0,4,2,0,13,3,0,10,6,16
NBarrow,SWDeKalb,21,6,0,7,12,0,28,18,0,27,19,46
NBarrow,SEDeKalb,46,11,0,25,36,0,71,47,0,57,61,118
NBarrow,SDeKalb,35,1,0,13,36,0,48,37,0,36,49,85
NBarrow,WDouglas,0,1,0,0,1,0,0,2,0,1,1,2
NBarrow,EDouglas,1,0,0,1,0,0,2,0,0,1,1,2
NBarrow,WFayette,0,0,0,0,0,0,0,0,0,0,0,0
NBarrow,EFayette,1,0,0,0,0,0,1,0,0,1,0,1
NBarrow,NGwinnett,2955,564,0,1960,5604,0,4915,6168,0,3519,7564,11083
NBarrow,CentGwinnett,1664,339,0,535,1423,1,2199,1762,1,2003,1959,3962
NBarrow,EGwinnett,1461,274,0,1057,3374,0,2518,3648,0,1735,4431,6166
NBarrow,Norcross,585,99,0,73,191,1,658,290,1,684,265,949
NBarrow,Lilburn,135,35,0,33,110,0,168,145,0,170,143,313
NBarrow,Snellville,403,80,0,114,295,0,517,375,0,483,409,892
NBarrow,NHenry,7,0,0,5,9,0,12,9,0,7,14,21
NBarrow,EHenry,11,0,0,3,1,0,14,1,0,11,4,15
NBarrow,SHenry,3,1,0,3,2,0,6,3,0,4,5,9
NBarrow,SRockdale,21,3,0,6,5,0,27,8,0,24,11,35
NBarrow,NRockdale,121,21,0,22,41,0,143,62,0,142,63,205
NBarrow,NBarrow,14077,2682,0,25382,54916,0,39459,57598,0,16759,80298,97057
NBarrow,SBarrow,3259,617,0,4437,12273,0,7696,12890,0,3876,16710,20586
NBarrow,NWBartow,0,0,0,0,0,0,0,0,0,0,0,0
NBarrow,NEBartow,0,0,0,0,0,0,0,0,0,0,0,0
NBarrow,SWBartow,0,0,0,1,0,0,1,0,0,0,1,1
NBarrow,Cartersville,1,0,0,0,0,0,1,0,0,1,0,1
NBarrow,NECarroll,0,0,0,0,0,0,0,0,0,0,0,0
NBarrow,WCarroll,0,0,0,0,0,0,0,0,0,0,0,0
NBarrow,CentralCarroll,0,0,0,0,0,0,0,0,0,0,0,0
NBarrow,SECarroll,0,0,0,0,0,0,0,0,0,0,0,0
NBarrow,WCoweta,0,0,0,0,4,0,0,4,0,0,4,4
NBarrow,NCoweta,0,0,0,0,1,0,0,1,0,0,1,1
NBarrow,SCoweta,0,0,0,0,0,0,0,0,0,0,0,0
NBarrow,SECoweta,0,0,0,0,0,0,0,0,0,0,0,0
NBarrow,NForsyth,33,8,0,10,11,0,43,19,0,41,21,62
NBarrow,Cumming,170,25,0,27,35,0,197,60,0,195,62,257
NBarrow,SForsyth,176,21,0,28,41,0,204,62,0,197,69,266
NBarrow,NHall,61,8,0,34,45,0,95,53,0,69,79,148
NBarrow,Gainesville,776,146,0,182,384,0,958,530,0,922,566,1488
NBarrow,SHall,1176,204,0,994,2289,0,2170,2493,0,1380,3283,4663
NBarrow,WNewton,105,20,0,29,26,0,134,46,0,125,55,180
NBarrow,ENewton,26,2,0,9,15,0,35,17,0,28,24,52
NBarrow,NPaulding,0,0,0,0,0,0,0,0,0,0,0,0
NBarrow,WPaulding,0,0,0,0,0,0,0,0,0,0,0,0
NBarrow,EPaulding,1,0,0,1,1,0,2,1,0,1,2,3
NBarrow,NSpalding,0,0,0,0,0,0,0,0,0,0,0,0
NBarrow,SSpalding,0,0,0,0,0,0,0,0,0,0,0,0
NBarrow,WWalton,405,67,0,155,437,0,560,504,0,472,592,1064
NBarrow,EWalton,881,160,0,404,1218,0,1285,1378,0,1041,1622,2663
SBarrow,NFulton,205,29,0,38,108,0,243,137,0,234,146,380
SBarrow,Roswell,52,8,0,20,22,0,72,30,0,60,42,102
SBarrow,SandySprings,121,20,0,36,65,0,157,85,0,141,101,242
SBarrow,Buckhead,90,12,0,26,78,0,116,90,0,102,104,206
SBarrow,NWAtlanta,28,10,0,5,20,0,33,30,0,38,25,63
SBarrow,NEAtlanta,51,7,0,20,90,1,71,97,1,58,111,169
SBarrow,SWAtlanta,5,0,0,4,24,0,9,24,0,5,28,33
SBarrow,CBDAtlanta,36,7,3,11,63,0,47,70,3,46,74,120
SBarrow,SEAtlanta,13,1,0,7,17,0,20,18,0,14,24,38
SBarrow,SFulton,0,0,0,0,1,0,0,1,0,0,1,1
SBarrow,Tri-Cities,12,1,0,2,4,0,14,5,0,13,6,19
SBarrow,Shannon,3,0,0,2,9,0,5,9,0,3,11,14
SBarrow,WCherokee,1,0,0,0,0,0,1,0,0,1,0,1
SBarrow,NCherokee,1,0,0,1,0,0,2,0,0,1,1,2
SBarrow,ECentCherokee,10,2,0,9,21,0,19,23,0,12,30,42
SBarrow,Woodstock,6,1,0,3,4,0,9,5,0,7,7,14
SBarrow,Airport,9,1,0,1,2,0,10,3,0,10,3,13
SBarrow,NEClayton,15,3,0,3,9,0,18,12,0,18,12,30
SBarrow,Riverdale,2,0,0,0,0,0,2,0,0,2,0,2
SBarrow,SClayton,4,0,0,2,0,0,6,0,0,4,2,6
SBarrow,NWCobb,3,0,0,3,14,0,6,14,0,3,17,20
SBarrow,NECobb,21,3,0,13,23,0,34,26,0,24,36,60
SBarrow,SWCobb,2,0,0,2,2,0,4,2,0,2,4,6
SBarrow,Marietta,20,1,0,3,4,0,23,5,0,21,7,28
SBarrow,Cumberland,62,15,0,17,18,0,79,33,0,77,35,112
SBarrow,SCobb,8,1,0,1,9,0,9,10,0,9,10,19
SBarrow,Chamblee,219,27,0,54,61,0,273,88,0,246,115,361
SBarrow,NWDeKalb,84,10,0,33,90,0,117,100,0,94,123,217
SBarrow,NEDeKalb,192,40,0,53,61,0,245,101,0,232,114,346
SBarrow,Atlanta-DeKalb,4,1,0,3,11,0,7,12,0,5,14,19
SBarrow,Decatur,10,2,0,5,8,0,15,10,0,12,13,25
SBarrow,SWDeKalb,13,5,0,10,9,0,23,14,0,18,19,37
SBarrow,SEDeKalb,54,9,0,19,24,0,73,33,0,63,43,106
SBarrow,SDeKalb,34,1,0,15,10,0,49,11,0,35,25,60
SBarrow,WDouglas,0,0,0,0,1,0,0,1,0,0,1,1
SBarrow,EDouglas,1,0,0,0,8,0,1,8,0,1,8,9
SBarrow,WFayette,0,0,0,2,0,0,2,0,0,0,2,2
SBarrow,EFayette,1,0,0,1,0,0,2,0,0,1,1,2
SBarrow,NGwinnett,1539,252,0,662,2034,0,2201,2286,0,1791,2696,4487
SBarrow,CentGwinnett,1511,279,0,485,1335,1,1996,1614,1,1790,1821,3611
SBarrow,EGwinnett,1291,245,0,1210,3306,0,2501,3551,0,1536,4516,6052
SBarrow,Norcross,517,82,0,76,128,0,593,210,0,599,204,803
SBarrow,Lilburn,141,26,0,39,86,0,180,112,0,167,125,292
SBarrow,Snellville,447,83,0,154,376,0,601,459,0,530,530,1060
SBarrow,NHenry,17,1,0,1,11,0,18,12,0,18,12,30
SBarrow,EHenry,5,3,0,1,5,0,6,8,0,8,6,14
SBarrow,SHenry,7,1,0,5,71,0,12,72,0,8,76,84
SBarrow,SRockdale,19,6,0,9,9,0,28,15,0,25,18,43
SBarrow,NRockdale,136,21,0,25,76,0,161,97,0,157,101,258
SBarrow,NBarrow,3224,623,0,4396,12334,0,7620,12957,0,3847,16730,20577
SBarrow,SBarrow,6519,1158,0,11068,26567,0,17587,27725,0,7677,37635,45312
SBarrow,NWBartow,0,0,0,0,0,0,0,0,0,0,0,0
SBarrow,NEBartow,0,0,0,0,0,0,0,0,0,0,0,0
SBarrow,SWBartow,0,0,0,0,0,0,0,0,0,0,0,0
SBarrow,Cartersville,0,0,0,0,0,0,0,0,0,0,0,0
SBarrow,NECarroll,0,0,0,0,0,0,0,0,0,0,0,0
SBarrow,WCarroll,0,0,0,0,0,0,0,0,0,0,0,0
SBarrow,CentralCarroll,0,0,0,0,0,0,0,0,0,0,0,0
SBarrow,SECarroll,0,0,0,0,0,0,0,0,0,0,0,0
SBarrow,WCoweta,0,0,0,0,0,0,0,0,0,0,0,0
SBarrow,NCoweta,0,0,0,0,0,0,0,0,0,0,0,0
SBarrow,SCoweta,0,0,0,0,0,0,0,0,0,0,0,0
SBarrow,SECoweta,0,0,0,0,0,0,0,0,0,0,0,0
SBarrow,NForsyth,24,4,0,10,7,0,34,11,0,28,17,45
SBarrow,Cumming,99,15,0,21,27,0,120,42,0,114,48,162
SBarrow,SForsyth,117,17,0,16,33,0,133,50,0,134,49,183
SBarrow,NHall,18,3,0,7,3,0,25,6,0,21,10,31
SBarrow,Gainesville,300,69,0,55,124,0,355,193,0,369,179,548
SBarrow,SHall,344,79,0,192,262,0,536,341,0,423,454,877
SBarrow,WNewton,178,27,0,38,52,0,216,79,0,205,90,295
SBarrow,ENewton,27,2,0,11,8,0,38,10,0,29,19,48
SBarrow,NPaulding,0,0,0,0,0,0,0,0,0,0,0,0
SBarrow,WPaulding,0,0,0,0,0,0,0,0,0,0,0,0
SBarrow,EPaulding,1,0,0,0,0,0,1,0,0,1,0,1
SBarrow,NSpalding,0,0,0,0,0,0,0,0,0,0,0,0
SBarrow,SSpalding,1,0,0,0,0,0,1,0,0,1,0,1
SBarrow,WWalton,433,93,0,232,797,0,665,890,0,526,1029,1555
SBarrow,EWalton,1060,241,0,675,1828,0,1735,2069,0,1301,2503,3804
NWBartow,NFulton,42,11,0,9,35,0,51,46,0,53,44,97
NWBartow,Roswell,33,4,0,12,18,0,45,22,0,37,30,67
NWBartow,SandySprings,35,8,0,16,18,0,51,26,0,43,34,77
NWBartow,Buckhead,32,4,0,15,49,0,47,53,0,36,64,100
NWBartow,NWAtlanta,18,3,0,2,32,0,20,35,0,21,34,55
NWBartow,NEAtlanta,14,2,0,10,44,0,24,46,0,16,54,70
NWBartow,SWAtlanta,4,1,0,4,11,0,8,12,0,5,15,20
NWBartow,CBDAtlanta,12,5,0,6,22,1,18,27,1,17,29,46
NWBartow,SEAtlanta,4,1,0,2,1,0,6,2,0,5,3,8
NWBartow,SFulton,4,1,0,1,0,0,5,1,0,5,1,6
NWBartow,Tri-Cities,1,0,0,0,11,0,1,11,0,1,11,12
NWBartow,Shannon,0,0,0,0,0,0,0,0,0,0,0,0
NWBartow,WCherokee,63,12,0,21,39,0,84,51,0,75,60,135
NWBartow,NCherokee,11,3,0,5,0,0,16,3,0,14,5,19
NWBartow,ECentCherokee,212,29,0,52,66,0,264,95,0,241,118,359
NWBartow,Woodstock,120,31,0,44,67,0,164,98,0,151,111,262
NWBartow,Airport,1,0,0,0,1,0,1,1,0,1,1,2
NWBartow,NEClayton,4,2,0,1,1,0,5,3,0,6,2,8
NWBartow,Riverdale,0,0,0,0,0,0,0,0,0,0,0,0
NWBartow,SClayton,0,0,0,0,1,0,0,1,0,0,1,1
NWBartow,NWCobb,500,106,0,136,254,1,636,360,1,606,391,997
NWBartow,NECobb,165,22,0,40,106,0,205,128,0,187,146,333
NWBartow,SWCobb,40,8,0,10,20,0,50,28,0,48,30,78
NWBartow,Marietta,134,23,0,39,82,0,173,105,0,157,121,278
NWBartow,Cumberland,137,24,0,28,82,0,165,106,0,161,110,271
NWBartow,SCobb,22,13,0,9,27,0,31,40,0,35,36,71
NWBartow,Chamblee,20,2,0,10,4,0,30,6,0,22,14,36
NWBartow,NWDeKalb,5,3,0,3,13,0,8,16,0,8,16,24
NWBartow,NEDeKalb,3,0,0,3,1,0,6,1,0,3,4,7
NWBartow,Atlanta-DeKalb,0,0,0,0,0,0,0,0,0,0,0,0
NWBartow,Decatur,1,1,0,0,0,0,1,1,0,2,0,2
NWBartow,SWDeKalb,0,0,0,1,4,0,1,4,0,0,5,5
NWBartow,SEDeKalb,0,0,0,0,0,0,0,0,0,0,0,0
NWBartow,SDeKalb,2,0,0,0,10,0,2,10,0,2,10,12
NWBartow,WDouglas,5,2,0,2,1,0,7,3,0,7,3,10
NWBartow,EDouglas,22,4,0,5,17,0,27,21,0,26,22,48
NWBartow,WFayette,0,0,0,0,0,0,0,0,0,0,0,0
NWBartow,EFayette,0,0,0,0,0,0,0,0,0,0,0,0
NWBartow,NGwinnett,0,0,0,0,1,0,0,1,0,0,1,1
NWBartow,CentGwinnett,5,0,0,0,0,0,5,0,0,5,0,5
NWBartow,EGwinnett,0,0,0,0,0,0,0,0,0,0,0,0
NWBartow,Norcross,9,2,0,3,4,0,12,6,0,11,7,18
NWBartow,Lilburn,0,0,0,0,0,0,0,0,0,0,0,0
NWBartow,Snellville,0,0,0,0,0,0,0,0,0,0,0,0
NWBartow,NHenry,0,0,0,2,4,0,2,4,0,0,6,6
NWBartow,EHenry,0,0,0,0,0,0,0,0,0,0,0,0
NWBartow,SHenry,0,0,0,0,0,0,0,0,0,0,0,0
NWBartow,SRockdale,0,0,0,0,0,0,0,0,0,0,0,0
NWBartow,NRockdale,0,0,0,0,0,0,0,0,0,0,0,0
NWBartow,NBarrow,0,0,0,0,0,0,0,0,0,0,0,0
NWBartow,SBarrow,0,0,0,0,0,0,0,0,0,0,0,0
NWBartow,NWBartow,5021,992,0,8667,20411,0,13688,21403,0,6013,29078,35091
NWBartow,NEBartow,477,90,0,424,1229,0,901,1319,0,567,1653,2220
NWBartow,SWBartow,328,65,0,250,670,0,578,735,0,393,920,1313
NWBartow,Cartersville,2522,486,0,1847,5096,0,4369,5582,0,3008,6943,9951
NWBartow,NECarroll,12,0,0,4,1,0,16,1,0,12,5,17
NWBartow,WCarroll,1,0,0,1,0,0,2,0,0,1,1,2
NWBartow,CentralCarroll,5,0,0,0,4,0,5,4,0,5,4,9
NWBartow,SECarroll,0,0,0,0,0,0,0,0,0,0,0,0
NWBartow,WCoweta,0,0,0,0,0,0,0,0,0,0,0,0
NWBartow,NCoweta,0,0,0,0,0,0,0,0,0,0,0,0
NWBartow,SCoweta,0,0,0,0,0,0,0,0,0,0,0,0
NWBartow,SECoweta,0,0,0,0,0,0,0,0,0,0,0,0
NWBartow,NForsyth,4,0,0,0,6,0,4,6,0,4,6,10
NWBartow,Cumming,11,1,0,2,14,0,13,15,0,12,16,28
NWBartow,SForsyth,17,1,0,1,2,0,18,3,0,18,3,21
NWBartow,NHall,0,0,0,0,0,0,0,0,0,0,0,0
NWBartow,Gainesville,2,0,0,0,0,0,2,0,0,2,0,2
NWBartow,SHall,0,0,0,0,1,0,0,1,0,0,1,1
NWBartow,WNewton,0,0,0,0,0,0,0,0,0,0,0,0
NWBartow,ENewton,0,0,0,0,0,0,0,0,0,0,0,0
NWBartow,NPaulding,103,16,0,17,77,0,120,93,0,119,94,213
NWBartow,WPaulding,6,1,0,1,17,0,7,18,0,7,18,25
NWBartow,EPaulding,82,24,0,22,58,0,104,82,0,106,80,186
NWBartow,NSpalding,0,0,0,0,0,0,0,0,0,0,0,0
NWBartow,SSpalding,0,0,0,0,0,0,0,0,0,0,0,0
NWBartow,WWalton,0,0,0,0,0,0,0,0,0,0,0,0
NWBartow,EWalton,0,0,0,0,0,0,0,0,0,0,0,0
NEBartow,NFulton,83,11,0,32,56,0,115,67,0,94,88,182
NEBartow,Roswell,43,5,0,18,12,0,61,17,0,48,30,78
NEBartow,SandySprings,54,12,0,22,45,0,76,57,0,66,67,133
NEBartow,Buckhead,35,10,0,15,81,0,50,91,0,45,96,141
NEBartow,NWAtlanta,14,4,0,6,14,0,20,18,0,18,20,38
NEBartow,NEAtlanta,25,2,0,20,79,0,45,81,0,27,99,126
NEBartow,SWAtlanta,11,1,0,3,13,0,14,14,0,12,16,28
NEBartow,CBDAtlanta,15,1,1,17,64,0,32,65,1,17,81,98
NEBartow,SEAtlanta,3,0,0,2,16,0,5,16,0,3,18,21
NEBartow,SFulton,5,2,0,1,2,0,6,4,0,7,3,10
NEBartow,Tri-Cities,5,0,0,2,8,0,7,8,0,5,10,15
NEBartow,Shannon,1,0,0,0,1,0,1,1,0,1,1,2
NEBartow,WCherokee,271,42,0,150,508,0,421,550,0,313,658,971
NEBartow,NCherokee,36,5,0,14,32,0,50,37,0,41,46,87
NEBartow,ECentCherokee,407,88,0,203,566,0,610,654,0,495,769,1264
NEBartow,Woodstock,179,24,0,79,157,0,258,181,0,203,236,439
NEBartow,Airport,2,1,0,0,1,0,2,2,0,3,1,4
NEBartow,NEClayton,0,0,0,1,1,0,1,1,0,0,2,2
NEBartow,Riverdale,1,0,0,0,0,0,1,0,0,1,0,1
NEBartow,SClayton,1,0,0,0,0,0,1,0,0,1,0,1
NEBartow,NWCobb,486,95,0,177,483,1,663,578,1,581,661,1242
NEBartow,NECobb,135,26,0,39,130,0,174,156,0,161,169,330
NEBartow,SWCobb,29,8,0,12,27,0,41,35,0,37,39,76
NEBartow,Marietta,89,25,0,44,102,0,133,127,0,114,146,260
NEBartow,Cumberland,123,28,0,40,110,0,163,138,0,151,150,301
NEBartow,SCobb,29,11,0,16,11,0,45,22,0,40,27,67
NEBartow,Chamblee,24,8,0,9,37,0,33,45,0,32,46,78
NEBartow,NWDeKalb,8,5,0,4,22,0,12,27,0,13,26,39
NEBartow,NEDeKalb,6,1,0,1,4,0,7,5,0,7,5,12
NEBartow,Atlanta-DeKalb,0,0,0,2,3,0,2,3,0,0,5,5
NEBartow,Decatur,0,0,0,2,1,0,2,1,0,0,3,3
NEBartow,SWDeKalb,2,0,0,3,7,0,5,7,0,2,10,12
NEBartow,SEDeKalb,0,1,0,0,2,0,0,3,0,1,2,3
NEBartow,SDeKalb,2,0,0,1,2,0,3,2,0,2,3,5
NEBartow,WDouglas,10,2,0,4,14,0,14,16,0,12,18,30
NEBartow,EDouglas,18,1,0,13,22,0,31,23,0,19,35,54
NEBartow,WFayette,0,0,0,0,0,0,0,0,0,0,0,0
NEBartow,EFayette,0,0,0,1,0,0,1,0,0,0,1,1
NEBartow,NGwinnett,3,1,0,6,1,0,9,2,0,4,7,11
NEBartow,CentGwinnett,5,1,0,3,11,0,8,12,0,6,14,20
NEBartow,EGwinnett,0,0,0,0,0,0,0,0,0,0,0,0
NEBartow,Norcross,14,4,0,3,35,0,17,39,0,18,38,56
NEBartow,Lilburn,0,0,0,0,1,0,0,1,0,0,1,1
NEBartow,Snellville,0,0,0,1,0,0,1,0,0,0,1,1
NEBartow,NHenry,0,0,0,0,0,0,0,0,0,0,0,0
NEBartow,EHenry,0,0,0,0,0,0,0,0,0,0,0,0
NEBartow,SHenry,0,0,0,0,0,0,0,0,0,0,0,0
NEBartow,SRockdale,0,0,0,0,0,0,0,0,0,0,0,0
NEBartow,NRockdale,0,0,0,0,0,0,0,0,0,0,0,0
NEBartow,NBarrow,0,0,0,0,0,0,0,0,0,0,0,0
NEBartow,SBarrow,0,0,0,0,0,0,0,0,0,0,0,0
NEBartow,NWBartow,470,92,0,445,1231,0,915,1323,0,562,1676,2238
NEBartow,NEBartow,2422,461,0,3151,7549,0,5573,8010,0,2883,10700,13583
NEBartow,SWBartow,137,21,0,55,226,0,192,247,0,158,281,439
NEBartow,Cartersville,1962,396,0,1941,5045,0,3903,5441,0,2358,6986,9344
NEBartow,NECarroll,5,1,0,1,7,0,6,8,0,6,8,14
NEBartow,WCarroll,0,0,0,0,0,0,0,0,0,0,0,0
NEBartow,CentralCarroll,1,1,0,0,2,0,1,3,0,2,2,4
NEBartow,SECarroll,0,0,0,1,0,0,1,0,0,0,1,1
NEBartow,WCoweta,1,0,0,0,0,0,1,0,0,1,0,1
NEBartow,NCoweta,0,1,0,0,0,0,0,1,0,1,0,1
NEBartow,SCoweta,0,0,0,0,0,0,0,0,0,0,0,0
NEBartow,SECoweta,0,0,0,0,0,0,0,0,0,0,0,0
NEBartow,NForsyth,9,2,0,4,8,0,13,10,0,11,12,23
NEBartow,Cumming,35,7,0,20,51,0,55,58,0,42,71,113
NEBartow,SForsyth,33,3,0,11,16,0,44,19,0,36,27,63
NEBartow,NHall,1,0,0,0,0,0,1,0,0,1,0,1
NEBartow,Gainesville,2,0,0,2,0,0,4,0,0,2,2,4
NEBartow,SHall,0,2,0,0,0,0,0,2,0,2,0,2
NEBartow,WNewton,0,0,0,0,0,0,0,0,0,0,0,0
NEBartow,ENewton,0,0,0,0,0,0,0,0,0,0,0,0
NEBartow,NPaulding,77,14,0,22,71,0,99,85,0,91,93,184
NEBartow,WPaulding,2,1,0,2,0,0,4,1,0,3,2,5
NEBartow,EPaulding,85,11,0,17,45,0,102,56,0,96,62,158
NEBartow,NSpalding,0,0,0,0,0,0,0,0,0,0,0,0
NEBartow,SSpalding,0,0,0,0,0,0,0,0,0,0,0,0
NEBartow,WWalton,0,0,0,0,0,0,0,0,0,0,0,0
NEBartow,EWalton,0,0,0,0,0,0,0,0,0,0,0,0
SWBartow,NFulton,86,16,0,25,33,0,111,49,0,102,58,160
SWBartow,Roswell,50,6,0,19,57,0,69,63,0,56,76,132
SWBartow,SandySprings,82,20,0,34,43,0,116,63,0,102,77,179
SWBartow,Buckhead,60,11,1,27,62,0,87,73,1,72,89,161
SWBartow,NWAtlanta,23,5,0,5,23,0,28,28,0,28,28,56
SWBartow,NEAtlanta,25,9,0,33,142,0,58,151,0,34,175,209
SWBartow,SWAtlanta,17,2,1,2,26,0,19,28,1,20,28,48
SWBartow,CBDAtlanta,19,7,0,21,105,0,40,112,0,26,126,152
SWBartow,SEAtlanta,9,2,0,4,24,0,13,26,0,11,28,39
SWBartow,SFulton,12,2,0,2,5,0,14,7,0,14,7,21
SWBartow,Tri-Cities,7,5,0,3,27,0,10,32,0,12,30,42
SWBartow,Shannon,0,0,0,3,0,0,3,0,0,0,3,3
SWBartow,WCherokee,31,1,0,7,29,0,38,30,0,32,36,68
SWBartow,NCherokee,5,2,0,0,6,0,5,8,0,7,6,13
SWBartow,ECentCherokee,131,22,0,33,110,0,164,132,0,153,143,296
SWBartow,Woodstock,249,38,0,95,265,0,344,303,0,287,360,647
SWBartow,Airport,4,1,0,1,1,0,5,2,0,5,2,7
SWBartow,NEClayton,4,2,0,0,3,0,4,5,0,6,3,9
SWBartow,Riverdale,0,0,0,1,4,0,1,4,0,0,5,5
SWBartow,SClayton,0,0,0,1,4,0,1,4,0,0,5,5
SWBartow,NWCobb,872,172,0,368,800,1,1240,972,1,1044,1169,2213
SWBartow,NECobb,212,54,0,80,198,0,292,252,0,266,278,544
SWBartow,SWCobb,82,9,0,28,43,0,110,52,0,91,71,162
SWBartow,Marietta,220,47,0,72,139,0,292,186,0,267,211,478
SWBartow,Cumberland,219,54,0,62,154,0,281,208,0,273,216,489
SWBartow,SCobb,56,12,0,26,58,0,82,70,0,68,84,152
SWBartow,Chamblee,35,4,0,14,59,0,49,63,0,39,73,112
SWBartow,NWDeKalb,23,7,0,7,99,0,30,106,0,30,106,136
SWBartow,NEDeKalb,10,2,0,6,16,0,16,18,0,12,22,34
SWBartow,Atlanta-DeKalb,4,0,0,2,6,0,6,6,0,4,8,12
SWBartow,Decatur,1,1,0,1,7,0,2,8,0,2,8,10
SWBartow,SWDeKalb,3,0,0,2,10,0,5,10,0,3,12,15
SWBartow,SEDeKalb,0,0,0,0,17,0,0,17,0,0,17,17
SWBartow,SDeKalb,4,0,0,0,9,0,4,9,0,4,9,13
SWBartow,WDouglas,33,3,0,9,24,0,42,27,0,36,33,69
SWBartow,EDouglas,38,9,0,13,39,0,51,48,0,47,52,99
SWBartow,WFayette,0,0,0,0,0,0,0,0,0,0,0,0
SWBartow,EFayette,0,0,0,1,0,0,1,0,0,0,1,1
SWBartow,NGwinnett,1,0,0,0,0,0,1,0,0,1,0,1
SWBartow,CentGwinnett,4,0,0,0,18,0,4,18,0,4,18,22
SWBartow,EGwinnett,0,0,0,0,0,0,0,0,0,0,0,0
SWBartow,Norcross,25,4,0,5,19,0,30,23,0,29,24,53
SWBartow,Lilburn,2,0,0,2,2,0,4,2,0,2,4,6
SWBartow,Snellville,1,0,0,0,0,0,1,0,0,1,0,1
SWBartow,NHenry,0,0,0,0,2,0,0,2,0,0,2,2
SWBartow,EHenry,0,0,0,0,0,0,0,0,0,0,0,0
SWBartow,SHenry,0,0,0,0,0,0,0,0,0,0,0,0
SWBartow,SRockdale,0,0,0,0,0,0,0,0,0,0,0,0
SWBartow,NRockdale,0,0,0,0,0,0,0,0,0,0,0,0
SWBartow,NBarrow,0,0,0,0,0,0,0,0,0,0,0,0
SWBartow,SBarrow,0,0,0,0,0,0,0,0,0,0,0,0
SWBartow,NWBartow,302,68,0,253,674,0,555,742,0,370,927,1297
SWBartow,NEBartow,139,16,0,50,176,0,189,192,0,155,226,381
SWBartow,SWBartow,3346,660,0,4834,11293,0,8180,11953,0,4006,16127,20133
SWBartow,Cartersville,3108,585,0,3396,9648,0,6504,10233,0,3693,13044,16737
SWBartow,NECarroll,19,3,0,7,13,0,26,16,0,22,20,42
SWBartow,WCarroll,2,0,0,1,3,0,3,3,0,2,4,6
SWBartow,CentralCarroll,13,2,0,6,5,0,19,7,0,15,11,26
SWBartow,SECarroll,0,0,0,0,0,0,0,0,0,0,0,0
SWBartow,WCoweta,0,0,0,0,0,0,0,0,0,0,0,0
SWBartow,NCoweta,0,0,0,0,0,0,0,0,0,0,0,0
SWBartow,SCoweta,0,0,0,0,0,0,0,0,0,0,0,0
SWBartow,SECoweta,0,0,0,0,0,0,0,0,0,0,0,0
SWBartow,NForsyth,2,0,0,1,0,0,3,0,0,2,1,3
SWBartow,Cumming,3,1,0,2,5,0,5,6,0,4,7,11
SWBartow,SForsyth,8,1,0,3,4,0,11,5,0,9,7,16
SWBartow,NHall,0,0,0,0,0,0,0,0,0,0,0,0
SWBartow,Gainesville,0,0,0,0,0,0,0,0,0,0,0,0
SWBartow,SHall,1,0,0,0,0,0,1,0,0,1,0,1
SWBartow,WNewton,0,0,0,0,0,0,0,0,0,0,0,0
SWBartow,ENewton,0,0,0,0,0,0,0,0,0,0,0,0
SWBartow,NPaulding,307,62,0,150,546,0,457,608,0,369,696,1065
SWBartow,WPaulding,30,5,0,9,23,0,39,28,0,35,32,67
SWBartow,EPaulding,248,44,0,115,155,0,363,199,0,292,270,562
SWBartow,NSpalding,0,0,0,0,0,0,0,0,0,0,0,0
SWBartow,SSpalding,0,0,0,0,0,0,0,0,0,0,0,0
SWBartow,WWalton,0,0,0,0,0,0,0,0,0,0,0,0
SWBartow,EWalton,0,0,0,0,0,0,0,0,0,0,0,0
Cartersville,NFulton,233,37,0,58,70,0,291,107,0,270,128,398
Cartersville,Roswell,194,32,0,39,120,0,233,152,0,226,159,385
Cartersville,SandySprings,247,47,1,57,63,0,304,110,1,295,120,415
Cartersville,Buckhead,219,35,4,38,134,0,257,169,4,258,172,430
Cartersville,NWAtlanta,83,25,0,16,70,1,99,95,1,108,87,195
Cartersville,NEAtlanta,126,12,2,41,124,0,167,136,2,140,165,305
Cartersville,SWAtlanta,30,13,0,22,36,1,52,49,1,43,59,102
Cartersville,CBDAtlanta,70,20,7,28,136,1,98,156,8,97,165,262
Cartersville,SEAtlanta,25,10,0,11,31,0,36,41,0,35,42,77
Cartersville,SFulton,25,5,0,6,12,0,31,17,0,30,18,48
Cartersville,Tri-Cities,32,11,0,6,5,0,38,16,0,43,11,54
Cartersville,Shannon,5,3,0,6,10,0,11,13,0,8,16,24
Cartersville,WCherokee,605,131,0,331,805,0,936,936,0,736,1136,1872
Cartersville,NCherokee,56,8,0,23,19,0,79,27,0,64,42,106
Cartersville,ECentCherokee,791,147,0,249,472,0,1040,619,0,938,721,1659
Cartersville,Woodstock,1391,243,0,671,1748,0,2062,1991,0,1634,2419,4053
Cartersville,Airport,8,2,1,1,1,0,9,3,1,11,2,13
Cartersville,NEClayton,15,2,0,3,23,0,18,25,0,17,26,43
Cartersville,Riverdale,7,2,0,0,20,0,7,22,0,9,20,29
Cartersville,SClayton,4,1,0,2,3,0,6,4,0,5,5,10
Cartersville,NWCobb,4626,899,2,3313,7750,14,7939,8649,16,5527,11077,16604
Cartersville,NECobb,917,188,0,212,525,0,1129,713,0,1105,737,1842
Cartersville,SWCobb,293,70,0,99,267,0,392,337,0,363,366,729
Cartersville,Marietta,791,131,1,204,436,0,995,567,1,923,640,1563
Cartersville,Cumberland,641,135,2,125,287,0,766,422,2,778,412,1190
Cartersville,SCobb,186,35,0,58,164,0,244,199,0,221,222,443
Cartersville,Chamblee,149,17,2,45,55,0,194,72,2,168,100,268
Cartersville,NWDeKalb,59,18,0,22,68,0,81,86,0,77,90,167
Cartersville,NEDeKalb,38,7,0,12,19,0,50,26,0,45,31,76
Cartersville,Atlanta-DeKalb,3,3,0,5,9,0,8,12,0,6,14,20
Cartersville,Decatur,4,2,0,6,16,0,10,18,0,6,22,28
Cartersville,SWDeKalb,2,3,0,4,16,0,6,19,0,5,20,25
Cartersville,SEDeKalb,5,1,0,2,1,0,7,2,0,6,3,9
Cartersville,SDeKalb,9,4,0,6,8,0,15,12,0,13,14,27
Cartersville,WDouglas,92,13,0,34,34,0,126,47,0,105,68,173
Cartersville,EDouglas,118,28,0,31,52,0,149,80,0,146,83,229
Cartersville,WFayette,1,0,0,2,0,0,3,0,0,1,2,3
Cartersville,EFayette,3,0,0,0,3,0,3,3,0,3,3,6
Cartersville,NGwinnett,6,0,0,3,9,0,9,9,0,6,12,18
Cartersville,CentGwinnett,29,4,0,15,34,0,44,38,0,33,49,82
Cartersville,EGwinnett,3,0,0,1,1,0,4,1,0,3,2,5
Cartersville,Norcross,77,14,0,12,54,0,89,68,0,91,66,157
Cartersville,Lilburn,3,1,0,6,1,0,9,2,0,4,7,11
Cartersville,Snellville,2,0,0,4,9,0,6,9,0,2,13,15
Cartersville,NHenry,2,0,0,3,0,0,5,0,0,2,3,5
Cartersville,EHenry,0,0,0,1,0,0,1,0,0,0,1,1
Cartersville,SHenry,0,0,0,2,1,0,2,1,0,0,3,3
Cartersville,SRockdale,0,0,0,0,1,0,0,1,0,0,1,1
Cartersville,NRockdale,1,1,0,0,1,0,1,2,0,2,1,3
Cartersville,NBarrow,0,0,0,0,0,0,0,0,0,0,0,0
Cartersville,SBarrow,0,0,0,0,0,0,0,0,0,0,0,0
Cartersville,NWBartow,2649,507,0,1854,5116,0,4503,5623,0,3156,6970,10126
Cartersville,NEBartow,2008,373,0,1996,5202,0,4004,5575,0,2381,7198,9579
Cartersville,SWBartow,3203,585,0,3440,9598,0,6643,10183,0,3788,13038,16826
Cartersville,Cartersville,31156,5603,0,45113,89680,0,76269,95283,0,36759,134793,171552
Cartersville,NECarroll,85,11,0,7,53,0,92,64,0,96,60,156
Cartersville,WCarroll,3,1,0,3,1,0,6,2,0,4,4,8
Cartersville,CentralCarroll,27,1,0,13,13,0,40,14,0,28,26,54
Cartersville,SECarroll,3,0,0,5,2,0,8,2,0,3,7,10
Cartersville,WCoweta,1,0,0,0,1,0,1,1,0,1,1,2
Cartersville,NCoweta,0,0,0,1,4,0,1,4,0,0,5,5
Cartersville,SCoweta,0,0,0,0,0,0,0,0,0,0,0,0
Cartersville,SECoweta,0,0,0,0,0,0,0,0,0,0,0,0
Cartersville,NForsyth,27,7,0,15,21,0,42,28,0,34,36,70
Cartersville,Cumming,75,6,0,34,77,0,109,83,0,81,111,192
Cartersville,SForsyth,88,9,0,14,24,0,102,33,0,97,38,135
Cartersville,NHall,0,0,0,0,0,0,0,0,0,0,0,0
Cartersville,Gainesville,3,0,0,4,0,0,7,0,0,3,4,7
Cartersville,SHall,2,0,0,0,2,0,2,2,0,2,2,4
Cartersville,WNewton,1,1,0,0,0,0,1,1,0,2,0,2
Cartersville,ENewton,0,0,0,0,0,0,0,0,0,0,0,0
Cartersville,NPaulding,1216,253,0,776,1832,0,1992,2085,0,1469,2608,4077
Cartersville,WPaulding,120,23,0,29,75,0,149,98,0,143,104,247
Cartersville,EPaulding,791,163,0,235,583,0,1026,746,0,954,818,1772
Cartersville,NSpalding,0,0,0,0,0,0,0,0,0,0,0,0
Cartersville,SSpalding,0,0,0,0,0,0,0,0,0,0,0,0
Cartersville,WWalton,0,0,0,0,0,0,0,0,0,0,0,0
Cartersville,EWalton,0,0,0,0,0,0,0,0,0,0,0,0
NECarroll,NFulton,14,1,0,7,11,0,21,12,0,15,18,33
NECarroll,Roswell,8,1,0,9,2,0,17,3,0,9,11,20
NECarroll,SandySprings,69,11,0,19,22,0,88,33,0,80,41,121
NECarroll,Buckhead,98,14,1,29,78,1,127,92,2,113,108,221
NECarroll,NWAtlanta,148,23,1,27,67,0,175,90,1,172,94,266
NECarroll,NEAtlanta,69,16,1,28,89,0,97,105,1,86,117,203
NECarroll,SWAtlanta,168,32,0,28,46,0,196,78,0,200,74,274
NECarroll,CBDAtlanta,91,13,11,40,50,1,131,63,12,115,91,206
NECarroll,SEAtlanta,52,6,0,11,25,0,63,31,0,58,36,94
NECarroll,SFulton,218,41,0,34,78,0,252,119,0,259,112,371
NECarroll,Tri-Cities,74,15,0,12,58,0,86,73,0,89,70,159
NECarroll,Shannon,94,12,0,20,67,0,114,79,0,106,87,193
NECarroll,WCherokee,1,0,0,1,1,0,2,1,0,1,2,3
NECarroll,NCherokee,0,0,0,0,0,0,0,0,0,0,0,0
NECarroll,ECentCherokee,10,1,0,3,23,0,13,24,0,11,26,37
NECarroll,Woodstock,45,3,0,9,2,0,54,5,0,48,11,59
NECarroll,Airport,32,7,1,2,35,1,34,42,2,40,38,78
NECarroll,NEClayton,36,7,0,5,28,0,41,35,0,43,33,76
NECarroll,Riverdale,17,4,0,2,19,0,19,23,0,21,21,42
NECarroll,SClayton,16,2,0,3,25,0,19,27,0,18,28,46
NECarroll,NWCobb,272,54,0,44,99,0,316,153,0,326,143,469
NECarroll,NECobb,75,14,0,9,37,0,84,51,0,89,46,135
NECarroll,SWCobb,192,42,0,35,96,0,227,138,0,234,131,365
NECarroll,Marietta,171,27,0,18,22,1,189,49,1,198,41,239
NECarroll,Cumberland,263,43,1,36,49,0,299,92,1,307,85,392
NECarroll,SCobb,310,56,0,67,179,0,377,235,0,366,246,612
NECarroll,Chamblee,45,5,0,15,12,0,60,17,0,50,27,77
NECarroll,NWDeKalb,41,13,0,22,61,0,63,74,0,54,83,137
NECarroll,NEDeKalb,22,3,0,11,19,0,33,22,0,25,30,55
NECarroll,Atlanta-DeKalb,9,1,0,6,6,0,15,7,0,10,12,22
NECarroll,Decatur,6,2,0,1,6,0,7,8,0,8,7,15
NECarroll,SWDeKalb,19,4,0,7,10,0,26,14,0,23,17,40
NECarroll,SEDeKalb,9,0,0,7,11,0,16,11,0,9,18,27
NECarroll,SDeKalb,16,3,0,9,19,0,25,22,0,19,28,47
NECarroll,WDouglas,2137,432,0,2093,6232,0,4230,6664,0,2569,8325,10894
NECarroll,EDouglas,918,181,0,285,814,0,1203,995,0,1099,1099,2198
NECarroll,WFayette,76,11,0,15,20,0,91,31,0,87,35,122
NECarroll,EFayette,21,7,0,9,6,0,30,13,0,28,15,43
NECarroll,NGwinnett,1,0,0,1,0,0,2,0,0,1,1,2
NECarroll,CentGwinnett,4,2,0,1,1,0,5,3,0,6,2,8
NECarroll,EGwinnett,0,0,0,0,0,0,0,0,0,0,0,0
NECarroll,Norcross,21,2,0,12,7,0,33,9,0,23,19,42
NECarroll,Lilburn,1,0,0,2,1,0,3,1,0,1,3,4
NECarroll,Snellville,1,2,0,0,0,0,1,2,0,3,0,3
NECarroll,NHenry,3,2,0,3,1,0,6,3,0,5,4,9
NECarroll,EHenry,0,0,0,1,4,0,1,4,0,0,5,5
NECarroll,SHenry,3,0,0,1,2,0,4,2,0,3,3,6
NECarroll,SRockdale,3,1,0,1,1,0,4,2,0,4,2,6
NECarroll,NRockdale,1,0,0,2,2,0,3,2,0,1,4,5
NECarroll,NBarrow,0,0,0,0,0,0,0,0,0,0,0,0
NECarroll,SBarrow,0,0,0,0,0,0,0,0,0,0,0,0
NECarroll,NWBartow,10,2,0,3,1,0,13,3,0,12,4,16
NECarroll,NEBartow,2,3,0,2,7,0,4,10,0,5,9,14
NECarroll,SWBartow,25,3,0,6,4,0,31,7,0,28,10,38
NECarroll,Cartersville,86,13,0,7,46,0,93,59,0,99,53,152
NECarroll,NECarroll,10096,2158,0,17655,39240,0,27751,41398,0,12254,56895,69149
NECarroll,WCarroll,491,84,0,166,412,0,657,496,0,575,578,1153
NECarroll,CentralCarroll,2824,587,3,2210,5862,5,5034,6449,8,3414,8077,11491
NECarroll,SECarroll,109,23,0,46,89,0,155,112,0,132,135,267
NECarroll,WCoweta,90,12,0,23,42,0,113,54,0,102,65,167
NECarroll,NCoweta,188,33,0,42,71,0,230,104,0,221,113,334
NECarroll,SCoweta,16,3,0,5,8,0,21,11,0,19,13,32
NECarroll,SECoweta,8,2,0,2,18,0,10,20,0,10,20,30
NECarroll,NForsyth,0,0,0,0,0,0,0,0,0,0,0,0
NECarroll,Cumming,1,0,0,1,0,0,2,0,0,1,1,2
NECarroll,SForsyth,1,0,0,0,4,0,1,4,0,1,4,5
NECarroll,NHall,0,0,0,0,0,0,0,0,0,0,0,0
NECarroll,Gainesville,0,0,0,0,0,0,0,0,0,0,0,0
NECarroll,SHall,0,0,0,0,0,0,0,0,0,0,0,0
NECarroll,WNewton,0,0,0,0,2,0,0,2,0,0,2,2
NECarroll,ENewton,0,0,0,0,0,0,0,0,0,0,0,0
NECarroll,NPaulding,129,17,0,21,74,0,150,91,0,146,95,241
NECarroll,WPaulding,709,143,0,712,2133,0,1421,2276,0,852,2845,3697
NECarroll,EPaulding,1266,230,0,678,2066,0,1944,2296,0,1496,2744,4240
NECarroll,NSpalding,0,0,0,3,1,0,3,1,0,0,4,4
NECarroll,SSpalding,0,0,0,1,1,0,1,1,0,0,2,2
NECarroll,WWalton,0,0,0,0,0,0,0,0,0,0,0,0
NECarroll,EWalton,0,0,0,0,0,0,0,0,0,0,0,0
WCarroll,NFulton,0,0,0,0,0,0,0,0,0,0,0,0
WCarroll,Roswell,0,0,0,0,0,0,0,0,0,0,0,0
WCarroll,SandySprings,5,0,0,0,0,0,5,0,0,5,0,5
WCarroll,Buckhead,10,2,0,1,6,0,11,8,0,12,7,19
WCarroll,NWAtlanta,6,1,0,7,0,0,13,1,0,7,7,14
WCarroll,NEAtlanta,11,3,0,10,17,0,21,20,0,14,27,41
WCarroll,SWAtlanta,24,1,0,7,6,0,31,7,0,25,13,38
WCarroll,CBDAtlanta,13,4,0,9,12,0,22,16,0,17,21,38
WCarroll,SEAtlanta,7,0,0,4,1,0,11,1,0,7,5,12
WCarroll,SFulton,35,4,0,5,18,0,40,22,0,39,23,62
WCarroll,Tri-Cities,17,3,0,1,1,0,18,4,0,20,2,22
WCarroll,Shannon,16,2,0,15,16,0,31,18,0,18,31,49
WCarroll,WCherokee,0,0,0,0,0,0,0,0,0,0,0,0
WCarroll,NCherokee,0,0,0,0,0,0,0,0,0,0,0,0
WCarroll,ECentCherokee,0,0,0,0,0,0,0,0,0,0,0,0
WCarroll,Woodstock,2,0,0,1,6,0,3,6,0,2,7,9
WCarroll,Airport,2,0,0,2,5,0,4,5,0,2,7,9
WCarroll,NEClayton,0,2,0,0,0,0,0,2,0,2,0,2
WCarroll,Riverdale,4,0,0,2,1,0,6,1,0,4,3,7
WCarroll,SClayton,0,0,0,0,1,0,0,1,0,0,1,1
WCarroll,NWCobb,25,3,0,3,26,0,28,29,0,28,29,57
WCarroll,NECobb,4,1,0,0,1,0,4,2,0,5,1,6
WCarroll,SWCobb,26,1,0,3,6,0,29,7,0,27,9,36
WCarroll,Marietta,10,5,0,4,0,0,14,5,0,15,4,19
WCarroll,Cumberland,28,3,0,6,15,0,34,18,0,31,21,52
WCarroll,SCobb,42,6,0,10,27,0,52,33,0,48,37,85
WCarroll,Chamblee,2,0,0,1,1,0,3,1,0,2,2,4
WCarroll,NWDeKalb,2,1,0,2,2,0,4,3,0,3,4,7
WCarroll,NEDeKalb,0,0,0,2,16,0,2,16,0,0,18,18
WCarroll,Atlanta-DeKalb,0,1,0,0,0,0,0,1,0,1,0,1
WCarroll,Decatur,0,0,0,3,0,0,3,0,0,0,3,3
WCarroll,SWDeKalb,3,2,0,0,5,0,3,7,0,5,5,10
WCarroll,SEDeKalb,0,0,0,0,4,0,0,4,0,0,4,4
WCarroll,SDeKalb,4,0,0,1,0,0,5,0,0,4,1,5
WCarroll,WDouglas,217,32,0,36,117,0,253,149,0,249,153,402
WCarroll,EDouglas,104,13,0,24,73,0,128,86,0,117,97,214
WCarroll,WFayette,28,5,0,12,6,0,40,11,0,33,18,51
WCarroll,EFayette,6,0,0,1,27,0,7,27,0,6,28,34
WCarroll,NGwinnett,0,0,0,0,0,0,0,0,0,0,0,0
WCarroll,CentGwinnett,0,0,0,0,0,0,0,0,0,0,0,0
WCarroll,EGwinnett,0,0,0,0,0,0,0,0,0,0,0,0
WCarroll,Norcross,1,0,0,0,0,0,1,0,0,1,0,1
WCarroll,Lilburn,0,0,0,0,0,0,0,0,0,0,0,0
WCarroll,Snellville,1,0,0,0,0,0,1,0,0,1,0,1
WCarroll,NHenry,0,0,0,0,0,0,0,0,0,0,0,0
WCarroll,EHenry,0,0,0,0,0,0,0,0,0,0,0,0
WCarroll,SHenry,0,0,0,0,0,0,0,0,0,0,0,0
WCarroll,SRockdale,0,0,0,0,4,0,0,4,0,0,4,4
WCarroll,NRockdale,0,0,0,0,0,0,0,0,0,0,0,0
WCarroll,NBarrow,0,0,0,0,0,0,0,0,0,0,0,0
WCarroll,SBarrow,0,0,0,0,0,0,0,0,0,0,0,0
WCarroll,NWBartow,0,0,0,1,0,0,1,0,0,0,1,1
WCarroll,NEBartow,0,0,0,0,0,0,0,0,0,0,0,0
WCarroll,SWBartow,2,0,0,3,0,0,5,0,0,2,3,5
WCarroll,Cartersville,5,1,0,2,1,0,7,2,0,6,3,9
WCarroll,NECarroll,479,95,0,143,379,0,622,474,0,574,522,1096
WCarroll,WCarroll,4365,919,0,6580,13909,0,10945,14828,0,5284,20489,25773
WCarroll,CentralCarroll,3333,634,23,2300,5767,37,5633,6401,60,3990,8104,12094
WCarroll,SECarroll,202,29,0,166,395,0,368,424,0,231,561,792
WCarroll,WCoweta,72,8,0,15,27,1,87,35,1,80,43,123
WCarroll,NCoweta,118,27,0,38,64,0,156,91,0,145,102,247
WCarroll,SCoweta,6,2,0,2,3,0,8,5,0,8,5,13
WCarroll,SECoweta,2,1,0,1,1,0,3,2,0,3,2,5
WCarroll,NForsyth,0,0,0,0,0,0,0,0,0,0,0,0
WCarroll,Cumming,0,0,0,0,0,0,0,0,0,0,0,0
WCarroll,SForsyth,0,0,0,0,0,0,0,0,0,0,0,0
WCarroll,NHall,0,0,0,0,0,0,0,0,0,0,0,0
WCarroll,Gainesville,0,0,0,0,0,0,0,0,0,0,0,0
WCarroll,SHall,0,0,0,0,0,0,0,0,0,0,0,0
WCarroll,WNewton,0,0,0,0,0,0,0,0,0,0,0,0
WCarroll,ENewton,0,0,0,0,0,0,0,0,0,0,0,0
WCarroll,NPaulding,17,0,0,3,16,0,20,16,0,17,19,36
WCarroll,WPaulding,51,11,0,12,31,0,63,42,0,62,43,105
WCarroll,EPaulding,116,23,0,29,20,0,145,43,0,139,49,188
WCarroll,NSpalding,0,0,0,1,0,0,1,0,0,0,1,1
WCarroll,SSpalding,0,0,0,0,0,0,0,0,0,0,0,0
WCarroll,WWalton,0,0,0,0,0,0,0,0,0,0,0,0
WCarroll,EWalton,0,0,0,0,0,0,0,0,0,0,0,0
CentralCarroll,NFulton,4,1,0,2,2,0,6,3,0,5,4,9
CentralCarroll,Roswell,5,2,0,3,4,0,8,6,0,7,7,14
CentralCarroll,SandySprings,29,8,0,9,17,0,38,25,0,37,26,63
CentralCarroll,Buckhead,62,11,0,14,54,0,76,65,0,73,68,141
CentralCarroll,NWAtlanta,116,19,0,25,22,0,141,41,0,135,47,182
CentralCarroll,NEAtlanta,47,18,1,29,53,0,76,71,1,66,82,148
CentralCarroll,SWAtlanta,123,22,0,42,50,0,165,72,0,145,92,237
CentralCarroll,CBDAtlanta,78,12,2,24,48,0,102,60,2,92,72,164
CentralCarroll,SEAtlanta,33,6,0,9,10,0,42,16,0,39,19,58
CentralCarroll,SFulton,311,52,0,92,205,0,403,257,0,363,297,660
CentralCarroll,Tri-Cities,133,16,0,27,24,0,160,40,0,149,51,200
CentralCarroll,Shannon,199,19,0,67,62,0,266,81,0,218,129,347
CentralCarroll,WCherokee,0,0,0,0,1,0,0,1,0,0,1,1
CentralCarroll,NCherokee,0,0,0,1,0,0,1,0,0,0,1,1
CentralCarroll,ECentCherokee,2,0,0,0,0,0,2,0,0,2,0,2
CentralCarroll,Woodstock,17,6,0,3,22,0,20,28,0,23,25,48
CentralCarroll,Airport,74,11,0,6,13,0,80,24,0,85,19,104
CentralCarroll,NEClayton,48,13,0,16,35,0,64,48,0,61,51,112
CentralCarroll,Riverdale,19,5,0,21,74,0,40,79,0,24,95,119
CentralCarroll,SClayton,21,2,0,12,12,0,33,14,0,23,24,47
CentralCarroll,NWCobb,148,30,0,35,59,0,183,89,0,178,94,272
CentralCarroll,NECobb,44,4,0,10,25,0,54,29,0,48,35,83
CentralCarroll,SWCobb,143,29,0,37,23,0,180,52,0,172,60,232
CentralCarroll,Marietta,82,7,0,20,47,0,102,54,0,89,67,156
CentralCarroll,Cumberland,195,24,0,36,43,0,231,67,0,219,79,298
CentralCarroll,SCobb,228,33,0,32,93,0,260,126,0,261,125,386
CentralCarroll,Chamblee,22,1,0,3,17,0,25,18,0,23,20,43
CentralCarroll,NWDeKalb,26,5,0,14,33,0,40,38,0,31,47,78
CentralCarroll,NEDeKalb,10,2,0,9,26,0,19,28,0,12,35,47
CentralCarroll,Atlanta-DeKalb,10,0,0,5,3,0,15,3,0,10,8,18
CentralCarroll,Decatur,3,2,0,5,1,0,8,3,0,5,6,11
CentralCarroll,SWDeKalb,11,5,0,4,13,0,15,18,0,16,17,33
CentralCarroll,SEDeKalb,5,1,0,3,2,0,8,3,0,6,5,11
CentralCarroll,SDeKalb,18,7,0,8,34,0,26,41,0,25,42,67
CentralCarroll,WDouglas,1726,321,0,955,2177,0,2681,2498,0,2047,3132,5179
CentralCarroll,EDouglas,667,128,0,188,410,0,855,538,0,795,598,1393
CentralCarroll,WFayette,164,34,0,96,70,0,260,104,0,198,166,364
CentralCarroll,EFayette,52,12,0,25,34,0,77,46,0,64,59,123
CentralCarroll,NGwinnett,0,0,0,0,0,0,0,0,0,0,0,0
CentralCarroll,CentGwinnett,4,2,0,2,1,0,6,3,0,6,3,9
CentralCarroll,EGwinnett,1,0,0,0,0,0,1,0,0,1,0,1
CentralCarroll,Norcross,5,2,0,6,13,0,11,15,0,7,19,26
CentralCarroll,Lilburn,0,0,0,1,1,0,1,1,0,0,2,2
CentralCarroll,Snellville,1,1,0,1,4,0,2,5,0,2,5,7
CentralCarroll,NHenry,9,0,0,2,7,0,11,7,0,9,9,18
CentralCarroll,EHenry,1,0,0,1,0,0,2,0,0,1,1,2
CentralCarroll,SHenry,8,1,0,2,0,0,10,1,0,9,2,11
CentralCarroll,SRockdale,0,0,0,0,0,0,0,0,0,0,0,0
CentralCarroll,NRockdale,1,0,0,0,1,0,1,1,0,1,1,2
CentralCarroll,NBarrow,0,0,0,0,0,0,0,0,0,0,0,0
CentralCarroll,SBarrow,0,0,0,0,0,0,0,0,0,0,0,0
CentralCarroll,NWBartow,5,0,0,1,4,0,6,4,0,5,5,10
CentralCarroll,NEBartow,0,0,0,0,0,0,0,0,0,0,0,0
CentralCarroll,SWBartow,11,4,0,4,5,0,15,9,0,15,9,24
CentralCarroll,Cartersville,29,4,0,15,17,0,44,21,0,33,32,65
CentralCarroll,NECarroll,2931,575,3,2229,5929,5,5160,6504,8,3509,8163,11672
CentralCarroll,WCarroll,3277,687,23,2272,5752,37,5549,6439,60,3987,8061,12048
CentralCarroll,CentralCarroll,37361,7143,134,46425,90808,507,83786,97951,641,44638,137740,182378
CentralCarroll,SECarroll,1719,323,2,1474,3840,0,3193,4163,2,2044,5314,7358
CentralCarroll,WCoweta,760,135,0,340,554,6,1100,689,6,895,900,1795
CentralCarroll,NCoweta,966,175,0,408,534,4,1374,709,4,1141,946,2087
CentralCarroll,SCoweta,107,11,0,65,44,0,172,55,0,118,109,227
CentralCarroll,SECoweta,66,12,0,43,25,0,109,37,0,78,68,146
CentralCarroll,NForsyth,0,0,0,0,0,0,0,0,0,0,0,0
CentralCarroll,Cumming,0,0,0,0,0,0,0,0,0,0,0,0
CentralCarroll,SForsyth,0,0,0,0,0,0,0,0,0,0,0,0
CentralCarroll,NHall,0,0,0,0,0,0,0,0,0,0,0,0
CentralCarroll,Gainesville,0,0,0,0,0,0,0,0,0,0,0,0
CentralCarroll,SHall,0,0,0,0,0,0,0,0,0,0,0,0
CentralCarroll,WNewton,0,0,0,0,0,0,0,0,0,0,0,0
CentralCarroll,ENewton,0,0,0,0,0,0,0,0,0,0,0,0
CentralCarroll,NPaulding,80,10,0,21,34,0,101,44,0,90,55,145
CentralCarroll,WPaulding,305,68,0,150,275,0,455,343,0,373,425,798
CentralCarroll,EPaulding,628,146,0,265,327,0,893,473,0,774,592,1366
CentralCarroll,NSpalding,7,1,0,1,2,0,8,3,0,8,3,11
CentralCarroll,SSpalding,3,0,0,5,0,0,8,0,0,3,5,8
CentralCarroll,WWalton,0,0,0,0,0,0,0,0,0,0,0,0
CentralCarroll,EWalton,0,0,0,0,0,0,0,0,0,0,0,0
SECarroll,NFulton,1,0,0,0,0,0,1,0,0,1,0,1
SECarroll,Roswell,0,0,0,1,0,0,1,0,0,0,1,1
SECarroll,SandySprings,4,2,0,4,1,0,8,3,0,6,5,11
SECarroll,Buckhead,8,2,0,3,13,0,11,15,0,10,16,26
SECarroll,NWAtlanta,10,4,0,4,8,0,14,12,0,14,12,26
SECarroll,NEAtlanta,7,2,0,10,17,0,17,19,0,9,27,36
SECarroll,SWAtlanta,24,2,0,10,7,0,34,9,0,26,17,43
SECarroll,CBDAtlanta,11,1,0,7,10,0,18,11,0,12,17,29
SECarroll,SEAtlanta,5,2,0,5,2,0,10,4,0,7,7,14
SECarroll,SFulton,56,6,0,11,49,0,67,55,0,62,60,122
SECarroll,Tri-Cities,31,4,0,6,35,0,37,39,0,35,41,76
SECarroll,Shannon,41,3,0,12,25,0,53,28,0,44,37,81
SECarroll,WCherokee,0,0,0,0,0,0,0,0,0,0,0,0
SECarroll,NCherokee,0,0,0,0,0,0,0,0,0,0,0,0
SECarroll,ECentCherokee,0,0,0,0,0,0,0,0,0,0,0,0
SECarroll,Woodstock,3,0,0,1,0,0,4,0,0,3,1,4
SECarroll,Airport,17,2,0,5,6,0,22,8,0,19,11,30
SECarroll,NEClayton,12,1,0,3,6,0,15,7,0,13,9,22
SECarroll,Riverdale,2,3,0,4,14,0,6,17,0,5,18,23
SECarroll,SClayton,4,2,0,2,9,0,6,11,0,6,11,17
SECarroll,NWCobb,11,2,0,3,19,0,14,21,0,13,22,35
SECarroll,NECobb,4,3,0,1,0,0,5,3,0,7,1,8
SECarroll,SWCobb,20,3,0,2,11,0,22,14,0,23,13,36
SECarroll,Marietta,14,3,0,3,2,0,17,5,0,17,5,22
SECarroll,Cumberland,27,5,0,7,11,0,34,16,0,32,18,50
SECarroll,SCobb,37,7,0,18,12,0,55,19,0,44,30,74
SECarroll,Chamblee,6,0,0,0,16,0,6,16,0,6,16,22
SECarroll,NWDeKalb,2,0,0,2,2,0,4,2,0,2,4,6
SECarroll,NEDeKalb,2,0,0,1,0,0,3,0,0,2,1,3
SECarroll,Atlanta-DeKalb,0,1,0,2,5,0,2,6,0,1,7,8
SECarroll,Decatur,0,0,0,2,0,0,2,0,0,0,2,2
SECarroll,SWDeKalb,1,0,0,2,1,0,3,1,0,1,3,4
SECarroll,SEDeKalb,0,0,0,1,1,0,1,1,0,0,2,2
SECarroll,SDeKalb,0,0,0,3,0,0,3,0,0,0,3,3
SECarroll,WDouglas,184,25,0,98,292,0,282,317,0,209,390,599
SECarroll,EDouglas,92,21,0,25,96,0,117,117,0,113,121,234
SECarroll,WFayette,59,11,0,13,48,0,72,59,0,70,61,131
SECarroll,EFayette,21,1,0,3,27,0,24,28,0,22,30,52
SECarroll,NGwinnett,0,0,0,0,0,0,0,0,0,0,0,0
SECarroll,CentGwinnett,1,0,0,0,0,0,1,0,0,1,0,1
SECarroll,EGwinnett,0,0,0,0,0,0,0,0,0,0,0,0
SECarroll,Norcross,0,0,0,1,4,0,1,4,0,0,5,5
SECarroll,Lilburn,0,0,0,0,0,0,0,0,0,0,0,0
SECarroll,Snellville,0,0,0,0,0,0,0,0,0,0,0,0
SECarroll,NHenry,0,0,0,2,1,0,2,1,0,0,3,3
SECarroll,EHenry,0,0,0,0,1,0,0,1,0,0,1,1
SECarroll,SHenry,1,1,0,2,6,0,3,7,0,2,8,10
SECarroll,SRockdale,0,0,0,0,1,0,0,1,0,0,1,1
SECarroll,NRockdale,0,0,0,0,0,0,0,0,0,0,0,0
SECarroll,NBarrow,0,0,0,0,0,0,0,0,0,0,0,0
SECarroll,SBarrow,0,0,0,0,0,0,0,0,0,0,0,0
SECarroll,NWBartow,0,0,0,1,0,0,1,0,0,0,1,1
SECarroll,NEBartow,0,0,0,1,0,0,1,0,0,0,1,1
SECarroll,SWBartow,0,0,0,0,0,0,0,0,0,0,0,0
SECarroll,Cartersville,1,0,0,3,2,0,4,2,0,1,5,6
SECarroll,NECarroll,98,28,0,43,94,0,141,122,0,126,137,263
SECarroll,WCarroll,188,35,0,169,371,0,357,406,0,223,540,763
SECarroll,CentralCarroll,1700,318,2,1477,3839,0,3177,4157,2,2020,5316,7336
SECarroll,SECarroll,1062,191,0,1804,4071,0,2866,4262,0,1253,5875,7128
SECarroll,WCoweta,198,32,0,142,514,0,340,546,0,230,656,886
SECarroll,NCoweta,332,58,0,146,387,0,478,445,0,390,533,923
SECarroll,SCoweta,19,2,0,3,7,0,22,9,0,21,10,31
SECarroll,SECoweta,10,2,0,6,1,0,16,3,0,12,7,19
SECarroll,NForsyth,0,0,0,0,0,0,0,0,0,0,0,0
SECarroll,Cumming,1,0,0,0,0,0,1,0,0,1,0,1
SECarroll,SForsyth,0,0,0,0,0,0,0,0,0,0,0,0
SECarroll,NHall,0,0,0,0,0,0,0,0,0,0,0,0
SECarroll,Gainesville,0,0,0,0,0,0,0,0,0,0,0,0
SECarroll,SHall,0,0,0,0,0,0,0,0,0,0,0,0
SECarroll,WNewton,0,0,0,0,0,0,0,0,0,0,0,0
SECarroll,ENewton,0,0,0,0,0,0,0,0,0,0,0,0
SECarroll,NPaulding,5,1,0,1,1,0,6,2,0,6,2,8
SECarroll,WPaulding,9,3,0,7,8,0,16,11,0,12,15,27
SECarroll,EPaulding,43,9,0,10,28,0,53,37,0,52,38,90
SECarroll,NSpalding,0,0,0,0,2,0,0,2,0,0,2,2
SECarroll,SSpalding,4,0,0,1,5,0,5,5,0,4,6,10
SECarroll,WWalton,0,0,0,0,0,0,0,0,0,0,0,0
SECarroll,EWalton,0,0,0,0,0,0,0,0,0,0,0,0
WCoweta,NFulton,0,2,1,0,1,0,0,3,1,3,1,4
WCoweta,Roswell,3,1,0,1,0,0,4,1,0,4,1,5
WCoweta,SandySprings,13,2,0,7,5,0,20,7,0,15,12,27
WCoweta,Buckhead,34,6,2,8,17,0,42,23,2,42,25,67
WCoweta,NWAtlanta,55,7,1,8,10,0,63,17,1,63,18,81
WCoweta,NEAtlanta,70,12,4,13,82,1,83,94,5,86,96,182
WCoweta,SWAtlanta,91,21,0,26,41,0,117,62,0,112,67,179
WCoweta,CBDAtlanta,70,16,11,27,60,1,97,76,12,97,88,185
WCoweta,SEAtlanta,66,15,0,13,44,1,79,59,1,81,58,139
WCoweta,SFulton,220,38,0,71,271,0,291,309,0,258,342,600
WCoweta,Tri-Cities,252,37,0,23,43,0,275,80,0,289,66,355
WCoweta,Shannon,333,76,0,85,130,0,418,206,0,409,215,624
WCoweta,WCherokee,0,0,0,0,0,0,0,0,0,0,0,0
WCoweta,NCherokee,0,0,0,0,0,0,0,0,0,0,0,0
WCoweta,ECentCherokee,0,0,0,0,0,0,0,0,0,0,0,0
WCoweta,Woodstock,2,0,0,0,0,0,2,0,0,2,0,2
WCoweta,Airport,126,24,5,9,37,1,135,61,6,155,47,202
WCoweta,NEClayton,105,16,0,15,25,0,120,41,0,121,40,161
WCoweta,Riverdale,63,7,0,23,60,0,86,67,0,70,83,153
WCoweta,SClayton,73,18,0,10,17,0,83,35,0,91,27,118
WCoweta,NWCobb,13,4,0,3,11,0,16,15,0,17,14,31
WCoweta,NECobb,14,1,0,2,9,0,16,10,0,15,11,26
WCoweta,SWCobb,28,3,0,1,20,0,29,23,0,31,21,52
WCoweta,Marietta,24,2,0,3,14,1,27,16,1,26,18,44
WCoweta,Cumberland,110,13,0,12,11,0,122,24,0,123,23,146
WCoweta,SCobb,86,16,0,16,16,0,102,32,0,102,32,134
WCoweta,Chamblee,15,7,0,6,5,0,21,12,0,22,11,33
WCoweta,NWDeKalb,29,6,0,9,29,0,38,35,0,35,38,73
WCoweta,NEDeKalb,15,5,0,3,46,1,18,51,1,20,50,70
WCoweta,Atlanta-DeKalb,11,1,0,2,5,0,13,6,0,12,7,19
WCoweta,Decatur,4,3,1,4,11,1,8,14,2,8,16,24
WCoweta,SWDeKalb,17,4,0,3,9,0,20,13,0,21,12,33
WCoweta,SEDeKalb,10,1,0,1,1,0,11,2,0,11,2,13
WCoweta,SDeKalb,23,5,1,9,27,0,32,32,1,29,36,65
WCoweta,WDouglas,237,40,0,65,190,0,302,230,0,277,255,532
WCoweta,EDouglas,149,26,0,30,92,0,179,118,0,175,122,297
WCoweta,WFayette,523,82,0,152,312,0,675,394,0,605,464,1069
WCoweta,EFayette,171,25,0,30,87,0,201,112,0,196,117,313
WCoweta,NGwinnett,0,0,0,1,0,0,1,0,0,0,1,1
WCoweta,CentGwinnett,0,0,0,0,0,0,0,0,0,0,0,0
WCoweta,EGwinnett,0,0,0,0,0,0,0,0,0,0,0,0
WCoweta,Norcross,11,3,0,0,25,0,11,28,0,14,25,39
WCoweta,Lilburn,2,0,0,1,0,0,3,0,0,2,1,3
WCoweta,Snellville,1,0,0,0,0,0,1,0,0,1,0,1
WCoweta,NHenry,17,3,0,2,30,0,19,33,0,20,32,52
WCoweta,EHenry,4,0,0,0,2,0,4,2,0,4,2,6
WCoweta,SHenry,20,7,0,8,11,0,28,18,0,27,19,46
WCoweta,SRockdale,0,0,0,1,0,0,1,0,0,0,1,1
WCoweta,NRockdale,0,1,0,1,4,0,1,5,0,1,5,6
WCoweta,NBarrow,0,0,0,0,4,0,0,4,0,0,4,4
WCoweta,SBarrow,0,0,0,0,0,0,0,0,0,0,0,0
WCoweta,NWBartow,0,0,0,0,0,0,0,0,0,0,0,0
WCoweta,NEBartow,0,0,0,0,0,0,0,0,0,0,0,0
WCoweta,SWBartow,0,0,0,0,0,0,0,0,0,0,0,0
WCoweta,Cartersville,0,1,0,0,1,0,0,2,0,1,1,2
WCoweta,NECarroll,92,12,0,29,48,0,121,60,0,104,77,181
WCoweta,WCarroll,63,11,0,14,23,1,77,34,1,74,38,112
WCoweta,CentralCarroll,791,139,0,351,547,5,1142,686,5,930,903,1833
WCoweta,SECarroll,187,37,0,142,554,0,329,591,0,224,696,920
WCoweta,WCoweta,5428,943,0,9776,20993,0,15204,21936,0,6371,30769,37140
WCoweta,NCoweta,5545,987,0,7442,16064,0,12987,17051,0,6532,23506,30038
WCoweta,SCoweta,479,86,0,491,1087,0,970,1173,0,565,1578,2143
WCoweta,SECoweta,145,31,0,95,284,0,240,315,0,176,379,555
WCoweta,NForsyth,0,0,0,0,0,0,0,0,0,0,0,0
WCoweta,Cumming,0,0,0,0,0,0,0,0,0,0,0,0
WCoweta,SForsyth,0,0,0,0,0,0,0,0,0,0,0,0
WCoweta,NHall,0,0,0,0,0,0,0,0,0,0,0,0
WCoweta,Gainesville,0,0,0,0,0,0,0,0,0,0,0,0
WCoweta,SHall,0,0,0,0,0,0,0,0,0,0,0,0
WCoweta,WNewton,0,0,0,1,0,0,1,0,0,0,1,1
WCoweta,ENewton,0,0,0,0,0,0,0,0,0,0,0,0
WCoweta,NPaulding,3,0,0,1,1,0,4,1,0,3,2,5
WCoweta,WPaulding,4,2,0,5,20,0,9,22,0,6,25,31
WCoweta,EPaulding,53,11,0,8,22,0,61,33,0,64,30,94
WCoweta,NSpalding,28,2,0,10,10,0,38,12,0,30,20,50
WCoweta,SSpalding,39,8,0,7,4,0,46,12,0,47,11,58
WCoweta,WWalton,0,0,0,0,0,0,0,0,0,0,0,0
WCoweta,EWalton,0,0,0,0,0,0,0,0,0,0,0,0
NCoweta,NFulton,15,1,0,5,5,0,20,6,0,16,10,26
NCoweta,Roswell,4,2,0,8,22,0,12,24,0,6,30,36
NCoweta,SandySprings,135,17,9,30,48,4,165,65,13,161,82,243
NCoweta,Buckhead,279,48,21,53,129,6,332,177,27,348,188,536
NCoweta,NWAtlanta,279,57,7,35,66,0,314,123,7,343,101,444
NCoweta,NEAtlanta,460,83,57,126,349,21,586,432,78,600,496,1096
NCoweta,SWAtlanta,466,86,2,126,300,8,592,386,10,554,434,988
NCoweta,CBDAtlanta,517,95,143,106,322,45,623,417,188,755,473,1228
NCoweta,SEAtlanta,421,67,1,101,178,3,522,245,4,489,282,771
NCoweta,SFulton,1339,240,0,1223,2968,1,2562,3208,1,1579,4192,5771
NCoweta,Tri-Cities,1222,220,13,183,309,4,1405,529,17,1455,496,1951
NCoweta,Shannon,2256,442,11,1006,2659,13,3262,3101,24,2709,3678,6387
NCoweta,WCherokee,0,0,0,0,4,0,0,4,0,0,4,4
NCoweta,NCherokee,0,0,0,0,0,0,0,0,0,0,0,0
NCoweta,ECentCherokee,4,0,0,1,4,0,5,4,0,4,5,9
NCoweta,Woodstock,4,0,0,1,7,0,5,7,0,4,8,12
NCoweta,Airport,724,106,56,47,119,1,771,225,57,886,167,1053
NCoweta,NEClayton,593,99,4,94,173,5,687,272,9,696,272,968
NCoweta,Riverdale,406,84,2,106,268,0,512,352,2,492,374,866
NCoweta,SClayton,452,73,0,115,250,1,567,323,1,525,366,891
NCoweta,NWCobb,56,7,0,29,54,0,85,61,0,63,83,146
NCoweta,NECobb,75,9,0,21,22,0,96,31,0,84,43,127
NCoweta,SWCobb,95,18,0,21,70,0,116,88,0,113,91,204
NCoweta,Marietta,108,14,0,31,36,2,139,50,2,122,69,191
NCoweta,Cumberland,506,80,4,75,179,1,581,259,5,590,255,845
NCoweta,SCobb,322,37,0,52,112,1,374,149,1,359,165,524
NCoweta,Chamblee,133,39,7,45,55,1,178,94,8,179,101,280
NCoweta,NWDeKalb,209,45,3,65,104,0,274,149,3,257,169,426
NCoweta,NEDeKalb,112,19,1,42,57,1,154,76,2,132,100,232
NCoweta,Atlanta-DeKalb,37,5,2,11,45,0,48,50,2,44,56,100
NCoweta,Decatur,36,5,5,20,39,0,56,44,5,46,59,105
NCoweta,SWDeKalb,131,17,1,37,79,1,168,96,2,149,117,266
NCoweta,SEDeKalb,37,13,0,30,34,0,67,47,0,50,64,114
NCoweta,SDeKalb,226,32,1,53,89,0,279,121,1,259,142,401
NCoweta,WDouglas,565,109,0,175,387,0,740,496,0,674,562,1236
NCoweta,EDouglas,525,95,0,127,275,0,652,370,0,620,402,1022
NCoweta,WFayette,4987,927,0,3598,9776,0,8585,10703,0,5914,13374,19288
NCoweta,EFayette,1292,249,0,468,1228,0,1760,1477,0,1541,1696,3237
NCoweta,NGwinnett,6,3,0,7,1,0,13,4,0,9,8,17
NCoweta,CentGwinnett,22,5,0,9,17,0,31,22,0,27,26,53
NCoweta,EGwinnett,0,0,0,1,0,0,1,0,0,0,1,1
NCoweta,Norcross,59,19,0,8,15,0,67,34,0,78,23,101
NCoweta,Lilburn,5,4,0,7,17,0,12,21,0,9,24,33
NCoweta,Snellville,5,0,0,2,11,0,7,11,0,5,13,18
NCoweta,NHenry,101,22,0,31,79,0,132,101,0,123,110,233
NCoweta,EHenry,28,7,0,7,15,0,35,22,0,35,22,57
NCoweta,SHenry,249,49,0,44,104,0,293,153,0,298,148,446
NCoweta,SRockdale,8,1,0,5,8,0,13,9,0,9,13,22
NCoweta,NRockdale,13,4,0,8,26,0,21,30,0,17,34,51
NCoweta,NBarrow,0,0,0,1,0,0,1,0,0,0,1,1
NCoweta,SBarrow,0,0,0,0,0,0,0,0,0,0,0,0
NCoweta,NWBartow,0,0,0,0,0,0,0,0,0,0,0,0
NCoweta,NEBartow,0,0,0,0,0,0,0,0,0,0,0,0
NCoweta,SWBartow,0,0,0,0,0,0,0,0,0,0,0,0
NCoweta,Cartersville,1,0,0,1,4,0,2,4,0,1,5,6
NCoweta,NECarroll,189,36,0,34,84,0,223,120,0,225,118,343
NCoweta,WCarroll,116,26,0,31,65,0,147,91,0,142,96,238
NCoweta,CentralCarroll,990,157,0,420,490,3,1410,647,3,1147,913,2060
NCoweta,SECarroll,326,60,0,158,324,0,484,384,0,386,482,868
NCoweta,WCoweta,5637,1053,0,7463,16330,0,13100,17383,0,6690,23793,30483
NCoweta,NCoweta,33824,6438,0,56310,121133,0,90134,127571,0,40262,177443,217705
NCoweta,SCoweta,1731,342,0,1666,4006,0,3397,4348,0,2073,5672,7745
NCoweta,SECoweta,1672,294,0,1983,5058,0,3655,5352,0,1966,7041,9007
NCoweta,NForsyth,0,0,0,0,0,0,0,0,0,0,0,0
NCoweta,Cumming,0,0,0,1,0,0,1,0,0,0,1,1
NCoweta,SForsyth,2,1,0,0,13,0,2,14,0,3,13,16
NCoweta,NHall,0,0,0,0,0,0,0,0,0,0,0,0
NCoweta,Gainesville,0,0,0,0,0,0,0,0,0,0,0,0
NCoweta,SHall,0,0,0,0,0,0,0,0,0,0,0,0
NCoweta,WNewton,8,0,0,3,10,0,11,10,0,8,13,21
NCoweta,ENewton,0,0,0,0,1,0,0,1,0,0,1,1
NCoweta,NPaulding,14,2,0,7,8,0,21,10,0,16,15,31
NCoweta,WPaulding,18,6,0,8,10,0,26,16,0,24,18,42
NCoweta,EPaulding,131,14,0,36,53,0,167,67,0,145,89,234
NCoweta,NSpalding,247,48,0,68,118,0,315,166,0,295,186,481
NCoweta,SSpalding,235,36,0,57,126,0,292,162,0,271,183,454
NCoweta,WWalton,3,1,0,1,1,0,4,2,0,4,2,6
NCoweta,EWalton,1,0,0,1,0,0,2,0,0,1,1,2
SCoweta,NFulton,1,0,0,0,0,0,1,0,0,1,0,1
SCoweta,Roswell,1,1,0,1,0,0,2,1,0,2,1,3
SCoweta,SandySprings,5,1,0,4,5,0,9,6,0,6,9,15
SCoweta,Buckhead,20,3,0,9,9,0,29,12,0,23,18,41
SCoweta,NWAtlanta,15,2,0,5,14,0,20,16,0,17,19,36
SCoweta,NEAtlanta,25,6,0,16,25,0,41,31,0,31,41,72
SCoweta,SWAtlanta,18,6,0,13,22,0,31,28,0,24,35,59
SCoweta,CBDAtlanta,30,3,2,11,27,0,41,30,2,35,38,73
SCoweta,SEAtlanta,26,1,0,13,22,0,39,23,0,27,35,62
SCoweta,SFulton,62,10,0,11,10,0,73,20,0,72,21,93
SCoweta,Tri-Cities,103,18,0,18,51,0,121,69,0,121,69,190
SCoweta,Shannon,148,42,0,34,151,0,182,193,0,190,185,375
SCoweta,WCherokee,0,0,0,0,0,0,0,0,0,0,0,0
SCoweta,NCherokee,0,0,0,0,0,0,0,0,0,0,0,0
SCoweta,ECentCherokee,0,0,0,0,0,0,0,0,0,0,0,0
SCoweta,Woodstock,1,0,0,0,0,0,1,0,0,1,0,1
SCoweta,Airport,45,11,1,7,4,0,52,15,1,57,11,68
SCoweta,NEClayton,37,4,0,8,30,0,45,34,0,41,38,79
SCoweta,Riverdale,22,4,0,16,26,0,38,30,0,26,42,68
SCoweta,SClayton,29,3,0,11,16,0,40,19,0,32,27,59
SCoweta,NWCobb,3,0,0,0,0,0,3,0,0,3,0,3
SCoweta,NECobb,4,1,0,0,4,0,4,5,0,5,4,9
SCoweta,SWCobb,4,1,0,2,4,0,6,5,0,5,6,11
SCoweta,Marietta,6,1,0,3,21,0,9,22,0,7,24,31
SCoweta,Cumberland,26,5,0,8,13,0,34,18,0,31,21,52
SCoweta,SCobb,22,2,0,4,2,0,26,4,0,24,6,30
SCoweta,Chamblee,5,2,0,0,20,0,5,22,0,7,20,27
SCoweta,NWDeKalb,8,0,0,5,23,0,13,23,0,8,28,36
SCoweta,NEDeKalb,5,2,0,1,6,0,6,8,0,7,7,14
SCoweta,Atlanta-DeKalb,4,1,0,2,2,0,6,3,0,5,4,9
SCoweta,Decatur,0,0,0,2,3,0,2,3,0,0,5,5
SCoweta,SWDeKalb,7,0,0,1,4,0,8,4,0,7,5,12
SCoweta,SEDeKalb,1,1,0,2,5,0,3,6,0,2,7,9
SCoweta,SDeKalb,13,1,0,4,5,0,17,6,0,14,9,23
SCoweta,WDouglas,34,6,0,7,24,0,41,30,0,40,31,71
SCoweta,EDouglas,39,10,0,8,25,0,47,35,0,49,33,82
SCoweta,WFayette,342,59,0,152,372,0,494,431,0,401,524,925
SCoweta,EFayette,106,17,0,43,39,0,149,56,0,123,82,205
SCoweta,NGwinnett,0,0,0,1,0,0,1,0,0,0,1,1
SCoweta,CentGwinnett,1,0,0,1,0,0,2,0,0,1,1,2
SCoweta,EGwinnett,0,0,0,0,0,0,0,0,0,0,0,0
SCoweta,Norcross,1,1,0,0,0,0,1,1,0,2,0,2
SCoweta,Lilburn,0,0,0,0,0,0,0,0,0,0,0,0
SCoweta,Snellville,2,0,0,2,0,0,4,0,0,2,2,4
SCoweta,NHenry,6,2,0,5,6,0,11,8,0,8,11,19
SCoweta,EHenry,3,0,0,1,1,0,4,1,0,3,2,5
SCoweta,SHenry,21,6,0,9,8,0,30,14,0,27,17,44
SCoweta,SRockdale,2,0,0,0,0,0,2,0,0,2,0,2
SCoweta,NRockdale,1,0,0,0,0,0,1,0,0,1,0,1
SCoweta,NBarrow,0,0,0,0,0,0,0,0,0,0,0,0
SCoweta,SBarrow,0,0,0,0,0,0,0,0,0,0,0,0
SCoweta,NWBartow,0,0,0,0,0,0,0,0,0,0,0,0
SCoweta,NEBartow,0,0,0,0,0,0,0,0,0,0,0,0
SCoweta,SWBartow,0,0,0,0,0,0,0,0,0,0,0,0
SCoweta,Cartersville,0,0,0,0,0,0,0,0,0,0,0,0
SCoweta,NECarroll,20,3,0,4,7,0,24,10,0,23,11,34
SCoweta,WCarroll,6,1,0,2,4,0,8,5,0,7,6,13
SCoweta,CentralCarroll,105,14,0,78,31,0,183,45,0,119,109,228
SCoweta,SECarroll,16,5,0,3,6,0,19,11,0,21,9,30
SCoweta,WCoweta,436,104,0,473,1045,0,909,1149,0,540,1518,2058
SCoweta,NCoweta,1722,318,0,1624,4068,0,3346,4386,0,2040,5692,7732
SCoweta,SCoweta,1722,353,0,2994,6262,0,4716,6615,0,2075,9256,11331
SCoweta,SECoweta,246,50,0,210,473,0,456,523,0,296,683,979
SCoweta,NForsyth,0,0,0,0,0,0,0,0,0,0,0,0
SCoweta,Cumming,0,0,0,0,0,0,0,0,0,0,0,0
SCoweta,SForsyth,0,0,0,0,0,0,0,0,0,0,0,0
SCoweta,NHall,0,0,0,0,0,0,0,0,0,0,0,0
SCoweta,Gainesville,0,0,0,0,0,0,0,0,0,0,0,0
SCoweta,SHall,0,0,0,0,0,0,0,0,0,0,0,0
SCoweta,WNewton,0,0,0,0,0,0,0,0,0,0,0,0
SCoweta,ENewton,0,0,0,0,0,0,0,0,0,0,0,0
SCoweta,NPaulding,0,1,0,0,0,0,0,1,0,1,0,1
SCoweta,WPaulding,4,0,0,0,0,0,4,0,0,4,0,4
SCoweta,EPaulding,4,0,0,5,2,0,9,2,0,4,7,11
SCoweta,NSpalding,46,4,0,12,21,0,58,25,0,50,33,83
SCoweta,SSpalding,48,8,0,12,38,0,60,46,0,56,50,106
SCoweta,WWalton,0,0,0,0,0,0,0,0,0,0,0,0
SCoweta,EWalton,0,0,0,0,0,0,0,0,0,0,0,0
SECoweta,NFulton,5,0,0,0,0,0,5,0,0,5,0,5
SECoweta,Roswell,2,0,0,0,0,0,2,0,0,2,0,2
SECoweta,SandySprings,18,3,0,3,7,0,21,10,0,21,10,31
SECoweta,Buckhead,29,5,0,7,27,0,36,32,0,34,34,68
SECoweta,NWAtlanta,34,6,2,9,14,0,43,20,2,42,23,65
SECoweta,NEAtlanta,51,11,2,17,59,0,68,70,2,64,76,140
SECoweta,SWAtlanta,56,6,0,17,31,0,73,37,0,62,48,110
SECoweta,CBDAtlanta,67,9,5,27,51,0,94,60,5,81,78,159
SECoweta,SEAtlanta,58,8,0,8,26,0,66,34,0,66,34,100
SECoweta,SFulton,94,16,0,18,57,0,112,73,0,110,75,185
SECoweta,Tri-Cities,172,32,0,32,88,0,204,120,0,204,120,324
SECoweta,Shannon,260,42,0,59,153,0,319,195,0,302,212,514
SECoweta,WCherokee,0,0,0,0,0,0,0,0,0,0,0,0
SECoweta,NCherokee,0,0,0,0,0,0,0,0,0,0,0,0
SECoweta,ECentCherokee,1,0,0,0,0,0,1,0,0,1,0,1
SECoweta,Woodstock,1,0,0,0,0,0,1,0,0,1,0,1
SECoweta,Airport,110,6,0,14,35,0,124,41,0,116,49,165
SECoweta,NEClayton,158,20,0,46,46,0,204,66,0,178,92,270
SECoweta,Riverdale,101,11,0,52,131,0,153,142,0,112,183,295
SECoweta,SClayton,175,28,0,68,164,0,243,192,0,203,232,435
SECoweta,NWCobb,8,0,0,0,1,0,8,1,0,8,1,9
SECoweta,NECobb,7,1,0,2,7,0,9,8,0,8,9,17
SECoweta,SWCobb,7,2,0,1,8,0,8,10,0,9,9,18
SECoweta,Marietta,12,5,0,2,15,0,14,20,0,17,17,34
SECoweta,Cumberland,51,7,0,10,20,0,61,27,0,58,30,88
SECoweta,SCobb,39,10,0,10,23,0,49,33,0,49,33,82
SECoweta,Chamblee,15,6,1,10,23,0,25,29,1,22,33,55
SECoweta,NWDeKalb,29,7,0,10,46,0,39,53,0,36,56,92
SECoweta,NEDeKalb,14,0,0,5,8,0,19,8,0,14,13,27
SECoweta,Atlanta-DeKalb,4,0,0,0,1,0,4,1,0,4,1,5
SECoweta,Decatur,3,0,0,5,2,0,8,2,0,3,7,10
SECoweta,SWDeKalb,16,4,0,4,11,0,20,15,0,20,15,35
SECoweta,SEDeKalb,8,0,0,1,2,0,9,2,0,8,3,11
SECoweta,SDeKalb,29,0,0,12,12,0,41,12,0,29,24,53
SECoweta,WDouglas,30,5,0,15,28,0,45,33,0,35,43,78
SECoweta,EDouglas,59,11,0,10,22,0,69,33,0,70,32,102
SECoweta,WFayette,1824,322,0,2007,5019,0,3831,5341,0,2146,7026,9172
SECoweta,EFayette,573,95,0,421,1143,0,994,1238,0,668,1564,2232
SECoweta,NGwinnett,0,0,0,0,0,0,0,0,0,0,0,0
SECoweta,CentGwinnett,5,1,0,2,4,0,7,5,0,6,6,12
SECoweta,EGwinnett,0,0,0,0,0,0,0,0,0,0,0,0
SECoweta,Norcross,6,2,0,0,4,0,6,6,0,8,4,12
SECoweta,Lilburn,2,0,0,0,9,0,2,9,0,2,9,11
SECoweta,Snellville,0,0,0,0,0,0,0,0,0,0,0,0
SECoweta,NHenry,43,12,0,22,13,0,65,25,0,55,35,90
SECoweta,EHenry,19,2,0,3,32,0,22,34,0,21,35,56
SECoweta,SHenry,160,28,0,36,96,0,196,124,0,188,132,320
SECoweta,SRockdale,1,0,0,0,4,0,1,4,0,1,4,5
SECoweta,NRockdale,0,1,0,0,4,0,0,5,0,1,4,5
SECoweta,NBarrow,0,0,0,0,0,0,0,0,0,0,0,0
SECoweta,SBarrow,0,0,0,0,0,0,0,0,0,0,0,0
SECoweta,NWBartow,0,0,0,0,0,0,0,0,0,0,0,0
SECoweta,NEBartow,0,0,0,0,0,0,0,0,0,0,0,0
SECoweta,SWBartow,0,0,0,0,0,0,0,0,0,0,0,0
SECoweta,Cartersville,0,0,0,0,0,0,0,0,0,0,0,0
SECoweta,NECarroll,13,0,0,2,12,0,15,12,0,13,14,27
SECoweta,WCarroll,5,1,0,1,0,0,6,1,0,6,1,7
SECoweta,CentralCarroll,78,14,0,49,35,0,127,49,0,92,84,176
SECoweta,SECarroll,8,1,0,4,1,0,12,2,0,9,5,14
SECoweta,WCoweta,150,26,0,107,267,0,257,293,0,176,374,550
SECoweta,NCoweta,1633,328,0,1985,5114,0,3618,5442,0,1961,7099,9060
SECoweta,SCoweta,256,53,0,216,463,0,472,516,0,309,679,988
SECoweta,SECoweta,1860,339,0,3703,9143,0,5563,9482,0,2199,12846,15045
SECoweta,NForsyth,0,0,0,0,0,0,0,0,0,0,0,0
SECoweta,Cumming,0,0,0,0,0,0,0,0,0,0,0,0
SECoweta,SForsyth,0,0,0,1,0,0,1,0,0,0,1,1
SECoweta,NHall,0,0,0,0,0,0,0,0,0,0,0,0
SECoweta,Gainesville,0,0,0,0,0,0,0,0,0,0,0,0
SECoweta,SHall,0,0,0,0,0,0,0,0,0,0,0,0
SECoweta,WNewton,2,1,0,2,4,0,4,5,0,3,6,9
SECoweta,ENewton,1,0,0,0,0,0,1,0,0,1,0,1
SECoweta,NPaulding,0,1,0,0,0,0,0,1,0,1,0,1
SECoweta,WPaulding,0,0,0,0,0,0,0,0,0,0,0,0
SECoweta,EPaulding,4,0,0,2,4,0,6,4,0,4,6,10
SECoweta,NSpalding,252,48,0,145,232,0,397,280,0,300,377,677
SECoweta,SSpalding,340,58,0,130,271,0,470,329,0,398,401,799
SECoweta,WWalton,0,1,0,0,0,0,0,1,0,1,0,1
SECoweta,EWalton,0,0,0,0,0,0,0,0,0,0,0,0
NForsyth,NFulton,2064,367,0,433,1241,0,2497,1608,0,2431,1674,4105
NForsyth,Roswell,504,89,0,108,329,0,612,418,0,593,437,1030
NForsyth,SandySprings,396,73,2,100,250,1,496,323,3,471,351,822
NForsyth,Buckhead,162,27,1,45,207,0,207,234,1,190,252,442
NForsyth,NWAtlanta,31,6,0,8,53,0,39,59,0,37,61,98
NForsyth,NEAtlanta,52,10,2,40,155,0,92,165,2,64,195,259
NForsyth,SWAtlanta,11,1,0,3,29,0,14,30,0,12,32,44
NForsyth,CBDAtlanta,21,3,2,23,126,3,44,129,5,26,152,178
NForsyth,SEAtlanta,13,0,0,2,20,0,15,20,0,13,22,35
NForsyth,SFulton,2,0,0,0,0,0,2,0,0,2,0,2
NForsyth,Tri-Cities,8,3,1,7,13,0,15,16,1,12,20,32
NForsyth,Shannon,0,0,0,0,1,0,0,1,0,0,1,1
NForsyth,WCherokee,44,6,0,31,45,0,75,51,0,50,76,126
NForsyth,NCherokee,101,20,0,58,143,0,159,163,0,121,201,322
NForsyth,ECentCherokee,799,138,0,402,1263,0,1201,1401,0,937,1665,2602
NForsyth,Woodstock,146,19,0,41,101,0,187,120,0,165,142,307
NForsyth,Airport,2,1,1,1,1,0,3,2,1,4,2,6
NForsyth,NEClayton,6,1,0,4,0,0,10,1,0,7,4,11
NForsyth,Riverdale,0,0,0,1,2,0,1,2,0,0,3,3
NForsyth,SClayton,0,0,0,0,0,0,0,0,0,0,0,0
NForsyth,NWCobb,103,19,0,41,62,0,144,81,0,122,103,225
NForsyth,NECobb,234,42,0,62,186,0,296,228,0,276,248,524
NForsyth,SWCobb,9,1,0,2,19,0,11,20,0,10,21,31
NForsyth,Marietta,79,17,0,22,61,2,101,78,2,96,85,181
NForsyth,Cumberland,166,23,0,30,55,0,196,78,0,189,85,274
NForsyth,SCobb,16,6,0,7,10,0,23,16,0,22,17,39
NForsyth,Chamblee,251,44,0,66,242,0,317,286,0,295,308,603
NForsyth,NWDeKalb,64,15,0,17,119,0,81,134,0,79,136,215
NForsyth,NEDeKalb,57,7,0,25,51,0,82,58,0,64,76,140
NForsyth,Atlanta-DeKalb,3,0,0,5,5,0,8,5,0,3,10,13
NForsyth,Decatur,2,1,0,5,4,0,7,5,0,3,9,12
NForsyth,SWDeKalb,6,1,0,5,14,0,11,15,0,7,19,26
NForsyth,SEDeKalb,3,1,0,0,2,0,3,3,0,4,2,6
NForsyth,SDeKalb,3,0,0,4,5,0,7,5,0,3,9,12
NForsyth,WDouglas,0,0,0,0,1,0,0,1,0,0,1,1
NForsyth,EDouglas,3,0,0,1,0,0,4,0,0,3,1,4
NForsyth,WFayette,0,0,0,0,0,0,0,0,0,0,0,0
NForsyth,EFayette,0,1,0,0,0,0,0,1,0,1,0,1
NForsyth,NGwinnett,755,142,0,235,667,0,990,809,0,897,902,1799
NForsyth,CentGwinnett,563,95,0,146,379,0,709,474,0,658,525,1183
NForsyth,EGwinnett,53,13,0,14,23,0,67,36,0,66,37,103
NForsyth,Norcross,400,76,0,72,129,0,472,205,0,476,201,677
NForsyth,Lilburn,41,5,0,11,33,0,52,38,0,46,44,90
NForsyth,Snellville,33,12,0,11,51,0,44,63,0,45,62,107
NForsyth,NHenry,0,0,0,1,2,0,1,2,0,0,3,3
NForsyth,EHenry,0,0,0,0,0,0,0,0,0,0,0,0
NForsyth,SHenry,0,0,0,0,1,0,0,1,0,0,1,1
NForsyth,SRockdale,0,0,0,0,0,0,0,0,0,0,0,0
NForsyth,NRockdale,2,0,0,1,0,0,3,0,0,2,1,3
NForsyth,NBarrow,41,5,0,11,16,0,52,21,0,46,27,73
NForsyth,SBarrow,21,4,0,11,8,0,32,12,0,25,19,44
NForsyth,NWBartow,4,0,0,0,6,0,4,6,0,4,6,10
NForsyth,NEBartow,8,2,0,5,7,0,13,9,0,10,12,22
NForsyth,SWBartow,2,0,0,1,0,0,3,0,0,2,1,3
NForsyth,Cartersville,32,8,0,16,23,0,48,31,0,40,39,79
NForsyth,NECarroll,0,0,0,0,0,0,0,0,0,0,0,0
NForsyth,WCarroll,0,0,0,0,0,0,0,0,0,0,0,0
NForsyth,CentralCarroll,0,0,0,0,0,0,0,0,0,0,0,0
NForsyth,SECarroll,0,0,0,0,0,0,0,0,0,0,0,0
NForsyth,WCoweta,0,0,0,0,0,0,0,0,0,0,0,0
NForsyth,NCoweta,0,0,0,0,0,0,0,0,0,0,0,0
NForsyth,SCoweta,0,0,0,0,0,0,0,0,0,0,0,0
NForsyth,SECoweta,0,0,0,0,0,0,0,0,0,0,0,0
NForsyth,NForsyth,9899,1762,0,20036,49225,0,29935,50987,0,11661,69261,80922
NForsyth,Cumming,5784,1136,0,6373,18512,0,12157,19648,0,6920,24885,31805
NForsyth,SForsyth,1395,252,0,381,1161,0,1776,1413,0,1647,1542,3189
NForsyth,NHall,367,66,0,169,326,0,536,392,0,433,495,928
NForsyth,Gainesville,2628,479,4,1430,3953,8,4058,4432,12,3111,5391,8502
NForsyth,SHall,696,116,0,447,736,0,1143,852,0,812,1183,1995
NForsyth,WNewton,2,0,0,1,1,0,3,1,0,2,2,4
NForsyth,ENewton,0,0,0,0,0,0,0,0,0,0,0,0
NForsyth,NPaulding,1,0,0,0,0,0,1,0,0,1,0,1
NForsyth,WPaulding,0,0,0,0,0,0,0,0,0,0,0,0
NForsyth,EPaulding,2,1,0,2,3,0,4,4,0,3,5,8
NForsyth,NSpalding,0,0,0,0,0,0,0,0,0,0,0,0
NForsyth,SSpalding,0,0,0,0,0,0,0,0,0,0,0,0
NForsyth,WWalton,11,2,0,2,2,0,13,4,0,13,4,17
NForsyth,EWalton,9,2,0,4,0,0,13,2,0,11,4,15
Cumming,NFulton,8270,1585,12,3812,11200,18,12082,12785,30,9867,15030,24897
Cumming,Roswell,1761,300,0,547,1733,2,2308,2033,2,2061,2282,4343
Cumming,SandySprings,1326,233,17,305,806,25,1631,1039,42,1576,1136,2712
Cumming,Buckhead,540,76,12,98,271,5,638,347,17,628,374,1002
Cumming,NWAtlanta,85,19,0,28,105,5,113,124,5,104,138,242
Cumming,NEAtlanta,234,34,10,85,323,32,319,357,42,278,440,718
Cumming,SWAtlanta,27,8,0,15,118,8,42,126,8,35,141,176
Cumming,CBDAtlanta,131,23,43,45,410,38,176,433,81,197,493,690
Cumming,SEAtlanta,28,9,0,21,71,4,49,80,4,37,96,133
Cumming,SFulton,17,3,0,4,3,0,21,6,0,20,7,27
Cumming,Tri-Cities,42,17,0,15,36,0,57,53,0,59,51,110
Cumming,Shannon,3,4,0,3,6,0,6,10,0,7,9,16
Cumming,WCherokee,175,20,0,46,129,0,221,149,0,195,175,370
Cumming,NCherokee,315,64,0,139,485,0,454,549,0,379,624,1003
Cumming,ECentCherokee,2667,485,0,2182,5624,0,4849,6109,0,3152,7806,10958
Cumming,Woodstock,514,86,0,118,379,0,632,465,0,600,497,1097
Cumming,Airport,21,5,2,8,11,0,29,16,2,28,19,47
Cumming,NEClayton,17,4,0,7,4,1,24,8,1,21,12,33
Cumming,Riverdale,8,2,1,5,12,0,13,14,1,11,17,28
Cumming,SClayton,3,1,0,1,13,0,4,14,0,4,14,18
Cumming,NWCobb,346,60,0,128,153,6,474,213,6,406,287,693
Cumming,NECobb,848,122,0,186,399,0,1034,521,0,970,585,1555
Cumming,SWCobb,41,6,0,10,24,0,51,30,0,47,34,81
Cumming,Marietta,206,41,0,86,100,5,292,141,5,247,191,438
Cumming,Cumberland,506,72,0,104,156,3,610,228,3,578,263,841
Cumming,SCobb,56,18,0,23,37,0,79,55,0,74,60,134
Cumming,Chamblee,853,135,9,186,365,4,1039,500,13,997,555,1552
Cumming,NWDeKalb,215,31,1,61,291,6,276,322,7,247,358,605
Cumming,NEDeKalb,248,51,0,60,121,2,308,172,2,299,183,482
Cumming,Atlanta-DeKalb,12,2,0,8,20,4,20,22,4,14,32,46
Cumming,Decatur,22,3,0,10,33,1,32,36,1,25,44,69
Cumming,SWDeKalb,26,4,0,15,56,0,41,60,0,30,71,101
Cumming,SEDeKalb,28,1,0,13,17,0,41,18,0,29,30,59
Cumming,SDeKalb,25,6,0,11,30,0,36,36,0,31,41,72
Cumming,WDouglas,2,2,0,0,1,0,2,3,0,4,1,5
Cumming,EDouglas,14,4,0,5,20,0,19,24,0,18,25,43
Cumming,WFayette,1,0,0,1,0,0,2,0,0,1,1,2
Cumming,EFayette,4,1,0,3,2,0,7,3,0,5,5,10
Cumming,NGwinnett,3951,726,0,2452,7058,0,6403,7784,0,4677,9510,14187
Cumming,CentGwinnett,2143,411,0,753,1989,1,2896,2400,1,2554,2743,5297
Cumming,EGwinnett,258,55,0,69,168,0,327,223,0,313,237,550
Cumming,Norcross,1362,249,0,236,802,0,1598,1051,0,1611,1038,2649
Cumming,Lilburn,149,28,0,37,120,0,186,148,0,177,157,334
Cumming,Snellville,176,28,0,47,109,0,223,137,0,204,156,360
Cumming,NHenry,3,1,0,2,3,0,5,4,0,4,5,9
Cumming,EHenry,1,0,0,0,1,0,1,1,0,1,1,2
Cumming,SHenry,1,1,0,1,4,0,2,5,0,2,5,7
Cumming,SRockdale,2,2,0,1,36,0,3,38,0,4,37,41
Cumming,NRockdale,14,2,0,2,8,0,16,10,0,16,10,26
Cumming,NBarrow,156,36,0,33,54,0,189,90,0,192,87,279
Cumming,SBarrow,100,13,0,15,34,0,115,47,0,113,49,162
Cumming,NWBartow,9,1,0,4,12,0,13,13,0,10,16,26
Cumming,NEBartow,30,5,0,16,57,0,46,62,0,35,73,108
Cumming,SWBartow,6,1,0,0,2,0,6,3,0,7,2,9
Cumming,Cartersville,76,9,0,31,83,0,107,92,0,85,114,199
Cumming,NECarroll,0,0,0,1,1,0,1,1,0,0,2,2
Cumming,WCarroll,0,0,0,0,4,0,0,4,0,0,4,4
Cumming,CentralCarroll,0,0,0,0,0,0,0,0,0,0,0,0
Cumming,SECarroll,0,0,0,0,0,0,0,0,0,0,0,0
Cumming,WCoweta,0,0,0,0,0,0,0,0,0,0,0,0
Cumming,NCoweta,0,0,0,1,1,0,1,1,0,0,2,2
Cumming,SCoweta,0,0,0,0,0,0,0,0,0,0,0,0
Cumming,SECoweta,0,0,0,0,0,0,0,0,0,0,0,0
Cumming,NForsyth,6265,1133,0,6412,18464,0,12677,19597,0,7398,24876,32274
Cumming,Cumming,36503,6840,0,63870,146833,0,100373,153673,0,43343,210703,254046
Cumming,SForsyth,7333,1349,0,6915,17805,3,14248,19154,3,8682,24723,33405
Cumming,NHall,408,73,0,105,363,0,513,436,0,481,468,949
Cumming,Gainesville,1983,326,0,670,1666,0,2653,1992,0,2309,2336,4645
Cumming,SHall,1186,196,0,511,821,0,1697,1017,0,1382,1332,2714
Cumming,WNewton,7,2,0,3,3,0,10,5,0,9,6,15
Cumming,ENewton,1,0,0,2,0,0,3,0,0,1,2,3
Cumming,NPaulding,13,1,0,2,5,0,15,6,0,14,7,21
Cumming,WPaulding,0,0,0,0,1,0,0,1,0,0,1,1
Cumming,EPaulding,23,3,0,7,3,0,30,6,0,26,10,36
Cumming,NSpalding,0,0,0,0,0,0,0,0,0,0,0,0
Cumming,SSpalding,0,0,0,0,0,0,0,0,0,0,0,0
Cumming,WWalton,39,5,0,20,30,0,59,35,0,44,50,94
Cumming,EWalton,33,8,0,10,34,0,43,42,0,41,44,85
SForsyth,NFulton,12836,2431,38,13724,29401,69,26560,31832,107,15305,43194,58499
SForsyth,Roswell,1872,367,4,1043,2649,5,2915,3016,9,2243,3697,5940
SForsyth,SandySprings,1111,216,15,283,617,24,1394,833,39,1342,924,2266
SForsyth,Buckhead,435,70,20,70,250,4,505,320,24,525,324,849
SForsyth,NWAtlanta,72,11,3,20,21,1,92,32,4,86,42,128
SForsyth,NEAtlanta,170,36,21,54,202,19,224,238,40,227,275,502
SForsyth,SWAtlanta,38,6,0,16,44,5,54,50,5,44,65,109
SForsyth,CBDAtlanta,157,43,48,56,157,23,213,200,71,248,236,484
SForsyth,SEAtlanta,31,8,0,17,42,3,48,50,3,39,62,101
SForsyth,SFulton,22,2,0,5,18,0,27,20,0,24,23,47
SForsyth,Tri-Cities,36,13,0,11,11,1,47,24,1,49,23,72
SForsyth,Shannon,7,0,0,5,4,0,12,4,0,7,9,16
SForsyth,WCherokee,135,24,0,20,40,0,155,64,0,159,60,219
SForsyth,NCherokee,160,17,0,40,59,0,200,76,0,177,99,276
SForsyth,ECentCherokee,1586,276,0,579,1234,0,2165,1510,0,1862,1813,3675
SForsyth,Woodstock,440,92,0,79,197,0,519,289,0,532,276,808
SForsyth,Airport,16,1,5,7,3,0,23,4,5,22,10,32
SForsyth,NEClayton,36,8,0,14,17,0,50,25,0,44,31,75
SForsyth,Riverdale,7,1,0,1,18,0,8,19,0,8,19,27
SForsyth,SClayton,15,5,0,5,1,0,20,6,0,20,6,26
SForsyth,NWCobb,270,41,1,64,122,3,334,163,4,312,189,501
SForsyth,NECobb,727,136,1,164,329,0,891,465,1,864,493,1357
SForsyth,SWCobb,51,5,0,6,31,0,57,36,0,56,37,93
SForsyth,Marietta,149,29,0,47,55,6,196,84,6,178,108,286
SForsyth,Cumberland,314,62,0,66,138,0,380,200,0,376,204,580
SForsyth,SCobb,55,10,0,18,33,0,73,43,0,65,51,116
SForsyth,Chamblee,827,167,4,234,662,3,1061,829,7,998,899,1897
SForsyth,NWDeKalb,219,26,1,60,150,6,279,176,7,246,216,462
SForsyth,NEDeKalb,354,64,0,96,184,2,450,248,2,418,282,700
SForsyth,Atlanta-DeKalb,18,3,0,7,22,0,25,25,0,21,29,50
SForsyth,Decatur,16,3,1,9,11,5,25,14,6,20,25,45
SForsyth,SWDeKalb,30,3,0,18,26,2,48,29,2,33,46,79
SForsyth,SEDeKalb,51,10,0,16,59,1,67,69,1,61,76,137
SForsyth,SDeKalb,36,9,0,11,41,1,47,50,1,45,53,98
SForsyth,WDouglas,6,2,0,2,0,0,8,2,0,8,2,10
SForsyth,EDouglas,21,1,1,5,23,0,26,24,1,23,28,51
SForsyth,WFayette,1,0,0,3,0,0,4,0,0,1,3,4
SForsyth,EFayette,5,3,0,1,1,0,6,4,0,8,2,10
SForsyth,NGwinnett,3672,656,1,2426,7078,0,6098,7734,1,4329,9504,13833
SForsyth,CentGwinnett,3312,608,0,2105,6024,2,5417,6632,2,3920,8131,12051
SForsyth,EGwinnett,357,58,0,63,241,0,420,299,0,415,304,719
SForsyth,Norcross,1899,332,0,766,2078,3,2665,2410,3,2231,2847,5078
SForsyth,Lilburn,247,49,1,81,232,0,328,281,1,297,313,610
SForsyth,Snellville,288,49,0,64,124,0,352,173,0,337,188,525
SForsyth,NHenry,14,2,0,5,11,0,19,13,0,16,16,32
SForsyth,EHenry,9,3,0,1,13,0,10,16,0,12,14,26
SForsyth,SHenry,5,2,0,2,1,0,7,3,0,7,3,10
SForsyth,SRockdale,14,2,0,5,7,0,19,9,0,16,12,28
SForsyth,NRockdale,31,5,0,8,11,0,39,16,0,36,19,55
SForsyth,NBarrow,163,18,0,22,47,0,185,65,0,181,69,250
SForsyth,SBarrow,100,13,0,11,24,0,111,37,0,113,35,148
SForsyth,NWBartow,16,1,0,2,1,0,18,2,0,17,3,20
SForsyth,NEBartow,29,5,0,5,12,0,34,17,0,34,17,51
SForsyth,SWBartow,8,0,0,1,5,0,9,5,0,8,6,14
SForsyth,Cartersville,81,7,0,17,12,0,98,19,0,88,29,117
SForsyth,NECarroll,2,0,0,0,0,0,2,0,0,2,0,2
SForsyth,WCarroll,0,0,0,0,0,0,0,0,0,0,0,0
SForsyth,CentralCarroll,1,0,0,0,0,0,1,0,0,1,0,1
SForsyth,SECarroll,1,0,0,0,0,0,1,0,0,1,0,1
SForsyth,WCoweta,0,0,0,0,0,0,0,0,0,0,0,0
SForsyth,NCoweta,2,1,0,0,13,0,2,14,0,3,13,16
SForsyth,SCoweta,0,0,0,0,0,0,0,0,0,0,0,0
SForsyth,SECoweta,0,0,0,1,0,0,1,0,0,0,1,1
SForsyth,NForsyth,1409,218,0,393,1117,0,1802,1335,0,1627,1510,3137
SForsyth,Cumming,7735,1473,0,6988,17883,3,14723,19356,3,9208,24874,34082
SForsyth,SForsyth,16545,3204,2,27704,55521,0,44249,58725,2,19751,83225,102976
SForsyth,NHall,180,33,0,19,51,0,199,84,0,213,70,283
SForsyth,Gainesville,479,89,0,86,169,0,565,258,0,568,255,823
SForsyth,SHall,629,103,0,171,367,0,800,470,0,732,538,1270
SForsyth,WNewton,28,4,0,4,6,0,32,10,0,32,10,42
SForsyth,ENewton,3,0,0,1,0,0,4,0,0,3,1,4
SForsyth,NPaulding,16,3,0,3,8,0,19,11,0,19,11,30
SForsyth,WPaulding,5,0,0,1,1,0,6,1,0,5,2,7
SForsyth,EPaulding,27,10,0,9,2,0,36,12,0,37,11,48
SForsyth,NSpalding,1,0,0,1,0,0,2,0,0,1,1,2
SForsyth,SSpalding,0,0,0,1,0,0,1,0,0,0,1,1
SForsyth,WWalton,73,11,0,4,14,0,77,25,0,84,18,102
SForsyth,EWalton,40,6,0,6,6,0,46,12,0,46,12,58
NHall,NFulton,269,50,0,45,104,0,314,154,0,319,149,468
NHall,Roswell,62,6,0,19,31,0,81,37,0,68,50,118
NHall,SandySprings,43,4,0,15,24,0,58,28,0,47,39,86
NHall,Buckhead,19,5,0,5,36,0,24,41,0,24,41,65
NHall,NWAtlanta,4,0,0,3,1,0,7,1,0,4,4,8
NHall,NEAtlanta,6,1,0,7,34,0,13,35,0,7,41,48
NHall,SWAtlanta,0,0,0,1,4,0,1,4,0,0,5,5
NHall,CBDAtlanta,2,0,0,1,10,0,3,10,0,2,11,13
NHall,SEAtlanta,1,0,0,1,5,0,2,5,0,1,6,7
NHall,SFulton,0,0,0,0,0,0,0,0,0,0,0,0
NHall,Tri-Cities,0,0,0,0,0,0,0,0,0,0,0,0
NHall,Shannon,0,0,0,0,0,0,0,0,0,0,0,0
NHall,WCherokee,0,0,0,1,0,0,1,0,0,0,1,1
NHall,NCherokee,3,2,0,2,2,0,5,4,0,5,4,9
NHall,ECentCherokee,48,6,0,11,33,0,59,39,0,54,44,98
NHall,Woodstock,11,2,0,3,27,0,14,29,0,13,30,43
NHall,Airport,0,0,0,0,0,0,0,0,0,0,0,0
NHall,NEClayton,0,0,0,0,0,0,0,0,0,0,0,0
NHall,Riverdale,0,0,0,0,0,0,0,0,0,0,0,0
NHall,SClayton,1,0,0,0,0,0,1,0,0,1,0,1
NHall,NWCobb,9,3,0,4,1,0,13,4,0,12,5,17
NHall,NECobb,19,4,0,9,22,0,28,26,0,23,31,54
NHall,SWCobb,0,0,0,0,0,0,0,0,0,0,0,0
NHall,Marietta,5,0,0,1,2,0,6,2,0,5,3,8
NHall,Cumberland,18,0,0,4,4,0,22,4,0,18,8,26
NHall,SCobb,1,0,0,0,0,0,1,0,0,1,0,1
NHall,Chamblee,50,8,0,14,19,0,64,27,0,58,33,91
NHall,NWDeKalb,23,2,0,8,10,0,31,12,0,25,18,43
NHall,NEDeKalb,40,6,0,22,35,0,62,41,0,46,57,103
NHall,Atlanta-DeKalb,0,0,0,0,1,0,0,1,0,0,1,1
NHall,Decatur,0,0,0,1,6,0,1,6,0,0,7,7
NHall,SWDeKalb,1,0,0,2,2,0,3,2,0,1,4,5
NHall,SEDeKalb,4,0,0,2,3,0,6,3,0,4,5,9
NHall,SDeKalb,1,0,0,0,6,0,1,6,0,1,6,7
NHall,WDouglas,0,0,0,0,0,0,0,0,0,0,0,0
NHall,EDouglas,0,0,0,0,0,0,0,0,0,0,0,0
NHall,WFayette,0,0,0,0,0,0,0,0,0,0,0,0
NHall,EFayette,0,0,0,0,0,0,0,0,0,0,0,0
NHall,NGwinnett,541,99,0,112,344,0,653,443,0,640,456,1096
NHall,CentGwinnett,321,53,0,81,320,0,402,373,0,374,401,775
NHall,EGwinnett,52,10,0,12,58,0,64,68,0,62,70,132
NHall,Norcross,144,23,0,25,92,0,169,115,0,167,117,284
NHall,Lilburn,20,2,0,10,20,0,30,22,0,22,30,52
NHall,Snellville,14,4,0,9,22,0,23,26,0,18,31,49
NHall,NHenry,0,0,0,2,0,0,2,0,0,0,2,2
NHall,EHenry,0,0,0,0,0,0,0,0,0,0,0,0
NHall,SHenry,0,0,0,0,0,0,0,0,0,0,0,0
NHall,SRockdale,1,0,0,1,0,0,2,0,0,1,1,2
NHall,NRockdale,3,0,0,0,2,0,3,2,0,3,2,5
NHall,NBarrow,63,14,0,28,41,0,91,55,0,77,69,146
NHall,SBarrow,23,2,0,10,3,0,33,5,0,25,13,38
NHall,NWBartow,0,0,0,0,0,0,0,0,0,0,0,0
NHall,NEBartow,0,1,0,0,0,0,0,1,0,1,0,1
NHall,SWBartow,0,0,0,0,0,0,0,0,0,0,0,0
NHall,Cartersville,0,0,0,0,0,0,0,0,0,0,0,0
NHall,NECarroll,0,0,0,0,0,0,0,0,0,0,0,0
NHall,WCarroll,0,0,0,0,0,0,0,0,0,0,0,0
NHall,CentralCarroll,0,0,0,0,0,0,0,0,0,0,0,0
NHall,SECarroll,0,0,0,0,0,0,0,0,0,0,0,0
NHall,WCoweta,0,0,0,0,0,0,0,0,0,0,0,0
NHall,NCoweta,0,0,0,0,0,0,0,0,0,0,0,0
NHall,SCoweta,0,0,0,0,0,0,0,0,0,0,0,0
NHall,SECoweta,0,0,0,0,0,0,0,0,0,0,0,0
NHall,NForsyth,380,64,0,164,372,0,544,436,0,444,536,980
NHall,Cumming,432,73,0,89,325,0,521,398,0,505,414,919
NHall,SForsyth,208,32,0,24,70,0,232,102,0,240,94,334
NHall,NHall,7116,1366,0,11446,27423,0,18562,28789,0,8482,38869,47351
NHall,Gainesville,7626,1382,15,6355,17186,18,13981,18568,33,9023,23559,32582
NHall,SHall,1140,221,0,468,888,0,1608,1109,0,1361,1356,2717
NHall,WNewton,3,0,0,1,3,0,4,3,0,3,4,7
NHall,ENewton,0,0,0,0,0,0,0,0,0,0,0,0
NHall,NPaulding,0,0,0,0,0,0,0,0,0,0,0,0
NHall,WPaulding,0,0,0,0,0,0,0,0,0,0,0,0
NHall,EPaulding,1,0,0,1,0,0,2,0,0,1,1,2
NHall,NSpalding,0,0,0,0,0,0,0,0,0,0,0,0
NHall,SSpalding,0,0,0,0,0,0,0,0,0,0,0,0
NHall,WWalton,1,2,0,1,17,0,2,19,0,3,18,21
NHall,EWalton,3,0,0,3,6,0,6,6,0,3,9,12
Gainesville,NFulton,625,108,0,112,223,0,737,331,0,733,335,1068
Gainesville,Roswell,144,27,0,29,58,0,173,85,0,171,87,258
Gainesville,SandySprings,116,19,0,29,75,0,145,94,0,135,104,239
Gainesville,Buckhead,38,7,1,29,102,0,67,109,1,46,131,177
Gainesville,NWAtlanta,18,2,0,5,14,0,23,16,0,20,19,39
Gainesville,NEAtlanta,21,7,0,12,34,0,33,41,0,28,46,74
Gainesville,SWAtlanta,2,1,0,1,4,0,3,5,0,3,5,8
Gainesville,CBDAtlanta,9,2,1,14,31,0,23,33,1,12,45,57
Gainesville,SEAtlanta,7,2,0,3,11,0,10,13,0,9,14,23
Gainesville,SFulton,1,0,0,0,0,0,1,0,0,1,0,1
Gainesville,Tri-Cities,3,0,0,5,10,0,8,10,0,3,15,18
Gainesville,Shannon,0,0,0,1,0,0,1,0,0,0,1,1
Gainesville,WCherokee,13,3,0,7,4,0,20,7,0,16,11,27
Gainesville,NCherokee,30,9,0,8,30,0,38,39,0,39,38,77
Gainesville,ECentCherokee,175,30,0,50,42,0,225,72,0,205,92,297
Gainesville,Woodstock,29,4,0,8,38,0,37,42,0,33,46,79
Gainesville,Airport,2,0,1,0,0,0,2,0,1,3,0,3
Gainesville,NEClayton,1,1,0,2,2,0,3,3,0,2,4,6
Gainesville,Riverdale,0,0,0,0,1,0,0,1,0,0,1,1
Gainesville,SClayton,0,0,0,2,0,0,2,0,0,0,2,2
Gainesville,NWCobb,17,3,0,9,9,0,26,12,0,20,18,38
Gainesville,NECobb,71,7,0,17,24,0,88,31,0,78,41,119
Gainesville,SWCobb,1,1,0,0,3,0,1,4,0,2,3,5
Gainesville,Marietta,17,2,0,4,25,0,21,27,0,19,29,48
Gainesville,Cumberland,41,10,0,13,16,0,54,26,0,51,29,80
Gainesville,SCobb,3,1,0,2,4,0,5,5,0,4,6,10
Gainesville,Chamblee,158,23,0,30,107,0,188,130,0,181,137,318
Gainesville,NWDeKalb,55,12,1,17,51,0,72,63,1,68,68,136
Gainesville,NEDeKalb,144,23,0,41,51,0,185,74,0,167,92,259
Gainesville,Atlanta-DeKalb,2,0,0,3,3,0,5,3,0,2,6,8
Gainesville,Decatur,5,1,0,2,2,0,7,3,0,6,4,10
Gainesville,SWDeKalb,9,1,0,6,10,0,15,11,0,10,16,26
Gainesville,SEDeKalb,27,4,0,9,58,0,36,62,0,31,67,98
Gainesville,SDeKalb,10,2,0,7,20,0,17,22,0,12,27,39
Gainesville,WDouglas,0,0,0,0,1,0,0,1,0,0,1,1
Gainesville,EDouglas,0,0,0,0,2,0,0,2,0,0,2,2
Gainesville,WFayette,0,0,0,0,0,0,0,0,0,0,0,0
Gainesville,EFayette,2,0,0,1,0,0,3,0,0,2,1,3
Gainesville,NGwinnett,3602,709,0,654,1916,0,4256,2625,0,4311,2570,6881
Gainesville,CentGwinnett,1324,251,0,210,402,0,1534,653,0,1575,612,2187
Gainesville,EGwinnett,460,57,0,58,135,0,518,192,0,517,193,710
Gainesville,Norcross,462,69,0,77,218,0,539,287,0,531,295,826
Gainesville,Lilburn,123,20,0,26,30,0,149,50,0,143,56,199
Gainesville,Snellville,196,25,0,37,66,0,233,91,0,221,103,324
Gainesville,NHenry,1,0,0,0,0,0,1,0,0,1,0,1
Gainesville,EHenry,0,0,0,0,9,0,0,9,0,0,9,9
Gainesville,SHenry,0,0,0,0,0,0,0,0,0,0,0,0
Gainesville,SRockdale,10,2,0,2,0,0,12,2,0,12,2,14
Gainesville,NRockdale,22,2,0,6,8,0,28,10,0,24,14,38
Gainesville,NBarrow,747,154,0,183,374,0,930,528,0,901,557,1458
Gainesville,SBarrow,260,55,0,54,84,0,314,139,0,315,138,453
Gainesville,NWBartow,2,0,0,0,0,0,2,0,0,2,0,2
Gainesville,NEBartow,2,0,0,2,0,0,4,0,0,2,2,4
Gainesville,SWBartow,0,0,0,0,0,0,0,0,0,0,0,0
Gainesville,Cartersville,3,0,0,3,0,0,6,0,0,3,3,6
Gainesville,NECarroll,0,0,0,0,0,0,0,0,0,0,0,0
Gainesville,WCarroll,0,0,0,0,0,0,0,0,0,0,0,0
Gainesville,CentralCarroll,0,0,0,0,0,0,0,0,0,0,0,0
Gainesville,SECarroll,0,0,0,0,0,0,0,0,0,0,0,0
Gainesville,WCoweta,0,0,0,0,0,0,0,0,0,0,0,0
Gainesville,NCoweta,0,0,0,0,0,0,0,0,0,0,0,0
Gainesville,SCoweta,0,0,0,0,0,0,0,0,0,0,0,0
Gainesville,SECoweta,0,0,0,0,0,0,0,0,0,0,0,0
Gainesville,NForsyth,2555,490,4,1466,3911,8,4021,4401,12,3049,5385,8434
Gainesville,Cumming,1940,321,0,693,1658,0,2633,1979,0,2261,2351,4612
Gainesville,SForsyth,500,82,0,62,154,0,562,236,0,582,216,798
Gainesville,NHall,7873,1407,15,6375,17240,18,14248,18647,33,9295,23633,32928
Gainesville,Gainesville,60647,11581,397,75013,178454,683,135660,190035,1080,72625,254150,326775
Gainesville,SHall,10876,2128,31,8226,19405,53,19102,21533,84,13035,27684,40719
Gainesville,WNewton,19,4,0,10,3,0,29,7,0,23,13,36
Gainesville,ENewton,2,1,0,3,0,0,5,1,0,3,3,6
Gainesville,NPaulding,1,0,0,0,1,0,1,1,0,1,1,2
Gainesville,WPaulding,0,0,0,0,0,0,0,0,0,0,0,0
Gainesville,EPaulding,1,0,0,0,0,0,1,0,0,1,0,1
Gainesville,NSpalding,0,0,0,0,0,0,0,0,0,0,0,0
Gainesville,SSpalding,0,0,0,0,0,0,0,0,0,0,0,0
Gainesville,WWalton,68,14,0,11,13,0,79,27,0,82,24,106
Gainesville,EWalton,98,20,0,28,63,0,126,83,0,118,91,209
SHall,NFulton,792,121,1,162,286,0,954,407,1,914,448,1362
SHall,Roswell,172,38,0,42,51,0,214,89,0,210,93,303
SHall,SandySprings,279,40,1,51,114,1,330,154,2,320,166,486
SHall,Buckhead,180,35,2,52,112,0,232,147,2,217,164,381
SHall,NWAtlanta,52,10,0,18,21,0,70,31,0,62,39,101
SHall,NEAtlanta,132,21,2,41,140,3,173,161,5,155,184,339
SHall,SWAtlanta,16,6,0,6,41,2,22,47,2,22,49,71
SHall,CBDAtlanta,88,11,11,44,69,2,132,80,13,110,115,225
SHall,SEAtlanta,13,3,0,8,23,0,21,26,0,16,31,47
SHall,SFulton,2,0,0,0,5,0,2,5,0,2,5,7
SHall,Tri-Cities,20,3,0,3,28,0,23,31,0,23,31,54
SHall,Shannon,2,2,0,3,4,0,5,6,0,4,7,11
SHall,WCherokee,4,0,0,5,11,0,9,11,0,4,16,20
SHall,NCherokee,15,2,0,8,41,0,23,43,0,17,49,66
SHall,ECentCherokee,102,21,0,33,56,0,135,77,0,123,89,212
SHall,Woodstock,23,2,0,6,2,0,29,4,0,25,8,33
SHall,Airport,5,2,0,2,9,0,7,11,0,7,11,18
SHall,NEClayton,11,2,0,7,7,0,18,9,0,13,14,27
SHall,Riverdale,3,0,0,1,0,0,4,0,0,3,1,4
SHall,SClayton,2,0,0,2,1,0,4,1,0,2,3,5
SHall,NWCobb,12,0,0,2,10,0,14,10,0,12,12,24
SHall,NECobb,54,3,0,15,27,0,69,30,0,57,42,99
SHall,SWCobb,1,0,0,2,1,0,3,1,0,1,3,4
SHall,Marietta,27,5,0,13,31,0,40,36,0,32,44,76
SHall,Cumberland,108,17,0,30,27,0,138,44,0,125,57,182
SHall,SCobb,10,4,0,6,15,0,16,19,0,14,21,35
SHall,Chamblee,440,64,1,95,93,1,535,157,2,505,189,694
SHall,NWDeKalb,165,33,0,58,175,1,223,208,1,198,234,432
SHall,NEDeKalb,367,63,1,71,160,0,438,223,1,431,231,662
SHall,Atlanta-DeKalb,8,4,0,4,2,0,12,6,0,12,6,18
SHall,Decatur,23,5,1,8,27,0,31,32,1,29,35,64
SHall,SWDeKalb,23,3,0,14,24,0,37,27,0,26,38,64
SHall,SEDeKalb,33,7,0,12,23,0,45,30,0,40,35,75
SHall,SDeKalb,20,5,0,11,42,0,31,47,0,25,53,78
SHall,WDouglas,0,0,0,0,0,0,0,0,0,0,0,0
SHall,EDouglas,2,0,0,0,4,0,2,4,0,2,4,6
SHall,WFayette,0,0,0,0,0,0,0,0,0,0,0,0
SHall,EFayette,1,0,0,0,0,0,1,0,0,1,0,1
SHall,NGwinnett,7661,1443,0,6845,16885,0,14506,18328,0,9104,23730,32834
SHall,CentGwinnett,2589,492,0,855,2055,0,3444,2547,0,3081,2910,5991
SHall,EGwinnett,637,120,0,318,577,0,955,697,0,757,895,1652
SHall,Norcross,1062,175,0,150,367,0,1212,542,0,1237,517,1754
SHall,Lilburn,182,31,0,61,109,0,243,140,0,213,170,383
SHall,Snellville,248,57,0,119,160,0,367,217,0,305,279,584
SHall,NHenry,2,0,0,2,11,0,4,11,0,2,13,15
SHall,EHenry,0,0,0,2,1,0,2,1,0,0,3,3
SHall,SHenry,2,0,0,2,0,0,4,0,0,2,2,4
SHall,SRockdale,12,0,0,4,1,0,16,1,0,12,5,17
SHall,NRockdale,33,8,0,13,26,0,46,34,0,41,39,80
SHall,NBarrow,1162,229,0,970,2223,0,2132,2452,0,1391,3193,4584
SHall,SBarrow,379,68,0,175,291,0,554,359,0,447,466,913
SHall,NWBartow,0,0,0,0,0,0,0,0,0,0,0,0
SHall,NEBartow,2,1,0,0,0,0,2,1,0,3,0,3
SHall,SWBartow,1,0,0,0,0,0,1,0,0,1,0,1
SHall,Cartersville,1,0,0,2,2,0,3,2,0,1,4,5
SHall,NECarroll,0,0,0,0,0,0,0,0,0,0,0,0
SHall,WCarroll,0,0,0,0,0,0,0,0,0,0,0,0
SHall,CentralCarroll,0,0,0,0,0,0,0,0,0,0,0,0
SHall,SECarroll,0,0,0,0,0,0,0,0,0,0,0,0
SHall,WCoweta,0,0,0,0,0,0,0,0,0,0,0,0
SHall,NCoweta,0,0,0,0,0,0,0,0,0,0,0,0
SHall,SCoweta,0,0,0,0,0,0,0,0,0,0,0,0
SHall,SECoweta,0,0,0,0,0,0,0,0,0,0,0,0
SHall,NForsyth,711,107,0,456,759,0,1167,866,0,818,1215,2033
SHall,Cumming,1214,191,0,527,829,0,1741,1020,0,1405,1356,2761
SHall,SForsyth,662,89,0,183,399,0,845,488,0,751,582,1333
SHall,NHall,1077,205,0,466,866,0,1543,1071,0,1282,1332,2614
SHall,Gainesville,11070,2014,30,8273,19134,52,19343,21148,82,13114,27459,40573
SHall,SHall,19885,3916,9,35631,82661,19,55516,86577,28,23810,118311,142121
SHall,WNewton,28,8,0,12,7,0,40,15,0,36,19,55
SHall,ENewton,5,1,0,1,0,0,6,1,0,6,1,7
SHall,NPaulding,1,0,0,0,0,0,1,0,0,1,0,1
SHall,WPaulding,0,0,0,0,0,0,0,0,0,0,0,0
SHall,EPaulding,0,1,0,0,0,0,0,1,0,1,0,1
SHall,NSpalding,0,0,0,0,0,0,0,0,0,0,0,0
SHall,SSpalding,0,0,0,0,0,0,0,0,0,0,0,0
SHall,WWalton,81,24,0,37,38,0,118,62,0,105,75,180
SHall,EWalton,125,19,0,57,49,0,182,68,0,144,106,250
WNewton,NFulton,101,24,1,16,55,1,117,79,2,126,72,198
WNewton,Roswell,46,8,0,8,36,0,54,44,0,54,44,98
WNewton,SandySprings,271,46,10,39,55,1,310,101,11,327,95,422
WNewton,Buckhead,328,64,15,55,144,0,383,208,15,407,199,606
WNewton,NWAtlanta,189,42,0,28,54,0,217,96,0,231,82,313
WNewton,NEAtlanta,476,103,23,113,322,5,589,425,28,602,440,1042
WNewton,SWAtlanta,141,24,3,51,80,4,192,104,7,168,135,303
WNewton,CBDAtlanta,456,98,61,106,175,16,562,273,77,615,297,912
WNewton,SEAtlanta,285,41,2,45,60,0,330,101,2,328,105,433
WNewton,SFulton,39,6,0,7,8,0,46,14,0,45,15,60
WNewton,Tri-Cities,284,48,2,30,96,1,314,144,3,334,127,461
WNewton,Shannon,93,11,1,21,17,0,114,28,1,105,38,143
WNewton,WCherokee,0,0,0,0,0,0,0,0,0,0,0,0
WNewton,NCherokee,0,0,0,0,0,0,0,0,0,0,0,0
WNewton,ECentCherokee,0,1,0,1,0,0,1,1,0,1,1,2
WNewton,Woodstock,1,2,0,4,2,0,5,4,0,3,6,9
WNewton,Airport,264,32,10,21,53,0,285,85,10,306,74,380
WNewton,NEClayton,607,114,0,108,183,3,715,297,3,721,294,1015
WNewton,Riverdale,108,23,0,35,71,0,143,94,0,131,106,237
WNewton,SClayton,298,67,0,68,123,0,366,190,0,365,191,556
WNewton,NWCobb,22,3,0,7,14,0,29,17,0,25,21,46
WNewton,NECobb,47,12,0,10,39,0,57,51,0,59,49,108
WNewton,SWCobb,6,2,0,3,6,0,9,8,0,8,9,17
WNewton,Marietta,50,17,0,12,29,2,62,46,2,67,43,110
WNewton,Cumberland,197,43,0,29,73,0,226,116,0,240,102,342
WNewton,SCobb,83,19,1,18,30,0,101,49,1,103,48,151
WNewton,Chamblee,391,70,6,77,179,1,468,249,7,467,257,724
WNewton,NWDeKalb,612,110,14,117,296,9,729,406,23,736,422,1158
WNewton,NEDeKalb,766,138,0,162,361,6,928,499,6,904,529,1433
WNewton,Atlanta-DeKalb,87,17,1,21,35,2,108,52,3,105,58,163
WNewton,Decatur,124,17,1,34,35,2,158,52,3,142,71,213
WNewton,SWDeKalb,410,70,6,99,343,1,509,413,7,486,443,929
WNewton,SEDeKalb,1055,183,5,307,763,3,1362,946,8,1243,1073,2316
WNewton,SDeKalb,1033,202,0,454,1051,4,1487,1253,4,1235,1509,2744
WNewton,WDouglas,3,2,0,2,1,0,5,3,0,5,3,8
WNewton,EDouglas,26,3,0,8,32,0,34,35,0,29,40,69
WNewton,WFayette,51,10,0,17,30,0,68,40,0,61,47,108
WNewton,EFayette,114,20,0,16,48,0,130,68,0,134,64,198
WNewton,NGwinnett,284,47,0,73,116,0,357,163,0,331,189,520
WNewton,CentGwinnett,828,141,1,184,401,0,1012,542,1,970,585,1555
WNewton,EGwinnett,387,67,0,110,232,0,497,299,0,454,342,796
WNewton,Norcross,458,84,1,51,133,0,509,217,1,543,184,727
WNewton,Lilburn,349,57,0,85,232,0,434,289,0,406,317,723
WNewton,Snellville,1071,174,0,306,860,0,1377,1034,0,1245,1166,2411
WNewton,NHenry,843,134,0,332,697,0,1175,831,0,977,1029,2006
WNewton,EHenry,1632,307,0,1254,3915,0,2886,4222,0,1939,5169,7108
WNewton,SHenry,1834,344,0,625,1727,0,2459,2071,0,2178,2352,4530
WNewton,SRockdale,1826,359,1,2328,6450,0,4154,6809,1,2186,8778,10964
WNewton,NRockdale,6547,1331,0,6018,15169,1,12565,16500,1,7878,21188,29066
WNewton,NBarrow,101,13,0,24,36,0,125,49,0,114,60,174
WNewton,SBarrow,160,25,0,35,67,0,195,92,0,185,102,287
WNewton,NWBartow,0,0,0,0,0,0,0,0,0,0,0,0
WNewton,NEBartow,0,0,0,0,0,0,0,0,0,0,0,0
WNewton,SWBartow,0,0,0,0,0,0,0,0,0,0,0,0
WNewton,Cartersville,2,0,0,0,0,0,2,0,0,2,0,2
WNewton,NECarroll,0,0,0,0,2,0,0,2,0,0,2,2
WNewton,WCarroll,0,0,0,0,0,0,0,0,0,0,0,0
WNewton,CentralCarroll,0,0,0,0,0,0,0,0,0,0,0,0
WNewton,SECarroll,0,0,0,0,0,0,0,0,0,0,0,0
WNewton,WCoweta,0,0,0,1,0,0,1,0,0,0,1,1
WNewton,NCoweta,11,4,0,4,9,0,15,13,0,15,13,28
WNewton,SCoweta,0,1,0,1,0,0,1,1,0,1,1,2
WNewton,SECoweta,3,0,0,1,0,0,4,0,0,3,1,4
WNewton,NForsyth,0,1,0,0,0,0,0,1,0,1,0,1
WNewton,Cumming,8,0,0,3,18,0,11,18,0,8,21,29
WNewton,SForsyth,35,5,0,7,6,0,42,11,0,40,13,53
WNewton,NHall,3,0,0,2,2,0,5,2,0,3,4,7
WNewton,Gainesville,16,6,0,14,4,0,30,10,0,22,18,40
WNewton,SHall,27,13,0,10,12,0,37,25,0,40,22,62
WNewton,WNewton,31442,6251,0,53710,119541,0,85152,125792,0,37693,173251,210944
WNewton,ENewton,2121,433,0,2455,5851,0,4576,6284,0,2554,8306,10860
WNewton,NPaulding,2,0,0,0,0,0,2,0,0,2,0,2
WNewton,WPaulding,0,0,0,0,0,0,0,0,0,0,0,0
WNewton,EPaulding,3,0,0,1,4,0,4,4,0,3,5,8
WNewton,NSpalding,158,28,0,59,57,0,217,85,0,186,116,302
WNewton,SSpalding,101,19,0,15,54,0,116,73,0,120,69,189
WNewton,WWalton,1609,300,0,1081,2652,0,2690,2952,0,1909,3733,5642
WNewton,EWalton,1586,294,0,556,1408,0,2142,1702,0,1880,1964,3844
ENewton,NFulton,5,0,0,2,3,0,7,3,0,5,5,10
ENewton,Roswell,5,0,0,0,4,0,5,4,0,5,4,9
ENewton,SandySprings,21,1,0,6,8,0,27,9,0,22,14,36
ENewton,Buckhead,25,5,0,8,15,0,33,20,0,30,23,53
ENewton,NWAtlanta,13,2,0,8,2,0,21,4,0,15,10,25
ENewton,NEAtlanta,45,7,0,13,77,0,58,84,0,52,90,142
ENewton,SWAtlanta,13,0,0,2,7,0,15,7,0,13,9,22
ENewton,CBDAtlanta,25,8,4,19,40,0,44,48,4,37,59,96
ENewton,SEAtlanta,22,5,0,8,10,0,30,15,0,27,18,45
ENewton,SFulton,6,1,0,1,2,0,7,3,0,7,3,10
ENewton,Tri-Cities,26,6,0,2,13,0,28,19,0,32,15,47
ENewton,Shannon,3,1,0,4,1,0,7,2,0,4,5,9
ENewton,WCherokee,0,0,0,0,0,0,0,0,0,0,0,0
ENewton,NCherokee,0,0,0,0,0,0,0,0,0,0,0,0
ENewton,ECentCherokee,0,0,0,0,0,0,0,0,0,0,0,0
ENewton,Woodstock,0,0,0,0,0,0,0,0,0,0,0,0
ENewton,Airport,23,3,2,3,0,0,26,3,2,28,3,31
ENewton,NEClayton,48,8,0,8,14,0,56,22,0,56,22,78
ENewton,Riverdale,2,2,0,2,9,0,4,11,0,4,11,15
ENewton,SClayton,25,3,0,6,6,0,31,9,0,28,12,40
ENewton,NWCobb,0,0,0,1,1,0,1,1,0,0,2,2
ENewton,NECobb,2,0,0,0,1,0,2,1,0,2,1,3
ENewton,SWCobb,1,1,0,0,0,0,1,1,0,2,0,2
ENewton,Marietta,4,0,0,1,0,0,5,0,0,4,1,5
ENewton,Cumberland,23,5,0,5,11,0,28,16,0,28,16,44
ENewton,SCobb,6,0,0,5,4,0,11,4,0,6,9,15
ENewton,Chamblee,31,7,0,12,4,0,43,11,0,38,16,54
ENewton,NWDeKalb,69,12,1,19,50,1,88,62,2,82,70,152
ENewton,NEDeKalb,73,17,0,26,107,0,99,124,0,90,133,223
ENewton,Atlanta-DeKalb,7,0,0,5,5,0,12,5,0,7,10,17
ENewton,Decatur,16,5,0,8,6,0,24,11,0,21,14,35
ENewton,SWDeKalb,42,6,1,16,19,0,58,25,1,49,35,84
ENewton,SEDeKalb,104,14,1,31,67,0,135,81,1,119,98,217
ENewton,SDeKalb,99,21,0,44,57,0,143,78,0,120,101,221
ENewton,WDouglas,0,0,0,0,0,0,0,0,0,0,0,0
ENewton,EDouglas,4,0,0,2,1,0,6,1,0,4,3,7
ENewton,WFayette,3,0,0,1,0,0,4,0,0,3,1,4
ENewton,EFayette,7,0,0,3,0,0,10,0,0,7,3,10
ENewton,NGwinnett,48,9,0,8,32,0,56,41,0,57,40,97
ENewton,CentGwinnett,105,12,0,45,62,0,150,74,0,117,107,224
ENewton,EGwinnett,39,7,0,21,27,0,60,34,0,46,48,94
ENewton,Norcross,40,5,0,13,17,0,53,22,0,45,30,75
ENewton,Lilburn,36,7,0,12,8,0,48,15,0,43,20,63
ENewton,Snellville,100,17,0,52,87,0,152,104,0,117,139,256
ENewton,NHenry,45,11,0,15,13,0,60,24,0,56,28,84
ENewton,EHenry,70,15,0,50,84,0,120,99,0,85,134,219
ENewton,SHenry,132,22,0,56,107,0,188,129,0,154,163,317
ENewton,SRockdale,72,15,0,47,91,0,119,106,0,87,138,225
ENewton,NRockdale,540,98,0,195,430,0,735,528,0,638,625,1263
ENewton,NBarrow,27,2,0,10,30,0,37,32,0,29,40,69
ENewton,SBarrow,23,3,0,11,6,0,34,9,0,26,17,43
ENewton,NWBartow,0,0,0,0,0,0,0,0,0,0,0,0
ENewton,NEBartow,0,0,0,0,0,0,0,0,0,0,0,0
ENewton,SWBartow,0,0,0,0,0,0,0,0,0,0,0,0
ENewton,Cartersville,0,0,0,0,0,0,0,0,0,0,0,0
ENewton,NECarroll,0,0,0,0,0,0,0,0,0,0,0,0
ENewton,WCarroll,0,0,0,0,0,0,0,0,0,0,0,0
ENewton,CentralCarroll,0,0,0,0,0,0,0,0,0,0,0,0
ENewton,SECarroll,0,0,0,0,0,0,0,0,0,0,0,0
ENewton,WCoweta,0,0,0,0,0,0,0,0,0,0,0,0
ENewton,NCoweta,0,0,0,0,0,0,0,0,0,0,0,0
ENewton,SCoweta,0,0,0,0,0,0,0,0,0,0,0,0
ENewton,SECoweta,0,0,0,0,0,0,0,0,0,0,0,0
ENewton,NForsyth,0,0,0,0,0,0,0,0,0,0,0,0
ENewton,Cumming,1,0,0,4,0,0,5,0,0,1,4,5
ENewton,SForsyth,1,0,0,1,0,0,2,0,0,1,1,2
ENewton,NHall,0,0,0,0,0,0,0,0,0,0,0,0
ENewton,Gainesville,3,1,0,3,4,0,6,5,0,4,7,11
ENewton,SHall,4,3,0,2,0,0,6,3,0,7,2,9
ENewton,WNewton,1980,431,0,2432,5754,0,4412,6185,0,2411,8186,10597
ENewton,ENewton,1485,281,0,3192,7947,0,4677,8228,0,1766,11139,12905
ENewton,NPaulding,0,0,0,0,0,0,0,0,0,0,0,0
ENewton,WPaulding,0,0,0,0,0,0,0,0,0,0,0,0
ENewton,EPaulding,1,0,0,0,0,0,1,0,0,1,0,1
ENewton,NSpalding,13,0,0,5,4,0,18,4,0,13,9,22
ENewton,SSpalding,11,1,0,3,2,0,14,3,0,12,5,17
ENewton,WWalton,136,27,0,97,243,0,233,270,0,163,340,503
ENewton,EWalton,504,109,0,408,900,0,912,1009,0,613,1308,1921
NPaulding,NFulton,143,27,0,22,73,0,165,100,0,170,95,265
NPaulding,Roswell,107,25,0,28,28,0,135,53,0,132,56,188
NPaulding,SandySprings,245,49,1,30,97,1,275,146,2,295,128,423
NPaulding,Buckhead,207,36,1,37,71,0,244,107,1,244,108,352
NPaulding,NWAtlanta,103,28,0,18,65,0,121,93,0,131,83,214
NPaulding,NEAtlanta,111,26,0,41,55,1,152,81,1,137,97,234
NPaulding,SWAtlanta,95,8,0,24,35,2,119,43,2,103,61,164
NPaulding,CBDAtlanta,80,17,2,32,140,1,112,157,3,99,173,272
NPaulding,SEAtlanta,30,6,0,8,21,0,38,27,0,36,29,65
NPaulding,SFulton,75,14,0,15,14,0,90,28,0,89,29,118
NPaulding,Tri-Cities,51,5,0,8,26,0,59,31,0,56,34,90
NPaulding,Shannon,25,3,0,10,42,0,35,45,0,28,52,80
NPaulding,WCherokee,44,2,0,10,22,0,54,24,0,46,32,78
NPaulding,NCherokee,7,1,0,1,0,0,8,1,0,8,1,9
NPaulding,ECentCherokee,130,25,0,42,62,0,172,87,0,155,104,259
NPaulding,Woodstock,477,68,0,191,499,0,668,567,0,545,690,1235
NPaulding,Airport,27,8,0,2,0,0,29,8,0,35,2,37
NPaulding,NEClayton,23,3,0,6,5,0,29,8,0,26,11,37
NPaulding,Riverdale,8,0,0,3,0,0,11,0,0,8,3,11
NPaulding,SClayton,2,0,0,2,3,0,4,3,0,2,5,7
NPaulding,NWCobb,3040,577,0,3563,10651,4,6603,11228,4,3617,14218,17835
NPaulding,NECobb,609,97,0,138,491,0,747,588,0,706,629,1335
NPaulding,SWCobb,531,92,0,376,1408,0,907,1500,0,623,1784,2407
NPaulding,Marietta,852,141,0,343,855,1,1195,996,1,993,1199,2192
NPaulding,Cumberland,642,112,1,118,385,0,760,497,1,755,503,1258
NPaulding,SCobb,365,67,0,147,348,0,512,415,0,432,495,927
NPaulding,Chamblee,108,21,0,23,73,0,131,94,0,129,96,225
NPaulding,NWDeKalb,62,9,2,22,33,0,84,42,2,73,55,128
NPaulding,NEDeKalb,41,9,0,17,52,0,58,61,0,50,69,119
NPaulding,Atlanta-DeKalb,3,0,0,3,13,0,6,13,0,3,16,19
NPaulding,Decatur,13,0,0,6,3,0,19,3,0,13,9,22
NPaulding,SWDeKalb,12,2,0,5,15,0,17,17,0,14,20,34
NPaulding,SEDeKalb,5,0,0,2,0,0,7,0,0,5,2,7
NPaulding,SDeKalb,7,3,0,6,28,0,13,31,0,10,34,44
NPaulding,WDouglas,159,37,0,45,63,0,204,100,0,196,108,304
NPaulding,EDouglas,328,60,0,70,186,0,398,246,0,388,256,644
NPaulding,WFayette,8,1,0,3,20,0,11,21,0,9,23,32
NPaulding,EFayette,7,2,0,2,1,0,9,3,0,9,3,12
NPaulding,NGwinnett,8,0,0,1,0,0,9,0,0,8,1,9
NPaulding,CentGwinnett,20,3,0,7,32,0,27,35,0,23,39,62
NPaulding,EGwinnett,0,0,0,2,0,0,2,0,0,0,2,2
NPaulding,Norcross,62,15,0,15,56,0,77,71,0,77,71,148
NPaulding,Lilburn,3,2,0,4,5,0,7,7,0,5,9,14
NPaulding,Snellville,3,1,0,1,0,0,4,1,0,4,1,5
NPaulding,NHenry,2,1,0,1,0,0,3,1,0,3,1,4
NPaulding,EHenry,0,0,0,0,0,0,0,0,0,0,0,0
NPaulding,SHenry,2,0,0,0,0,0,2,0,0,2,0,2
NPaulding,SRockdale,1,0,0,1,0,0,2,0,0,1,1,2
NPaulding,NRockdale,0,0,0,0,0,0,0,0,0,0,0,0
NPaulding,NBarrow,0,0,0,0,0,0,0,0,0,0,0,0
NPaulding,SBarrow,0,0,0,0,0,0,0,0,0,0,0,0
NPaulding,NWBartow,95,19,0,25,54,0,120,73,0,114,79,193
NPaulding,NEBartow,91,14,0,15,75,0,106,89,0,105,90,195
NPaulding,SWBartow,315,77,0,151,412,0,466,489,0,392,563,955
NPaulding,Cartersville,1264,223,0,809,1969,0,2073,2192,0,1487,2778,4265
NPaulding,NECarroll,130,25,0,27,102,0,157,127,0,155,129,284
NPaulding,WCarroll,19,0,0,2,10,0,21,10,0,19,12,31
NPaulding,CentralCarroll,95,8,0,24,31,0,119,39,0,103,55,158
NPaulding,SECarroll,5,2,0,2,0,0,7,2,0,7,2,9
NPaulding,WCoweta,3,0,0,1,2,0,4,2,0,3,3,6
NPaulding,NCoweta,11,3,0,7,7,0,18,10,0,14,14,28
NPaulding,SCoweta,0,1,0,0,0,0,0,1,0,1,0,1
NPaulding,SECoweta,0,0,0,0,0,0,0,0,0,0,0,0
NPaulding,NForsyth,2,0,0,0,0,0,2,0,0,2,0,2
NPaulding,Cumming,12,5,0,2,5,0,14,10,0,17,7,24
NPaulding,SForsyth,22,2,0,3,8,0,25,10,0,24,11,35
NPaulding,NHall,0,0,0,0,0,0,0,0,0,0,0,0
NPaulding,Gainesville,0,0,0,0,1,0,0,1,0,0,1,1
NPaulding,SHall,1,0,0,0,0,0,1,0,0,1,0,1
NPaulding,WNewton,1,0,0,0,0,0,1,0,0,1,0,1
NPaulding,ENewton,0,0,0,0,0,0,0,0,0,0,0,0
NPaulding,NPaulding,3738,653,0,6981,16835,0,10719,17488,0,4391,23816,28207
NPaulding,WPaulding,226,43,0,102,350,0,328,393,0,269,452,721
NPaulding,EPaulding,2269,457,0,2692,7481,0,4961,7938,0,2726,10173,12899
NPaulding,NSpalding,0,0,0,0,0,0,0,0,0,0,0,0
NPaulding,SSpalding,0,0,0,0,0,0,0,0,0,0,0,0
NPaulding,WWalton,0,0,0,0,0,0,0,0,0,0,0,0
NPaulding,EWalton,0,0,0,0,0,0,0,0,0,0,0,0
WPaulding,NFulton,22,7,0,11,6,0,33,13,0,29,17,46
WPaulding,Roswell,18,5,0,7,28,0,25,33,0,23,35,58
WPaulding,SandySprings,75,12,0,14,44,0,89,56,0,87,58,145
WPaulding,Buckhead,54,14,0,18,93,0,72,107,0,68,111,179
WPaulding,NWAtlanta,57,5,0,12,33,0,69,38,0,62,45,107
WPaulding,NEAtlanta,29,7,0,23,48,0,52,55,0,36,71,107
WPaulding,SWAtlanta,51,12,0,15,46,0,66,58,0,63,61,124
WPaulding,CBDAtlanta,41,7,0,17,92,0,58,99,0,48,109,157
WPaulding,SEAtlanta,16,4,0,7,16,0,23,20,0,20,23,43
WPaulding,SFulton,60,9,0,9,8,0,69,17,0,69,17,86
WPaulding,Tri-Cities,26,4,0,8,20,0,34,24,0,30,28,58
WPaulding,Shannon,33,2,0,6,8,0,39,10,0,35,14,49
WPaulding,WCherokee,2,0,0,1,2,0,3,2,0,2,3,5
WPaulding,NCherokee,0,0,0,0,0,0,0,0,0,0,0,0
WPaulding,ECentCherokee,12,2,0,6,5,0,18,7,0,14,11,25
WPaulding,Woodstock,57,9,0,10,46,0,67,55,0,66,56,122
WPaulding,Airport,9,1,0,2,1,0,11,2,0,10,3,13
WPaulding,NEClayton,7,1,0,3,4,0,10,5,0,8,7,15
WPaulding,Riverdale,2,1,0,1,0,0,3,1,0,3,1,4
WPaulding,SClayton,4,0,0,0,0,0,4,0,0,4,0,4
WPaulding,NWCobb,377,74,0,137,378,0,514,452,0,451,515,966
WPaulding,NECobb,138,19,0,29,114,0,167,133,0,157,143,300
WPaulding,SWCobb,208,44,0,88,174,0,296,218,0,252,262,514
WPaulding,Marietta,226,34,0,55,77,0,281,111,0,260,132,392
WPaulding,Cumberland,274,32,0,44,108,0,318,140,0,306,152,458
WPaulding,SCobb,197,39,0,72,189,0,269,228,0,236,261,497
WPaulding,Chamblee,44,3,0,10,35,0,54,38,0,47,45,92
WPaulding,NWDeKalb,11,3,0,18,35,0,29,38,0,14,53,67
WPaulding,NEDeKalb,12,1,0,8,8,0,20,9,0,13,16,29
WPaulding,Atlanta-DeKalb,7,0,0,3,20,0,10,20,0,7,23,30
WPaulding,Decatur,1,0,0,4,0,0,5,0,0,1,4,5
WPaulding,SWDeKalb,2,1,0,3,7,0,5,8,0,3,10,13
WPaulding,SEDeKalb,2,0,0,2,10,0,4,10,0,2,12,14
WPaulding,SDeKalb,6,2,0,6,6,0,12,8,0,8,12,20
WPaulding,WDouglas,331,52,0,157,498,0,488,550,0,383,655,1038
WPaulding,EDouglas,298,57,0,103,268,0,401,325,0,355,371,726
WPaulding,WFayette,12,4,0,3,41,0,15,45,0,16,44,60
WPaulding,EFayette,4,0,0,1,18,0,5,18,0,4,19,23
WPaulding,NGwinnett,2,0,0,0,1,0,2,1,0,2,1,3
WPaulding,CentGwinnett,6,0,0,1,2,0,7,2,0,6,3,9
WPaulding,EGwinnett,0,0,0,0,0,0,0,0,0,0,0,0
WPaulding,Norcross,28,5,0,7,12,0,35,17,0,33,19,52
WPaulding,Lilburn,1,1,0,2,1,0,3,2,0,2,3,5
WPaulding,Snellville,0,0,0,1,0,0,1,0,0,0,1,1
WPaulding,NHenry,0,0,0,2,10,0,2,10,0,0,12,12
WPaulding,EHenry,0,0,0,0,0,0,0,0,0,0,0,0
WPaulding,SHenry,2,0,0,0,4,0,2,4,0,2,4,6
WPaulding,SRockdale,1,0,0,0,0,0,1,0,0,1,0,1
WPaulding,NRockdale,1,0,0,0,0,0,1,0,0,1,0,1
WPaulding,NBarrow,0,0,0,0,0,0,0,0,0,0,0,0
WPaulding,SBarrow,0,0,0,0,0,0,0,0,0,0,0,0
WPaulding,NWBartow,8,1,0,1,17,0,9,18,0,9,18,27
WPaulding,NEBartow,2,0,0,2,0,0,4,0,0,2,2,4
WPaulding,SWBartow,31,3,0,17,14,0,48,17,0,34,31,65
WPaulding,Cartersville,151,25,0,31,102,0,182,127,0,176,133,309
WPaulding,NECarroll,677,149,0,695,2115,0,1372,2264,0,826,2810,3636
WPaulding,WCarroll,68,15,0,9,28,0,77,43,0,83,37,120
WPaulding,CentralCarroll,336,67,0,157,262,0,493,329,0,403,419,822
WPaulding,SECarroll,10,2,0,4,6,0,14,8,0,12,10,22
WPaulding,WCoweta,7,2,0,7,22,0,14,24,0,9,29,38
WPaulding,NCoweta,25,6,0,8,6,0,33,12,0,31,14,45
WPaulding,SCoweta,2,1,0,0,0,0,2,1,0,3,0,3
WPaulding,SECoweta,1,0,0,0,0,0,1,0,0,1,0,1
WPaulding,NForsyth,0,0,0,0,0,0,0,0,0,0,0,0
WPaulding,Cumming,0,0,0,0,2,0,0,2,0,0,2,2
WPaulding,SForsyth,4,1,0,1,0,0,5,1,0,5,1,6
WPaulding,NHall,0,0,0,0,0,0,0,0,0,0,0,0
WPaulding,Gainesville,0,0,0,0,0,0,0,0,0,0,0,0
WPaulding,SHall,0,0,0,0,0,0,0,0,0,0,0,0
WPaulding,WNewton,1,0,0,0,0,0,1,0,0,1,0,1
WPaulding,ENewton,0,0,0,0,0,0,0,0,0,0,0,0
WPaulding,NPaulding,205,36,0,106,432,0,311,468,0,241,538,779
WPaulding,WPaulding,1519,259,0,3692,8646,0,5211,8905,0,1778,12338,14116
WPaulding,EPaulding,1397,286,0,1867,5112,0,3264,5398,0,1683,6979,8662
WPaulding,NSpalding,0,0,0,0,0,0,0,0,0,0,0,0
WPaulding,SSpalding,0,0,0,0,0,0,0,0,0,0,0,0
WPaulding,WWalton,0,0,0,0,0,0,0,0,0,0,0,0
WPaulding,EWalton,0,0,0,0,0,0,0,0,0,0,0,0
EPaulding,NFulton,274,44,0,39,72,1,313,116,1,318,112,430
EPaulding,Roswell,212,23,0,50,70,0,262,93,0,235,120,355
EPaulding,SandySprings,587,106,6,114,133,1,701,239,7,699,248,947
EPaulding,Buckhead,648,107,11,102,284,2,750,391,13,766,388,1154
EPaulding,NWAtlanta,561,97,2,93,190,1,654,287,3,660,284,944
EPaulding,NEAtlanta,517,89,10,141,357,12,658,446,22,616,510,1126
EPaulding,SWAtlanta,592,95,3,156,357,5,748,452,8,690,518,1208
EPaulding,CBDAtlanta,654,117,80,112,279,23,766,396,103,851,414,1265
EPaulding,SEAtlanta,216,56,0,64,151,1,280,207,1,272,216,488
EPaulding,SFulton,564,93,0,105,247,0,669,340,0,657,352,1009
EPaulding,Tri-Cities,348,61,0,58,90,0,406,151,0,409,148,557
EPaulding,Shannon,232,44,0,46,104,0,278,148,0,276,150,426
EPaulding,WCherokee,36,4,0,18,21,0,54,25,0,40,39,79
EPaulding,NCherokee,3,2,0,5,6,0,8,8,0,5,11,16
EPaulding,ECentCherokee,178,41,0,50,107,0,228,148,0,219,157,376
EPaulding,Woodstock,466,86,0,111,309,0,577,395,0,552,420,972
EPaulding,Airport,178,33,8,16,14,0,194,47,8,219,30,249
EPaulding,NEClayton,142,24,0,18,21,1,160,45,1,166,40,206
EPaulding,Riverdale,56,11,0,24,52,0,80,63,0,67,76,143
EPaulding,SClayton,36,6,0,18,10,0,54,16,0,42,28,70
EPaulding,NWCobb,4595,904,0,3342,9632,6,7937,10536,6,5499,12980,18479
EPaulding,NECobb,1231,208,0,261,872,0,1492,1080,0,1439,1133,2572
EPaulding,SWCobb,3711,766,1,4448,13235,1,8159,14001,2,4478,17684,22162
EPaulding,Marietta,2113,385,0,752,1870,2,2865,2255,2,2498,2624,5122
EPaulding,Cumberland,2304,421,1,388,1052,2,2692,1473,3,2726,1442,4168
EPaulding,SCobb,2110,387,1,1063,3378,0,3173,3765,1,2498,4441,6939
EPaulding,Chamblee,407,65,3,64,137,2,471,202,5,475,203,678
EPaulding,NWDeKalb,209,42,2,68,177,1,277,219,3,253,246,499
EPaulding,NEDeKalb,139,30,0,36,62,1,175,92,1,169,99,268
EPaulding,Atlanta-DeKalb,38,9,0,8,17,0,46,26,0,47,25,72
EPaulding,Decatur,43,8,1,19,29,2,62,37,3,52,50,102
EPaulding,SWDeKalb,76,14,0,20,38,0,96,52,0,90,58,148
EPaulding,SEDeKalb,27,6,0,12,37,0,39,43,0,33,49,82
EPaulding,SDeKalb,94,22,0,23,89,0,117,111,0,116,112,228
EPaulding,WDouglas,2178,451,0,2071,6084,0,4249,6535,0,2629,8155,10784
EPaulding,EDouglas,3573,647,3,2775,8172,7,6348,8819,10,4223,10954,15177
EPaulding,WFayette,95,13,0,25,51,0,120,64,0,108,76,184
EPaulding,EFayette,52,10,0,25,14,0,77,24,0,62,39,101
EPaulding,NGwinnett,12,4,0,4,5,0,16,9,0,16,9,25
EPaulding,CentGwinnett,72,8,0,27,54,0,99,62,0,80,81,161
EPaulding,EGwinnett,2,0,0,3,17,0,5,17,0,2,20,22
EPaulding,Norcross,186,34,0,33,55,0,219,89,0,220,88,308
EPaulding,Lilburn,15,3,0,12,40,0,27,43,0,18,52,70
EPaulding,Snellville,15,3,0,7,23,0,22,26,0,18,30,48
EPaulding,NHenry,16,0,0,8,8,0,24,8,0,16,16,32
EPaulding,EHenry,5,0,0,1,3,0,6,3,0,5,4,9
EPaulding,SHenry,6,1,0,6,1,0,12,2,0,7,7,14
EPaulding,SRockdale,4,0,0,5,8,0,9,8,0,4,13,17
EPaulding,NRockdale,12,4,0,6,10,0,18,14,0,16,16,32
EPaulding,NBarrow,1,0,0,0,0,0,1,0,0,1,0,1
EPaulding,SBarrow,1,0,0,0,0,0,1,0,0,1,0,1
EPaulding,NWBartow,84,16,0,24,70,0,108,86,0,100,94,194
EPaulding,NEBartow,79,11,0,22,58,0,101,69,0,90,80,170
EPaulding,SWBartow,253,44,0,104,201,0,357,245,0,297,305,602
EPaulding,Cartersville,814,150,0,248,596,0,1062,746,0,964,844,1808
EPaulding,NECarroll,1253,240,0,697,2105,0,1950,2345,0,1493,2802,4295
EPaulding,WCarroll,121,24,0,18,36,0,139,60,0,145,54,199
EPaulding,CentralCarroll,649,134,0,274,377,0,923,511,0,783,651,1434
EPaulding,SECarroll,40,13,0,12,26,0,52,39,0,53,38,91
EPaulding,WCoweta,46,11,0,7,23,0,53,34,0,57,30,87
EPaulding,NCoweta,133,22,0,37,66,0,170,88,0,155,103,258
EPaulding,SCoweta,6,1,0,4,2,0,10,3,0,7,6,13
EPaulding,SECoweta,2,0,0,3,7,0,5,7,0,2,10,12
EPaulding,NForsyth,2,3,0,2,3,0,4,6,0,5,5,10
EPaulding,Cumming,24,0,0,7,6,0,31,6,0,24,13,37
EPaulding,SForsyth,34,6,0,7,5,0,41,11,0,40,12,52
EPaulding,NHall,0,0,0,0,0,0,0,0,0,0,0,0
EPaulding,Gainesville,0,0,0,0,0,0,0,0,0,0,0,0
EPaulding,SHall,1,0,0,0,0,0,1,0,0,1,0,1
EPaulding,WNewton,3,0,0,3,4,0,6,4,0,3,7,10
EPaulding,ENewton,1,0,0,0,0,0,1,0,0,1,0,1
EPaulding,NPaulding,2312,498,0,2679,7513,0,4991,8011,0,2810,10192,13002
EPaulding,WPaulding,1543,292,0,1879,5199,0,3422,5491,0,1835,7078,8913
EPaulding,EPaulding,25735,5198,0,53960,124372,0,79695,129570,0,30933,178332,209265
EPaulding,NSpalding,1,1,0,3,0,0,4,1,0,2,3,5
EPaulding,SSpalding,2,1,0,0,4,0,2,5,0,3,4,7
EPaulding,WWalton,1,0,0,3,0,0,4,0,0,1,3,4
EPaulding,EWalton,0,0,0,0,0,0,0,0,0,0,0,0
NSpalding,NFulton,8,1,0,3,2,0,11,3,0,9,5,14
NSpalding,Roswell,6,1,0,2,2,0,8,3,0,7,4,11
NSpalding,SandySprings,26,6,1,6,6,0,32,12,1,33,12,45
NSpalding,Buckhead,65,11,1,28,45,0,93,56,1,77,73,150
NSpalding,NWAtlanta,49,12,0,9,20,0,58,32,0,61,29,90
NSpalding,NEAtlanta,84,22,1,32,17,0,116,39,1,107,49,156
NSpalding,SWAtlanta,42,7,0,20,29,1,62,36,1,49,50,99
NSpalding,CBDAtlanta,126,25,9,19,41,0,145,66,9,160,60,220
NSpalding,SEAtlanta,83,24,0,22,25,0,105,49,0,107,47,154
NSpalding,SFulton,46,5,0,11,8,0,57,13,0,51,19,70
NSpalding,Tri-Cities,200,38,0,26,62,0,226,100,0,238,88,326
NSpalding,Shannon,150,26,0,31,65,0,181,91,0,176,96,272
NSpalding,WCherokee,0,0,0,0,0,0,0,0,0,0,0,0
NSpalding,NCherokee,0,0,0,0,0,0,0,0,0,0,0,0
NSpalding,ECentCherokee,0,0,0,0,0,0,0,0,0,0,0,0
NSpalding,Woodstock,2,1,0,1,1,0,3,2,0,3,2,5
NSpalding,Airport,159,33,0,9,20,0,168,53,0,192,29,221
NSpalding,NEClayton,376,69,0,74,172,0,450,241,0,445,246,691
NSpalding,Riverdale,209,45,0,75,144,0,284,189,0,254,219,473
NSpalding,SClayton,869,156,1,427,895,1,1296,1051,2,1026,1323,2349
NSpalding,NWCobb,6,1,0,0,0,0,6,1,0,7,0,7
NSpalding,NECobb,7,1,0,5,5,0,12,6,0,8,10,18
NSpalding,SWCobb,3,0,0,1,0,0,4,0,0,3,1,4
NSpalding,Marietta,9,4,0,1,1,0,10,5,0,13,2,15
NSpalding,Cumberland,46,13,0,13,4,0,59,17,0,59,17,76
NSpalding,SCobb,31,4,0,5,9,0,36,13,0,35,14,49
NSpalding,Chamblee,39,10,1,6,18,0,45,28,1,50,24,74
NSpalding,NWDeKalb,51,8,0,18,29,1,69,37,1,59,48,107
NSpalding,NEDeKalb,40,4,0,17,48,0,57,52,0,44,65,109
NSpalding,Atlanta-DeKalb,16,1,0,7,0,0,23,1,0,17,7,24
NSpalding,Decatur,12,1,0,0,7,0,12,8,0,13,7,20
NSpalding,SWDeKalb,45,5,0,6,12,0,51,17,0,50,18,68
NSpalding,SEDeKalb,26,8,0,18,6,0,44,14,0,34,24,58
NSpalding,SDeKalb,111,23,0,22,143,1,133,166,1,134,166,300
NSpalding,WDouglas,8,2,0,11,27,0,19,29,0,10,38,48
NSpalding,EDouglas,14,5,0,3,0,0,17,5,0,19,3,22
NSpalding,WFayette,627,117,0,180,291,0,807,408,0,744,471,1215
NSpalding,EFayette,851,169,0,524,1104,0,1375,1273,0,1020,1628,2648
NSpalding,NGwinnett,0,0,0,0,0,0,0,0,0,0,0,0
NSpalding,CentGwinnett,6,1,0,3,6,0,9,7,0,7,9,16
NSpalding,EGwinnett,3,0,0,0,5,0,3,5,0,3,5,8
NSpalding,Norcross,17,1,0,3,2,0,20,3,0,18,5,23
NSpalding,Lilburn,7,1,0,2,0,0,9,1,0,8,2,10
NSpalding,Snellville,11,5,0,4,6,0,15,11,0,16,10,26
NSpalding,NHenry,323,58,0,99,162,0,422,220,0,381,261,642
NSpalding,EHenry,364,77,0,144,240,0,508,317,0,441,384,825
NSpalding,SHenry,2925,573,0,2207,5564,0,5132,6137,0,3498,7771,11269
NSpalding,SRockdale,65,13,0,16,31,0,81,44,0,78,47,125
NSpalding,NRockdale,65,17,0,13,19,0,78,36,0,82,32,114
NSpalding,NBarrow,2,0,0,0,0,0,2,0,0,2,0,2
NSpalding,SBarrow,0,0,0,1,0,0,1,0,0,0,1,1
NSpalding,NWBartow,0,0,0,0,0,0,0,0,0,0,0,0
NSpalding,NEBartow,0,0,0,0,0,0,0,0,0,0,0,0
NSpalding,SWBartow,0,0,0,0,0,0,0,0,0,0,0,0
NSpalding,Cartersville,0,0,0,0,0,0,0,0,0,0,0,0
NSpalding,NECarroll,1,0,0,1,1,0,2,1,0,1,2,3
NSpalding,WCarroll,0,0,0,0,0,0,0,0,0,0,0,0
NSpalding,CentralCarroll,5,0,0,2,1,0,7,1,0,5,3,8
NSpalding,SECarroll,1,1,0,0,1,0,1,2,0,2,1,3
NSpalding,WCoweta,23,5,0,7,14,0,30,19,0,28,21,49
NSpalding,NCoweta,244,45,0,60,121,0,304,166,0,289,181,470
NSpalding,SCoweta,42,1,0,12,42,0,54,43,0,43,54,97
NSpalding,SECoweta,235,52,0,136,198,0,371,250,0,287,334,621
NSpalding,NForsyth,0,0,0,0,0,0,0,0,0,0,0,0
NSpalding,Cumming,0,0,0,0,0,0,0,0,0,0,0,0
NSpalding,SForsyth,1,0,0,1,0,0,2,0,0,1,1,2
NSpalding,NHall,0,0,0,0,0,0,0,0,0,0,0,0
NSpalding,Gainesville,0,0,0,0,0,0,0,0,0,0,0,0
NSpalding,SHall,0,0,0,0,0,0,0,0,0,0,0,0
NSpalding,WNewton,155,27,0,60,48,0,215,75,0,182,108,290
NSpalding,ENewton,7,2,0,2,14,0,9,16,0,9,16,25
NSpalding,NPaulding,0,0,0,0,0,0,0,0,0,0,0,0
NSpalding,WPaulding,0,0,0,1,0,0,1,0,0,0,1,1
NSpalding,EPaulding,1,1,0,3,0,0,4,1,0,2,3,5
NSpalding,NSpalding,13062,2627,0,21836,48136,0,34898,50763,0,15689,69972,85661
NSpalding,SSpalding,5968,1099,0,8152,15760,0,14120,16859,0,7067,23912,30979
NSpalding,WWalton,6,2,0,3,2,0,9,4,0,8,5,13
NSpalding,EWalton,4,0,0,4,2,0,8,2,0,4,6,10
SSpalding,NFulton,1,0,0,2,1,0,3,1,0,1,3,4
SSpalding,Roswell,0,1,0,0,0,0,0,1,0,1,0,1
SSpalding,SandySprings,15,6,0,0,11,9,15,17,9,21,20,41
SSpalding,Buckhead,29,5,1,8,13,0,37,18,1,35,21,56
SSpalding,NWAtlanta,33,4,0,3,13,0,36,17,0,37,16,53
SSpalding,NEAtlanta,42,6,0,26,15,0,68,21,0,48,41,89
SSpalding,SWAtlanta,27,1,0,14,15,0,41,16,0,28,29,57
SSpalding,CBDAtlanta,52,8,2,15,31,1,67,39,3,62,47,109
SSpalding,SEAtlanta,56,12,0,18,40,0,74,52,0,68,58,126
SSpalding,SFulton,29,4,0,3,0,0,32,4,0,33,3,36
SSpalding,Tri-Cities,133,22,0,19,64,0,152,86,0,155,83,238
SSpalding,Shannon,90,26,0,20,19,0,110,45,0,116,39,155
SSpalding,WCherokee,0,0,0,0,0,0,0,0,0,0,0,0
SSpalding,NCherokee,0,0,0,0,0,0,0,0,0,0,0,0
SSpalding,ECentCherokee,0,0,0,0,0,0,0,0,0,0,0,0
SSpalding,Woodstock,1,0,0,0,0,0,1,0,0,1,0,1
SSpalding,Airport,94,19,0,10,6,1,104,25,1,113,17,130
SSpalding,NEClayton,258,39,0,37,61,0,295,100,0,297,98,395
SSpalding,Riverdale,139,17,0,31,38,0,170,55,0,156,69,225
SSpalding,SClayton,396,69,0,106,307,0,502,376,0,465,413,878
SSpalding,NWCobb,2,0,0,2,9,0,4,9,0,2,11,13
SSpalding,NECobb,5,3,0,2,37,0,7,40,0,8,39,47
SSpalding,SWCobb,3,0,0,1,0,0,4,0,0,3,1,4
SSpalding,Marietta,4,1,0,1,3,0,5,4,0,5,4,9
SSpalding,Cumberland,35,1,0,8,2,0,43,3,0,36,10,46
SSpalding,SCobb,14,3,0,6,15,0,20,18,0,17,21,38
SSpalding,Chamblee,10,4,0,5,1,0,15,5,0,14,6,20
SSpalding,NWDeKalb,30,4,0,11,32,0,41,36,0,34,43,77
SSpalding,NEDeKalb,21,3,0,10,37,0,31,40,0,24,47,71
SSpalding,Atlanta-DeKalb,7,0,0,4,7,0,11,7,0,7,11,18
SSpalding,Decatur,6,1,0,3,1,0,9,2,0,7,4,11
SSpalding,SWDeKalb,26,4,0,8,21,0,34,25,0,30,29,59
SSpalding,SEDeKalb,18,7,0,3,8,0,21,15,0,25,11,36
SSpalding,SDeKalb,63,11,0,18,19,0,81,30,0,74,37,111
SSpalding,WDouglas,7,2,0,3,5,0,10,7,0,9,8,17
SSpalding,EDouglas,18,0,0,2,2,0,20,2,0,18,4,22
SSpalding,WFayette,580,98,0,162,348,0,742,446,0,678,510,1188
SSpalding,EFayette,677,98,0,293,567,0,970,665,0,775,860,1635
SSpalding,NGwinnett,0,0,0,0,0,0,0,0,0,0,0,0
SSpalding,CentGwinnett,2,0,0,2,0,0,4,0,0,2,2,4
SSpalding,EGwinnett,2,0,0,1,0,0,3,0,0,2,1,3
SSpalding,Norcross,6,4,0,6,0,0,12,4,0,10,6,16
SSpalding,Lilburn,1,0,0,1,0,0,2,0,0,1,1,2
SSpalding,Snellville,8,0,0,5,1,0,13,1,0,8,6,14
SSpalding,NHenry,195,25,0,40,68,0,235,93,0,220,108,328
SSpalding,EHenry,195,51,0,40,104,0,235,155,0,246,144,390
SSpalding,SHenry,1527,297,0,471,1081,0,1998,1378,0,1824,1552,3376
SSpalding,SRockdale,35,10,0,5,6,0,40,16,0,45,11,56
SSpalding,NRockdale,39,9,0,13,14,0,52,23,0,48,27,75
SSpalding,NBarrow,0,0,0,0,0,0,0,0,0,0,0,0
SSpalding,SBarrow,0,0,0,0,0,0,0,0,0,0,0,0
SSpalding,NWBartow,0,0,0,0,0,0,0,0,0,0,0,0
SSpalding,NEBartow,0,0,0,0,0,0,0,0,0,0,0,0
SSpalding,SWBartow,0,0,0,0,0,0,0,0,0,0,0,0
SSpalding,Cartersville,1,0,0,0,0,0,1,0,0,1,0,1
SSpalding,NECarroll,0,0,0,0,1,0,0,1,0,0,1,1
SSpalding,WCarroll,0,0,0,1,0,0,1,0,0,0,1,1
SSpalding,CentralCarroll,4,0,0,4,0,0,8,0,0,4,4,8
SSpalding,SECarroll,5,0,0,2,4,0,7,4,0,5,6,11
SSpalding,WCoweta,41,7,0,3,6,0,44,13,0,48,9,57
SSpalding,NCoweta,262,44,0,49,133,0,311,177,0,306,182,488
SSpalding,SCoweta,42,8,0,10,14,0,52,22,0,50,24,74
SSpalding,SECoweta,312,48,0,134,339,0,446,387,0,360,473,833
SSpalding,NForsyth,0,0,0,0,0,0,0,0,0,0,0,0
SSpalding,Cumming,0,0,0,0,0,0,0,0,0,0,0,0
SSpalding,SForsyth,0,0,0,0,0,0,0,0,0,0,0,0
SSpalding,NHall,0,0,0,0,0,0,0,0,0,0,0,0
SSpalding,Gainesville,0,0,0,0,0,0,0,0,0,0,0,0
SSpalding,SHall,0,0,0,0,0,0,0,0,0,0,0,0
SSpalding,WNewton,91,16,0,14,70,0,105,86,0,107,84,191
SSpalding,ENewton,9,1,0,4,1,0,13,2,0,10,5,15
SSpalding,NPaulding,0,0,0,0,0,0,0,0,0,0,0,0
SSpalding,WPaulding,0,0,0,0,0,0,0,0,0,0,0,0
SSpalding,EPaulding,1,1,0,2,4,0,3,5,0,2,6,8
SSpalding,NSpalding,5919,1085,0,8144,15849,0,14063,16934,0,7004,23993,30997
SSpalding,SSpalding,10323,1962,0,12848,22710,0,23171,24672,0,12285,35558,47843
SSpalding,WWalton,3,0,0,2,0,0,5,0,0,3,2,5
SSpalding,EWalton,5,0,0,0,4,0,5,4,0,5,4,9
WWalton,NFulton,218,43,0,47,95,1,265,138,1,261,143,404
WWalton,Roswell,74,10,0,7,52,0,81,62,0,84,59,143
WWalton,SandySprings,155,28,1,32,64,0,187,92,1,184,96,280
WWalton,Buckhead,134,19,2,29,128,0,163,147,2,155,157,312
WWalton,NWAtlanta,44,8,1,6,22,1,50,30,2,53,29,82
WWalton,NEAtlanta,142,25,1,44,248,3,186,273,4,168,295,463
WWalton,SWAtlanta,33,9,0,14,43,2,47,52,2,42,59,101
WWalton,CBDAtlanta,100,28,11,37,187,4,137,215,15,139,228,367
WWalton,SEAtlanta,70,9,0,17,59,0,87,68,0,79,76,155
WWalton,SFulton,10,1,0,1,1,0,11,2,0,11,2,13
WWalton,Tri-Cities,56,9,0,10,33,0,66,42,0,65,43,108
WWalton,Shannon,19,3,0,6,18,0,25,21,0,22,24,46
WWalton,WCherokee,0,0,0,1,0,0,1,0,0,0,1,1
WWalton,NCherokee,2,0,0,0,0,0,2,0,0,2,0,2
WWalton,ECentCherokee,7,1,0,3,5,0,10,6,0,8,8,16
WWalton,Woodstock,3,1,0,4,2,0,7,3,0,4,6,10
WWalton,Airport,55,3,1,5,9,0,60,12,1,59,14,73
WWalton,NEClayton,113,21,0,20,58,1,133,79,1,134,79,213
WWalton,Riverdale,17,0,0,6,7,0,23,7,0,17,13,30
WWalton,SClayton,41,4,0,11,45,0,52,49,0,45,56,101
WWalton,NWCobb,9,1,0,5,4,0,14,5,0,10,9,19
WWalton,NECobb,30,4,0,10,9,0,40,13,0,34,19,53
WWalton,SWCobb,1,0,0,3,0,0,4,0,0,1,3,4
WWalton,Marietta,18,2,0,7,27,0,25,29,0,20,34,54
WWalton,Cumberland,84,17,0,13,46,0,97,63,0,101,59,160
WWalton,SCobb,20,5,0,9,23,0,29,28,0,25,32,57
WWalton,Chamblee,271,48,0,57,107,0,328,155,0,319,164,483
WWalton,NWDeKalb,279,57,0,105,348,1,384,405,1,336,454,790
WWalton,NEDeKalb,663,113,0,185,525,3,848,638,3,776,713,1489
WWalton,Atlanta-DeKalb,23,2,0,9,24,0,32,26,0,25,33,58
WWalton,Decatur,43,3,0,17,37,1,60,40,1,46,55,101
WWalton,SWDeKalb,111,24,1,38,112,0,149,136,1,136,150,286
WWalton,SEDeKalb,443,97,0,207,697,1,650,794,1,540,905,1445
WWalton,SDeKalb,221,62,0,103,256,0,324,318,0,283,359,642
WWalton,WDouglas,2,0,0,3,0,0,5,0,0,2,3,5
WWalton,EDouglas,8,2,0,8,7,0,16,9,0,10,15,25
WWalton,WFayette,4,0,0,3,1,0,7,1,0,4,4,8
WWalton,EFayette,11,1,0,2,2,0,13,3,0,12,4,16
WWalton,NGwinnett,822,150,0,236,432,0,1058,582,0,972,668,1640
WWalton,CentGwinnett,1917,380,0,753,2505,1,2670,2885,1,2297,3259,5556
WWalton,EGwinnett,1304,269,0,1542,4797,0,2846,5066,0,1573,6339,7912
WWalton,Norcross,613,87,0,88,256,0,701,343,0,700,344,1044
WWalton,Lilburn,477,84,0,208,545,1,685,629,1,561,754,1315
WWalton,Snellville,2387,483,0,3108,9307,0,5495,9790,0,2870,12415,15285
WWalton,NHenry,102,21,0,22,76,0,124,97,0,123,98,221
WWalton,EHenry,62,15,0,17,35,0,79,50,0,77,52,129
WWalton,SHenry,98,15,0,17,47,0,115,62,0,113,64,177
WWalton,SRockdale,187,34,0,65,310,0,252,344,0,221,375,596
WWalton,NRockdale,1275,243,0,702,2151,0,1977,2394,0,1518,2853,4371
WWalton,NBarrow,400,72,0,153,474,0,553,546,0,472,627,1099
WWalton,SBarrow,481,72,0,256,646,0,737,718,0,553,902,1455
WWalton,NWBartow,0,0,0,0,0,0,0,0,0,0,0,0
WWalton,NEBartow,0,0,0,0,0,0,0,0,0,0,0,0
WWalton,SWBartow,0,0,0,0,0,0,0,0,0,0,0,0
WWalton,Cartersville,0,0,0,0,0,0,0,0,0,0,0,0
WWalton,NECarroll,0,0,0,0,0,0,0,0,0,0,0,0
WWalton,WCarroll,0,0,0,0,0,0,0,0,0,0,0,0
WWalton,CentralCarroll,0,0,0,0,0,0,0,0,0,0,0,0
WWalton,SECarroll,0,0,0,0,0,0,0,0,0,0,0,0
WWalton,WCoweta,0,0,0,0,0,0,0,0,0,0,0,0
WWalton,NCoweta,1,0,0,0,2,0,1,2,0,1,2,3
WWalton,SCoweta,0,0,0,0,0,0,0,0,0,0,0,0
WWalton,SECoweta,0,0,0,0,0,0,0,0,0,0,0,0
WWalton,NForsyth,7,3,0,3,5,0,10,8,0,10,8,18
WWalton,Cumming,49,8,0,22,23,0,71,31,0,57,45,102
WWalton,SForsyth,80,15,0,5,28,0,85,43,0,95,33,128
WWalton,NHall,6,1,0,0,17,0,6,18,0,7,17,24
WWalton,Gainesville,79,14,0,16,15,0,95,29,0,93,31,124
WWalton,SHall,103,29,0,40,42,0,143,71,0,132,82,214
WWalton,WNewton,1568,317,0,1104,2694,0,2672,3011,0,1885,3798,5683
WWalton,ENewton,154,28,0,103,263,0,257,291,0,182,366,548
WWalton,NPaulding,0,0,0,0,0,0,0,0,0,0,0,0
WWalton,WPaulding,0,0,0,0,0,0,0,0,0,0,0,0
WWalton,EPaulding,1,0,0,1,1,0,2,1,0,1,2,3
WWalton,NSpalding,12,2,0,2,6,0,14,8,0,14,8,22
WWalton,SSpalding,3,0,0,1,0,0,4,0,0,3,1,4
WWalton,WWalton,6965,1379,0,14819,36888,0,21784,38267,0,8344,51707,60051
WWalton,EWalton,2050,419,0,1917,5364,0,3967,5783,0,2469,7281,9750
EWalton,NFulton,123,18,0,24,62,0,147,80,0,141,86,227
EWalton,Roswell,36,4,0,9,25,0,45,29,0,40,34,74
EWalton,SandySprings,61,13,0,20,44,0,81,57,0,74,64,138
EWalton,Buckhead,64,9,0,27,43,0,91,52,0,73,70,143
EWalton,NWAtlanta,11,2,0,3,4,0,14,6,0,13,7,20
EWalton,NEAtlanta,39,5,0,26,64,0,65,69,0,44,90,134
EWalton,SWAtlanta,6,2,0,7,8,0,13,10,0,8,15,23
EWalton,CBDAtlanta,37,5,2,25,58,0,62,63,2,44,83,127
EWalton,SEAtlanta,16,2,0,6,14,0,22,16,0,18,20,38
EWalton,SFulton,3,0,0,2,0,0,5,0,0,3,2,5
EWalton,Tri-Cities,20,4,0,9,10,0,29,14,0,24,19,43
EWalton,Shannon,5,1,0,3,2,0,8,3,0,6,5,11
EWalton,WCherokee,1,0,0,0,0,0,1,0,0,1,0,1
EWalton,NCherokee,0,0,0,0,1,0,0,1,0,0,1,1
EWalton,ECentCherokee,1,0,0,2,1,0,3,1,0,1,3,4
EWalton,Woodstock,2,0,0,0,0,0,2,0,0,2,0,2
EWalton,Airport,11,3,0,0,6,0,11,9,0,14,6,20
EWalton,NEClayton,34,5,0,12,22,0,46,27,0,39,34,73
EWalton,Riverdale,1,4,0,0,5,0,1,9,0,5,5,10
EWalton,SClayton,16,2,0,5,9,0,21,11,0,18,14,32
EWalton,NWCobb,5,1,0,1,0,0,6,1,0,6,1,7
EWalton,NECobb,15,2,0,7,1,0,22,3,0,17,8,25
EWalton,SWCobb,1,0,0,0,0,0,1,0,0,1,0,1
EWalton,Marietta,4,2,0,3,2,0,7,4,0,6,5,11
EWalton,Cumberland,28,2,0,8,17,0,36,19,0,30,25,55
EWalton,SCobb,2,1,0,5,9,0,7,10,0,3,14,17
EWalton,Chamblee,118,17,0,44,37,0,162,54,0,135,81,216
EWalton,NWDeKalb,89,23,0,43,82,0,132,105,0,112,125,237
EWalton,NEDeKalb,245,51,0,71,100,0,316,151,0,296,171,467
EWalton,Atlanta-DeKalb,10,0,0,3,24,0,13,24,0,10,27,37
EWalton,Decatur,6,0,0,13,40,0,19,40,0,6,53,59
EWalton,SWDeKalb,40,6,0,23,44,0,63,50,0,46,67,113
EWalton,SEDeKalb,162,24,0,46,123,0,208,147,0,186,169,355
EWalton,SDeKalb,94,21,0,45,110,0,139,131,0,115,155,270
EWalton,WDouglas,1,0,0,1,0,0,2,0,0,1,1,2
EWalton,EDouglas,2,0,0,1,0,0,3,0,0,2,1,3
EWalton,WFayette,0,0,0,1,0,0,1,0,0,0,1,1
EWalton,EFayette,1,0,0,2,12,0,3,12,0,1,14,15
EWalton,NGwinnett,713,129,0,176,353,0,889,482,0,842,529,1371
EWalton,CentGwinnett,965,195,0,265,732,0,1230,927,0,1160,997,2157
EWalton,EGwinnett,923,138,0,424,1110,0,1347,1248,0,1061,1534,2595
EWalton,Norcross,284,53,0,54,110,0,338,163,0,337,164,501
EWalton,Lilburn,192,30,0,62,76,0,254,106,0,222,138,360
EWalton,Snellville,749,152,0,289,681,0,1038,833,0,901,970,1871
EWalton,NHenry,50,7,0,15,40,0,65,47,0,57,55,112
EWalton,EHenry,56,9,0,22,49,0,78,58,0,65,71,136
EWalton,SHenry,78,12,0,16,56,0,94,68,0,90,72,162
EWalton,SRockdale,134,27,0,34,49,0,168,76,0,161,83,244
EWalton,NRockdale,688,125,0,153,377,0,841,502,0,813,530,1343
EWalton,NBarrow,882,165,0,409,1159,0,1291,1324,0,1047,1568,2615
EWalton,SBarrow,1060,221,0,686,1895,0,1746,2116,0,1281,2581,3862
EWalton,NWBartow,0,0,0,0,0,0,0,0,0,0,0,0
EWalton,NEBartow,0,0,0,0,0,0,0,0,0,0,0,0
EWalton,SWBartow,0,0,0,0,0,0,0,0,0,0,0,0
EWalton,Cartersville,0,0,0,0,0,0,0,0,0,0,0,0
EWalton,NECarroll,0,0,0,0,0,0,0,0,0,0,0,0
EWalton,WCarroll,0,0,0,0,0,0,0,0,0,0,0,0
EWalton,CentralCarroll,0,0,0,0,0,0,0,0,0,0,0,0
EWalton,SECarroll,0,0,0,0,0,0,0,0,0,0,0,0
EWalton,WCoweta,0,0,0,0,0,0,0,0,0,0,0,0
EWalton,NCoweta,1,0,0,1,0,0,2,0,0,1,1,2
EWalton,SCoweta,0,0,0,0,0,0,0,0,0,0,0,0
EWalton,SECoweta,0,0,0,0,0,0,0,0,0,0,0,0
EWalton,NForsyth,11,1,0,5,0,0,16,1,0,12,5,17
EWalton,Cumming,34,8,0,10,43,0,44,51,0,42,53,95
EWalton,SForsyth,66,7,0,13,4,0,79,11,0,73,17,90
EWalton,NHall,4,1,0,3,1,0,7,2,0,5,4,9
EWalton,Gainesville,105,22,0,30,58,0,135,80,0,127,88,215
EWalton,SHall,121,21,0,61,46,0,182,67,0,142,107,249
EWalton,WNewton,1545,282,0,564,1371,0,2109,1653,0,1827,1935,3762
EWalton,ENewton,497,97,0,397,900,0,894,997,0,594,1297,1891
EWalton,NPaulding,0,0,0,0,0,0,0,0,0,0,0,0
EWalton,WPaulding,0,0,0,0,0,0,0,0,0,0,0,0
EWalton,EPaulding,1,1,0,0,0,0,1,1,0,2,0,2
EWalton,NSpalding,5,1,0,8,4,0,13,5,0,6,12,18
EWalton,SSpalding,4,0,0,0,0,0,4,0,0,4,0,4
EWalton,WWalton,2007,417,0,1901,5334,0,3908,5751,0,2424,7235,9659
EWalton,EWalton,16897,3293,0,26541,54249,0,43438,57542,0,20190,80790,100980
